2.880653690167885896e-03
2.020676656001225025e-03
1.779602686968899004e-03
1.660010885959186831e-03
1.523606765684952340e-03
1.620351229451888172e-03
1.522724309907152714e-03
1.566387667434243972e-03
1.598371367454786557e-03
1.551487397695760486e-03
1.532726210323917667e-03
1.267108064815077864e-03
1.016868664263642771e-03
9.016116514743106663e-04
8.589557587604747029e-04
9.166439258007208881e-04
9.449038493702703817e-04
1.097701471386793937e-03
1.193098143038409968e-03
1.176796566661958811e-03
1.037558791694422966e-03
8.692297196578729077e-04
7.619196044170556924e-04
6.347145061165593424e-04
4.921610843279517053e-04
4.820961614172192722e-04
5.153370139289180666e-04
5.298701763070244207e-04
5.067086641667142757e-04
4.589759907139452644e-04
4.900047349892642677e-04
4.959790161383910954e-04
5.258299298549996489e-04
5.792041118708717712e-04
7.491468354412483127e-04
8.062782537188690557e-04
8.010801034045777818e-04
8.962965973975202177e-04
9.375226214517933324e-04
1.203071101577535664e-03
1.427500355163724985e-03
1.623559407318739614e-03
1.785588457844974235e-03
2.040133820547330567e-03
2.215685936372863585e-03
2.126758646118187025e-03
1.996142075259990743e-03
1.960078269001787939e-03
1.947191842555510847e-03
1.832641642953936273e-03
1.788819614759409480e-03
1.641282914795932565e-03
1.575650846223501265e-03
1.663401741244935339e-03
1.521271033964156612e-03
1.335217785461175789e-03
1.102064077428977114e-03
9.710601255187967891e-04
7.445075001753016135e-04
3.916503048902797500e-04
2.799235174430859474e-04
1.326890778000353922e-04
6.539094282632018553e-05
4.047234420235696641e-05
2.834160533604453331e-05
1.547129705266167874e-05
9.833278185723282603e-06
9.500165432131091981e-06
8.532752727699819472e-06
8.165038562335400147e-06
6.707767889546835421e-06
4.637084449939500842e-06
4.073505975407519637e-06
1.018657406606979314e-06
5.761934327975937339e-08
9.648439982139373348e-09
4.236410917929624641e-09
2.823124413195904597e-08
1.475701349889104633e-07
1.474989534588888650e-07
1.474244658337407270e-07
1.461238069020819657e-07
2.863932938692958250e-07
4.347765726231946931e-06
1.201413245582257782e-05
5.641377524358716350e-05
9.866778810069502402e-05
1.725286208101089666e-04
2.280306608855832895e-04
2.968483748450319684e-04
3.935899958173780092e-04
4.252303403374095331e-04
5.041229975133791575e-04
6.295454826874875452e-04
6.404548209264462237e-04
6.448829506483773431e-04
6.249906986942715655e-04
7.004564487814919117e-04
7.747176606592466727e-04
7.414546038561150741e-04
7.858972927293667076e-04
8.498951668807880853e-04
1.002827026415390463e-03
1.073061009156873113e-03
1.024202210065954313e-03
1.035119852738398049e-03
1.324650649365416389e-03
1.532561482834606274e-03
1.671106650801562924e-03
1.727579882569344133e-03
1.894464825561398323e-03
1.979118947963593670e-03
1.841472906064169253e-03
1.732742844027792758e-03
1.503640562782368765e-03
1.540866200214944561e-03
1.474570164960130108e-03
1.442576699739550909e-03
1.353630222923757993e-03
1.400960353968617143e-03
1.435290088668511425e-03
1.356834950791941177e-03
1.259905699800124282e-03
1.293974130905993980e-03
1.337864570042942994e-03
1.170467266653433180e-03
1.130293147999882628e-03
1.087470472736673695e-03
1.231110788609950232e-03
1.622529122241996415e-03
1.764360058988724902e-03
2.313944229941578869e-03
2.652572450751647989e-03
3.145537557941628561e-03
3.452157821441734480e-03
3.632745595646073421e-03
3.991445403717650171e-03
3.795345719653522853e-03
3.696501184215567320e-03
3.256713819971769359e-03
2.904253349462546444e-03
2.301699660429710418e-03
1.737229471733855177e-03
1.361217333347248745e-03
1.104228491821057038e-03
8.890257754346008552e-04
