-3.972828508008600693e+03
-5.139918349584894713e+03
-5.694884460433614549e+03
-7.005491026521372987e+03
-1.188048851902131901e+04
-2.154383317436117431e+04
-2.088180586916581888e+04
-1.983075607698553358e+04
-1.869673981717809147e+04
-1.687392808365213568e+04
-1.164386156468623813e+04
-4.439925381908930713e-01
-3.433046054612127196e-01
-2.488745352522495902e-01
-1.735783344022312769e-01
-1.084565098258912091e-01
-1.078894648108664617e-01
-1.503601313553942220e-01
-1.945368186860413628e-01
-2.253614806907847379e-01
-1.919392442601298432e-01
-2.006458269630313207e-01
-2.030396982981540477e-01
-1.858145083441160583e-01
-1.706194232155022472e-01
-1.760184181783755186e-01
-2.408071482562178511e-01
-3.221440487567696631e-01
-4.460738634823767090e-01
-5.986008067915163933e-01
-5.726132608297105353e-01
-5.220126704590423161e-01
-4.503068558301671076e-01
-3.576449572582967029e-01
-2.262303136469355769e-01
-4.613132212472681459e-02
-3.892248439489741363e-02
-3.737931897625413474e-02
-3.979824928834814479e-02
-4.293430860811962152e-02
-4.009200654643637479e-02
-3.815540909321089164e-02
-3.553148733835200662e-02
-3.206160418751834856e-02
-3.635909333444112962e-02
-4.131865474415793993e-02
-4.796656195172394055e-02
-6.818034999092111026e-02
-1.305572033122486542e-01
-2.098442699531005984e-01
-2.126782491283822907e-01
-2.528247206433424377e-01
-3.226638016752824689e-01
-3.177559657162128404e-01
-2.760148579411133007e-01
-2.159774683050589283e-01
-2.342266144271645256e-01
-2.100524753936086064e-01
-1.414971100172333351e-01
-1.383872835899589426e-01
-1.325019416724001198e-01
-1.287133304572646020e-01
-1.167922504935301059e-01
-1.080772551739159759e-01
-1.148219182663208771e-01
-1.189268192898234044e-01
-1.232477801457578376e-01
-1.008651399354138084e-01
-7.783354984025638024e-02
-5.430973817674633608e-02
-3.237338191625657724e-02
-9.729443477008041519e-03
1.585090454374672719e-02
1.537867591468289330e-02
1.720161217608581414e-02
2.051670144756803302e-02
2.424332528899884875e-02
2.682159649903822704e-02
2.807858770807214813e-02
2.547484899390886279e-02
1.972030084533692162e-02
1.154624144458855049e-02
3.245957259550869781e-03
-5.460047081099664301e-03
-1.330585866361721874e-02
-1.649478476015934017e-02
-1.874494583261126016e-02
-1.797015228355483205e-02
-1.693740946391171509e-02
-1.717740711907007889e-02
-1.665145605056958869e-02
-1.215670183273096644e-02
-8.881221563279908734e-03
-6.786875624944462004e-03
-5.736057463905011762e-03
-2.433391451043508125e-04
4.577530385422239924e-03
4.006636137949183378e-03
3.852910404847623930e-03
4.380182175041135058e-03
3.349051796987591399e-03
4.434019978970191352e-03
4.920378995543401614e-03
4.093890233640885487e-03
-1.203440718444888933e-03
-6.033851663095726563e-03
-6.327994170515931216e-03
-1.249017409039684424e-02
-1.630049770902387493e-02
-1.624703355588042950e-02
-1.675382330490696875e-02
-1.616788932813307059e-02
-2.089811421852405537e-02
-2.277846339890155988e-02
-4.465882271606083642e-02
-9.289920582772974444e-02
-9.690898583359885965e-02
-1.057051346393993035e-01
-1.108874234943410947e-01
-1.152401179611941134e-01
-1.047145588950318951e-01
-6.992140120641733569e-02
-6.522651816287071413e-02
-5.564215399115054334e-02
-4.237883493421532727e-02
-3.174045808481013725e-02
-2.146006007399637802e-02
-8.758718198350430237e-03
-6.677201642970050262e-03
-7.985644829079888152e-03
-1.433441381582938566e-02
-1.654587456796411879e-02
-1.502756914983142435e-02
-1.706540482517249907e-02
-1.791134308341434112e-02
-1.810506942314759823e-02
-1.773079164356067272e-02
-1.922722813405221970e-02
-2.269861864508867719e-02
-2.413517266594148933e-02
-2.423241264004339160e-02
-2.518289326867657538e-02
-2.458632684889138290e-02
-2.363009056538238964e-02
-2.399624145572860565e-02
-2.242227252044899991e-02
-2.076578975865295967e-02
-2.040252859762786350e-02
-2.405184877278125632e-02
-2.766032084262098553e-02
-2.738614333565497425e-02
-2.905451637079997304e-02
-3.219260292820446540e-02
-3.281009910261228207e-02
-3.108927357558922619e-02
-2.924719064218565465e-02
-2.945014019863550006e-02
-3.154318801413436013e-02
-3.197107586613295860e-02
-3.546777428262437581e-02
-4.035441109641847018e-02
-4.629082261493361328e-02
-5.391170824515248428e-02
-6.190008298559387945e-02
-6.425063368810975117e-02
-6.235703630451394641e-02
-6.311392365958289064e-02
-6.274894142934343833e-02
-6.352532185438018730e-02
-6.229790531529007941e-02
-7.154851968539195639e-02
-8.457349279109001305e-02
-8.163919167657565645e-02
-9.551934684670058961e-02
-1.110470271649626750e-01
-1.157682772673279681e-01
-1.107208748741717735e-01
-1.096030718685189614e-01
-1.251251906582594997e-01
-1.274913023798550649e-01
-1.273182792554649334e-01
-1.325993284220494950e-01
-1.563596394758728636e-01
-1.463067589542928204e-01
-1.208181401724673781e-01
-9.371792676986685777e-02
-8.805318851917665057e-02
-1.001844490119921244e-01
-9.176840695388353841e-02
-9.721728263994773578e-02
-1.125963741744894636e-01
-1.260316873761660184e-01
-1.335120194504047231e-01
-1.407636226003893820e-01
-1.239788286238769216e-01
-1.320509203762727235e-01
-1.270587793892475892e-01
-1.267813938956231234e-01
-1.204071895409629805e-01
-9.117698066812933433e-02
-8.880597912330116805e-02
-7.666672804059733448e-02
-1.068403327294031313e-01
-1.077996065306290469e-01
-1.179305957333944416e-01
-1.546903580968630454e-01
-1.809308331150036586e-01
-2.117098936156622813e-01
-2.152479614036021116e-01
-2.453328912754412505e-01
-2.548513219987687539e-01
-2.432018331938552158e-01
-2.650862077971756769e-01
-2.610096820380339855e-01
-2.427279916683686978e-01
-2.226296908396407648e-01
-1.901923092813124772e-01
-1.450580888067320717e-01
-1.045082617607126646e-01
-7.065755691336618460e-02
-7.984076867982269066e-02
-1.187203056266106921e-01
-1.360602781758744606e-01
-1.525960247049128748e-01
-1.634851960680395455e-01
-2.060898182172788695e-01
-2.576633135628967897e-01
-4.972763097025723056e-01
-4.820162053809498581e-01
-4.961607277495816426e-01
-5.221370350372442903e-01
-5.574077171390386942e-01
-5.365653165826106408e-01
-3.482712227562324014e-01
-4.649072456962026201e-01
-5.928060765825898804e-01
-5.386525516273429348e-01
-4.575095040660741019e-01
-3.941726643677516684e-01
