beta2
8.138549935020087528e-03
8.121848468592575421e-03
8.103741686980275860e-03
8.026593861992000617e-03
8.010891559561555963e-03
7.847222678909191937e-03
7.931157750716018306e-03
8.236835745145871732e-03
8.434925692623163052e-03
8.664454790015357205e-03
8.889295490639104180e-03
9.205317113931098250e-03
9.252230777621568009e-03
9.241745776419063585e-03
9.199209323895642804e-03
9.259630272162481385e-03
9.335957806795467870e-03
9.663221640365413090e-03
9.448347864023615844e-03
9.422197721853986518e-03
9.234814756948456216e-03
9.133848911786278391e-03
9.014380752287378881e-03
8.944652714058785176e-03
8.902860887117031163e-03
9.205129963410201704e-03
9.524604409452550741e-03
9.768761840775099653e-03
1.006057402996303821e-02
1.047145460066118382e-02
1.085421062063125601e-02
1.135949698771721202e-02
1.217774072274678890e-02
1.259170201071747180e-02
1.329677692743357412e-02
1.353457119829632772e-02
1.348653592601415166e-02
1.362441741348800750e-02
1.353330548593624331e-02
1.340510889695116503e-02
1.308861568280951862e-02
1.316258638670899685e-02
1.316187108650910403e-02
1.292891362589718846e-02
1.289639699419101171e-02
1.279929772016557762e-02
1.280522107040319400e-02
1.342212358463384415e-02
1.388388199937560033e-02
1.412345942832828743e-02
1.425242169722661795e-02
1.433722612911049119e-02
1.410988243511736642e-02
1.421443096548075796e-02
1.458136507345919597e-02
1.482761043282516435e-02
1.525389163984081260e-02
1.568944448761754734e-02
1.522447505778323773e-02
1.488448398541560892e-02
1.437826963581039300e-02
1.369056134874369751e-02
1.341952558953582626e-02
1.305490987086680224e-02
1.274847628255743395e-02
1.243199008378947402e-02
1.233855098159703303e-02
1.189832379695690036e-02
1.183295309522990231e-02
1.160548148829808335e-02
1.142868132058790995e-02
1.110967914670447573e-02
1.085091945817538359e-02
1.060879217978164327e-02
1.055109229135436401e-02
1.053833823412266696e-02
1.060222144939124145e-02
1.016014279081812674e-02
1.013877380290801808e-02
1.002640302032577549e-02
1.001060398551961023e-02
1.081691461273691368e-02
1.140130641400864328e-02
1.174669818840697738e-02
1.188191982256020691e-02
1.200660808038689180e-02
1.212973930134262322e-02
1.196209712613854718e-02
1.160422270606176545e-02
1.133880375747482912e-02
1.095767732140306289e-02
1.069955426961534221e-02
1.054125947114067582e-02
1.041846400117456273e-02
1.027668781826621483e-02
1.025392535380660261e-02
1.034984749461123794e-02
1.038500728761262981e-02
1.042367671686826591e-02
1.037635700567567792e-02
1.040151487501103297e-02
1.046176401802016188e-02
1.079934510497616677e-02
1.117307455022169618e-02
1.164035039119279760e-02
1.212874062512793796e-02
1.252572307198099311e-02
1.245008537197874604e-02
1.241110890499690783e-02
1.228680696571583797e-02
1.233130870233927270e-02
1.231640134843835915e-02
1.256548815080598888e-02
1.283599747420979473e-02
1.275165530726865906e-02
1.266688986552931030e-02
1.246897747725197667e-02
1.237568789509698591e-02
1.223984724934125239e-02
1.211987798453796270e-02
1.172388549247799228e-02
1.142902095088163886e-02
1.108775260154446635e-02
1.078966310244135196e-02
1.089351078717924748e-02
1.097167619800829691e-02
1.101756371885415087e-02
1.135758840246343764e-02
1.154676375551405565e-02
1.163542686728135170e-02
1.149496463662240398e-02
1.140950551811556989e-02
1.125248545744470842e-02
1.120704691567278068e-02
1.122344978461689569e-02
1.108897223500837290e-02
1.077352159424724634e-02
1.064732877862365271e-02
1.074804237157494027e-02
1.104464704797118203e-02
1.124353765166717471e-02
1.148703031637367082e-02
1.147857029097654538e-02
1.138413030195242759e-02
1.164767354595233964e-02
1.223463180581232934e-02
1.265493493912288672e-02
1.252712038510931519e-02
1.254208647915252064e-02
1.291019598274525081e-02
1.318800077259008920e-02
1.362791070762389353e-02
1.308125617234102284e-02
1.317714445566717067e-02
1.275856757730091384e-02
1.240371408647895218e-02
1.205891655015245076e-02
1.155412235641390881e-02
1.159487987611119292e-02
1.166513696506995060e-02
1.157579376676663545e-02
1.153272088564064914e-02
1.150185226921951465e-02
1.160497431616716243e-02
1.152698922694214700e-02
1.137575976421020471e-02
1.094657659215589329e-02
1.046016979223243597e-02
1.014736263890111609e-02
9.919996673545629362e-03
1.000827305783950905e-02
1.013924355606755055e-02
1.042663936995358483e-02
1.035628803227836049e-02
1.030090228167140909e-02
1.032809392976559784e-02
1.010710257548692176e-02
1.004886149926512498e-02
9.989101422377790959e-03
1.009091337332655713e-02
1.024022978205743270e-02
1.016838918604957842e-02
1.013789459357278960e-02
1.024241850737228621e-02
1.031295817128975376e-02
1.042187233921278849e-02
1.080313625142101039e-02
1.093651329933451218e-02
1.067660844743246670e-02
1.057605063677852578e-02
1.041485019036886631e-02
1.026781938841668171e-02
1.008377647236108690e-02
1.019811139959419036e-02
1.043718954211282635e-02
1.074572222996532378e-02
1.077346749903159741e-02
1.078778438194893941e-02
1.080919805265622216e-02
1.073170576546487662e-02
1.083722480517117920e-02
1.094382542758151784e-02
1.096714414087283408e-02
1.105270490219012469e-02
1.119992087953915888e-02
1.124600382816805938e-02
1.110788501941910485e-02
1.102306083769942664e-02
1.069590312595572121e-02
1.044999508244322424e-02
1.050559757791841992e-02
1.076191096296962371e-02
1.101643189248355942e-02
1.109057291448465113e-02
1.111650494349262705e-02
1.151493423141378841e-02
1.183357634711989029e-02
1.176626048385373546e-02
1.171351027367123487e-02
1.159632365348885544e-02
1.134960925093188300e-02
1.116278470586011540e-02
1.094803064140148843e-02
1.057301026124236702e-02
1.026620430021665982e-02
1.019559403429774053e-02
1.033218727039734650e-02
1.044901976867242122e-02
1.048772976407705629e-02
1.023818876984406399e-02
1.001087665332373033e-02
9.807847703772149678e-03
9.683796924280820007e-03
9.487128101273244185e-03
9.240633938119052759e-03
9.548197744847226887e-03
9.788335779220811578e-03
9.945646678356167072e-03
1.001240934629255355e-02
beta3
6.864959233240975484e-03
6.844818700018276761e-03
7.038564203449499193e-03
6.569487015435678499e-03
6.433952970585863143e-03
5.965351513943251485e-03
5.775013725463915351e-03
6.013448523184197585e-03
6.235381245506790154e-03
6.209431321974309692e-03
6.244903430073800790e-03
5.862193634050083188e-03
5.719746131905298694e-03
5.691216800118447869e-03
5.631210867073654404e-03
5.334466657412081751e-03
5.232418538310422244e-03
5.295235398350974301e-03
5.857855939601421327e-03
5.690818377536023542e-03
5.429012841969442504e-03
5.233991919476472729e-03
5.136013934330200051e-03
4.858838094659019211e-03
4.580145805894516794e-03
4.367297016413066238e-03
4.090659238005775640e-03
3.849889491922021782e-03
3.595414028301955733e-03
3.147164954231755282e-03
2.704679829965697061e-03
2.373327023218272085e-03
1.924815446048407704e-03
1.718192376274318024e-03
1.661843300428803667e-03
1.584365678435500826e-03
1.534313773354511329e-03
1.486673874373893155e-03
1.535181350000546820e-03
1.568431234047569858e-03
1.917355260356236064e-03
2.354166784525172675e-03
2.903406312810588932e-03
3.338739974934383514e-03
3.447909420840494267e-03
3.602811042787751675e-03
3.885782462781193526e-03
4.850214250951964332e-03
6.328386779106218857e-03
5.068120038317146941e-03
4.660062932625254339e-03
4.074329029041010714e-03
3.059816685444565615e-03
3.282230370550528326e-03
3.633220965374251831e-03
3.940745846806124192e-03
4.265140037122385624e-03
4.630454940506022882e-03
4.906467424072401620e-03
5.387970785378809468e-03
5.638400325505190519e-03
5.940207616611574599e-03
6.102025248812159748e-03
6.243926277730486515e-03
5.952883963090106756e-03
5.268592280119582805e-03
5.141361527156266230e-03
5.266582979739090759e-03
6.123304493596674371e-03
6.473044872385723403e-03
6.653520913287563204e-03
6.064241869201085836e-03
5.711294082398885898e-03
5.338709064272227807e-03
5.454390160162475229e-03
5.354240058565474213e-03
5.372473754802081954e-03
5.702706583124108122e-03
6.792912154812330398e-03
8.126214286463241676e-03
9.393416635603023257e-03
9.384694949772566866e-03
9.412558309884831026e-03
9.373607807664628699e-03
9.631404586406513285e-03
9.849304676520859864e-03
9.862193528094032047e-03
9.754836389302088198e-03
9.177507467555912068e-03
8.814421528539501463e-03
8.499419536783126006e-03
8.474731732421922695e-03
8.363141813791340889e-03
8.211473770881914241e-03
7.781297846445607569e-03
7.365819601379065482e-03
7.407454312297013718e-03
7.765113632034484348e-03
7.711000353027796204e-03
7.282428452378903946e-03
6.805103959988467038e-03
6.376433406658704901e-03
6.524910095020779524e-03
6.563528542402666949e-03
6.630108018444809924e-03
6.720165760830077925e-03
6.789361512970333579e-03
6.748369622831228154e-03
6.680213159993468944e-03
6.618971583422082750e-03
6.957958942059710820e-03
6.865298203193147784e-03
7.396731199524839498e-03
7.670097359112582405e-03
7.440149706930340723e-03
7.175400564072390540e-03
7.013907073521144682e-03
7.022819336488586583e-03
6.932973555630227852e-03
7.013586981723283001e-03
6.190875194421859018e-03
5.379680915795348808e-03
4.858776843914607013e-03
4.283717603135288494e-03
4.294807664234125480e-03
4.319000372506378096e-03
4.150186796518229998e-03
4.180741606492371920e-03
4.236737205366269965e-03
4.190127405076576536e-03
3.964846624414099588e-03
3.711309505792858426e-03
3.429887172473146395e-03
3.109758831670233342e-03
2.822328835576693590e-03
2.592480366181712861e-03
2.228752795309686674e-03
1.951401054554492611e-03
1.849321575219642442e-03
1.798238374695078747e-03
1.811739133682471704e-03
1.849091510085047307e-03
1.662446522658839534e-03
1.603636890868518142e-03
1.414824883259633691e-03
1.311167612477431420e-03
1.256768626645524654e-03
1.297005757901822411e-03
1.376251974397790529e-03
1.346852986731694561e-03
1.514479894588319654e-03
1.788339134864291077e-03
2.065038764143509696e-03
2.550042085496400084e-03
2.746605946156560271e-03
2.912949638950875463e-03
2.998203396729781471e-03
3.196197472487449787e-03
3.397898329780592482e-03
3.548607493062232165e-03
3.822182202514984306e-03
4.540011404477130655e-03
5.402278615016267889e-03
6.256677714808237326e-03
6.877189771493378428e-03
7.399038691388041579e-03
8.277593148791019192e-03
8.194529172382468418e-03
8.168332054834245154e-03
8.291317992552560412e-03
8.708033372761282351e-03
9.003961482281126055e-03
9.424964464564646385e-03
9.429130483613375885e-03
9.426399190993209332e-03
9.515225777951611535e-03
9.421076430908774391e-03
9.298818134154967011e-03
9.076753808725867428e-03
9.108634077411002089e-03
8.897424703369778351e-03
8.320333280102377993e-03
8.357485599952665239e-03
8.267212482968314124e-03
8.410295749643446200e-03
8.548965922413992793e-03
9.195833312248396021e-03
9.346012632667004619e-03
9.014198934500262939e-03
8.784230926678713441e-03
8.550812593271197443e-03
8.298004373848866244e-03
7.938240761750533364e-03
7.300455764007639237e-03
6.787724281174880442e-03
6.222368520543002622e-03
5.678989634684190359e-03
5.181676095534788057e-03
5.065750337533981608e-03
4.971883563504008938e-03
4.836330055258863253e-03
4.853477094730346969e-03
4.715488456713566590e-03
4.634634789946541662e-03
4.520070909123760812e-03
4.516995615133111326e-03
4.526742176252990767e-03
4.447236754054865668e-03
4.131965090957354092e-03
3.613110591426030652e-03
3.418202856954596219e-03
3.231379146059089671e-03
2.974889938064811251e-03
2.803795681883569126e-03
2.574079362564392088e-03
2.439790366759730933e-03
2.224701765771600580e-03
2.019797937452523853e-03
1.730989110524092534e-03
1.429569153253359981e-03
1.206401346205389184e-03
1.150184952945119141e-03
9.875455724923068619e-04
8.266755932079515330e-04
7.062071481502315944e-04
9.076340388119993408e-04
9.451324992826794398e-04
1.217897442968908202e-03
1.413147968883121317e-03
1.617973905922715297e-03
1.636776053747168551e-03
1.681770276666528846e-03
1.666942278630238923e-03
1.746288118141011651e-03
2.056357227034863542e-03
2.295921310573152511e-03
2.481792419845257544e-03
2.761568154695121999e-03
3.065426791135216367e-03
beta4
-6.658527415376741085e-07
-6.431466517937231947e-07
-7.223345661081172738e-07
-4.411355936929460534e-07
-2.691160093029360847e-07
-2.190394184530590119e-07
-1.874754933243143484e-07
-1.917121437716351091e-07
-2.529186354109966278e-07
-1.401703390546136431e-07
-1.676198279611444542e-07
-8.855105566749520612e-08
-1.115677095177488494e-07
-1.030522595113940790e-07
-1.176895467728664094e-07
-6.225639321280691121e-08
-4.505183002790460453e-08
-4.180627427685208214e-08
-3.860736884099936718e-08
-2.592158597001623059e-08
-2.710201144942071344e-08
-7.048083334588752924e-08
-5.962260784577308605e-08
-6.958273355397423099e-08
-4.898383737929048933e-08
-7.723704839012808336e-08
-1.163801028933110357e-08
-2.873087077177321548e-08
-3.530913348528319621e-08
-4.531051017535954084e-08
-4.577091673119317110e-08
-1.229790624828489004e-07
-1.998073970397968318e-07
-3.977036626203380954e-07
-4.959395010340981805e-07
-5.142392268968596363e-07
-3.799647348957345253e-07
-3.120687903711090820e-07
-8.201310957895116817e-08
-7.103471778403924553e-08
-3.597041973252785877e-08
-6.825683803487828063e-09
-2.038796286078846928e-09
-3.236606227465171199e-09
-2.369924580567294271e-10
-1.859300048819213320e-10
-1.202657791158482910e-12
-7.617920048044241570e-11
-3.045063443576652712e-09
-6.302271676085261490e-10
-2.960121761159990107e-11
-1.259761504143375995e-13
2.466058269170585097e-12
1.043985273501853667e-11
-4.263954324334453119e-13
-5.941900615602465031e-11
-2.674386844018264301e-08
-1.997279779306237133e-07
-1.603250715881879313e-07
-1.807234699557205923e-07
-7.385759948595238380e-08
-5.054437739460286193e-09
-1.435995636433765699e-10
-1.662221388012583341e-12
-5.236899720500250835e-13
-1.049307924737107371e-30
-2.666015345161447523e-12
-1.980923609555458021e-12
-1.148135404550302620e-11
-1.101220860030713401e-11
-2.096117057880690829e-15
-9.027776342365976878e-15
-7.634198284933677238e-38
2.475867774852021871e-12
8.836679311106779404e-11
4.497135399245963272e-10
2.395365074262065406e-09
7.275831002665649906e-09
2.666102577500462477e-08
1.064657841637961137e-07
3.764474939248528528e-07
1.829589412816847920e-07
2.900398829728588617e-07
9.806444345084268570e-08
1.077976628257479506e-07
3.005977872239294363e-08
4.717808086024963877e-08
2.545022830138135645e-08
7.034389823894390321e-08
6.279768041997520901e-08
1.399509536506409951e-07
1.494668918222194075e-07
1.721504242150969950e-07
2.303489670345288808e-07
2.699229197654068422e-07
1.541151139405831440e-07
5.266747513973309459e-07
6.778073172271964323e-07
8.620484666079859697e-07
1.497377483799422291e-06
1.655618045310338473e-06
2.395530054872738857e-06
1.880541937832116712e-06
1.459551806212335123e-06
2.740933484230864976e-06
2.081605891014563871e-06
2.649806184931494000e-06
3.317707736269383285e-06
4.637613204372301801e-06
3.523742423568532830e-06
2.797933205432489087e-06
3.098980711399174770e-06
3.303114308290588628e-06
1.949376854932991994e-06
1.595921426100929320e-06
8.857570982657755064e-07
1.135622690021599464e-06
7.022275790278039770e-07
1.015596356119577314e-06
7.182240892257802236e-07
7.019830269676869226e-07
7.900481235053542866e-07
7.162520979528410288e-07
7.853150436487975503e-07
5.173333400689270217e-07
4.008699097342177967e-07
2.322619260338895650e-07
1.402459647121388467e-07
3.629613336495044739e-08
4.924401252822762421e-08
3.583297114749723160e-09
3.684605638546153738e-09
1.617446450307410444e-09
1.263172522199498839e-09
1.389492291577779130e-10
1.067955374380482383e-10
1.136434802138780167e-10
3.250295354558721190e-10
2.916688278656784908e-10
5.669544087285994011e-10
3.999633489158499037e-10
8.401519135056081791e-11
1.502206231516590581e-11
3.162626694686313256e-12
8.802828678963557974e-20
-7.979654419172224517e-24
-3.664782823559254072e-16
-1.149938781255917642e-11
-4.647037663868928561e-11
-3.654526272584208521e-10
-1.937430050699068858e-10
-2.449355003393519181e-09
-2.876406029941606935e-11
-5.249879424455423412e-15
6.499144181680316906e-20
3.109204619646929202e-15
2.112567829780748977e-13
8.691742338764584285e-13
2.796563821128503763e-13
1.726181183669796821e-12
1.461915760626040207e-11
1.597969347323229658e-11
3.951752742371720571e-12
8.531493248472857870e-13
3.630646694895538029e-11
1.597248738069380690e-11
2.036791458973558164e-11
2.298619257906662961e-12
2.691804349793964665e-13
5.447777635963036637e-15
1.274962280225656643e-11
2.314786343652977717e-12
7.186138321639886688e-12
1.151603681192400648e-11
5.614070960394293286e-12
2.190936349206805809e-15
1.626969185298525159e-14
1.078528115400693480e-16
2.936663956871739691e-15
-5.787495579995232326e-19
-8.507710003161030096e-19
-2.253363959302978420e-24
-3.157974204219409857e-14
-1.252248703741525215e-12
-4.274020895236174474e-12
-4.129661783632406597e-13
-3.853112993285247117e-12
-1.029001518243109967e-12
-6.591866139071042018e-13
-4.975693238017858991e-17
-9.323601440143327841e-14
-4.694905169824514152e-12
-4.254878341313829699e-12
-9.124391124447274423e-12
-5.813396745224493412e-11
-2.098560941506933925e-11
-2.572015936341701753e-11
-1.422333974677958130e-10
-1.382992555632156659e-10
-3.948186134525023627e-10
-1.524298878800763861e-10
-5.020382694087912449e-11
-6.901281816300290695e-11
-1.592686848199800564e-11
-7.705298112527228717e-12
-9.675506539778629201e-13
-7.909283703402725100e-14
-3.131772592001495661e-13
-9.606465887448236194e-13
-1.118965597589788184e-11
-1.512919912814316445e-12
-3.829658330029686561e-12
-9.157128954583546870e-15
8.313779466429841990e-18
-7.256742565789303448e-19
1.358629167503359406e-29
1.076357271137472615e-19
2.196750968582549356e-15
5.218776368786378354e-14
3.050345338538462612e-12
3.119019991894089159e-11
3.458043215592969731e-10
1.497777847821460117e-09
1.899460747367066042e-08
2.922226884911286440e-08
8.083246730341399660e-08
1.625150215717013208e-08
2.609828251819912381e-08
2.201957225383903268e-08
2.164205232279356525e-08
3.048667238235108428e-08
2.480492922163476668e-08
4.162744087758594257e-08
7.038143382989910766e-08
1.842186415590312480e-07
2.006035814561976017e-07
1.638294071768254051e-07
2.353374379426156211e-07
3.055576438688449630e-07
beta5
1.080290815569184421e-07
-3.469686027053603874e-06
-2.173822443313668453e-05
-7.105919593963867169e-05
-8.739620329880055211e-05
-4.105819543158437335e-05
-5.474051349913010636e-05
-4.758459994779991927e-05
-6.156819763026186404e-05
-6.914618611611499876e-06
2.886167390251443332e-05
4.805834889428213736e-05
8.814310416831691618e-06
-1.167963491086331817e-06
-7.019606199959177388e-06
-1.309933433844223753e-06
-2.568846636297300574e-06
2.252396516483782325e-05
-3.195433808273408265e-05
-6.712980519498390388e-05
-1.061121819600298376e-04
-2.026036074790793940e-04
-2.823159577822517805e-04
-1.996285746733477882e-04
-9.613086796035247880e-05
-8.422042829920911751e-05
-5.464224218227936076e-05
-1.126856069933924076e-04
-1.856317392121454462e-04
-2.112490953042988999e-05
6.453621857155506772e-05
2.412969928214485360e-04
4.669198184745993949e-04
1.141391012931023720e-03
2.104573296529640460e-03
1.688849710556430180e-03
1.135777329485188839e-03
6.868417243126221337e-04
4.394906262888852904e-04
2.501567618856680207e-04
-4.255059952422064230e-04
-6.978696999076251795e-04
-1.002340049382724908e-03
-8.432538002879851578e-04
-1.112348263346837809e-03
-1.438216676288264079e-03
-1.793406674924554389e-03
-4.819659417454806409e-04
5.399619616607640848e-04
-3.537972906977453766e-05
-2.597726166151899168e-04
-6.676901092544292602e-04
-2.303664160717408538e-03
-2.008759976887311213e-03
-1.865842176670332595e-03
-1.979678479215624988e-03
-2.388311345575122938e-03
-2.920397012001631817e-03
-3.868691434036597085e-03
-4.223220561033847603e-03
-3.357075171942097876e-03
-2.128431381806441570e-03
-1.682034112416999540e-03
-1.229459916414899715e-03
-9.615559325409211164e-04
-6.639568943257235546e-04
-9.734707014769381026e-04
-7.972052080778564264e-04
-1.312567066503868979e-03
-1.308834666578700262e-03
-1.337608534720157371e-03
-1.344594747990570478e-03
-1.274542659803464505e-03
-1.245422689717796266e-03
-1.313602326404420938e-03
-1.602435940257621256e-03
-1.931968302583505614e-03
-1.826421217035310678e-03
-1.825473914263842133e-03
-1.998048440965552799e-03
-2.376682596896391008e-03
-3.984193147697843128e-03
-4.898381715941601405e-03
-5.161517189885458934e-03
-5.143805259262468690e-03
-5.168831462111700067e-03
-5.715712291608178106e-03
-5.566066861447996859e-03
-4.660723456710836113e-03
-3.971366436840259757e-03
-3.387874605005104095e-03
-2.847903569985513368e-03
-2.359646675735387750e-03
-1.884444942723116244e-03
-1.561989802477740897e-03
-1.584095099303602225e-03
-1.348859873515139340e-03
-9.765375785144403235e-04
-6.389579119144062937e-04
-6.776132560532127907e-04
-6.285641405936346834e-04
-5.719279641638696891e-04
-3.276285907545916764e-04
-2.180824557475229760e-04
-1.261907941867271342e-04
-5.107110573161343248e-05
-6.795501137978090740e-06
2.220799540181188705e-04
6.007790431994447424e-04
8.390948941433168688e-04
1.036933687867416755e-03
1.185918471624134926e-03
1.467088759517662594e-03
1.685049141962816164e-03
1.862186371202341484e-03
2.279835014156608632e-03
2.155536295333975588e-03
2.225100494352797234e-03
2.219673498060144041e-03
2.353877471687114593e-03
2.176193008830377279e-03
1.826434451242636616e-03
1.665640217346206920e-03
1.397274879647792322e-03
1.684868664925512610e-03
2.033716400690002528e-03
2.354067854291309186e-03
1.905546357784503779e-03
1.655866041430208418e-03
1.355828940350954116e-03
1.321136236283419361e-03
1.296935024725997653e-03
1.302801503977062039e-03
1.447524543243038173e-03
1.570454172315548323e-03
1.641053806177772932e-03
1.775804918759999688e-03
1.865140602447000213e-03
1.648691321457299453e-03
1.594559074740754118e-03
1.356504510349702299e-03
1.316629090516976443e-03
1.383954933351910690e-03
1.458966541991287696e-03
2.026793267005264076e-03
1.851589466736355133e-03
2.480477987889821191e-03
3.140409769744749533e-03
3.921078734367074679e-03
3.753390891269876156e-03
2.993249759348339326e-03
2.139355530642584463e-03
1.496945819080452295e-03
4.726959165016804019e-04
2.199386146016010920e-04
-5.010513636254653477e-05
-3.318775630744853202e-04
-5.600575408050233574e-04
-1.896787131818071254e-03
-3.142718655831626493e-03
-4.160471969248633398e-03
-3.776228412509156571e-03
-3.468935695692502985e-03
-3.822474754797864586e-03
-3.684442198045912147e-03
-3.537097972688853405e-03
-3.393575043995561771e-03
-3.858973618162829869e-03
-3.679489478517161856e-03
-3.551092047925164755e-03
-2.935346463063750674e-03
-2.422663869449462326e-03
-1.826022650797367230e-03
-1.687110065028577487e-03
-1.562236592192739991e-03
-1.439821434056291326e-03
-1.367818989499306088e-03
-1.304783397137624116e-03
-1.190047716656393367e-03
-1.327456357615309406e-03
-1.396823237869486639e-03
-1.750864164728175524e-03
-1.686730434399216034e-03
-1.682674931921084895e-03
-1.593626946869243499e-03
-1.523384231918756791e-03
-1.570434752312934064e-03
-1.606084124210663266e-03
-1.874158663985965936e-03
-2.185183033598888692e-03
-2.068420538900918749e-03
-1.975399551204495754e-03
-1.616082796860005520e-03
-1.356069542413101525e-03
-1.034816016373644445e-03
-1.172137698816008277e-03
-8.121139653465190254e-04
-5.638169932183890141e-04
-4.626409706288224901e-04
-3.282195373912542543e-04
-2.611048684233730475e-04
-1.831128612518891465e-04
-8.109344600535484506e-05
-1.146500615838234849e-04
-8.966375301389074241e-05
-9.604129876047356551e-05
-1.648765575587558905e-04
-2.983012946991320160e-04
-2.771631098289111862e-04
-2.696998156427138317e-04
-1.543098925657268843e-04
-3.635296401966934231e-05
-4.942460391220402741e-06
4.100176730986388390e-05
1.242437590713288604e-04
2.139763953607211301e-04
3.387463596356125352e-04
2.481807850073707109e-04
7.498421610037282476e-05
-4.603501680172710577e-05
-2.564606113870343367e-04
-5.265767673124791340e-04
-8.033765624122933460e-04
-1.121208251111219766e-03
-1.535142484031782294e-03
-1.981335760276192130e-03
-2.406093105826742976e-03
-2.622381174125551669e-03
-2.597323416635373243e-03
-2.294814535991384144e-03
-2.498115325353197913e-03
-2.865114044957104214e-03
-3.095901525370916771e-03
-3.142585615520485966e-03
-4.059598431319986871e-03
-4.488387995359064200e-03
-4.960823907338276183e-03
-5.402082007298786466e-03
-5.823630140215224626e-03
