-1.558904426894607564e-01
-1.990726202162575176e-02
-4.370094853227940446e-02
-3.979267292794624183e-02
-2.136145202391477593e-01
-1.874952915258752961e-01
8.367663322530702894e-04
4.995750018138022525e-03
-7.782241021960664695e-02
-1.808830485635070762e+00
7.300098993149900517e-03
-6.565816336204975678e-02
2.083455593663049391e-03
2.725086977691637980e-03
3.407625839486920147e-03
-1.390977723408255480e-05
3.760353861413204789e-03
3.250645592159762121e-03
-3.745286277926521655e-03
1.983065924473742352e-03
2.467092703935175064e-03
-1.400025703433885847e-03
-2.152354357934857087e-03
-4.478666403275973450e-03
-3.015646485385727136e-03
-1.616322117129338678e-03
-2.936209939339605619e-03
-3.403147418244061809e-03
-3.074343481917132456e-02
-6.005588944027672078e-03
-1.587564050266116605e-02
-1.260335552481135074e-02
-2.119187932081142631e-02
-4.452874825244928364e-02
-6.735619462421005288e-02
-1.878453149092104355e-02
-8.470212655671492327e-03
-6.516982890270431317e-02
-1.368605994217041710e-01
-9.267965411812758778e-03
-2.931113810739602310e-02
-4.463746436807591866e-02
-6.778154263856001061e-03
5.972825485002745960e-02
2.148393350583378825e-02
3.923087048001392373e-03
2.402080757559122218e-02
-1.147664691682388598e-02
-5.485227838463244826e-02
-1.569318259553817985e-01
-2.497116906064980324e-01
-4.326180931215361548e-04
-1.925879660261956136e-03
-1.233123939618625993e-03
2.333771211592235758e-04
1.646496040743385776e-03
8.480801975410576579e-03
1.652125926490971911e-02
2.065730257952607882e-02
3.856226705205399643e-03
9.257918117778060271e-03
6.742505585883332934e-04
1.531693058768284063e-03
6.568084376105880889e-03
2.259464771439156135e-03
6.843691916996020620e-03
5.950373839319571430e-03
-6.205735944493875021e-03
-1.064517557563368459e-02
1.934195245852033491e-03
1.799369341841909262e-03
-3.474341507890798576e-03
9.078563788174562614e-05
1.838996759904694802e-03
3.701449285222908111e-03
1.024017687095411279e-03
-6.177771056039819573e-04
4.110646554049987231e-03
7.600773279756202483e-03
-1.702711351754957955e-02
-3.156772761651117139e-03
-5.142280149067192559e-03
-1.169528273424949062e-02
-2.700310981563120317e-03
-3.020548301106783240e-03
-7.211525565312065051e-04
-3.619242060552454489e-03
1.987289669056005632e-03
2.617327693207558366e-05
6.974478820754112345e-03
7.953007459213913641e-04
-5.022635783670250612e-05
-1.376680158885096620e-03
8.144721771048551995e-03
8.611401940674567879e-02
2.793776987623565488e-04
1.303188376007717087e-04
-7.233385362750073848e-04
-2.214703194900469389e-06
-5.367931035649700037e-04
2.100870879067301227e-04
