-2.640873179853529384e-03
-1.417316609599219039e-03
-1.252766238658124072e-03
-1.350821869754003073e-03
-1.777301342419936167e-03
-1.852216440954737196e-03
-1.815833359500928145e-03
-1.547866939046906596e-03
-1.552785629686500961e-03
-1.741420236556468024e-03
-1.349442969172814010e-03
-6.872791942359371799e-04
-1.016709564718701461e-03
-9.887721856609676778e-04
-1.173397318627141450e-03
-7.980305334042819268e-04
-2.396326923573108454e-04
9.488457768589924181e-04
1.374438685587452439e-03
9.869474446755480742e-04
2.890932194207958554e-04
-1.613725787052035080e-04
1.386860369977254467e-04
-2.013300719778571786e-05
6.207634548040589758e-04
5.716345451156398111e-04
5.959248191161050853e-04
6.836146592197745028e-04
6.582426403589657950e-04
3.103403935978972625e-04
5.702144848304313215e-04
3.732776161565863485e-04
-3.654269548626125569e-04
-3.335286469639899855e-05
3.174373204626243901e-05
2.845027542516222131e-04
5.578043599148940657e-06
2.585386813227358023e-04
-1.039696891473828705e-04
-8.033155441927906319e-04
-1.021327661789479813e-03
-7.538317382630132764e-04
-1.596461023543587626e-03
-2.320962710100660763e-03
-2.848378794981603051e-03
-2.506058063268221635e-03
-2.507351267055526241e-03
-3.303679178747391792e-03
-3.507133578796649016e-03
-3.880530475938775894e-03
-3.025068655242122827e-03
-2.754333709694196074e-03
-3.163589999304454361e-03
-2.839282003377690752e-03
-2.515451484207147613e-03
-2.837144046215340793e-03
-4.405339234047723346e-03
-5.148817771134350796e-03
-6.848105135675080710e-03
-8.595316149533752115e-03
-9.384095686798651220e-03
-9.022693727066703751e-03
-9.890603606046460827e-03
-1.068701704682656003e-02
-1.149979126075403348e-02
-1.130237590080501210e-02
-8.731401465520153421e-03
-6.258878845644142222e-03
-5.450913753542500906e-03
-4.805675573205785492e-03
-5.644056795656600227e-03
-4.270436829113575389e-03
-5.242761089728477548e-03
-4.450645835075439823e-03
-4.397321522212186730e-03
-5.521019113097306100e-03
-6.509323321656637108e-03
-6.211526443906757039e-03
-4.826079025813477703e-03
-4.547809314404301084e-03
-5.395188188702200981e-03
-5.584588157918264975e-03
-5.497293812472182732e-03
-4.183641752909261075e-03
-4.288158125495598536e-03
-3.825424417317724660e-03
-4.416480390804002412e-03
-3.740602802778157307e-03
-4.223363193326476299e-03
-3.888118626898233281e-03
-3.199022136045954166e-03
-3.858167903209472512e-03
-2.711065296303765294e-03
-2.163471385509748400e-03
-2.277670050674849168e-03
-2.644107091945723312e-03
-1.893883253119861727e-03
-1.058695917675037427e-03
-1.219888739272100486e-03
-7.903597304045930630e-04
-1.021127702641475097e-03
-6.066953191716267140e-04
-2.342507968406718714e-04
2.612136296858513611e-04
4.855141972189333370e-04
2.033952523067994900e-04
-3.369011547272613501e-04
-7.273014227012014013e-05
2.375493805281370888e-04
1.306347628165424645e-03
1.265881380763275027e-03
2.310650661333066031e-03
2.344634266262389695e-03
3.412698333617541178e-03
4.442666973102954615e-03
5.464200612752236758e-03
6.394395646960249896e-03
4.266256704681221749e-03
2.619781427987380191e-03
1.317642269537183533e-03
8.179877630951368033e-05
3.040716045628033526e-04
8.221564644132024410e-04
1.118962895672966171e-03
1.297941968628559244e-03
7.087222277755127068e-04
9.406260901460242879e-04
1.231720668349401597e-03
1.993040377229347328e-03
1.918130881203308118e-03
1.712903349720326695e-03
2.826457923635155006e-03
2.051405230507690261e-03
1.261323723521022566e-03
1.011100153860256586e-03
1.321614157190569624e-03
1.441962120396137045e-03
2.474306516940985145e-03
3.350632563537451602e-03
4.935298806678612218e-03
5.255349526338298771e-03
4.863679077869561586e-03
5.006610093482430010e-03
5.355323186767125578e-03
4.433124339670298925e-03
5.341720886275994756e-03
4.990810760112894540e-03
4.186818982699434116e-03
3.097646963805549599e-03
1.630888508216514704e-03
7.695094877287197510e-04
4.555741350888949169e-04
4.124511936046789317e-04
-3.895698995401606583e-04
5.926889266907143594e-04
1.719317046352817572e-03
2.434299546322636447e-03
2.136766690624133415e-03
2.415673361404646786e-03
1.780076469713579024e-03
1.577472085539442619e-03
2.049996756113951508e-03
2.113864294172224795e-03
2.595922830281255714e-03
1.858203642274233692e-03
1.438938431636895996e-03
1.496845365913946615e-03
1.124082375425514884e-03
1.146085502974513197e-03
1.860884186698613316e-03
2.126147451851758807e-03
2.330353308727399833e-03
1.535227223068796193e-03
1.960903294264419641e-03
2.641700600378972096e-03
2.494017532573003341e-03
2.652647205267611233e-03
1.938652128189920611e-03
1.209746820370347434e-03
1.087715704173842666e-03
1.006776301886911978e-03
8.688997367226372311e-04
6.019818869894152068e-04
7.068150824318546242e-05
3.409271016373920083e-04
7.743208794001413568e-04
-8.816941692494999726e-04
-2.383059989829803497e-03
-3.571793588337808783e-03
-3.446827295382640186e-03
-2.497516012406436527e-03
-9.891779356528051723e-04
-3.404109134756027515e-04
2.104447344094757583e-04
-5.739770425520167437e-04
-6.965036531553009044e-04
-8.658888431077141649e-04
-1.154378772273584883e-03
-3.500752740490404441e-04
1.158497836436907236e-03
1.494209620788030388e-03
2.920429140985254714e-03
1.637981061457352821e-03
9.945094664220292292e-04
9.201113570473427958e-04
1.314289839021657007e-03
3.120110176450194023e-03
4.377990518464273256e-03
4.279615762411441773e-03
5.933153902970305336e-03
6.312922803583766694e-03
6.056820669197209017e-03
5.274301744582459393e-03
4.151864729924101098e-03
5.956554901120961025e-03
4.389545438794721817e-03
3.242075631031863560e-03
2.667360339821885171e-03
