-2.723317875362579570e-03
-1.266005531510117337e-03
1.692844738442697387e-03
1.049069406652755219e-03
7.200224640437067388e-04
-5.432415052050637572e-03
-4.441872479396204512e-03
-4.759863168090993843e-03
-6.259317963346909541e-03
-7.509327086087510920e-03
-7.088281360517208196e-02
-6.551020068279404807e-02
-6.617445927343833245e-02
-6.583908001261142007e-02
-6.510503261167699396e-02
-6.343675807414461687e-02
-1.105914846370820159e-03
-3.946083294672796983e-04
-1.890022731540078396e-04
-2.814199322024792007e-04
-8.248765845118143786e-04
-1.125248259298327518e-03
2.371170904247664295e-04
1.632646995279985632e-05
-2.111404897255892788e-04
-9.014407281018578738e-04
-9.276671526275171451e-04
-1.164909778630372197e-03
1.502079632479637534e-04
3.773801393715943658e-04
-6.021233346467212526e-03
-5.369958793090876155e-03
-5.850997214218715825e-03
-6.430031315378088343e-03
-7.892375852788404214e-03
-1.198601270222199484e-02
-5.944103475772095392e-03
-5.878835088624003759e-03
-6.496618084646026310e-03
-5.576071523454745847e-03
-8.142313996130976297e-03
-3.957473578439593513e-03
-3.527225225328538532e-03
-3.580471668457495520e-03
-2.442439853479968798e-03
-2.128043831179471639e-03
8.121925271915049612e-04
8.771019128309284979e-04
1.695931790054328080e-03
-5.061693747371805207e-04
-4.185102131597742583e-04
3.345486653198124008e-03
3.596986211191107938e-03
3.873814763090089111e-03
2.047771375500224544e-03
4.396590813282492266e-03
2.777321217798532377e-03
-3.487359007169510416e-03
-3.620646542750852875e-02
-3.557491498392306717e-02
-3.429943128104268046e-02
-3.446129848941109630e-02
-3.279672774303097477e-02
-3.106353585990397417e-02
9.997837881473385906e-04
1.635501587956586121e-03
7.531992299399962662e-04
8.337132073172161609e-04
7.684510493110764543e-04
2.065977434347100912e-03
1.709715937438069768e-03
-4.601651218791415546e-04
-4.074477474117994130e-02
-4.116828020979853425e-02
-4.144831242034917318e-02
-4.280881402085447845e-02
-4.903295317984596863e-02
-4.827373077797301321e-02
-7.214499113122062150e-03
-7.060484317435864604e-03
-6.928769097806091772e-03
-4.153608323618547364e-03
2.784215029465314777e-03
-1.516488003198684020e-03
-2.810915239518969096e-03
-3.157151351825397342e-03
-3.636920694130912554e-03
-1.230844497581480741e-02
-1.348377256360236420e-02
1.134533345211296467e-03
-1.375773290358767468e-03
-7.215852585385433950e-04
-6.644095439703488282e-04
5.743333418095385341e-03
-3.551851944895600965e-03
-1.429286938105894279e-02
-1.034867090677606127e-02
-1.033015298013375584e-02
-9.788519425556028650e-03
-9.751686019688168491e-03
2.978663831234631683e-04
2.898031632541410983e-04
4.124460797822819785e-04
4.348691011472802757e-04
4.958554287688327370e-04
3.742612557457297966e-04
9.242939857909491911e-05
3.338340077978399750e-03
2.841846132847359718e-03
2.912808485865628350e-03
2.802848543927382446e-03
2.950592142776281828e-03
3.504523965215825074e-03
2.026938741740095390e-04
3.588811716303652696e-04
-1.952501675181971246e-06
-2.400180600318387307e-04
-3.418987609774461352e-04
-5.143463178139435089e-04
-4.581622990424618768e-04
-2.084570600372362501e-04
5.087144324162515366e-05
-1.129723107933088694e-04
-1.540544606645801113e-03
-1.642437708794758843e-03
-1.571626479171006271e-03
-3.295167877404511780e-03
-3.261348941036757917e-03
-2.994747409664239458e-03
-3.113868469199000937e-03
-3.074388180334865911e-03
-3.680587299915792643e-03
-2.059493076976440327e-03
-2.553276574815225089e-03
-2.444078747388150636e-03
-8.798447343320298228e-04
-6.658064117260454164e-04
3.011902871135624726e-05
9.072325561840072737e-04
1.759179073800773256e-03
1.721459066840814187e-03
9.821786702777243836e-04
2.189166246125159952e-04
2.228311174534565149e-04
-2.456013661300522968e-04
-2.570420501289447102e-02
-2.843292590726168370e-02
-2.746411924853224204e-02
-2.684874882910081792e-02
-2.711838202984721488e-02
-2.759064124430239684e-02
-2.629484295647627982e-03
-6.157834635958826103e-02
-6.157500463127570794e-02
-6.444320313317176974e-02
-6.420473377665693315e-02
-6.433135978968364255e-02
-7.338129839683987798e-02
-1.189941166319303557e-02
-1.226923177445501424e-02
