5.967622075365059363e-03
7.826798600680220236e-03
2.467181043939254293e-03
1.791362765322706370e-03
2.243268180049621131e-03
1.340272489529588948e-03
1.569445946006443578e-03
1.284327006244854932e-03
2.049077505879039890e-03
1.627547682825387833e-03
2.104637691207416738e-03
3.015053437592642854e-03
3.761924173209341767e-04
1.594965073909531328e-03
6.410449869566246458e-05
7.190063739973061134e-05
4.565881821647596627e-05
-6.187297716439239066e-05
-2.020977547112134867e-04
-1.665761583971495758e-04
-3.595737124064628254e-03
-2.838315408023317065e-03
-1.803858205626204412e-03
-7.637690495582834466e-04
-1.707000157520064884e-03
-1.179150232511593649e-03
-8.008454087718226049e-04
-2.393232429954937016e-03
-2.471525167537344265e-03
-1.241009953415452005e-03
-2.311426318267896084e-03
-2.342731646128773555e-03
-2.015514812161678989e-03
-2.049986594247976517e-03
-1.967562060383053982e-03
-3.783108996368979814e-03
-9.005351557371627999e-03
-4.809872398938846126e-03
-3.995128829865171073e-03
-2.319478856615838844e-03
-1.677125844916998358e-03
-1.969040001246695482e-03
-1.693112337826713524e-03
-2.725827551197456712e-03
-3.313071289641307364e-03
-1.979061353046376696e-03
-1.670093673433153524e-03
-1.925288788169813312e-03
-1.396857264265782481e-03
-9.574708082414923761e-04
-1.393096910872444879e-03
-9.923028034300206742e-04
-2.351685165689896759e-03
-3.393305310851691715e-03
-2.987109256029659658e-03
-2.782693211116938313e-03
-1.753150811781457137e-03
1.218798391208921481e-03
1.838169484844098041e-04
-2.765652962801148224e-03
-2.528894805160807231e-03
-2.383002985240158071e-03
-2.764467621948403855e-03
-4.233010010449047601e-03
-2.026706632268394839e-03
-1.426997144432993287e-03
-3.338940676177059533e-03
-2.961923720650895282e-03
-1.876048504618889811e-03
-5.769008658342034699e-04
7.598269273150614483e-04
8.195476826010591239e-04
-1.043163629831643817e-03
-2.442448675544339493e-03
-5.523734247856904468e-04
-3.179975408851604731e-03
-2.897831564084248513e-03
-2.842909511968409741e-03
-3.030387237493521214e-03
-2.706191195915732140e-03
-3.225319915102826777e-03
-4.657226344103878625e-03
-3.509726357792618354e-03
-1.070479132729360971e-03
-1.172535017151120958e-03
-5.336352617137123024e-04
-8.999299914231158543e-04
2.529878951146040562e-04
-9.517937280143888307e-04
-9.679065311531065635e-04
8.280478825830549748e-04
7.481767914671050984e-04
1.946161930648801800e-03
4.092073939423195483e-04
1.131934393463229684e-03
-3.339337710645340698e-03
3.917859367273231024e-03
2.981769539320716124e-03
-7.182810169562253537e-04
1.097653146791691462e-04
2.120594857113917173e-04
1.655502327265715281e-03
9.290496666406152567e-04
1.055257448876334740e-03
1.418948689283727705e-04
3.658787042682787685e-04
5.549755291180118611e-04
1.236871420547633674e-03
2.167641527751203948e-03
-1.063947199778071022e-03
-6.449077833192409705e-04
1.174144251798145308e-04
-3.846415052991178883e-04
7.481007338404335391e-04
3.476357288599113914e-04
9.441487924812850901e-05
3.907139265705749840e-04
1.602486510236019043e-04
1.114009945762830254e-03
1.332079038294415717e-03
-2.446857719428203949e-04
2.317077378428057839e-03
2.334478709129387229e-03
4.363985876714394571e-03
3.781933930888485128e-03
3.299390358799786892e-03
1.255779797851112921e-03
1.937178116262851897e-03
2.174510070914096801e-03
2.111340351451725973e-03
3.238533337722140221e-03
8.275121226769011420e-03
7.477509149783414209e-03
6.288722708170228250e-03
7.448630709047833823e-03
4.653776615100991935e-03
5.797903367044760989e-03
4.505234176204162694e-03
3.343851061050648159e-03
3.525087159886314356e-03
4.132327895325169781e-03
1.567679619568763689e-03
2.588448612376517254e-03
3.851601608645837792e-03
6.163437309246182390e-03
2.395735409383574748e-03
4.313594198805718004e-03
4.293067841862850502e-03
