3.219092851913758008e-09
6.582835489584330745e-07
4.482831262721472376e-07
3.378864403050678298e-07
2.737694949664674647e-07
2.355586673738102591e-07
2.368739794323540819e-07
2.828661100155681564e-08
6.675951398237947222e-08
9.458167897946247495e-08
2.420724053428269889e-07
2.561388405769792992e-07
2.692058975508971584e-07
3.524128459204399599e-07
4.773811554389965415e-07
1.641271534230717307e-06
4.818080882620023945e-05
5.056741300958734429e-05
5.104314445305258664e-05
5.112792931870940909e-05
5.100337494230237743e-05
4.981762088680356690e-05
3.153994150148096889e-06
8.646429371412631308e-07
4.247691577248102988e-07
2.527640393313900819e-07
2.204802643602118825e-07
2.765971820338767356e-07
3.942518490100190336e-07
4.298813806564847978e-07
8.404072523665819665e-07
2.476681201540577097e-06
6.124835651234286681e-04
6.222866220642032063e-04
6.431790124569305772e-04
1.544619647695306790e-03
1.875639863867659607e-03
5.366757628685309318e-03
9.746401889598261398e-03
1.608175472709582124e-02
1.879144329688819948e-02
2.198336046077528638e-02
2.683557450878192377e-02
3.164963799741028067e-02
3.861293072304485680e-02
4.554733998569897996e-02
5.306812403002026529e-02
5.532374906185070357e-02
5.251476492819426994e-02
4.530023998819152770e-02
3.516933311167659559e-02
2.190203613214326828e-02
1.165150183326747226e-02
5.302639223649412842e-03
2.928884857734428276e-03
1.837277458790893088e-03
1.545606854661968693e-05
3.384781994822603973e-06
7.788947922020544851e-06
7.607942068070864644e-06
6.652729178874774571e-06
5.961250134430644841e-06
5.734329649621096829e-06
5.474247172588604517e-06
9.543604719643734987e-08
1.851479206436238842e-09
-1.126721904140106089e-11
-2.956518185227874633e-10
-9.390807990636157002e-10
-9.835007394410384432e-10
-2.232134490848284646e-09
-2.924095683707284509e-04
-3.153149212971803335e-04
-3.160244121165977737e-04
-3.190586530272727667e-04
-3.209399875746860487e-04
-3.209768625101753667e-04
-2.878728421018066257e-05
-5.922752217583168693e-06
-5.230934359575027784e-06
-2.207551514570280950e-06
-3.628485760332318216e-07
-3.259563143908699823e-07
-1.127954192044339129e-07
-7.269563348757882950e-08
-6.446300759519140259e-08
-6.185521048645520493e-08
-2.525652645121167190e-08
-7.466867650960082356e-08
-7.195087592150838869e-08
-7.180750900333988648e-08
-6.209878908158922571e-08
-5.323712822079559856e-08
-5.316575396134035956e-08
-2.522839532789803640e-09
-1.657350821763934121e-09
-1.271498219818473493e-09
-1.258834723130923720e-09
-1.226798152976973365e-09
-1.220827631063439320e-09
-1.220284402850247882e-09
-2.038073733073180387e-10
-3.270974130809156261e-12
-1.089957944020378763e-16
-1.360121267867499992e-18
-9.889095578838186386e-18
-9.889096371722761395e-18
-9.889096371722761395e-18
-9.889093005562000523e-18
-9.876312980158083818e-18
1.108020005369161469e-15
1.020712334849378463e-11
1.433689513772749936e-11
2.873498501334878149e-11
1.205129101522715355e-10
1.863335215163587564e-09
1.868495816678751038e-09
1.865365377697070276e-09
1.866151623942934225e-09
1.851967287088478400e-09
1.780445284821554782e-09
3.803218549507156255e-11
3.287046810245942193e-11
2.579490028488393392e-11
2.087888224978729753e-11
2.066512922862162288e-11
4.092063566217485150e-13
6.718562569181097872e-19
6.995312604742694500e-19
7.033580253164947595e-19
7.034198580187711651e-19
8.499044136809463867e-19
2.749968323837165383e-16
2.750062383861704900e-16
2.756494262864050503e-16
5.136107417439431211e-13
5.136123798111287463e-13
5.149929281869976350e-13
5.792407366681925330e-13
5.792407271944407738e-13
5.120589954558295558e-13
-6.403712461583797095e-14
-7.092907002337139246e-12
-5.219446671247324342e-11
-5.486158097098864406e-09
-8.146907042617141133e-09
-8.538938251438821681e-09
-8.545746004851438437e-09
-8.538921568563706623e-09
-8.494036501360538281e-09
-3.060137503014801367e-09
-3.993885660171815908e-10
-7.292835412703841486e-12
-4.223210182560583608e-13
-2.178890702948356620e-13
-2.778445473446583035e-15
-2.668521302279016379e-15
-3.063843764316759106e-15
-3.061534054506524680e-14
-3.084744068634181302e-14
-9.205224826416859604e-13
-7.150477887481099183e-10
-7.188040309861569733e-10
-1.007676706907617751e-09
-1.014435136203856748e-09
-1.041803539659400227e-09
-1.096154553333349051e-09
-4.977495647838430116e-10
-8.105859469779284517e-10
-9.770614806581523663e-10
-1.850003033634622177e-09
-1.659619833081515510e-08
-5.358491695934068119e-08
-1.222835298500663282e-06
-1.226365050433603451e-06
-1.226905301693655947e-06
-1.226080196448175245e-06
-1.211757147360782957e-06
-1.174871976189550045e-06
-6.371307728543890408e-09
-2.245302950768031947e-08
-3.186234251837158481e-08
-3.631559649796613939e-08
-4.490457974106205040e-08
-1.112529664482109312e-07
-8.256363470373507751e-06
-8.266428455829270402e-06
-8.302750828351899284e-06
-8.421136591431634439e-06
-8.423636484664646332e-06
-8.542141665602604407e-06
-4.099245338263772412e-07
-3.824853743596025771e-07
-3.515157594903237440e-07
-2.395229002957202732e-07
-3.545140564729466390e-06
-3.448809194750220911e-06
-3.445794992211312853e-06
-3.481850080644268757e-06
-3.734633759674109009e-06
-3.803571831300088404e-06
-2.262199608731703457e-06
-2.193060274597062844e-06
-2.230662470112941789e-06
-2.195813502411637543e-06
-1.932233527852253708e-06
-1.877892896151292061e-06
-1.100758295913066736e-07
-1.028134047219440533e-07
-5.467795798023020618e-08
-5.134775644080725423e-08
-4.836114584742372918e-08
-3.354845435116881162e-08
-2.512727924941868306e-07
-2.410558184112802750e-07
-2.543077160550363151e-07
-2.681528589349145943e-07
-3.167713645659864839e-07
-4.042870132604000076e-06
-3.882366638789043149e-06
-3.881387062378655583e-06
-3.871915916557816797e-06
-3.862257864015532781e-06
-3.812422431070251925e-06
-7.889574491612036074e-08
-3.687651598595347182e-08
-7.166768897425120463e-08
-9.158169184857658195e-08
-9.824627112958015454e-08
-4.194964589078897567e-07
-5.173946514286125280e-07
-5.428982764944760406e-07
-5.143117944185224737e-07
-5.119989978412173183e-07
-2.574774037516537684e-06
-2.339289215829038304e-06
-2.250658857165798276e-06
-2.216009355949995088e-06
-2.227296174427838602e-06
