-8.502214524445639819e-04
-1.274955720803805023e-03
-7.195147922882378201e-04
-1.160156442457405427e-03
-1.425623564223763842e-03
-4.284994573810442173e-04
-1.828000756714520127e-05
-2.604990915312623564e-09
2.179549559792850096e-07
2.532562968758857953e-05
7.300059553681644768e-05
2.154815876671092357e-04
2.608700163050686922e-04
2.594483930823529225e-04
1.065484699208149176e-04
2.087281551161458779e-04
3.438926860759672442e-04
1.095889862505180622e-03
9.582018973188397796e-04
4.767232299760561795e-04
2.070576705827013940e-04
1.930318883906444443e-04
2.924402610887019130e-04
5.196421716356382746e-04
5.233907163615005975e-04
5.753796050310442485e-04
4.004140352763714290e-04
6.651561937723202101e-04
9.136602219343994101e-04
1.548698226972734055e-03
1.882269734506080089e-03
3.318803645008542181e-03
3.585727975573540279e-03
3.882899868735863180e-03
5.812104302854629624e-03
6.145970919858238790e-03
6.350873520468815550e-03
8.012917294601781815e-03
8.068323504765769622e-03
1.161652048188489134e-02
1.284841858647584392e-02
1.870912563424329683e-02
1.710518027103812011e-02
1.269418745628854081e-02
1.360689231870165772e-02
1.684901815243235179e-02
2.554033206211509671e-02
3.161396437757785227e-02
2.893312069669590203e-02
2.650216991185405310e-02
2.731753886464980546e-02
2.883458034708259038e-02
3.015188023811687240e-02
2.837575116984474705e-02
2.557251285966424467e-02
2.358631043492762785e-02
2.406994175606481587e-02
2.386178930881372243e-02
2.371907185869946352e-02
2.087844814109132696e-02
1.898974486571237963e-02
1.451915428964041695e-02
1.223138607670840733e-02
1.037124370201997735e-02
7.299331753583040636e-03
4.699302146461805177e-03
3.693321926389635853e-03
1.331673494413929733e-03
1.222887418435433630e-03
6.272328438135155084e-04
4.707631146965669333e-04
1.453564383021839577e-04
1.978596373046697483e-04
9.697105208099365565e-05
9.138350651156179432e-05
5.189312799079011200e-05
8.447786590609428865e-05
1.945624335042603868e-04
5.543145404574110081e-04
7.039510871886524258e-04
3.650984436720813939e-04
4.001366633602155458e-04
3.492890705090231224e-04
3.710197194952039685e-04
3.311141858881603076e-04
2.917006587413168545e-04
1.223666910862457389e-04
1.971982841461301732e-04
5.916201870958620818e-05
3.992427270342439622e-05
4.919299912694446059e-05
4.525559772318249951e-05
8.233982193405367474e-06
2.432443861062505322e-05
3.239269549332024744e-05
8.002520300793165278e-05
2.902822432585680030e-05
3.766310220618491240e-06
2.988303106350433923e-06
4.325698193787913911e-06
9.763146124617665093e-07
9.743818865325606163e-07
6.449928819459890930e-06
9.033373130965857616e-06
1.272093254070995710e-06
6.082549062177318817e-06
3.184362884319987019e-05
4.424349567234708315e-05
1.300591273977449305e-05
6.289628765895450646e-05
1.214162863504934244e-04
2.477855170285275625e-04
6.497188570577685889e-04
1.625711151116875260e-03
1.771075127745744531e-03
1.223675585836697752e-03
5.876558181761378126e-04
2.911218198712872685e-04
3.196626417931547164e-04
2.405559141675777811e-04
2.258959677154648611e-05
7.299625634750438563e-07
1.826097882932875111e-08
1.698981252138262330e-15
-1.497848517868448698e-12
-3.288644728500414408e-10
-1.265644741885914025e-07
-1.456973636321591157e-06
-3.383654725850416296e-06
-1.911144589057776362e-05
-2.650764192728583153e-05
-2.357380443821737972e-05
-5.291047166509941986e-05
-8.077004160208614659e-06
-3.675206539800947669e-06
-2.138641716011222796e-05
-9.472921660651532428e-06
-1.642521108567222924e-05
-9.840921111226888057e-06
-1.379555525786530462e-06
-2.962643597516244013e-06
-3.841219157233709672e-08
-3.476851718840440695e-08
-4.216448712487614765e-08
-1.636510118949261339e-06
-1.805833514380468942e-06
-1.195788369454512958e-07
-2.825478749519074609e-08
-4.138169681056074280e-08
-2.262190626164920071e-06
-8.453026518984286223e-06
-3.980539188847271161e-05
-2.242023845060998782e-05
-1.852747047299019390e-05
-1.433523834939996268e-06
-1.965280375375572837e-06
-5.833428168596591169e-06
-1.779909007418518826e-05
-3.266662277299059227e-06
-3.304915980893256652e-06
-5.102324901306484322e-06
-5.609174530462620757e-06
-1.570380708102662654e-06
-1.720819138457593532e-06
-5.115799074766900275e-06
-1.178688816312494510e-07
2.929769940577099976e-25
-3.773066096666792567e-11
-2.181990211084935928e-14
-1.872620856296875387e-16
-1.372370417821198500e-15
4.146725608216980779e-11
3.161931320859256760e-09
9.700554485616575919e-07
1.973730586891420108e-07
3.546426319083631283e-07
3.271082973177681543e-07
4.455348152974878709e-06
4.420198217186999079e-07
1.475773757470372757e-06
1.300301658411959076e-06
1.519040690116852632e-07
1.281771661174691399e-06
2.250669578363097058e-06
1.277964540435634122e-06
6.142198590370867743e-10
-1.393661900505874080e-07
-9.488621532662614412e-10
-1.455473319959134593e-08
-4.170037607600742909e-07
-1.796737299933309582e-06
-2.049115202487612496e-07
-4.441741887685015427e-07
-3.176785292919888079e-07
-2.294868652028633313e-11
1.036501426943056600e-11
1.088074303812405043e-08
3.666626210743074682e-08
3.138332582781826777e-08
1.933482477929279381e-07
3.878151961133274812e-07
1.580442525674713554e-06
1.854004734993965184e-05
3.909615882996153889e-05
4.672907921516266088e-05
1.601850424783705918e-04
6.626994432893325879e-05
5.281401382101583061e-05
3.081743509387049835e-05
1.627223625047037161e-05
1.468495918191415952e-05
1.975702284769485700e-05
9.664840980428952930e-06
1.802005176731732110e-05
2.024651176017739615e-05
1.129603850505418689e-04
6.546400994494042851e-05
2.320766809142037158e-05
3.242986525538269372e-06
7.663720829299711657e-06
1.541800359613812941e-06
1.449633038361421365e-09
-3.330788937872587023e-07
-3.112617407457570374e-05
-1.044986479823209322e-04
-1.377470736347968490e-04
-6.198798998311477368e-05
-2.789005207519723492e-05
-2.141971331990388984e-05
-6.196322179453506564e-05
-1.141228913484345042e-04
-2.242134134581665647e-04
-6.249059965938413407e-04
-8.033886101279889705e-04
-4.292806036022662965e-04
-7.655805335973629895e-04
-4.395299797615925754e-04
-4.140460719522336130e-04
-2.732727303236855013e-04
