4.872720388893182043e-36
3.727435652552573511e-34
7.365992189343371696e-34
6.434481451000124717e-34
6.107183121552615670e-34
5.101684145855254747e-34
5.093840519123229389e-34
9.975153576348462326e-32
1.198045668254670839e-29
1.205055995331130522e-29
1.874937836085444592e-29
1.889846074037812415e-29
1.913060617035215184e-29
1.903340037960092419e-29
1.622221705919505821e-26
1.622215136008383602e-26
1.621553136321763053e-26
1.895604962495903736e-26
2.030585245567800119e-26
2.030585533250466885e-26
4.090790725999112946e-27
4.090786694381999544e-27
4.090746662416865266e-27
1.474616885700722141e-27
1.923645683454241944e-28
1.923654363612042355e-28
1.923658006560736749e-28
2.063179159376351141e-28
2.062790464070701842e-28
8.174147776593120466e-29
1.395881894714559036e-29
1.395291430799935340e-29
1.395254850470979393e-29
1.489792704424472189e-38
2.763620221740831977e-39
2.626647716597636889e-39
1.549899857749249294e-41
1.549737657870379292e-41
0.000000000000000000e+00
0.000000000000000000e+00
0.000000000000000000e+00
0.000000000000000000e+00
-1.770159423882550057e-42
-1.770159423882550057e-42
-1.770159423882550057e-42
-1.770159446195912801e-42
-9.119627547358461198e-42
-6.836697443479554013e-40
-1.392209067735093330e-39
-6.419250654699607399e-39
-6.466447380213406990e-38
-1.195825500169919312e-33
-6.680015332739032638e-29
-9.988325416259393799e-27
-3.704401635598598987e-22
-4.135758099744882288e-03
-4.135758099744882288e-03
-4.135758099744882288e-03
-4.135758099744882288e-03
-4.135758099744882288e-03
-4.135758099744882288e-03
0.000000000000000000e+00
0.000000000000000000e+00
0.000000000000000000e+00
0.000000000000000000e+00
0.000000000000000000e+00
0.000000000000000000e+00
0.000000000000000000e+00
0.000000000000000000e+00
0.000000000000000000e+00
0.000000000000000000e+00
-2.579662789555947721e-19
-2.635698338662306836e-18
-2.635700238120903428e-18
-2.635644859305446189e-18
-2.635644852529856319e-18
-2.635644734935359579e-18
-2.363476984691855846e-18
0.000000000000000000e+00
0.000000000000000000e+00
0.000000000000000000e+00
0.000000000000000000e+00
0.000000000000000000e+00
0.000000000000000000e+00
0.000000000000000000e+00
0.000000000000000000e+00
0.000000000000000000e+00
0.000000000000000000e+00
0.000000000000000000e+00
0.000000000000000000e+00
0.000000000000000000e+00
0.000000000000000000e+00
0.000000000000000000e+00
0.000000000000000000e+00
0.000000000000000000e+00
0.000000000000000000e+00
0.000000000000000000e+00
1.426773704038204727e-20
1.426773704038204727e-20
1.426773704038204727e-20
1.426773704038204727e-20
1.426773704038204727e-20
1.426773704038204727e-20
1.426773704038204727e-20
1.426773704038204727e-20
1.426773704286788718e-20
1.426773704286791125e-20
1.426773704302415834e-20
1.426773704554796916e-20
1.426886994736985019e-20
1.427303778791855951e-20
1.296789650559251007e-13
1.296789650559256813e-13
1.296789682421683504e-13
1.296789684417479632e-13
1.296789684406423715e-13
1.296793624477617008e-13
4.116648744036508633e-19
4.116651353867100316e-19
4.084788927298898195e-19
4.082793131180690176e-19
4.082792858256714312e-19
1.426799865020700635e-20
1.426799863408671693e-20
1.426773708645181423e-20
1.426773873487560830e-20
1.426774841393621551e-20
1.426775637375398157e-20
1.426776597671305291e-20
2.398776280739837729e-20
2.398786438779172755e-20
2.398787520190858153e-20
2.398788815103533072e-20
2.399274698818631491e-20
2.399273796762202494e-20
1.635886067000211999e-20
1.638751302578390317e-20
1.638808690501018711e-20
1.691912068323111839e-20
1.829423855931675722e-20
3.125110308873596146e-20
9.000237489623986812e-19
1.070823797104444918e-18
3.226061880054646709e-18
3.439818349581195712e-18
5.182488205567193116e-17
4.381814806877316059e-13
4.382543230682430175e-13
4.383703118565497197e-13
4.385630729482294414e-13
4.389757473475082266e-13
4.389529554288974310e-13
3.457875556438125258e-10
3.457874944633368093e-10
2.276178789516890635e-02
2.276178789736528138e-02
2.276178789777573430e-02
2.276178789777963049e-02
2.276178755199615225e-02
2.276178755199614878e-02
2.614714000870321797e-12
4.182014466226552381e-13
7.372592564291267335e-15
3.486247383680461987e-15
1.169047729710454013e-13
1.168941072069803587e-13
1.168036515166671861e-13
1.167501978223291720e-13
1.167110916098220199e-13
1.166754924384325761e-13
1.206245854695843816e-18
1.123254657978708038e-18
1.066364827360721683e-18
4.346199443538832320e-19
3.788672428091152740e-19
3.785290923985344644e-19
3.785288273444132352e-19
3.785297425750546494e-19
3.785260585641268444e-19
1.171227669183315884e-13
1.171227669183285087e-13
1.171227669182323812e-13
1.171227669182118330e-13
1.171227669171388054e-13
1.171227669171370132e-13
3.784181962813468905e-19
3.784181959686270010e-19
3.784181959685241563e-19
3.784181959685241563e-19
3.784181959685234341e-19
3.784181959685230970e-19
3.784181959684996007e-19
3.784181959684996007e-19
3.784181959684996007e-19
3.784181959684996007e-19
3.784181959684996007e-19
3.784181959684996007e-19
3.784181959684996007e-19
3.784181960780539589e-19
3.784181960780539589e-19
3.784181960780539589e-19
3.784181960780539589e-19
3.784181960780539589e-19
3.784181960780539589e-19
3.784181959684996007e-19
3.784181959684996007e-19
3.784181959684996007e-19
3.784181959684996007e-19
3.784181959684996007e-19
3.784181959684996007e-19
3.784181959684996007e-19
3.784181959684996007e-19
3.784181959684996007e-19
3.784181959684996007e-19
3.784181959684996007e-19
3.784181959684996007e-19
3.784181959684996007e-19
3.784181959684996007e-19
3.784181959684996007e-19
3.784181959684996007e-19
3.784181959684996007e-19
3.784181959684996007e-19
3.784181959684996007e-19
3.784181959684996007e-19
3.784181959684996007e-19
3.784181959684996007e-19
3.784181959684996007e-19
3.784181959684999377e-19
3.784181959684999377e-19
3.784181959685001785e-19
3.784181959685001785e-19
3.784181959685001785e-19
3.784181959685001785e-19
3.784181959684999377e-19
3.784181960596327760e-19
3.784181960596326316e-19
3.784181960599186803e-19
3.784181960599186803e-19
3.784181960599186803e-19
