6.205512133726230443e-03
4.341185280240978869e-03
4.425620606185972847e-03
3.539222288006445370e-03
2.094923062916087542e-03
1.694660234356661207e-03
1.474027583828984439e-03
1.149262292864547787e-03
5.930967271264624358e-04
2.384090844927567315e-04
1.045738024989589169e-04
2.451053454412643168e-05
5.019483211256888650e-05
3.333708453971020286e-05
1.743450889581910995e-05
1.538019903955577743e-05
1.279249479400462256e-05
2.229645898172144937e-05
1.137790959436085363e-05
1.250361761611571611e-05
1.710604907599882764e-05
3.249985184458413056e-05
9.663421941092330530e-05
3.837757031371175857e-04
3.193530734294587788e-04
2.366509250990989749e-04
1.909710843949668840e-04
2.463950571088938417e-04
1.076584237311078507e-04
4.190467115044926649e-05
7.758478292339489904e-06
5.452837902408633438e-06
1.314067524571392184e-05
1.080199164136661405e-04
1.215666376218265212e-04
7.029146905483995352e-05
1.070379316188991160e-04
3.286416827455088509e-05
9.545529699253737458e-05
1.086793382476267849e-03
2.222215180484743945e-03
2.033876648540187699e-03
1.837234778894388096e-03
1.988433001764902848e-03
2.559452675366225439e-03
4.981534942128986940e-03
6.878821793504347540e-03
8.777678117535400379e-03
1.275021214694788130e-02
1.386351726699684705e-02
1.349256914407547317e-02
1.117146758702513079e-02
8.579495532144897074e-03
8.150524582264423445e-03
7.693371266019675969e-03
5.484978177186754580e-03
3.366194598709733136e-03
2.601472370361697980e-03
1.711027429154701306e-03
5.537348849199113902e-04
5.766878389046745485e-07
-1.025765169631180401e-04
-3.901683979849179524e-04
-1.862310122747491258e-03
-2.092048115035425194e-03
-1.866510600778289140e-03
-1.411135084564177702e-03
-7.401834833536083836e-04
-5.780991564918422669e-04
-7.200460963872742579e-04
-5.623396290298050479e-04
-7.564115326732131746e-04
-2.554211916986464650e-04
-2.521501453660034446e-04
-3.737503974849012804e-04
-5.874063676773585638e-04
-5.677419898635222830e-04
-4.671383227646604564e-04
-4.422094274623358128e-04
-3.371698377805414570e-04
-5.186985498960148449e-04
-4.562022940836690452e-04
-1.935853837566591244e-04
-1.971391131758833083e-04
-1.408633767015279046e-04
-8.244723102650438305e-05
-1.221400196855625532e-04
-1.934497034009107570e-04
-2.922420466234497416e-04
-2.755281885922061780e-04
-2.813514560574051620e-04
-1.649500988428923107e-04
-1.182069102482995182e-04
-1.671712719164709639e-05
2.488962466419214192e-12
2.644697645234629071e-06
2.031241327820325805e-06
1.466791963068183235e-06
1.331361589497943367e-05
1.283889738816901300e-05
9.285766062174335327e-05
1.179882725146468578e-04
2.789762273700213636e-04
3.524371591640325266e-04
8.357546533067915532e-04
6.963742945471371529e-04
8.334697082689238555e-04
8.517237371414747901e-04
4.163109945569008416e-04
3.181140794120135154e-04
2.305053962565067091e-04
5.732946021582486281e-04
8.420017576044552896e-04
8.429153203285745001e-04
4.843282217951761534e-04
3.180112836147481570e-04
3.466931779151830430e-04
2.244034722239147560e-04
3.366369140525167481e-04
1.585234165272433199e-04
1.630780394161471985e-04
2.474459314388561659e-04
2.504291447977621972e-04
1.254986587440759809e-04
2.710722651225408062e-04
5.108199405200217029e-04
5.296168957296238343e-04
1.205876871366774131e-03
8.966375212607059731e-04
1.257811810637799897e-03
1.068766689981660856e-03
2.048461336444363373e-03
2.066362953905631974e-03
2.343760141784357980e-03
2.695388831931530994e-03
2.794059555177804983e-03
3.851940523283161472e-03
3.819221049483235465e-03
3.697646834282623633e-03
5.767270836940502701e-03
6.344469999360197177e-03
5.979051567932706923e-03
4.025533698117287479e-03
2.809084294609469953e-03
2.442413803467922452e-03
1.685507565666119782e-03
1.636770481670692546e-03
1.031836448328170112e-03
7.743642250686603654e-04
2.870426556231836122e-04
2.273483152642167431e-04
1.869525488129850424e-04
6.839093687945068832e-05
7.008835986316316424e-05
5.656891579615798762e-05
5.212350897006566715e-05
7.604543900183659993e-05
3.325327655805663564e-05
2.138607646105349029e-05
2.276083299701423946e-06
5.248271857386608797e-06
4.855679758452239781e-06
1.014835013427897654e-10
-2.399788933527889612e-08
-5.445682123670423893e-06
-4.088556137267539484e-05
-1.273669911637852561e-04
-2.442508200790299128e-04
-4.788386777091767398e-04
-4.786268290022673943e-04
-7.181922600365201869e-04
-4.342814911395366582e-04
-3.696309455418991417e-04
-1.942717271800276297e-04
-1.984616791307635168e-04
-2.222179827063290483e-04
-1.927826681982904933e-04
-1.327400075661244912e-04
-1.174503630823354056e-04
-2.402230979272233986e-04
-3.349773056203319676e-04
-1.913596190247174398e-04
-1.040662784221750342e-04
-4.633217278647526190e-05
-7.804788864291879226e-05
-3.495714601979208044e-05
-4.421320052328892372e-05
-1.007601534730503804e-04
-7.001526980850585914e-05
-2.197375376817216157e-04
-3.825279440900041092e-04
-2.947024000815815642e-04
-5.820919491811876625e-05
-3.730868064816771339e-05
-3.099961885854820063e-05
-3.073836890086229369e-05
-2.511336178161217711e-05
-5.142177728796582999e-06
-6.058033837831989734e-06
-4.277202045011439185e-06
-1.549230254176380740e-05
-1.179691372208638983e-05
-5.107858932946181903e-05
-3.608101175660374951e-05
-1.341921265400529030e-05
-8.516325604038908347e-05
-8.629996399985552188e-05
-2.622749246994393577e-05
-4.929871038670000040e-05
-1.085784415319144267e-04
-1.408674547400817767e-04
-2.016518237514463251e-04
-1.820491766177960902e-04
-1.167370791326523933e-04
-7.862927102127335800e-05
-9.312231728512848920e-05
-7.748267465864633308e-05
-2.589621287226466419e-04
-1.440946524572702791e-04
-9.073559953837905716e-05
-1.655929045927160507e-04
-9.492219159964612556e-05
-1.265571566583312876e-04
-1.175846834190247996e-04
-2.356868288089968900e-04
-1.595164420361111198e-04
-1.625125060010132710e-04
-1.193388416492691876e-04
-3.594945582719066737e-05
-3.631278200381906805e-05
-5.330161681306077508e-05
-2.035703191844229014e-05
-7.598509326622243448e-06
-9.589766961748395931e-06
-2.286572469001238434e-05
-3.858094091306824361e-05
-2.752191986801123965e-05
-2.915881586429398500e-05
-6.139395109287725211e-06
