-5.987428907508889342e-01
-8.212670609913894637e+00
-5.486927828001474161e+00
-4.117383986360577453e+00
-3.297674626160691069e+00
-2.761702310989035070e+00
-2.372962995769769101e+00
-2.080352666456051658e+00
-1.854007368197912342e+00
-1.671274866892016986e+00
-1.528753699992997150e+00
-1.409009910929398535e+00
-1.364945558705469075e+00
-4.772392209373806787e-02
-4.868269154386235115e-02
-5.393703071506895236e-02
-6.069786645403128095e-02
-5.608053680103100569e-02
-5.363407251286720495e-02
-5.379216846052838757e-02
-5.173381738107572098e-02
-5.004717356073065671e-02
-4.441777910124752177e-02
-4.163365166098543374e-02
-4.448469598950170051e-02
-5.226126158309921110e-02
-5.732369420048909897e-02
-1.341174184530680991e-01
-1.408048798006279190e-01
-1.501440973872305573e-01
-1.516239280845956827e-01
-1.558092414343976440e-01
-1.611400982037225205e-01
-1.642208795025925372e-01
-1.706173910497769952e-01
-1.928388114669493947e-01
-2.398925355752047350e-01
-2.630714645621518577e-01
-3.456106913317192331e-01
-3.224440994843580932e-01
-3.916077983034554344e-01
-5.127034054197358026e-01
-6.444806611314941591e-01
-8.263060498508504326e-01
-8.199245632278139295e-01
-8.168109166135549826e-01
-8.079616192386334106e-01
-7.811311114605680173e-01
-7.252279982237038736e-01
-6.922959377852616614e-01
-5.999230438607728866e-01
-5.397196202112728436e-01
-4.549347701476182948e-01
-3.219348833506953111e-01
-1.886984814503032126e-01
-4.593952370531469436e-04
-1.282156551991071348e-03
-1.770329779122725711e-03
-2.061900041376273258e-03
-3.906481044570163375e-03
-6.490902737180771938e-03
-8.858619521696885213e-03
-1.170747604799757778e-02
-1.451413160492076582e-02
-1.752792277243758398e-02
-1.788778858411951486e-02
-1.703111711324837782e-02
-1.654460763123086903e-02
-1.466331277427794337e-02
-1.317978652762031612e-02
-1.273441095684132301e-02
-1.180323567328081698e-02
-1.036412560896904887e-02
-9.221057646015098572e-03
-8.451475797470233906e-03
-7.287144223174816908e-03
-6.180386533343858180e-03
-7.535397461121581993e-03
-9.802601709935512483e-03
-1.073731772659557680e-02
-1.188346030355395648e-02
-1.661941632767258495e-02
-1.727390174833935005e-02
-1.659660721140336290e-02
-1.717859381471864219e-02
-1.798828698608185422e-02
-1.943463895970206495e-02
-1.858976828467374595e-02
-1.749801512704760378e-02
-1.641833080352084195e-02
-1.466218262199496698e-02
-1.437574702754009122e-02
-1.496345146894154272e-02
-1.176271185446188527e-02
-1.222216499880761365e-02
-1.309314230184310986e-02
-1.316525140881706808e-02
-1.311175741544558411e-02
-1.200827179537472360e-02
-1.339458567975587711e-02
-1.501778244234248244e-02
-1.707867187012065968e-02
-1.963584272796538646e-02
-2.234598507785129015e-02
-2.303230994256677197e-02
-2.410910555161076621e-02
-2.320903483427996447e-02
-2.210867000956454401e-02
-2.128558926410959937e-02
-2.102992665473991593e-02
-2.113651212578723446e-02
-2.142455228642045975e-02
-2.214863615100860425e-02
-2.293984164810603313e-02
-2.346419937113975243e-02
-2.263150744149032209e-02
-2.300557274163707658e-02
-2.360507042646563594e-02
-2.659723216275569624e-02
-3.354079007955090147e-02
-3.286321825605794528e-02
-3.225374137676154801e-02
-3.132137695286252993e-02
-3.012644959991428797e-02
-2.760182425572992038e-02
-2.509077447784955825e-02
-2.142749742118141634e-02
-1.951529101329356822e-02
-1.784438103545428825e-02
-1.603820217956376457e-02
-1.226682086464047326e-02
-5.180489615576382330e-03
-7.456344300563625370e-03
-1.054499676368079834e-02
-1.695987181160836521e-02
-2.318257661664518618e-02
-4.064871459474331261e-02
-5.634999568784720275e-02
-8.660238196713053449e-02
-1.223440966786243922e-01
-3.099222766204957624e-01
-3.101579868452771782e-01
-3.112754143470973234e-01
-3.123899186295909236e-01
-3.141652290496048661e-01
-3.126852215785159150e-01
-3.057674227079419382e-01
-3.024900336794520417e-01
-2.921432963969433083e-01
-2.752897050708621451e-01
-2.446168809668247401e-01
-2.078198305029015092e-01
-1.916023665779879523e-02
-1.776518083734858131e-02
-1.634308494708031426e-02
-1.460454328587482142e-02
-9.677036933451283254e-03
-7.106384613777948049e-03
