1.990890491550786120e-03
1.862197505881135924e-03
1.135613715501839578e-03
8.874783167739992056e-04
8.456207545800027009e-04
1.427801574533269077e-03
2.474311230070287779e-03
2.688840980281598583e-03
2.484519158114579292e-03
1.367277803601402728e-03
7.222314148116337632e-04
7.948564594778901237e-04
7.561600068286011313e-04
1.436200425719505978e-03
9.532174740108188956e-04
1.139939914558521115e-03
7.347139878050227939e-04
3.833873071655860727e-03
2.050953316369798739e-03
7.308286120460085909e-04
-4.168343730668633046e-04
-1.075800065256422682e-03
-3.335366807177642633e-03
-2.420815965549970045e-03
-3.741605427418539208e-03
-2.764089759392640306e-03
-8.129183183610068667e-04
-7.046256819744740277e-04
-5.161870993994888395e-04
-1.302552505265900957e-03
-1.058299105387958518e-03
-4.075348513066983443e-04
-1.861956518907378986e-03
-5.435057702197343540e-04
3.496652664092511935e-04
6.695781991926658258e-04
5.532880748600676676e-04
1.551569499818557241e-03
1.640493952781651565e-03
3.101294029364686563e-03
3.154265483104728811e-03
3.154149298836619267e-03
3.361861025590199940e-03
4.110015391757577616e-03
6.553699566306403317e-03
4.669434103296742772e-03
2.014905676391247694e-03
3.265383330756240713e-03
6.752388077164114301e-03
4.318651323270843861e-03
4.236992089265269844e-03
-4.613359274548242575e-04
-1.402998741093177196e-03
-7.564743010007667729e-04
1.336385580199857172e-03
6.805815738771981305e-04
6.965661534545965379e-03
4.339215696686973302e-03
2.207403000447652908e-03
6.260951693073761853e-04
5.750778065010449941e-04
-4.115885949283273090e-04
-9.482348167799119903e-04
-2.020657205735496269e-03
-2.175858215209038223e-03
-1.992549081952603267e-03
-2.776471626070575998e-03
-3.155205429167140530e-03
-3.998444570047509500e-03
-4.266589281088572876e-03
-4.408712886065046382e-03
-4.428296964296645974e-03
-4.668113590894925648e-03
-2.378502055870299926e-03
2.322381197739160268e-04
-2.690042854114126991e-04
-1.101908127091815121e-03
-1.637136555135937843e-03
-1.282979985254719020e-03
-3.988942317194967870e-04
-4.230765085306920428e-04
-9.104767119082774612e-04
-5.833472941477774350e-04
2.090251294736139847e-04
-3.412083912270852501e-04
-2.597904172294772905e-04
-1.822410085044208873e-04
6.520998946553264444e-04
8.856312076568759661e-04
-3.692585547224503414e-04
-2.131039260935570885e-04
-9.061546558571816588e-04
-3.916778371854368035e-04
-2.704984393717982600e-04
-1.967166533963991522e-04
-1.193465705797301028e-04
1.073843437964117336e-03
1.423467636839725360e-03
1.869603112420880502e-04
2.564302914131321061e-04
8.488381972482781290e-04
1.010418967034770743e-03
8.156921195894712697e-04
1.276137080114187958e-03
7.397301570280248812e-04
6.499215889289321245e-04
1.123354163615664222e-03
7.695227958298635120e-04
9.408800345972298702e-04
9.594110501998290687e-04
7.766317118222886787e-04
1.051128414897030709e-03
2.216608137236885170e-03
2.885246493036010620e-03
2.181989465319005613e-03
8.413643804339606368e-04
-1.891029918174440575e-04
2.354342839545442813e-04
4.332507686678726123e-04
6.466575487376862840e-04
8.970025578489069758e-04
7.275732862347255052e-04
6.375281960815929643e-04
9.600502194678255845e-04
4.764948251972748734e-04
8.699924603819691885e-04
7.184804141095862138e-04
1.678898529453588025e-03
1.559439139500964520e-03
1.117343277938752117e-03
1.115430264420640052e-03
1.626085582265838613e-03
1.958899743584677396e-03
2.318387756532132391e-03
2.407178335325270858e-03
5.923828885700973407e-03
4.193688755085430916e-03
4.649745454268989012e-03
3.288946042388297790e-03
2.175874748937577704e-03
2.145928463476919242e-03
2.200461729254529070e-03
2.425290078865193540e-03
1.880442251246172702e-03
1.494118537192458060e-03
9.088028964773489562e-04
1.588950671488032059e-03
1.056747213661789024e-03
3.999616333007865966e-04
-8.674846884614738829e-04
-1.311880613076497415e-03
-3.810831386592657393e-03
-2.257383549734262845e-03
-2.513405255228128368e-03
-1.987872029584747315e-03
-2.673782746478857875e-03
-2.871647495209162480e-03
-3.713103750688159788e-03
-2.781841279261241910e-03
-2.968095569969437120e-03
-2.463157511438790730e-03
-2.851281465068490010e-03
-2.354303153668663596e-03
-1.833980367374776028e-03
-2.482947397420958227e-03
-2.018702273040452050e-03
-2.508946101745841966e-03
-2.354245685070875931e-03
-1.625686519096430221e-03
-2.577809655974652118e-03
-2.531345089971813803e-03
-2.614862549446008138e-03
-3.152817402142754893e-03
-3.540856985155632197e-03
-2.913768450217966814e-03
-1.970925639485035779e-03
-1.149375636921962226e-03
-1.024503303780391859e-03
-1.540692629211674273e-03
-1.993894918634250227e-03
-3.071220599724856521e-03
-2.899172395368124298e-03
-3.610367672918339283e-03
-3.324314121490414171e-03
-2.698905839236891060e-03
-3.130590141957050217e-03
-4.337285318956652508e-03
-3.926531330406163832e-03
-4.879050296665430296e-03
-5.248147124345717632e-03
-5.056260498582234447e-03
-3.339682507301817808e-03
-2.930581872244656522e-03
-3.593156275034438494e-03
-4.700364901633051484e-03
-7.509819052259354005e-03
-1.814743284312450231e-02
-5.494214937467500198e-03
-2.762502872542317491e-03
-3.419221973612246879e-03
-2.587488235188911082e-03
-2.149632000280443048e-03
-2.856852062206805681e-03
-2.198216993360132664e-03
-2.725628681079164759e-03
-2.674377138148025055e-03
-2.464947188375043747e-03
-1.935533377377213812e-03
-1.970138998433805869e-03
-3.468594546100739039e-03
-2.269730628839847567e-03
-1.649841823779161836e-03
-2.331029654876504674e-03
-2.520262839937624337e-03
-2.176770332550545441e-03
-3.121450068027161167e-03
-1.958380094560210373e-03
-2.062717313366122917e-03
-2.726896820809853600e-03
-1.097850471288081952e-03
-1.142412248432570290e-03
-1.305348077452083170e-03
-1.564561248369660896e-03
-1.863956242772651321e-03
-2.386546631173524276e-03
-1.241075319034468886e-03
-1.749556127904011368e-03
-1.543152449511570653e-03
-1.745178336612072858e-03
-1.706999837013713174e-03
-2.994445375752395437e-03
-2.215734964146642318e-03
-1.989618163808282332e-03
-2.266571262690040070e-03
-2.682211416223096671e-03
-2.663284704282863069e-03
-2.776829468554190862e-03
-2.274280184248254726e-03
-2.019764153709771755e-03
