-2.078777047273440426e-01
-1.395495006074876088e-01
-9.409049970626763570e-02
-7.284604950493978048e-02
-7.527440587810746431e-02
-1.688352297728950846e-01
-1.507803359999852211e-01
-1.306536115907699913e-01
-1.146634368479813315e-01
-1.039767421186582191e-01
-9.699772948557404406e-02
-9.167124667491084733e-02
-7.384349473215211235e-02
-6.789210941739741434e-02
-6.572439098497924459e-02
-6.355011651730564648e-02
-5.691022467752829966e-02
-6.000976386379965229e-03
-2.895590118990827144e-03
-3.793748676642299481e-03
-4.427053437360255889e-03
-3.109485878734333936e-03
1.508279947384668501e-03
3.902417871751478768e-03
3.424908946086578383e-03
4.247233761771153533e-03
2.897208722501599856e-03
1.803600359638980093e-03
7.119750354142292091e-03
1.186417987097607846e-02
9.988755233755029425e-03
1.010840812433058504e-02
5.413169083305315564e-03
5.287958504966967267e-03
8.491149167436403203e-03
8.154311219408469716e-03
9.466672874288036693e-03
1.371486439884232050e-02
9.580183923839769369e-03
5.152152928089399724e-03
4.658931624705308912e-04
2.210746588724033098e-04
6.923390307919450974e-03
5.182073199805737641e-03
1.407293526381054628e-02
-5.718631726822867578e-03
-3.685816104834093582e-02
-4.051501704570403123e-02
-4.354320038634035273e-02
-5.174077424706324813e-02
-5.211417437351134607e-02
-7.068075517171733269e-02
-9.497089887433406152e-02
-1.106240979282178821e-01
-1.233045527203432412e-01
-1.243652599839597389e-01
-1.324028320012264615e-01
-1.114991484938299693e-01
-8.623900657022968985e-02
-8.062468557468917274e-02
-8.147474462843276588e-02
-8.115746106556248618e-02
-7.911649563200492952e-02
-5.862910676485740685e-02
-3.705215215501816289e-02
-2.491157460695399631e-02
-1.839141123979316783e-02
-1.568255788146828700e-02
-1.555168489238542562e-02
-2.166204345092371045e-02
-2.770115403952244648e-02
-3.197226824843756726e-02
-3.068996539639509344e-02
-2.905758998203772717e-02
-2.625407387187553634e-02
-2.415078304675306875e-02
-2.458688247174220173e-02
-2.405078989430867176e-02
-2.289076794455989147e-02
-2.411662049397669816e-02
-2.342293511163361097e-02
-2.803252101372953262e-02
-2.131071160449359014e-02
-2.047938343019701721e-02
-1.922158839019974877e-02
