beta2
1.009826352610402114e-02
1.010136513773324946e-02
1.011333466170564153e-02
1.015414114774971024e-02
1.028000028939063740e-02
1.035978598590317663e-02
1.050952291262657878e-02
1.049142725936995715e-02
1.036351567793462533e-02
1.023208143938979416e-02
1.024225361450747766e-02
1.013935471559757051e-02
1.017587403355892442e-02
1.019547756344882893e-02
1.034026955717733814e-02
1.052873785218087777e-02
1.069864167573665592e-02
1.094626799272300534e-02
1.069107311231208557e-02
1.055270603678660352e-02
1.043494069971375934e-02
1.034659367129641197e-02
1.040100550335809615e-02
1.048726330578302751e-02
1.059481696930999160e-02
1.039326517676773115e-02
1.035987914589984495e-02
1.034325943672495876e-02
1.041674418037676943e-02
1.043653017178470567e-02
1.050050872998866194e-02
1.062584326954627879e-02
1.060739270663027881e-02
1.071295258037406953e-02
1.095907269617834960e-02
1.098097540319454765e-02
1.104906980516773274e-02
1.110226507850657976e-02
1.094668302525347858e-02
1.082132871605086949e-02
1.077016470092921965e-02
1.076455112648351531e-02
1.067548874384887173e-02
1.064727143332650644e-02
1.052879654582613775e-02
1.069717508636937493e-02
1.081630350557645850e-02
1.079029281771856294e-02
1.072384539822874433e-02
1.062563382034972109e-02
1.062002859673404596e-02
1.081728515732369167e-02
1.103628158022124453e-02
1.126822995890689426e-02
1.157946271082641032e-02
1.167434945922591824e-02
1.193879964852232953e-02
1.214381473313374052e-02
1.229531343220830603e-02
1.241532625658451315e-02
1.259833606103761584e-02
1.247163139069399490e-02
1.226356780680508927e-02
1.225054286906585022e-02
1.224332855214324729e-02
1.205269580029109250e-02
1.191766298777052410e-02
1.200982492153738687e-02
1.188110862034401360e-02
1.178207755922747006e-02
1.172390124389175933e-02
1.173565697939492683e-02
1.168325061630033634e-02
1.159346933706690078e-02
1.125880293546008618e-02
1.110659121380613325e-02
1.092923780153465946e-02
1.056020328894381570e-02
1.011992171354360662e-02
9.674427416667647633e-03
9.411166276232082670e-03
9.488053134150235823e-03
9.623308580598326917e-03
9.510604481768991647e-03
9.492582316993326830e-03
9.446686006852594159e-03
9.409162983302719191e-03
9.734075855645459019e-03
9.745594177711557060e-03
9.807731746533477485e-03
9.877506237198938749e-03
9.823362149841429608e-03
9.774636136126283598e-03
9.926648915661459571e-03
9.942605085097738077e-03
9.945038399212857011e-03
9.986496354610071430e-03
9.983975194728694075e-03
1.005650838053281579e-02
1.012504448402702650e-02
1.009881639950916538e-02
1.022803635270744249e-02
1.027229510756103026e-02
1.034055024454147605e-02
1.036015052382188023e-02
1.036816228374272050e-02
1.040152081931306621e-02
1.037086609745762472e-02
1.051102725749338516e-02
1.063872495421169795e-02
1.069964628467465206e-02
1.066040746609789314e-02
1.065400684413743068e-02
1.072523391593081799e-02
1.055272386432439848e-02
1.050615375719829436e-02
1.041221454669174346e-02
1.035298512680495053e-02
1.029101519877015022e-02
1.026089736171690095e-02
1.016063765116135068e-02
1.007072604621809045e-02
9.932872968940870823e-03
9.746154214911751518e-03
9.699718539671560447e-03
9.664950109975554982e-03
9.603046610676031075e-03
9.666402596589008384e-03
9.723775873686814342e-03
9.613650170147891930e-03
9.481209379146159771e-03
9.387082036621545791e-03
9.284966725301449508e-03
9.332838174323850045e-03
9.352517088370530807e-03
9.309476876817001506e-03
9.187328133780835182e-03
9.138819880130225060e-03
9.119341859777852638e-03
9.070810801408719232e-03
8.943960111940662400e-03
8.834574514659569722e-03
8.991154603961548641e-03
9.101120546084856891e-03
9.302785725812860382e-03
9.631192634996345661e-03
9.912413751618696228e-03
1.005335550919004770e-02
1.011120324717325672e-02
1.018173716379134654e-02
1.023306270531251783e-02
1.033900126936753219e-02
1.049701533852677622e-02
1.040992342199461088e-02
1.011547608755442376e-02
9.854182169118444468e-03
9.865513317694224460e-03
9.463328454052616703e-03
9.452240775838366416e-03
9.522203501634992143e-03
9.395478675245455547e-03
9.210362292303257703e-03
9.364208768697302593e-03
9.363222438047892268e-03
9.482845845612725838e-03
9.555341432696411869e-03
9.664021433922823090e-03
9.717254505300115808e-03
9.664115758480477242e-03
9.498934670826892843e-03
9.430830430461962371e-03
9.491756385800610707e-03
9.571274608173526571e-03
9.398786394167909369e-03
9.465236278821891058e-03
9.517376554638926067e-03
9.629731169312625433e-03
9.548006148183851849e-03
9.408376283161068790e-03
9.358210270346703843e-03
9.407975403653755231e-03
9.516246578305159742e-03
9.597344799303061946e-03
9.797481560081490112e-03
9.982760037387303567e-03
1.028176413394686975e-02
1.068137906930340109e-02
1.064317749157669968e-02
1.043839992274613396e-02
1.054352927176480451e-02
1.063929746096206955e-02
1.081988875840904710e-02
1.086111806437393620e-02
1.070955586976020044e-02
1.058957564876284591e-02
1.053107610802410388e-02
1.034244089166712691e-02
1.041598863152163462e-02
1.047191719382924158e-02
1.032486905219043294e-02
1.027617562356446593e-02
1.022091518398533620e-02
1.013597697781283731e-02
1.006816307704984370e-02
1.010153276401210866e-02
1.017889370362719259e-02
1.054117464626055239e-02
1.092656955704951992e-02
1.127140309074858501e-02
1.158614812037648406e-02
1.144935959941573156e-02
1.145377475798793274e-02
1.168330698902209780e-02
1.183388088457701381e-02
1.190228682116915675e-02
1.170532950581848475e-02
1.153264972327861827e-02
1.140859689725108074e-02
1.137483261387070912e-02
1.129362119638765635e-02
1.103405365631396698e-02
1.088619294136290369e-02
1.073842155992017419e-02
1.058702685443204186e-02
1.039564703053710848e-02
1.026848529389619118e-02
1.028868979473703330e-02
1.030258564488156434e-02
1.043071061529996651e-02
1.045951369662752491e-02
1.048481732475257944e-02
1.058864223667125085e-02
1.058676653711840103e-02
1.054513375937061667e-02
1.054107080730208590e-02
1.088708083084261383e-02
1.121933174733754854e-02
1.103703978891611842e-02
1.085658818553060165e-02
beta3
2.996077870408268449e-04
3.024006072273596811e-04
3.367544214477857225e-04
3.010317003708132093e-04
3.553818311491192469e-04
3.654245892873668857e-04
4.316983007395474138e-04
4.229582562825265303e-04
4.295154418252097699e-04
4.883112505571488753e-04
4.295108735713652824e-04
4.735785301250483494e-04
5.529839686333553293e-04
5.878112891175865749e-04
6.432217326611778477e-04
5.852668140912007863e-04
5.526635234327133012e-04
6.132127797433297150e-04
7.736571250521746389e-04
8.262306142721796264e-04
9.642008878425111168e-04
1.081131820477844018e-03
9.549072373515975340e-04
8.437612760002698945e-04
7.231975940397759959e-04
6.522971596034502807e-04
5.421723406282780242e-04
4.591013395352481780e-04
3.954401492738877878e-04
3.431080998206107163e-04
3.376135552367891170e-04
3.448036272338559716e-04
3.560724282392304556e-04
2.844925826331449765e-04
2.960123538361985251e-04
2.398857925061946323e-04
2.470752570472383412e-04
2.361349383585498651e-04
2.801449301579588685e-04
3.711357709385398711e-04
4.217779303867913963e-04
4.436024791285392245e-04
5.237524958903144300e-04
6.762511873263249169e-04
9.981844003762352542e-04
1.058551481657549805e-03
9.891471380443505896e-04
9.310542298318813439e-04
9.280396731393407862e-04
9.404504483184347946e-04
6.376621507324915870e-04
5.663223364511047863e-04
5.108441618587461226e-04
4.569321432494518058e-04
4.576870440120602967e-04
4.508694913762224896e-04
4.679014349540342203e-04
4.228389734646416116e-04
3.553692984162579779e-04
3.058229051785433129e-04
2.813210796397163293e-04
2.741848723413433287e-04
2.477541334852731143e-04
2.354043525995028836e-04
2.536208531833533133e-04
4.148538173253966737e-04
5.836159312179046554e-04
6.860734645394531714e-04
6.902134873176678405e-04
7.541536240873063842e-04
8.102928470458466582e-04
1.018800982904649859e-03
1.284021036686906325e-03
1.590071751251813121e-03
1.652132780279323091e-03
1.471516914315111006e-03
1.439411614877861333e-03
1.596656382970319636e-03
1.639391131152976092e-03
1.710820178516856728e-03
1.744636524572635260e-03
1.617041595965897994e-03
1.534328431933542486e-03
1.478858287478596045e-03
1.435373275987002553e-03
1.424692636676641068e-03
1.447301664211869329e-03
1.547214314341395459e-03
1.305722196422650326e-03
1.224028579116055726e-03
1.115701490296089294e-03
9.723940373285697202e-04
8.859151780494782958e-04
8.895996920028714870e-04
7.923470049284062023e-04
7.140738312229879745e-04
6.744392275697449340e-04
7.045687331528264607e-04
6.709466792475932400e-04
6.269669694849674176e-04
5.662411340047206112e-04
5.646380685303915500e-04
5.297801517448601531e-04
4.933820011976768321e-04
4.417997612892833928e-04
4.269093278173178890e-04
3.709749363744853715e-04
3.766581807458342993e-04
3.585043366640202245e-04
3.865475667782221174e-04
3.845504382710835918e-04
3.040942134031968938e-04
2.856866694640485980e-04
3.250045227816276061e-04
3.273135205939447178e-04
3.023154946237317244e-04
3.039896167043153880e-04
2.871130385121754098e-04
2.983374846131087296e-04
3.537819897234124444e-04
3.266080433120382965e-04
2.863115290751045046e-04
2.391437112945934127e-04
2.340770604983534941e-04
2.298961578993154176e-04
2.543344606591898247e-04
2.103192047827921133e-04
2.303412306220705222e-04
1.903997263386486821e-04
1.557118238170081281e-04
1.259519313859748697e-04
1.271769001410296156e-04
8.480406863004612771e-05
4.469372011727043429e-05
2.380588027198259497e-05
1.069912945182337275e-05
5.023227558114464484e-06
1.254963459585154457e-06
2.264404075765747205e-08
-2.545088126570077802e-12
-2.968970748107251368e-08
-9.451315571372725716e-07
-3.270078950457210405e-07
-7.121413848630263197e-07
-5.881952426572720881e-07
-1.176392641067730196e-06
-7.638584032564063916e-07
-6.066893403958791945e-07
-5.887152584394189323e-07
-6.504979423230029562e-06
-3.054148447112530649e-06
-3.885026804620839894e-06
-2.162192610856547991e-06
-8.221344160210686164e-07
-4.445410572447881857e-06
-5.859321057348635799e-06
-4.854940861247075893e-06
-8.859503517789587591e-06
-7.986327920664991741e-06
-1.456792143546792116e-05
-1.008959579360435400e-05
-9.011044468018354088e-06
-5.142074859861327300e-06
-3.382800187127203146e-06
-3.009420723933559520e-07
-1.153759932820661418e-08
-5.835601186284147557e-17
-2.561371959153809806e-09
-6.814958920016872990e-10
-2.293587168993746449e-07
-1.331531798079880524e-06
-2.727461082971486639e-11
1.317411032087869954e-07
4.630577693655779101e-07
2.179967910188941016e-06
8.461363755297864980e-06
1.439927299840050939e-05
2.677485940795953576e-05
2.135265033572346320e-05
3.249841545215747119e-05
2.154991429707758886e-05
3.197407150300336342e-05
3.322071045248333273e-05
2.475116078124620729e-05
3.966547419841981638e-05
3.927579821216006464e-05
4.484017249677669354e-05
3.541161207916808796e-05
1.428291051974677454e-05
1.321539564806123034e-05
6.089306880141999834e-06
3.462849597065291770e-06
1.101057005001694200e-06
5.350497524968025223e-07
6.374495585218122833e-08
6.816344776887239895e-11
8.832931028346218403e-12
1.602899606940289526e-15
2.138796588073583095e-13
8.213695108578538699e-12
2.019691432076066330e-12
7.771446196229543350e-12
-1.125628216613034446e-11
-1.748632991011522745e-10
-4.744689928299029194e-09
-3.092964634735729223e-08
-6.336486370862531071e-10
-6.116235626823297373e-09
-5.499192990031034775e-09
-1.120091992097768890e-09
-4.764625448599663825e-08
-2.349613283718542210e-07
-4.947392963263394366e-08
-3.260195570150796066e-08
-2.021556520640339127e-08
-2.648806495930028416e-07
-1.643826918668235687e-07
-2.947558214341111700e-07
-1.311847908124063452e-06
-4.038270174964363486e-06
-5.039980468472357989e-06
-5.837671401045513563e-06
-2.133189603870672202e-06
-3.733889536324161306e-06
-5.749145362510965589e-06
-7.633133831419492465e-06
-8.845648139419590356e-06
-9.698788900073132159e-06
-9.288108290008731491e-06
-1.113867608814170125e-05
-4.861069756546133717e-06
-6.686181216042026470e-06
-1.075092852004314443e-05
-9.724681754468756425e-06
-1.507627916251317701e-05
-2.174290691901025759e-05
-3.517004655677175403e-05
-3.186788085086663758e-05
-3.334415838515346049e-05
beta4
-4.520293336685590746e-03
-4.321645794339854137e-03
-4.127849393807725420e-03
-3.654629722676413020e-03
-3.558292316644201536e-03
-3.411083124704852431e-03
-3.395219405879096059e-03
-3.299116961439010811e-03
-2.943616746761869383e-03
-2.813671132091156817e-03
-2.748275781145604474e-03
-2.613627377333923099e-03
-2.735382450251079220e-03
-2.482532690762632391e-03
-2.559712715443112317e-03
-2.679410280215508040e-03
-2.600969392206432113e-03
-2.655355110881713401e-03
-2.594928841725623915e-03
-2.698143679868656667e-03
-2.810455743758420201e-03
-2.951677530819053416e-03
-2.966566725501899350e-03
-2.730408838108407035e-03
-2.651967173739120179e-03
-2.585144053563252515e-03
-2.385954686757681999e-03
-2.307224435191480589e-03
-2.485665161522517333e-03
-2.723181268895731935e-03
-2.997188643446750331e-03
-3.342696237169957754e-03
-3.435984888548584970e-03
-3.740397348665336526e-03
-4.395407157657946207e-03
-4.340633775688881174e-03
-4.426531004263276406e-03
-4.531701286537079612e-03
-3.975645950770326925e-03
-3.326539670870698722e-03
-3.146622996283440690e-03
-3.122574235073651006e-03
-3.137888495462896974e-03
-2.959135713096580807e-03
-2.987214938541848594e-03
-3.585225839595195495e-03
-3.760427779807446261e-03
-3.274566864290304712e-03
-2.904243277555805958e-03
-2.312447110670703965e-03
-1.115601192734657580e-03
-8.167771352141652529e-04
-5.893836854437840530e-04
-3.005770574098527563e-04
-8.895651839010761553e-04
-1.267866775496634662e-03
-2.384421348985343077e-03
-3.024666436938427353e-03
-3.498185408931494579e-03
-4.446728532440640674e-03
-5.805601514249403988e-03
-5.143228086601621396e-03
-4.250078232664677470e-03
-3.741766285194622794e-03
-3.000748154516100132e-03
-2.731197998689822558e-03
-2.498515362260934989e-03
-2.713627625850262813e-03
-2.800059742294836417e-03
-2.720013224582676532e-03
-2.716174701587751456e-03
-2.697491246203376040e-03
-2.493882714234650372e-03
-1.676801577994158077e-03
-1.134648921984301876e-03
-8.805917976376570000e-04
-7.444756140539134873e-04
-4.640222540049815142e-04
-2.833765456936556868e-04
-4.666296252414776859e-05
1.772051830379369614e-04
-2.028488093538234832e-04
-6.252298297741673864e-04
-6.740744669813134114e-04
-6.442127205169504833e-04
-5.358453644646598039e-04
-4.942118746161833394e-04
-4.077485228670439188e-04
-3.592632478496837756e-04
-2.673477258905555365e-04
-2.192964084145774487e-04
-3.132909730943096976e-04
-3.276710161538725925e-04
-2.744354178429739364e-04
-3.555399258622357140e-04
-5.299492616292781830e-04
-5.713955494315364411e-04
-6.819137061627098245e-04
-7.935198006658925442e-04
-9.997242954127580697e-04
-1.156288203311108724e-03
-1.235420415347901566e-03
-1.100740987103947417e-03
-8.799881386950179863e-04
-6.965512064956787437e-04
-5.230463554131188500e-04
-3.569292547645232499e-04
-1.756500092147160268e-04
-2.298490167982901499e-04
-3.959804233843499180e-04
-4.144538410689265926e-04
-4.692425013514750151e-04
-5.315350049163893162e-04
-3.562254779034986201e-04
-2.120115660633133158e-04
-1.116190816283103968e-04
-4.437898860072173979e-05
9.513588654850842295e-05
2.478029814967765230e-04
2.780345241464917544e-04
3.226744552346077219e-04
2.739542990397984303e-04
2.621283111218526002e-04
4.232041276454479451e-05
-3.258526904494882291e-04
-6.170476127681989373e-04
-7.071668506585506104e-04
-9.081046213288164861e-04
-1.149168464451374386e-03
-1.496152063418013187e-03
-1.910294444533261861e-03
-2.069158572219498109e-03
-2.218027903183695387e-03
-2.443503712164611652e-03
-2.701025123854488424e-03
-2.969148800416984008e-03
-3.156024521884085755e-03
-3.327978032958684058e-03
-3.349014265435061501e-03
-3.530827654202674075e-03
-3.514681621968883483e-03
-3.669742319442422310e-03
-3.637550587114838328e-03
-3.638863201839594511e-03
-3.735125700749829421e-03
-3.889713051967461088e-03
-4.028957627165369662e-03
-4.220627665330897380e-03
-4.381319078234902770e-03
-4.483852616756597159e-03
-4.338982932286637555e-03
-3.955476283042663396e-03
-3.624703075063754644e-03
-3.384606130530379980e-03
-3.726936469830593405e-03
-4.146878078213850002e-03
-3.116947238235820948e-03
-3.357681155229299413e-03
-3.101243342712630031e-03
-2.748271038836750269e-03
-2.527375498637688539e-03
-2.381034364787476022e-03
-1.681707221603264118e-03
-1.666619221769215665e-03
-1.561967274743089867e-03
-1.644282862593904240e-03
-1.715121019323608475e-03
-1.834603092635207853e-03
-1.835854798510371585e-03
-2.189422962741711769e-03
-2.484795307915564286e-03
-2.229436557784651805e-03
-1.932322177909255676e-03
-2.185883875698981654e-03
-2.498190730124385823e-03
-2.846655066402837241e-03
-3.370184785308989739e-03
-3.381368108859340860e-03
-3.361304728625319656e-03
-3.212203704495578908e-03
-3.106451124291732813e-03
-2.946301742822986409e-03
-2.746165761836104682e-03
-2.869161860712683698e-03
-2.767668473520091665e-03
-2.669911219320588239e-03
-2.466249722150226555e-03
-2.655759771966018611e-03
-2.914981115590061043e-03
-3.257054580669185156e-03
-3.646438417156802267e-03
-3.643581566751956900e-03
-3.573197111212636501e-03
-3.503472316163952320e-03
-3.426672219125112551e-03
-3.437811612870934376e-03
-3.376833625542434783e-03
-3.172851995711370096e-03
-3.034174699337294397e-03
-3.121096261050378649e-03
-2.975221982038082046e-03
-3.152045090515082429e-03
-3.132548789846756332e-03
-3.289760935896917336e-03
-3.371710035064275253e-03
-3.455895871371548328e-03
-3.506841367378841449e-03
-3.545136746461236520e-03
-3.623227149186567745e-03
-3.788755581954629872e-03
-4.217471717646422737e-03
-4.153692427682015298e-03
-4.346274061275592904e-03
-4.695982426471374295e-03
-5.010250537891459618e-03
-5.324710419263564698e-03
-5.648143983724300370e-03
-6.231218492932646263e-03
-5.974770415262712145e-03
-5.335887033661107851e-03
-4.654628006163482115e-03
-4.200352973259706413e-03
-3.665447853698978325e-03
-3.176727601827797516e-03
-2.905365635399163437e-03
-2.882861166069794652e-03
-3.679099551548922764e-03
-4.323337516156029389e-03
-4.212425772952403148e-03
-4.121535864084394270e-03
-4.089158253254518774e-03
-3.635363573017282458e-03
-2.860220672731365529e-03
-2.205462090901411445e-03
-1.830636681495990785e-03
-2.003904124435007365e-03
-2.215886534286186718e-03
-2.302607206159504316e-03
-2.513498684114857940e-03
beta5
2.686601431054229036e-04
2.497211858924799606e-04
2.573188933539117119e-04
2.524113507638873566e-04
3.331919616225248698e-04
3.850248938768187877e-04
4.614803222667809217e-04
5.060703840098627112e-04
5.682195158079762082e-04
5.367113919742319810e-04
4.853233922551555097e-04
4.979621523956352961e-04
5.371471989577963901e-04
5.370383606975071174e-04
4.619680635764725294e-04
5.367074717323225665e-04
6.163913576831698540e-04
8.075305308977028494e-04
6.384466924951458407e-04
5.964178858920131951e-04
6.158041723179565226e-04
6.208885831183806169e-04
6.225014795605569775e-04
6.867341729932405431e-04
8.872688612901443242e-04
1.036581977016834584e-03
1.366074168898359599e-03
1.637070317463385459e-03
1.825140984625218434e-03
2.127140015163191903e-03
2.398002570365459062e-03
2.624707517450990905e-03
3.020847246791915144e-03
3.120553491119151292e-03
3.463206408964133749e-03
2.675483730883868386e-03
2.197797250084801424e-03
1.763768990600757432e-03
1.567281219877822776e-03
1.117368314678437915e-03
1.175749118350932591e-03
1.280864435924404694e-03
1.494039159350697525e-03
1.434124174947822017e-03
1.663013212757428506e-03
2.430490066561941716e-03
3.148369056935153461e-03
2.928818284327868240e-03
2.970572717879739044e-03
2.754665009287349427e-03
2.180948616614352287e-03
2.281002639499238576e-03
2.971954303694587449e-03
3.710460565553881131e-03
4.589364395962820115e-03
4.761389161490354495e-03
4.555932242295588491e-03
3.915716336210392501e-03
3.376924585120998860e-03
2.508212213679589329e-03
1.287069368053469273e-03
1.004977770831501924e-03
9.113163278029888688e-04
6.503040025332511558e-04
6.113019265755473752e-04
5.309857660324139193e-04
4.246068859741961412e-04
9.439596112835167718e-05
5.863350123989832780e-05
5.111583846037875121e-05
1.842546088457982964e-05
6.709831995220811392e-09
-3.879883905959489895e-05
1.408588300924977962e-05
1.339928853741340206e-04
1.299305138612154038e-04
1.035459614313539620e-04
1.847276242150338644e-04
3.330758976174985099e-04
5.448811164037985905e-04
6.710214577155312193e-04
4.634361396103087866e-04
1.773367847043234359e-04
2.861247644080681073e-04
3.217713472611026786e-04
3.426068936083027710e-04
4.105224964415650187e-04
5.363571704219213950e-05
1.373429653088964432e-04
1.678732445215421983e-04
1.883615795635288498e-04
2.587794581299334546e-04
2.773784336203260602e-04
3.896267530402522925e-04
4.596993168591836845e-04
5.321070101065197670e-04
7.196309467427146811e-04
1.008379740317305508e-03
1.375763369089478931e-03
1.572157684178061669e-03
1.672055534324277080e-03
2.012248998038073094e-03
2.335186603577951887e-03
2.490898420072452154e-03
2.529802439138701363e-03
2.771393142608955494e-03
3.007701144804109886e-03
3.514562826733374189e-03
3.431746915252223678e-03
3.207283202055579742e-03
3.136484916012036335e-03
3.014378766588583693e-03
3.005414679755578737e-03
3.290163676007179516e-03
3.587072407783831185e-03
3.848214127918738077e-03
4.002778514367483741e-03
4.259244442669254255e-03
4.607472174058836398e-03
4.797984865224649668e-03
4.788694927653388590e-03
4.138395263015333912e-03
3.485629357490192468e-03
2.875321996534504349e-03
2.722316523289408999e-03
2.825481013419144181e-03
2.856214717986102145e-03
2.512960576591199546e-03
2.192174908509040426e-03
1.925693255625863382e-03
1.704428908805045344e-03
1.685270088448323532e-03
1.608753032433038119e-03
1.778778313724044963e-03
1.723898116999515295e-03
1.761335117208170844e-03
1.750811391588165660e-03
1.818184481735514359e-03
1.826257396340034110e-03
1.803077914754907174e-03
1.413493187415665493e-03
1.404158287868807536e-03
1.354671031288902025e-03
1.467521732580787108e-03
1.908351493537196542e-03
1.593943632391492046e-03
1.825664406192955853e-03
2.058492269255170551e-03
1.968594236293321875e-03
1.844570881000163684e-03
1.648443905830194144e-03
1.129678744640900869e-03
7.558373395909782563e-04
5.292961367834543096e-04
5.239936901603027639e-04
5.427698708677160689e-04
6.729617879485286051e-04
1.125233883007725321e-03
7.261068620631958015e-04
2.622997471133448402e-04
3.694321736415710072e-04
4.494905200132302651e-04
2.614967271671007898e-04
4.121001234820222299e-04
4.472129946945252064e-04
5.298768112162000965e-04
6.615644941759880101e-04
7.517858756768960524e-04
6.412877249080802195e-04
4.133953390119879650e-04
3.022663556699338081e-04
3.422011977578476262e-04
4.305525090899844226e-04
3.738624061386930765e-04
3.798706784905554398e-04
3.942151443299987505e-04
4.641719633482726658e-04
4.157012743011182605e-04
3.241196432368843210e-04
2.510696036735255332e-04
1.625980704833925776e-04
1.352904014024352577e-04
5.920435011582260936e-05
1.054934760843701633e-05
-2.310536772693585443e-06
-4.590037584846440256e-05
-9.879351421301696195e-05
-2.292168266470517770e-04
-4.490431524514402421e-04
-7.891663222105833007e-04
-9.279745633322612937e-04
-9.576446364008020734e-04
-8.304434742646439865e-04
-7.722720909541728584e-04
-8.178679953321646781e-04
-7.310080377736276553e-04
-5.817906126541381399e-04
-5.309284394229625993e-04
-6.370962879212818415e-04
-5.303325883427970110e-04
-4.896471936715383975e-04
-4.559123774618456830e-04
-4.839983110820514182e-04
-4.638229842429638424e-04
-4.572202139189638042e-04
-4.559972570357700332e-04
-3.361475573428327661e-04
-2.175762250817528290e-04
-9.711396836692797580e-05
-1.530311317244353609e-05
1.345505320585899254e-07
1.674343151811705810e-05
6.486053163050215235e-05
1.451143320234824722e-04
2.493252110607399596e-04
3.556745963916813709e-04
5.101412126638806260e-04
7.213334162889467821e-04
8.100806629976436794e-04
7.227620614074752991e-04
6.119808397266211699e-04
5.348184204966471064e-04
4.785565931633569098e-04
4.258067893525792672e-04
4.320822324879976316e-04
4.447952655018077130e-04
5.291338191518736014e-04
6.985384689126344828e-04
6.522175266217441168e-04
7.278733534186248525e-04
9.483842940214890459e-04
7.076182182539840319e-04
2.780144219961301361e-04
7.813916131705454121e-05
8.013069172029320012e-06
-1.567416205786664790e-07
-2.585050941816178599e-05
2.340101802714249385e-07
1.768913125433059849e-05
