-1.394686836688263654e-01
-2.522899579304507256e-01
-1.742868984098940588e-01
-1.029198829620594224e-01
-8.545203112563964920e-02
-7.402693632324340578e-02
-5.125469785118263316e-02
5.452978560774091044e-03
3.107984251626387528e-04
-2.194095243781864213e-02
-1.802266333444282886e-02
-1.135303907569572800e-02
-6.066112027016349467e-03
5.063447063097812999e-03
1.505626217207580754e-02
1.828076281170659331e-02
1.975351812295775625e-02
1.595032003003214738e-02
1.385037622322230454e-02
8.197474643549878051e-03
-1.647588197112769481e-04
-1.285957492956325658e-02
-4.492738590019562661e-02
-6.312027815875424774e-02
-9.276186377099084057e-02
-1.329209771479033242e-01
-1.834996099070352882e-01
-2.082631660411794483e-01
-2.273960061304234337e-01
-2.083480872626899405e-01
-1.803683355727941084e-01
-1.463894779856729500e-01
-9.535898909344260599e-02
-6.998955194347467046e-02
-3.211591822631760379e-02
-4.027217793360204218e-02
-5.027831235491895395e-02
-5.574032787409072959e-02
-6.682963963114031680e-02
-5.787197080134776767e-02
-5.610670784799467320e-02
-5.606596491491881024e-02
-5.073350209953974427e-02
-4.802362241759778466e-02
-4.393422714304184157e-02
-5.542485968201482649e-02
-7.499641278224096486e-02
-8.813164234849545087e-02
-1.806295376754684379e-01
-1.786689776524149897e-01
-1.819291231850238277e-01
-1.712702557419093219e-01
-1.556519254861823132e-01
-1.493609412774794531e-01
-7.002819846333663278e-02
-1.186115179167512718e-01
-1.414652431118384734e-01
-1.364798095685698931e-01
-1.246122744313589575e-01
-1.131104448615466024e-01
-9.682060191810175354e-02
-4.651964638580931982e-02
-1.643028250779751676e-02
-2.091054957542363979e-02
-2.381222815517347602e-02
-3.224464026524958421e-02
-3.371350088728933964e-02
-2.958391918165968401e-02
-2.204262143889668124e-02
-1.792802022501601214e-02
-1.974597343438574612e-02
-1.541440689907271240e-02
-1.529669891428819296e-02
-1.672914686689635708e-02
-2.999550677590024153e-02
-3.247879109947043180e-02
-3.289323084700673805e-02
-2.630299452021596027e-02
-2.411057012017685589e-02
-2.386412577666799026e-02
-6.885595047594735008e-03
7.594269241656775166e-03
1.037004073943380809e-02
1.089127365323227896e-02
1.032640351057308344e-02
1.034469666004661503e-02
1.193660907763790559e-02
3.464804265629219723e-03
4.545842885737227078e-03
2.809148694421065382e-03
-1.708899113473539644e-03
-3.555765241877554671e-03
-1.836242717598504312e-02
-3.794447232396132991e-02
-5.905839502642102473e-02
-6.195983571993762817e-02
-5.887487415979295730e-02
-5.861390705536040358e-02
-5.019752837609467444e-02
-3.954833742526524948e-02
-1.786901980364384232e-02
-2.205903374645295026e-02
-5.066766899291019061e-02
-8.842011562374452183e-02
-9.654928820397873368e-02
-9.797177517291694171e-02
-1.147290078632772214e-01
-1.054302326872786910e-01
-7.808982343614667698e-02
-3.829659399862329200e-02
-2.897236403896095991e-02
-2.403651635435142750e-02
-4.038088156292284243e-03
-4.262353051363649420e-03
-1.614864269176653115e-03
-3.323582532281800939e-03
-5.450716206698981263e-03
-9.621961019981173022e-03
-8.262986206546302573e-03
-8.522785194379168747e-03
-7.078798479461721055e-03
-6.231489069360202256e-03
-3.318016674580998287e-03
1.255284450657729841e-03
-3.322617543043124289e-03
-4.327021769659059915e-03
-6.553229585937771218e-03
