3.450746141723998184e-03
4.172608714526333459e-03
4.002979956121835610e-03
3.820962946765106213e-03
3.572941786973472984e-03
3.404168411070250273e-03
3.221291082284625986e-03
2.881665680881010261e-03
2.728574389956584054e-03
2.604189217676513343e-03
2.501778857806263162e-03
2.264927318899898154e-03
2.093185547315225704e-03
1.763940681746239622e-03
1.452844059771443231e-03
1.155057248704317689e-03
8.741257046699027347e-04
7.935639571628271384e-04
6.392138053983884103e-04
5.444081660949297167e-04
4.690598001701941247e-04
4.665624591941740142e-04
6.438490144331925373e-04
8.096120999810528691e-04
8.846979696892981948e-04
8.812410815161106489e-04
7.968977609744744848e-04
7.086965794198173347e-04
4.907948848737490530e-04
2.609817667983497787e-04
1.729033769934765782e-04
1.850434476759493135e-04
3.199599109548684271e-04
4.821396106074876675e-04
6.342200385014971388e-04
7.333705414342260196e-04
9.222797702382984049e-04
1.189541447648628141e-03
1.370080631662038946e-03
1.344650111143374420e-03
1.371596604738145727e-03
1.362135997583420813e-03
1.175475565900788296e-03
1.070495101395347931e-03
9.993819823471128665e-04
1.039508177335207685e-03
1.033938845879021212e-03
1.178073515632202268e-03
1.271053702379668169e-03
1.185180142071426976e-03
1.036720534744191074e-03
9.623637940837852060e-04
8.787018602560260974e-04
6.870152877612400967e-04
7.025600842754505188e-04
7.561560074966800502e-04
9.137469503138513768e-04
9.239966548786445388e-04
9.661353843662916349e-04
9.044614266162306904e-04
7.309487477700603178e-04
5.617335853233675980e-04
3.140781489050114466e-04
1.390172706378425274e-04
-1.196641437977658071e-04
-3.462668666633023974e-04
-4.272885964157322370e-04
-5.348795666801395938e-04
-6.410531390578112082e-04
-9.811439040673817970e-04
-1.025949831135291842e-03
-1.184292893290387607e-03
-1.180941400342301866e-03
-1.181965326849332854e-03
-1.194788117648016125e-03
-8.342342973170969360e-04
-6.842726951423083910e-04
-2.120536003919925216e-04
1.637373943095170661e-04
4.887866759773367743e-04
8.368003065568848688e-04
1.058151911514729595e-03
1.164602262236951380e-03
1.089929799959528421e-03
7.831528154084490536e-04
4.992840531288989707e-04
2.515126307751777094e-04
2.300986516576807028e-05
-7.059137411446018420e-05
-1.399416765459506171e-04
-2.801066391706420505e-04
-2.481996501637964985e-04
-1.934682795400308783e-04
-1.113323031765367700e-04
-2.264917254572910877e-06
1.079675052289278179e-04
4.749099429785120911e-04
7.388276491174907215e-04
8.003536393186224144e-04
8.374980253676339885e-04
8.513953674316817764e-04
9.319960601882568705e-04
8.957595340557301814e-04
8.148667883787108664e-04
9.194320207539999476e-04
9.749162228001400331e-04
1.031434114673019037e-03
1.059528199905100405e-03
1.117816189441094314e-03
1.036406226019519422e-03
1.000355021078434435e-03
9.038859170142523984e-04
7.827222888074571346e-04
6.778804326472800436e-04
5.447289993677036828e-04
5.896688705009526859e-04
5.459144998381433057e-04
6.713852594087696760e-04
8.405760141081127868e-04
1.032943872687357850e-03
1.328304430540363764e-03
1.343894888877095401e-03
1.389429090054616943e-03
1.342259210840766881e-03
1.301417560968040274e-03
1.382464039160600892e-03
1.182741527253043917e-03
1.296936789490266617e-03
