1.092245061805215229e-07
1.860262459387867222e-07
1.532789621402699796e-07
1.579706346224028285e-07
1.590933958865419627e-07
2.876342888648496928e-06
3.014686012700352454e-06
4.245019330283570155e-06
5.069437867994071457e-06
5.049548587183942375e-06
5.026493247267770652e-06
2.282967177703063860e-06
2.127423063583853108e-06
8.533465569892806450e-07
1.429990854104338805e-08
5.519904780722096961e-09
1.314633663008378967e-09
3.947538274617269803e-09
2.944450831055909987e-09
2.882975559568548359e-09
2.880353873432066203e-09
2.875363099081945781e-09
2.871900642451183002e-09
6.870467427009715714e-15
4.521580509434436142e-16
1.503835430312859569e-13
1.982802793584391040e-11
2.022929844025046939e-11
2.022967233155596686e-11
2.023156743838139783e-11
2.023157829024072031e-11
2.008164848328065236e-11
4.059568425287744689e-13
2.307530335219889320e-12
5.051409275295174655e-09
1.558843971523175782e-06
1.617541455202491803e-06
2.578078605309697834e-06
2.849252645119715017e-06
3.243843518891089955e-06
3.617162646642475008e-06
2.291391960085955893e-06
4.222868766360306889e-06
3.427174821359673927e-06
4.554428916327188749e-06
7.704667367253449200e-06
2.316789315149617916e-05
1.623582979750499684e-04
2.639250295196228892e-04
8.911956685530387839e-04
1.441461134309331453e-03
1.445489794832491813e-03
1.436022309985982752e-03
1.306535956060723589e-03
1.203045162571530916e-03
5.756122186692346062e-04
2.394881414116093593e-05
1.637574188661962353e-05
1.000163277867385980e-05
6.956000615611648776e-08
3.447660841078758582e-09
9.093247674705361460e-10
4.199598182142664566e-10
6.365744894197207537e-14
3.996729060209980509e-15
6.156908752844997194e-16
1.515347509662608594e-16
-2.471561004904631146e-18
-2.481689116869222753e-18
-2.722609365419274972e-18
-1.804896545937161266e-15
-1.809210505462518196e-15
-3.013141026096442290e-11
-3.013217244049779728e-11
-3.013217243063446335e-11
-3.013217218971421314e-11
-3.013036758901950292e-11
-3.013036326962137513e-11
-7.620378541074040289e-16
1.418466652305136478e-19
1.418466652316203113e-19
1.418466652316202390e-19
1.418536834393671826e-19
1.418898589928858529e-19
3.458031772092587675e-18
2.993282959800254882e-13
2.993327984737392832e-13
3.055697183321045263e-13
3.056767188920996128e-13
3.056767188575127700e-13
3.056733943324999808e-13
6.348635697646169752e-15
6.344144524928278101e-15
8.374625707269903818e-16
7.196380224885078308e-15
4.547581767316291331e-13
9.191851568108261884e-12
9.259891223050488714e-12
1.156036759798308868e-11
1.157258958904452173e-11
1.418938539738451976e-10
4.836352835764330051e-10
9.627521037962146700e-08
1.870168631925508572e-07
6.904359749769408428e-07
9.188992242076035868e-07
1.725733825601460136e-06
2.541846914023913953e-06
2.850972812929278101e-06
7.530105922536265246e-06
2.951687864644908594e-05
6.047925221150946408e-05
8.266128019980164795e-05
8.404414715736845468e-05
8.435868284293017037e-05
8.153933945966018986e-05
5.973222095342924212e-05
2.860197834621710548e-05
6.015801430419368092e-06
3.922854855139627863e-06
3.300506742944479528e-06
1.660088921502725424e-06
1.001075707891955663e-06
9.573675688901784976e-07
5.557062667514149964e-07
5.080210611204730755e-07
4.252057087385354139e-07
1.205821404892621575e-07
9.911088172945419785e-08
8.266499449714659676e-08
8.344724650419163539e-08
2.485510113054408817e-08
1.055667175958241119e-08
5.066614260934839922e-09
2.475456688858824098e-09
2.035262891803845699e-09
9.831140492039095945e-11
2.655959402026720514e-15
-5.041336096802452537e-13
-5.319591610870567443e-11
-2.984592505579241725e-09
-3.223443035790041860e-08
-6.916602314650939432e-06
-7.288453269915619289e-06
-9.140524648295343904e-06
-2.141524095260421048e-05
-3.627765285379680552e-05
-3.646130345103114383e-05
-2.980158398343047259e-05
-2.956290907741714689e-05
-2.879483774759237231e-05
-1.940861768952819967e-05
-6.121890177442108041e-06
-1.920226142830581213e-05
-1.898467867618718226e-05
-1.885155399147055616e-05
-1.776755343890703911e-05
-1.487900450087988935e-05
-1.330038871518392007e-05
-7.117029233649958299e-09
-5.136465991092470613e-11
-7.831644867708332548e-17
-5.811587591819793904e-18
