1.613337529602335008e-02
8.523066095919717630e-03
6.727179486498511413e-03
2.617795465989610198e-03
3.495104463293204761e-03
1.141933096925330099e-03
1.482231443423333512e-03
1.524061223854208339e-03
1.527033698552407882e-03
-1.405291720147549585e-03
-4.615834904749857581e-03
-5.262862729499366392e-03
-6.623107052310840161e-03
5.500401064643560068e-04
-3.517430634935587389e-03
6.103915742695255461e-04
-1.590629410235650009e-03
6.466539341777954343e-03
-2.919404083764410890e-04
-2.567225891238107856e-03
-4.942089563050598537e-03
-4.420467496421240025e-03
-3.411356506275998925e-03
-2.954955102032387308e-03
4.572940743171554842e-03
1.009815218211851037e-02
1.168630462857602435e-02
1.043965784533854718e-02
3.270410025319192993e-03
4.876299904351562124e-03
1.054175883124605986e-02
1.861400550141296267e-02
1.408698950530310259e-02
2.228294238243685305e-02
4.920776469185259711e-02
6.877609185591326835e-02
8.317761865754430550e-02
1.457622608852572610e-01
9.666663130706439067e-02
5.665878437926292338e-02
4.080445843733264411e-02
4.627498142191824315e-02
5.593469856936451184e-02
3.444393020261499877e-02
3.697496724693109804e-02
4.325185954168792035e-02
2.187507583667665928e-02
1.955435596438076171e-02
2.297621795429158342e-02
2.722391551776350005e-02
2.646327150634202735e-02
3.307781513339944079e-02
6.312682374450025169e-02
7.260416553506431059e-02
5.165564081282898040e-02
3.900046658008263917e-02
1.410372212974102084e-02
7.414004074006285555e-03
3.811253845166161572e-03
6.311039725258195789e-04
7.807647885315097082e-04
-2.702448828031984215e-03
-9.262661047548075011e-04
-1.159844397099597932e-03
-2.995413492180779361e-03
-3.041055201498470660e-03
4.345803691190761389e-03
3.136244959669617048e-03
6.044538533719766640e-03
6.637424517541569771e-03
9.014435785324714442e-03
2.299189783535902053e-03
-6.156658351865639672e-03
-1.356841831802236067e-02
-8.683178238102612009e-03
-6.499097118186174075e-03
-8.050444368889306604e-03
-4.797473630896179064e-03
-5.558127997660698358e-03
-5.986560482725715449e-03
-5.159198661948087745e-03
-4.120722515789559774e-03
-4.403168369048094007e-03
-8.203632486062227992e-04
-1.037368282278929195e-02
-1.158451458614869443e-02
-9.782793428706909947e-03
-6.581300347162997132e-03
-7.592637059005275663e-03
-7.472479582577656876e-03
-2.786163717496517849e-03
-4.279530547009216708e-03
-4.365834423178447006e-03
-4.796834677065245703e-03
-6.717933552729715881e-03
-6.969290679064684205e-03
-1.379504145734327704e-02
-1.854611855982368426e-02
-1.672461274472461165e-02
-5.329056285564928025e-03
-1.132285332444371920e-02
-1.115469447957071619e-02
-1.186100244187618391e-02
-5.519713879913075438e-03
-4.633771274904865435e-03
-7.173630993674491932e-03
-6.487648120614338335e-03
-9.585305803370953656e-03
-6.189272746735069615e-03
-4.954514493982801852e-03
-8.011285713347606613e-03
-8.735341523003700009e-03
-8.600577601189400220e-03
-6.751782367804739365e-03
-4.330364531914670037e-03
-1.876306200993961603e-03
-4.083966046051886768e-03
-3.777095358609641827e-03
-1.562235284334363922e-03
-3.910654849568353337e-04
1.310894458739928154e-03
7.349727243545453245e-03
5.494267370288008316e-03
2.971824445894203585e-03
2.493534815351380104e-03
1.244538637962708380e-03
6.805969690704928403e-03
6.734631811947877026e-04
-4.988729980612047850e-04
9.461422335972955551e-04
-1.586521219330451883e-04
-3.351625405960328643e-05
-8.566616456547428756e-04
-9.154377473083932923e-04
-4.170376683877572354e-04
-1.508023780326619772e-03
-4.496132490823819103e-04
-1.126135095599297255e-03
-3.346711067395875816e-03
-2.764814730146351353e-03
-1.869894945471362643e-03
-3.582907871968900055e-03
-2.240276849817901626e-03
-4.508393606095820530e-03
-4.515669897426830698e-03
-1.500998784599095158e-02
-5.382035342404983998e-03
-2.066387925149652458e-03
-2.898933478511441213e-03
-5.885889987831512821e-03
-4.534073061839772462e-03
-1.170945303603611841e-02
-9.154580043027608222e-03
-2.470633354316597793e-02
-2.298503305670828237e-02
-2.169849044448201106e-02
-1.970772619300959275e-02
-1.411166487970170330e-02
-9.564777429877201545e-03
-5.022152175610334647e-03
-7.881922008818058670e-03
-1.116781466340348479e-02
-1.416396757922439888e-02
-6.060291108227020863e-03
-7.720583341449460332e-03
-1.841938040421615703e-03
-1.076090082798883884e-03
5.906562692792114008e-04
-9.420531306601906624e-04
-1.867399411445486677e-03
-1.866490535405678506e-03
-1.187215774085655529e-03
-1.326292906812384913e-03
-1.314321932957308869e-03
-2.380835652364264587e-03
-2.923703486228789155e-03
-2.998476404089041661e-03
-4.568974504836189297e-03
-8.528743790775821648e-03
