7.362293461044250309e-03
6.667801114114208644e-03
7.948261709325993643e-03
6.828426229694735741e-03
7.307818855875216832e-03
6.838597903356835594e-03
7.111694965053083455e-03
7.053452994997697068e-03
7.470843206861003602e-03
8.069044633400945452e-03
8.715137035783445188e-03
8.307783319593245105e-03
7.909778364372763854e-03
7.740912263524805242e-03
7.122766034410720794e-03
7.347378248447204545e-03
6.697216640971243723e-03
6.351614048002381802e-03
5.680910771466231128e-03
5.405383272724235272e-03
4.524041815539746325e-03
3.133954042557823578e-03
1.781029105764423857e-03
1.206288636492347131e-03
7.687906614904852073e-04
2.891448643130838537e-04
-3.371998065923976855e-04
-1.299794979710285070e-03
-1.833420110418345792e-03
-2.721962638084471624e-03
-3.300225195673150373e-03
-3.994141091614657364e-03
-3.890280418884047107e-03
-4.039098844962215294e-03
-4.074185491167221611e-03
-4.546487419186651634e-03
-4.416717966704049834e-03
-4.413784429694426331e-03
-4.087983411380557985e-03
-3.761175956030416573e-03
-3.413479529456289654e-03
-2.666246198937963913e-03
-2.823142045423688521e-03
-2.603071478812678946e-03
-2.921941730044820985e-03
-2.716991730006358078e-03
-3.013435915511724229e-03
-3.312002930004777270e-03
-3.527696016674148043e-03
-3.381658350574637522e-03
-3.196956295184839609e-03
-2.994758718734823969e-03
-2.777667157642100485e-03
-2.435591356183232619e-03
-1.314359021393969248e-03
-3.086069778082925659e-04
3.353264609652821179e-03
4.917697788129625318e-03
6.602200528642995607e-03
8.398682023098917940e-03
9.456662096347368679e-03
