5.931986417282448382e-03
6.559066097082864866e-03
2.015845142415993545e-03
2.264359568757152834e-04
4.443627601058149990e-04
8.567875925674796984e-05
2.000384296322230116e-04
1.896183755588942991e-04
7.103215105852425746e-05
1.014024902572694759e-05
2.427496685266936961e-05
1.586291005121126391e-05
1.913135736680011584e-06
1.811322138738219041e-06
7.367208569054037117e-08
3.652457112508642368e-07
4.512753663101125265e-08
1.015132510281316726e-08
8.952222116224946168e-11
9.031088185800354076e-12
3.619625157432807113e-11
2.461492531828394222e-13
1.768941727138790837e-15
8.201664079361597135e-19
9.889321670904610554e-56
-2.114961952504663965e-53
-5.175742707187577872e-17
-4.795673582523058982e-12
-5.148275948429295150e-09
-2.512488215456332863e-06
-3.309025553525841700e-07
-1.900341543433931452e-06
-4.982209909042017675e-06
-1.972042765417761842e-05
-6.311030794902548666e-07
-1.931125932228098847e-06
-3.442002063009937182e-06
-6.391979293385965084e-07
-4.117907638328367530e-07
-2.615852346538261858e-07
-5.359756627599358838e-07
-1.035564932655097095e-07
-5.026438426476005951e-07
-2.196316253700042478e-07
-2.801814074568628704e-07
-5.943911394452094041e-08
-3.081203343974256109e-10
-9.748572160573174414e-11
-9.264866907112124564e-15
-3.094367478576652079e-47
8.236340810173125675e-14
2.323844969841034315e-10
2.952723525025684373e-10
3.046401012710601795e-10
3.139841909243095385e-08
3.670022286057031752e-07
1.296370237301861704e-07
4.129772440430399455e-09
2.443714116990358504e-07
3.557088519944170056e-09
1.162781193684667940e-11
1.311590664371168219e-11
1.841946447760423329e-16
8.073008381624641167e-53
-2.790111650839136529e-23
-4.660452169099500863e-17
-4.650724445289777544e-11
-3.232738637621374202e-09
-1.229647930498268254e-07
-4.370131575997688523e-06
-5.263904998913037392e-06
-1.752666678869017479e-05
-3.440953379441939416e-05
-3.345838923272687754e-05
-3.722183249101464284e-05
-1.481153298205750335e-05
-5.404883917744973307e-05
-5.624887907413322343e-05
-3.183905273461104160e-05
-1.081349758556953894e-05
-2.847670837877512253e-05
-2.985722456300030794e-05
-3.789150749948653389e-05
-2.822754791591195104e-05
-1.305836404260107660e-05
-9.701341132943933833e-06
-1.444640817894594871e-05
-4.439884521065080115e-05
-1.358151797903455005e-05
-1.667496858662787142e-05
-1.336784400234175947e-05
-1.679392998912406171e-04
-1.445403258157936751e-05
-3.512221554828986129e-06
-3.041913213136406200e-06
-2.279899957147970439e-06
-3.595380587577763195e-06
-2.495923252486900124e-06
-7.885002898194326327e-07
-2.238931694773313184e-07
-2.201762891011938501e-08
-4.396423486827083276e-10
-1.045319999195055207e-10
-4.729880614287833765e-19
-6.787129447355387329e-64
-1.069505646089742553e-77
2.577161753905615403e-32
1.560724074954004195e-22
2.912152569104348854e-16
1.079862289427199770e-22
1.675833618330607030e-10
1.911380485968804335e-09
7.068710612710147693e-07
1.014458010069843759e-05
4.972045533379756103e-06
2.374552354132732621e-05
8.848638017837735174e-05
6.128816655974813081e-05
1.888784285440224693e-04
1.187740064208948063e-04
1.580279190319230833e-04
1.903425016240141513e-05
3.143786154246720028e-05
3.603893195978369120e-06
1.717014330025138592e-06
2.593282787073770366e-06
5.399143610774942096e-06
2.665168403134252691e-05
2.666745768591899748e-05
2.476945240152517809e-04
1.644497531063549988e-04
2.255065146366101747e-04
3.146572980001188097e-04
2.634092874947735236e-04
2.062559810522324763e-04
2.749980599946492618e-04
3.316940055007880838e-04
2.965673298989649929e-04
3.307518314375873492e-05
9.915723991644844241e-05
8.461975522452798632e-05
4.092025198553551370e-05
2.164221521432733037e-05
7.683975122253089847e-06
5.401192466368508928e-06
8.731386839461683107e-06
5.895951714974491853e-05
1.395936659029289452e-05
1.026633563182975225e-05
1.314331238284785905e-06
1.838435946012770294e-07
5.591040441754114466e-08
8.083509447539943110e-08
4.835139430787963213e-09
1.423049317527336599e-07
1.252402254840579392e-07
6.813128175670363652e-08
6.751930863439354756e-08
9.716200588464718406e-09
9.261716209753399278e-11
4.680127909555860719e-10
2.270895596880208113e-10
2.936301330564864077e-09
3.155164691235789158e-08
3.220851470497143149e-08
3.076569846858817079e-07
4.544326946987292889e-07
3.920578106031797071e-07
4.880277879036330519e-06
7.573948739537070882e-06
2.477738107393854087e-06
6.597710720489619224e-06
1.163966497551810234e-05
3.161421241698270454e-05
3.070350616313975668e-04
1.596660304680557981e-04
3.056344162495288719e-05
2.742906935328070345e-04
1.372666380257637694e-04
3.261122963542754678e-04
1.475614030013108627e-04
1.825710867215825763e-04
1.082096718188733394e-04
1.013559242259260948e-05
1.048379902431283739e-05
1.319737102542896319e-05
1.481851042610110948e-05
4.609698128857844389e-05
2.257179203836735115e-05
2.928241560294191488e-05
2.985474591925651464e-06
2.185441447922155844e-06
1.912870609249757340e-06
2.003042880131020155e-07
6.216629319360603591e-07
8.794134201480730352e-08
7.394203906529622688e-09
1.401091860882087014e-07
4.014516753667279300e-09
1.311366166129678566e-10
1.331578537344024876e-10
2.693373020623833072e-13
2.453968945383374675e-14
2.298196413047285181e-13
3.536991425327966179e-13
1.288088866463574307e-13
3.350530987113348990e-11
9.850649985235654173e-09
4.311480329665155744e-08
2.717153210001160017e-09
1.976849351369047661e-08
2.398064706138109388e-10
9.977139331473037294e-10
9.052843672021291642e-12
2.547842870601339882e-08
1.254411202868278122e-09
5.698970239165283438e-12
1.775527030357087538e-42
-2.576218475373074968e-26
-1.175519655796061807e-17
-1.167564327919012126e-18
-1.614317689648261206e-09
-5.035546001653296245e-08
-4.474745799461820149e-08
-4.359774981575746699e-05
-6.011450536669616065e-06
-1.039295450904936286e-06
-2.458646817291406972e-08
-7.128978496082497706e-10
-2.328502256172877783e-09
-5.115112734778079604e-11
-9.293050335130978618e-13
-2.834493262699501824e-12
-1.742379280541669694e-11
-1.511069655859718220e-13
-8.719220870525394931e-13
-2.148880466473125571e-10
-3.905736042610612893e-14
-2.531430165665689716e-13
