2.235506856727796296e-03
1.691366390260771319e-03
1.674163447738922107e-03
1.438150783398420805e-03
2.756265050206823872e-03
2.169138295411408585e-03
2.206994480853081628e-03
2.059119919984416652e-03
2.415198339850312299e-03
3.560770476828204953e-03
3.605073392332813677e-03
2.608250182255031704e-03
2.602963679162132588e-03
2.197371056989714209e-03
1.302704224080826825e-03
1.150315042803081236e-03
9.385875303530803043e-04
2.820751942429298043e-04
-4.238903214057839636e-07
-5.520549378262020693e-04
-1.375681698967935306e-03
-1.143743604629453726e-03
-2.814317045408511794e-04
-2.250959208828589805e-04
-2.395278443012979010e-05
-2.770233438289215087e-07
4.937190867396732679e-09
-1.404469738207709189e-09
3.204943218607039848e-16
3.927493781193678782e-05
3.479426351056425935e-05
6.403132642650419173e-05
3.611345157159473115e-04
1.190949314515805718e-03
1.689379941538446568e-03
3.544402036514988832e-03
6.151442110017970449e-03
7.411560915452971438e-03
5.993755726959454355e-03
4.587249867094580005e-03
3.259576424833989308e-03
2.090974203587454838e-03
2.571877339089327121e-03
4.092195744842968413e-03
4.576908115946163452e-03
5.423596333737056366e-03
6.463079718286706202e-03
7.418556131377691473e-03
6.091673267323422652e-03
5.774308622404609320e-03
5.520779396503514014e-03
6.432714492935200437e-03
4.667887485029231093e-03
4.494167567196385646e-03
6.812419603713280869e-03
8.327220114852727784e-03
8.375981416537076757e-03
6.372170829140796737e-03
6.639829876272678420e-03
4.476393709137064560e-03
3.309308242715235018e-03
1.477948502257350923e-03
1.020948753237249304e-03
9.316967172859802644e-04
7.064536430786399340e-04
6.588346553274797420e-04
7.289279613281489031e-04
4.548093692609893822e-04
2.284833738795382784e-04
1.085724486072679409e-04
5.686296259572217859e-05
-3.175861319694068887e-06
-1.063488693855872355e-05
1.481869832990780527e-09
2.177076740028521072e-07
4.139254152661408467e-10
-8.587082862471699478e-05
-2.911008162781635262e-04
-8.941147429223329172e-04
-9.713730491156796071e-04
-9.198110461205576561e-04
-7.895836671242987886e-04
-6.646386487529792365e-04
-5.354403329297565545e-04
-1.179348305971603290e-03
-1.228828668663705954e-03
-1.102271789892366946e-03
-8.008748725942886311e-04
-9.707710457318755818e-04
-4.517357694352494395e-04
-5.630704097497529412e-04
-5.204088593397219759e-04
-5.460079147290889615e-04
-3.754932152016196177e-04
-1.466596946691723301e-04
-1.107276585675771933e-04
-7.297558288013957948e-05
-3.816349262451899753e-04
-9.446832057188169623e-04
-9.131531803921102020e-04
-4.950010212508382332e-04
-3.369888384011294796e-04
-7.411017603924956372e-05
-4.869708492104183565e-05
-1.799521289095192534e-11
1.467259337945308782e-06
6.647104335904849311e-06
2.872927525060926927e-06
-2.897085260103827679e-06
-1.894022151234313437e-05
-8.332567178177031377e-06
-1.764507833666229678e-06
4.489213868234439973e-05
2.413036542782619437e-04
6.278273123228806296e-04
1.266683507265790789e-03
2.467018532383425614e-03
3.228018006946773918e-03
4.194855241866675064e-03
3.993068117401129408e-03
5.159680332570689559e-03
3.634900342157911315e-03
3.452510796923082860e-03
1.967342151783058740e-03
1.953545679176784799e-03
2.908290119438353312e-03
2.187646698662946629e-03
1.398025585915368529e-03
1.140373366466880360e-03
9.492947984504273521e-04
1.254527842470893034e-03
1.079668436289823053e-03
1.692145913261462915e-03
2.696645004273729926e-03
1.985836160831531624e-03
1.158516896684225195e-03
1.249243267423074712e-03
8.901839065643180927e-04
1.594966102744285047e-03
1.039551183666917499e-03
5.614098448301911744e-04
5.917442596934721893e-04
7.231105934852821932e-04
5.291667744068552330e-04
5.319147650415437635e-04
5.975840678363150867e-04
1.072198337575591866e-04
1.305376994890771619e-06
1.624009806653929161e-06
1.010335459538539205e-07
3.803708391661896266e-05
2.495025978372350433e-06
1.245708422583569327e-05
1.584797153059739158e-05
8.849620451272159558e-09
-4.239902652446819427e-05
-9.721523403998939806e-05
-1.785829025258968915e-04
-3.552878033671199817e-05
-4.685932488137640741e-06
-2.554233770826969127e-05
-1.091177516283186591e-04
-2.530745879258367546e-04
-4.209192282638982477e-04
-5.109902630800232728e-04
-6.776865821475374675e-04
-1.060871048613274336e-03
-7.086259051015579916e-04
-9.612495895891966496e-04
-5.203490527018802148e-04
-3.306070558969635047e-04
-5.665008045117076330e-04
-3.683719145818461702e-04
-3.673255794222478636e-04
-7.501831235860652878e-04
-7.449619164208696760e-04
-4.430750824221868283e-04
-3.217938129368647570e-04
-2.632468085708937998e-04
-2.760283393713186388e-04
-5.168191802079253640e-04
-6.491270610918828485e-04
-7.679727061769125313e-04
-5.306327015783384587e-04
-9.857840212151511294e-04
-2.559824296714321989e-03
-2.284514749875633452e-03
-2.500091429126788216e-03
-2.106222321185633253e-03
