3.279096295057739533e-03
3.328740356237693161e-03
3.378595236379176945e-03
3.155114122098828106e-03
3.056077233529676425e-03
3.065457221641431501e-03
3.069975982425094795e-03
2.991101141346220668e-03
2.800777352251610213e-03
2.523403374357311227e-03
2.255468969676197900e-03
1.962330163477930389e-03
1.584647042823529887e-03
1.185424820864456079e-03
8.184463585106522806e-04
5.326198123003466874e-04
1.768837847414649999e-04
-1.671085740764175745e-04
-4.977028358736787983e-04
-7.485681231791593837e-04
-8.969314177244793644e-04
-9.481059607197309591e-04
-9.586128018374784300e-04
-9.156960457775325038e-04
-8.831066651388240485e-04
-8.641762342819826227e-04
-9.384929519042334691e-04
-9.797595534259881649e-04
-9.610723655461308980e-04
-9.734625396324109387e-04
-9.846125755892272662e-04
-1.001553073806675477e-03
-1.085048748880007401e-03
-1.169798263297009734e-03
-1.307944226734266899e-03
-1.528340551055724699e-03
-1.719521035016486786e-03
-1.884930631938802224e-03
-1.952374052517849871e-03
-1.926586355178097967e-03
-1.856298210914391136e-03
-1.830086740944731651e-03
-1.828711317356035556e-03
-1.771248984327067127e-03
-1.520995985061295583e-03
-1.178194435166303629e-03
-5.931869488966014800e-04
2.208704536552619474e-04
9.944825172487129199e-04
1.678810986142386915e-03
2.340816871861093208e-03
2.803279968307431733e-03
3.168614316664767477e-03
3.597858390789686420e-03
4.203630705707384757e-03
4.770688115361240884e-03
5.211673946129869762e-03
5.436557221453855969e-03
5.480421130122602007e-03
5.355798149860019515e-03
5.212295698855135689e-03
5.056651925988252770e-03
4.878391912507824661e-03
4.783415708326154737e-03
4.704890088060719941e-03
4.561836180495409954e-03
4.203328064104878622e-03
3.787565317994323263e-03
3.312778453524764782e-03
2.947537471845850660e-03
2.550437448066359206e-03
2.112510151245313317e-03
1.738097566914817904e-03
1.510046590608593630e-03
1.296568190614262551e-03
1.054778747924454280e-03
8.035002770414189548e-04
6.062953565560120052e-04
4.682228678511044201e-04
3.450925570759618799e-04
2.440584973215101318e-04
1.339248975816752999e-04
4.890685727332555840e-05
4.143205723536957328e-05
3.572813160806732012e-05
2.255667273021571000e-05
6.886507640589731424e-05
1.613272650472301036e-04
3.343327550768711558e-04
4.900485336392008430e-04
6.095830634087954884e-04
6.834833360706275189e-04
7.151398201134293682e-04
7.598754401143483113e-04
8.041503079210195236e-04
8.770116843264912218e-04
9.704308606061925286e-04
1.043821401521798347e-03
1.014307106410234022e-03
9.628746324088175443e-04
8.789017549371234148e-04
7.994645142729417788e-04
7.749915101004830600e-04
8.330229924155394981e-04
1.038422267494623456e-03
1.253538836272689774e-03
1.509102969164892666e-03
1.736250691270439274e-03
1.877986029233939596e-03
2.005703937388514640e-03
2.146627058246157807e-03
2.314044672472916672e-03
2.516070204082534751e-03
2.708912937814124487e-03
2.928094785901884378e-03
3.120060666973195011e-03
3.205800837675224727e-03
3.400752638834493927e-03
3.605735956073625320e-03
3.707450336841890473e-03
3.872198725982895634e-03
3.971641149783070208e-03
4.073677945336107512e-03
4.127246616862913393e-03
4.131430506334907334e-03
4.127638549120077847e-03
4.131181103500271116e-03
4.153744322617882075e-03
4.294230094872713427e-03
4.484120912489210353e-03
4.537990130978312824e-03
4.702955416001804168e-03
4.772462017582995708e-03
4.922510116745679697e-03
5.061735678627758521e-03
5.290100726358067280e-03
5.529425434554448120e-03
5.716153036257594876e-03
5.670600457007142665e-03
5.633685447293110792e-03
5.568509361282113733e-03
5.312023704225143396e-03
5.047495268145753798e-03
4.695031021448490237e-03
4.359461259092704995e-03
3.907278644778179773e-03
3.480496677732824312e-03
2.956086154628955603e-03
2.441171337864494421e-03
1.965059143975932641e-03
1.589153826266440084e-03
1.170836854166577498e-03
7.243353562731818509e-04
3.219489615421446409e-04
7.197159509156206628e-05
-1.020326199984014837e-04
-2.175475403131129184e-04
-2.445862188787671404e-04
-2.684417821936553464e-04
-2.123860196270842282e-04
-2.004340815917302922e-04
-2.154431952509747617e-04
-1.931298548726955550e-04
-1.985900220892862457e-04
-2.798877886000244054e-04
-3.312560926912095131e-04
-4.328350494804646055e-04
-5.355869060679705482e-04
-6.493431838659350979e-04
-7.423514475459620223e-04
-8.452710630825082706e-04
-1.001996759363356707e-03
-1.107927168807954247e-03
-1.177012874700297937e-03
-1.220113066165141825e-03
-1.296829382718379985e-03
-1.427364894406660039e-03
-1.678956242884979385e-03
-1.934369496523210370e-03
-2.259431839224811719e-03
-2.542894870981627937e-03
-2.703657901002898961e-03
-2.834342157666888771e-03
-3.018305981391192477e-03
-3.251984068288301961e-03
-3.565596623171721994e-03
-3.932304582964122469e-03
-4.372097106055270604e-03
-4.690012995026459144e-03
-4.854337556114601653e-03
-4.872346550131601353e-03
-4.662652390794057473e-03
-4.393543948906787969e-03
-4.282835274380775506e-03
-4.230950867174150011e-03
-4.131472606694456574e-03
-4.034828616270064346e-03
-3.812568936863788924e-03
-3.477930587412298661e-03
-2.972879218574853415e-03
-2.473103461111424151e-03
-2.033052786474054321e-03
-1.691245053813912819e-03
-1.506421432245538816e-03
-1.397082140835623340e-03
-1.248364910382581891e-03
-1.081917872811817560e-03
-8.882747321520202037e-04
-6.624482145106981015e-04
-4.424184522655966417e-04
-2.323978809499334353e-04
-2.659650531948705044e-05
1.937538419770952361e-04
4.097506522416504045e-04
5.829327335628581167e-04
7.987691896613884372e-04
9.570269121422931560e-04
1.065314330105525745e-03
1.180466266445219211e-03
1.290463900038930477e-03
1.441697093512446732e-03
1.572316075678354894e-03
1.652725251239179488e-03
1.619426727518972998e-03
1.507551108525241948e-03
1.403811029091067914e-03
1.338933681305842739e-03
1.307092539406434599e-03
1.314174914428953766e-03
1.375149312881300935e-03
1.483222173774943189e-03
1.559770984266908465e-03
1.525703901498927156e-03
1.437919846084188347e-03
1.303723813113297735e-03
1.200775808448359752e-03
1.187761599659743804e-03
1.214786370187858483e-03
1.203192257352086320e-03
