-2.569385136611573861e-02
-2.029892380740859134e-02
-2.021643708551536592e-02
-1.810894682699916436e-02
-1.599012759169921305e-01
-1.839771436069078947e-01
-2.006009356697955048e-01
-2.008189740904224863e-01
-1.986725331130490824e-01
-1.990664559597181971e-01
-8.884746423306126573e-02
-4.038005072150013808e-02
-2.189765335793155895e-02
-1.951005029691752282e-02
-9.437979184970068935e-02
-1.080146074631634368e-01
-1.033438556487854543e-01
-1.085013350604147192e-01
-1.773048260439991919e-01
-2.210594129314058243e-01
-1.469008118034272614e-01
-1.331702529851218897e-01
-4.234900900028250592e-01
-4.181148095866105696e-01
-3.477290848269711243e-01
-3.051530336663265675e-01
-3.023713421955936398e-01
-3.051172434312207637e-01
-9.191603560043892784e-03
-1.047700314538760336e-02
-1.705784427492061939e-01
-1.774989224204700233e-01
-1.878769490989295188e-01
-3.072957525527511558e-01
-3.185552910263080295e-01
-3.212253692939508465e-01
-1.668496482158086935e-01
-1.672919631914081828e-01
-1.681164970426368699e-01
-2.440058655763336637e-01
-2.946563924904820886e-01
-2.891473392789554731e-01
-2.910893381769016908e-01
-2.845282585926297014e-01
-2.761582699508832728e-01
-7.783454026530833847e-02
-1.745383269788254935e-02
-3.101832427115086208e-02
-2.230441355995152364e+00
-2.231096117280722879e+00
-4.465486931416257477e+01
-4.465418914736707734e+01
-4.465340061010124373e+01
-4.464154668832671291e+01
-4.243413974826037816e+01
-4.243178934986995188e+01
-7.684428394611586555e-03
-1.539786902018647208e-02
-1.762475960429847610e-02
-1.942569101388433306e-02
-1.994508644943499692e-02
-2.898009595281369685e-02
-2.897983531080457198e-02
-2.665448108228158849e-02
-2.455610742932886822e-02
-2.218519760549174380e-02
-2.600413300510132086e-02
-1.809531701476363441e-02
-2.763936987857913349e-02
-2.180529044506303651e-02
-2.122322955935374358e-02
-2.362816603309413413e-02
-2.169527952673934793e-02
-2.389192385569694280e-02
-2.516527329506524843e-02
-2.786703866897037932e-02
-2.935466166020457221e-02
-2.664411535376384754e-02
-2.669011313160813206e-02
-3.222963452679421248e-02
-2.259845935585107560e-02
-2.228519236657569569e-02
-4.348612634204676586e-02
-5.147644830635394325e-02
-6.601326119060476616e-01
-6.845993642311558602e-01
-6.809126448617242033e-01
-6.818704775898192239e-01
-6.635733650234838521e-01
-6.583984845817304477e-01
-5.583295887377123096e-02
-2.848191053287795968e-02
-3.009238955115325909e-02
-4.512556335240062305e-02
-3.291955978107641845e-01
-3.393160791155172551e-01
-3.546659284841743864e-01
-3.724416767656875127e-01
-3.746234989348608546e-01
-3.586394576710890125e-01
-7.387479347248053496e-02
-5.800532216811005171e-02
-3.738230803047366130e-02
-1.759938843058597713e-02
-1.793993463309558056e-02
-1.787519003622260391e-02
-1.689072160770512324e-02
-2.187218611298021032e-02
-2.420126568007482590e-02
-2.369729884817272161e-02
-2.552732584203201704e-02
-3.179923120854485225e-02
-3.967963906188398671e-02
-4.378891506017076191e-02
-1.093465851654278342e-01
-1.059743542799741894e-01
-1.013617252196192808e-01
-9.208565517020207702e-02
-8.050869025903500953e-02
-7.313133828526599545e-02
-9.902923311387867855e-04
-2.609996166110753360e-04
