-2.447603148779567972e-01
-1.205589464013060441e-01
-6.181571227720022293e-02
-4.897368837358170857e-02
-6.759847943889768507e-02
-7.960130417321033269e-02
-5.276890316211097637e-02
-2.105199218548031159e-01
-7.137770277581041711e-02
1.100449766060470486e-02
-9.241454799978533752e-02
-8.416467665801681541e-02
-9.768735566235048351e-02
-1.199180118151330771e-01
-1.156613864769299588e-01
-7.833747676986013708e-02
-1.372515855449270850e-01
-1.569909831635463993e-01
-1.029792795525054094e-01
-9.884916640750843198e-02
-7.073121000076261489e-02
-4.550132182831913980e-02
-1.263479580175901236e-02
-3.203935981746816597e-02
-3.054636425809406086e-01
-1.485867511358343884e-01
-1.047003401391543298e-01
-6.649402572020998714e-02
-3.150826494318592630e-02
-1.360868300694591526e-01
-1.777982957208995574e-01
-2.640305237342707168e-01
-2.272823826928040136e-01
-1.180010165719593551e-01
-6.618070763567546200e-02
-1.389313786508867832e-01
-9.964901321921391941e-02
-1.575895005976208629e-01
-2.022137315584616180e-01
-1.848347831640900774e-01
-3.436340493748528124e-01
-2.698945409171163434e-01
-5.227971039443150003e-01
-7.415079248846707660e-01
-9.638039283496148135e-01
-1.158147671792612021e+00
-1.343086584294905128e+00
-1.794250762574289837e+00
-3.252240675891900246e+00
-1.398281741523692799e-02
-2.746306788822128067e-04
1.109054294532338131e-03
4.969668353108052349e-03
4.893609115379988269e-04
1.503908622024961901e-03
1.822141903936691162e-02
-2.340762791781740848e-01
5.593470287699095142e-03
-3.138536247654903633e-02
1.919868776130701730e-03
7.635217049696541285e-04
-8.477097972731296614e-05
7.549797066888851681e-04
-3.250591338628127866e-03
-2.130605456636221889e-02
-6.536375979380519910e-03
-1.117463365857292168e-02
1.092305556574309005e-03
-3.715970950261029415e-01
-1.339453988616004379e-03
-1.473071648578437110e-03
-1.444045816492872366e-03
-7.883243554978906428e-04
1.362592782442157650e-03
-6.457872715755596637e-04
-7.129552232674073523e-03
-3.829452553379845536e-03
-8.353568596009821809e-04
-1.122369021147982815e-02
3.082804157347204810e-02
-1.216790850609378305e-02
-2.169573676408046922e-02
4.745877515275767275e-03
-2.125833438557940894e-02
3.643670143990313057e-03
-2.182886657127408939e-02
-3.478220275672836564e-02
1.713927227946541662e-02
-6.401713835762454750e-03
-5.159457081835497685e-03
-7.130738040934945284e-04
-2.258522958974577138e-02
1.571070440751698438e-02
-2.232559949758188174e-03
-1.081701748389594410e-02
1.392127212560166985e-02
1.081699452656425565e-03
-7.244212096895280735e-03
-2.879477570153536614e-02
-1.229442090664375903e-01
8.243842900091962259e-03
2.657402585261938420e-03
9.871774158239669729e-05
1.278536730094394398e-02
-3.570155042840168574e-05
3.871566131889738718e-04
8.778608933518015521e-04
3.890250856927750158e-03
5.677120660318217549e-03
-2.000170911048175439e-04
9.381941209318951907e-05
-4.196794572980376580e-04
-2.887101840459502114e-04
-5.341002666172056613e-05
-1.926469026644218722e-04
