beta2
7.386087527590701543e-03
7.414461935492376934e-03
7.454636166730839800e-03
7.562409746410918288e-03
7.629367295040921995e-03
7.667841380702348011e-03
7.826721460851181894e-03
7.988786129937188937e-03
8.119315742158845009e-03
8.271392746952406852e-03
8.300930824428983182e-03
8.325360440885946206e-03
8.322829888037000176e-03
8.289735576164244252e-03
8.432646158948640946e-03
8.626095047338517077e-03
8.802489647311565607e-03
9.031648487738170791e-03
8.980643218489407081e-03
8.936218446149063119e-03
8.782657893397150667e-03
8.621013458664218004e-03
8.507305467179041708e-03
8.353186891592208341e-03
8.213070516438485125e-03
8.074776173891927422e-03
8.014585503717575748e-03
7.930785529032986780e-03
7.909226973966235891e-03
7.891942803928891220e-03
7.900847279180781696e-03
7.867626069436074038e-03
7.834627383719514754e-03
7.971480539071373883e-03
8.099380757542039289e-03
8.077313550675545989e-03
8.064286422378602950e-03
8.124787121772839710e-03
8.270224917219133609e-03
8.299254840608668443e-03
8.297005887640054866e-03
8.195722276600259093e-03
8.186202277359822671e-03
8.161106439221129522e-03
8.141808485707526660e-03
8.251848692182112838e-03
8.398955791084478789e-03
8.420808205717906364e-03
8.395199855036592634e-03
8.411561032025196422e-03
8.518353596189996019e-03
8.587414903817435635e-03
8.692076433533145116e-03
8.850099274918355602e-03
8.959895918533175574e-03
9.125658103263479398e-03
9.268947993705098712e-03
9.519602434612108727e-03
9.451903792422600842e-03
9.409349281521157959e-03
9.367287413493496570e-03
9.473857817538341303e-03
9.591663227752615650e-03
9.498611870667078919e-03
9.352733263622488649e-03
9.186017082873219886e-03
9.043855794100198742e-03
8.902137890652465912e-03
8.888936954006800700e-03
8.848255532082176245e-03
8.867132945863893945e-03
8.932683167054231849e-03
9.034020924944057354e-03
9.123852125961656040e-03
9.089309094207255121e-03
9.018540116585286801e-03
8.921888618620909053e-03
8.912611230846561455e-03
8.863564684791682552e-03
8.808834580910883394e-03
8.740294928742647906e-03
8.848878817153672111e-03
8.857118380260251000e-03
8.864324159402643677e-03
8.799402965954945810e-03
8.805946100981858551e-03
8.813920836437711889e-03
8.774354540806467151e-03
8.713539081691640611e-03
8.703614997650200441e-03
8.679917659555468068e-03
8.766446650913237160e-03
8.889169060128949279e-03
8.907927393103306363e-03
8.883798487958009110e-03
8.787504681798882777e-03
8.725320617961999231e-03
8.654854280084826879e-03
8.571069256311996537e-03
8.527897844974990579e-03
8.490823093644978697e-03
8.442617995698838834e-03
8.468053496163859689e-03
8.464010058067485825e-03
8.421205038445983559e-03
8.440400308724617731e-03
8.431122480926700469e-03
8.508130137648091743e-03
8.621875239635284904e-03
8.743199382213406867e-03
8.865763937865433347e-03
8.962741369363091959e-03
8.943361150371694629e-03
8.885851130919723145e-03
8.819625188306017688e-03
8.735460573612120055e-03
8.629625182509675918e-03
8.538637165080343455e-03
8.499734470600366076e-03
8.399157852357959364e-03
8.314750242268947183e-03
8.223584817618015755e-03
8.215307913321621275e-03
8.163943680616278509e-03
8.167109623936547047e-03
8.109108195763312099e-03
8.101405674760926712e-03
8.131258277032949247e-03
8.140277134889149779e-03
8.188689676776283316e-03
8.177194384050422149e-03
8.191386618288078875e-03
8.116745849798089399e-03
8.133132151772044099e-03
8.149763007108790092e-03
8.147908520177628983e-03
8.199853082545980471e-03
8.250048859633412474e-03
8.287407739370318549e-03
8.309572547039236270e-03
8.316999390541651369e-03
8.344132992772618218e-03
8.348406091210496677e-03
8.376221062298197517e-03
8.471028527388096974e-03
8.578276626306263059e-03
8.769846697522265186e-03
8.928452541263183495e-03
9.116900650851590335e-03
9.199876064396657338e-03
9.255219626477483030e-03
9.294909458171352057e-03
9.392017719983471180e-03
9.466055235758639302e-03
9.538387666475260998e-03
9.606001121481704333e-03
9.846941982277725852e-03
9.766087719020922348e-03
9.950386874434148654e-03
9.993643099177093592e-03
1.005081594776218064e-02
1.016322793712328212e-02
1.012137472694388945e-02
1.011270929460500977e-02
1.013041180692154236e-02
1.015500827427745154e-02
9.996047747568197542e-03
9.830923054709990103e-03
9.763870551897131309e-03
9.725968145481819066e-03
9.642956638975474365e-03
9.600386330729591966e-03
9.756322337391667987e-03
9.935862931833582684e-03
9.966457915315196647e-03
9.864620536947376478e-03
9.956981884541971084e-03
9.960511115694726386e-03
9.991000791218090926e-03
1.011200928886931902e-02
1.023945471390591382e-02
1.023218542069407287e-02
1.023324312065750433e-02
1.034976760197128115e-02
1.037658461972340573e-02
1.040497830194043322e-02
1.046910705322764978e-02
1.075699060737036333e-02
1.107789566638849553e-02
1.101798436847977944e-02
1.097541507518887127e-02
1.094332630549560252e-02
1.083064322581156307e-02
1.084601796194185550e-02
1.079309802361166221e-02
1.074579636175802128e-02
1.064435184688900318e-02
1.063466939173779088e-02
1.057065149143483415e-02
1.046259108721360985e-02
1.039206638132059157e-02
1.023657972435555383e-02
1.006992620004549047e-02
9.885860109112871302e-03
9.822681767659290075e-03
9.724599496683628691e-03
9.867460561934816160e-03
9.942359869962748981e-03
9.970391370192909636e-03
1.002294595069631172e-02
9.913275663904128759e-03
9.695520631435625147e-03
9.544871719023857726e-03
9.466300991332457504e-03
9.309193858131135924e-03
9.176920706652928750e-03
9.052137217965142493e-03
9.069351581316597091e-03
9.054354629846533137e-03
9.075074833681501252e-03
9.189607132978491744e-03
9.250338787686433750e-03
9.315791434049694106e-03
9.206194232113473416e-03
9.086848310195502765e-03
9.001960914852100148e-03
8.973103375687114733e-03
8.966781742261011393e-03
9.047897959828434672e-03
9.037537241209524577e-03
8.989631275997533519e-03
8.972288436627137362e-03
8.956176163209011998e-03
8.870422402045427535e-03
8.787513142040995553e-03
8.787132261531547736e-03
8.776882725541418351e-03
8.827781624111238207e-03
8.830828684396080375e-03
beta3
5.471647815080474091e-03
5.306734488550823511e-03
5.338510762522768321e-03
5.826444422187538469e-03
5.995365259892818099e-03
5.581911600710956836e-03
5.488144155388855784e-03
5.626826596452404530e-03
5.825934100689733088e-03
5.794796238502247093e-03
6.040903892656504515e-03
6.309634816272445199e-03
6.701135073169184678e-03
7.254465967869844906e-03
7.922004034351799034e-03
8.211358679081275785e-03
8.417531391141569452e-03
8.662495313678736722e-03
9.497232059927755016e-03
1.048537454784457743e-02
1.116820355143863935e-02
1.183322282084545499e-02
1.196330944341286728e-02
1.217063790868372006e-02
1.221907179976277312e-02
1.234753590930200845e-02
1.224457320522091136e-02
1.217871885122530883e-02
1.234718254359117896e-02
1.217177078597508032e-02
1.268262180822574831e-02
1.302928922497185310e-02
1.340773663852177014e-02
1.312020629992816101e-02
1.281819643009421070e-02
1.286671930381990368e-02
1.305424874269165043e-02
1.376388433991504977e-02
1.346415894409425801e-02
1.226173995063005798e-02
1.221340935015036502e-02
1.193705716193341551e-02
1.134438101097098167e-02
1.092152016429812598e-02
1.071436898751451303e-02
9.222960427904880465e-03
8.219294746420937464e-03
6.761416247374764030e-03
5.483827995403658950e-03
6.432834773093359416e-03
5.842223671603509472e-03
5.118787996249581605e-03
4.519218290107873681e-03
4.696570262397389145e-03
4.702819121834343405e-03
4.636001862751874120e-03
4.651919277207304873e-03
4.920587175823469203e-03
5.107307497828919747e-03
5.123405362445385483e-03
5.344555256850539934e-03
5.327945155938530915e-03
5.253475981913830264e-03
5.373165197460750067e-03
5.131721798051134403e-03
5.369827389891227570e-03
5.563816055312630418e-03
5.764871965033259438e-03
6.365410505618592299e-03
6.324303436887358625e-03
6.321737570022259445e-03
6.998535633763892233e-03
7.652007178631139994e-03
8.471284079885333523e-03
8.456721822081779763e-03
8.537327907903718288e-03
8.664218651150861969e-03
8.706611187941352969e-03
8.530869018207879600e-03
8.455638357092544466e-03
8.445734442600192488e-03
7.948811302608431439e-03
7.185059905753487554e-03
6.554961934745792695e-03
5.953158922411079870e-03
5.629558570953822200e-03
5.214242025783844686e-03
4.708634416936139863e-03
4.360389455450585337e-03
4.167462217267974695e-03
3.852459664944838692e-03
3.962623849934870934e-03
4.080587643707016612e-03
3.883663988928104209e-03
3.406408926757671131e-03
3.296627606381458825e-03
3.367403491676572869e-03
3.496306339362254684e-03
3.618516271312303360e-03
3.973713464352792574e-03
4.367598652463914807e-03
4.478386676831928176e-03
4.705388925956882802e-03
5.047817266788907388e-03
5.423364990985588691e-03
5.782234667816452123e-03
6.091174283235517919e-03
6.578820406499258713e-03
7.039368683279815381e-03
7.526320052016435835e-03
8.230393807961431177e-03
8.279850654479628536e-03
7.889048465661709780e-03
7.743333881642911268e-03
7.401760893649933851e-03
7.181084670512783222e-03
7.092660204831000015e-03
7.039355726301373822e-03
6.915438626398411753e-03
6.872024412429598300e-03
6.754619865453902888e-03
6.609176469773965848e-03
6.648463777936208796e-03
6.612160559450777110e-03
6.732546872430482734e-03
6.719179569273828201e-03
6.638702298033862144e-03
6.629095724812547434e-03
6.645503529766878456e-03
6.693307495729826015e-03
6.685087535554096877e-03
6.818986762116082886e-03
6.897526892828326206e-03
6.723254140995458053e-03
6.434309833143867299e-03
6.204611904643413632e-03
6.020695510992843044e-03
5.926414922477411806e-03
5.939662035190954384e-03
6.060953691559673243e-03
6.272965316704560285e-03
6.431923040109717611e-03
6.404964421675870406e-03
6.393990086800509925e-03
6.419796319399168755e-03
6.447777299370960336e-03
6.340702148035190153e-03
6.213121416595658413e-03
6.037967904307476111e-03
5.886620232315705262e-03
6.205647939249679668e-03
6.339293162264537061e-03
6.414336493065369432e-03
6.507419883985614273e-03
6.703669499146996079e-03
6.663439453504709648e-03
6.872933723205453330e-03
6.831844553930629775e-03
6.924065692740807507e-03
6.675308420145048549e-03
6.523480758377010399e-03
6.791378070098891793e-03
6.774450392614811758e-03
6.820360929538206093e-03
6.905770165411338583e-03
6.771951933546804109e-03
6.901596439764628652e-03
6.845211903805503012e-03
6.737885606086291279e-03
6.813750223555434943e-03
6.761500413028641819e-03
6.843540236224344292e-03
6.951645043402430307e-03
7.077810179167309812e-03
7.163824063322857434e-03
6.803348282233988645e-03
6.929774135287430220e-03
7.042307181417061315e-03
7.441073402115083724e-03
7.855534619159047771e-03
8.472955486806004258e-03
8.714836330540980114e-03
8.713280472097127347e-03
8.609932977187831349e-03
8.486123530626738659e-03
8.375989865558743086e-03
8.392608270647708424e-03
9.107434776340348967e-03
9.729387424026850889e-03
9.772601392771789602e-03
9.852044561208413848e-03
9.963911301991798530e-03
9.953068932681451847e-03
9.745786899266374245e-03
9.531678546831765658e-03
9.260176612748659275e-03
8.875329051943665892e-03
8.518649905818164933e-03
8.680343700335720059e-03
8.826976534831408594e-03
9.006692780229037798e-03
9.065371208653100893e-03
9.005986852613459548e-03
8.749207140055835150e-03
8.634435173411419973e-03
8.482063670506818226e-03
8.535962508463244836e-03
8.823217852785041754e-03
9.015633474472397463e-03
9.289423146450212845e-03
9.348269273474698812e-03
9.420352223660591676e-03
9.647354342514237804e-03
9.643003123185545783e-03
9.531375782490591336e-03
9.323772178023718299e-03
9.122997110021607153e-03
9.027889750186937623e-03
8.893860704042395524e-03
9.185790425904252071e-03
9.014816090685186939e-03
8.800576087254039989e-03
8.424897369843618172e-03
7.922650672494285784e-03
7.536426234353438280e-03
7.336576336313744250e-03
6.834228773568470049e-03
6.397306009446632885e-03
6.151164178947155468e-03
5.900307947948480597e-03
5.919075273201851103e-03
5.966246665265970486e-03
5.982105136310466101e-03
6.436232212707533942e-03
6.898895568539550882e-03
7.334648951879211773e-03
7.807803089487780346e-03
8.395728123112417701e-03
8.669317119962573898e-03
beta4
1.226367400816087260e-03
1.327104407617339579e-03
1.494067836568511911e-03
1.563687845019090961e-03
1.640255583081785514e-03
1.844046637214612899e-03
1.884138553905302963e-03
1.939043693754672086e-03
2.047080178387445607e-03
2.275718444017010584e-03
2.508272921648442219e-03
2.821560978151535764e-03
3.290757607226415908e-03
3.592237899995273046e-03
3.571570496914409400e-03
3.545797100849090201e-03
3.620308114336975251e-03
3.725535172948048548e-03
3.818792035559042362e-03
3.940187485288709768e-03
4.003543309820575477e-03
4.049733853056793412e-03
4.290888968420098967e-03
4.479115244718216704e-03
4.589429983761375217e-03
4.740613195744666428e-03
5.100456534499128725e-03
5.473084593161292241e-03
5.578684017992361494e-03
5.658155108153687177e-03
5.708491873748429077e-03
5.942723447002764246e-03
6.168155752680078673e-03
6.176538545695168386e-03
6.132807174659832272e-03
6.629778243929951992e-03
7.111460630906613414e-03
7.574109574339669450e-03
7.644738892362864038e-03
7.422648110647787380e-03
7.568062716264992162e-03
7.839246547443369517e-03
8.133543750690093443e-03
8.503918784696820610e-03
8.784138490631938218e-03
8.715118755642041123e-03
8.258023254209871655e-03
8.737753299005900781e-03
9.206265399017209833e-03
8.233238660586842533e-03
8.037199616903686200e-03
7.987403849578408183e-03
7.949930089233312597e-03
7.315336130670905060e-03
7.259196924781972232e-03
7.188262135874277058e-03
7.017785497670447729e-03
6.350358994921166678e-03
6.945399413329255908e-03
7.301215507078669641e-03
7.529139308786641019e-03
7.173252964321082809e-03
6.504531102939289933e-03
6.556315045507478921e-03
6.324951258609589136e-03
6.077244864897456481e-03
5.720894067736678919e-03
5.391137937182087850e-03
4.926104446690629524e-03
5.249641781435388822e-03
5.528478584109937366e-03
5.921557773208895384e-03
6.162197553249947925e-03
6.478114542498694499e-03
6.667783351016653287e-03
6.895818850833046985e-03
7.184499869647382325e-03
7.497773697237728602e-03
7.704564095806380741e-03
7.714905351339581760e-03
7.826298315093172669e-03
7.388835929263547903e-03
6.933108204324361576e-03
6.636399796794202957e-03
6.248675591139609894e-03
6.120383680230060720e-03
6.067984244264150798e-03
5.931608595515375400e-03
5.909964713036890138e-03
5.829474242531572370e-03
5.804225201290940175e-03
6.200887881439180738e-03
6.528116815051596133e-03
6.688570456120417063e-03
6.655029894397422249e-03
6.350063714625825070e-03
6.264170778792189920e-03
6.181564206861235242e-03
6.031222424529913972e-03
6.207066530905474763e-03
6.387344391964324374e-03
6.461216041645328340e-03
6.205577227760947570e-03
5.966024389781744534e-03
5.764182917906255851e-03
5.562345467509078115e-03
5.337150834525085027e-03
5.137042461536702603e-03
4.812956405922524938e-03
4.564661487646523227e-03
4.238088975047059684e-03
3.943021454482517271e-03
3.742906262737830895e-03
3.665488057296889188e-03
3.645402361741337249e-03
3.598926797218851819e-03
3.465376371121496428e-03
3.305115708743004786e-03
3.178738769298820790e-03
3.056518906224284671e-03
2.907026721237578396e-03
2.686178512173545332e-03
2.492200272780081480e-03
2.557260275551981842e-03
2.413027347558912520e-03
2.540969971423344236e-03
2.687138302703945183e-03
2.705959851267657895e-03
2.762996461235022599e-03
2.877433648435435976e-03
2.954062150121434301e-03
2.855463854055822516e-03
2.740181230758053678e-03
2.676939128833092339e-03
2.643040546447877979e-03
2.536424565915186471e-03
2.476650379800592397e-03
2.356008330656414289e-03
2.292893521850681432e-03
2.393749795915118238e-03
2.543964768560739477e-03
2.583996805659836016e-03
2.605357364722837854e-03
2.627459708345298173e-03
2.565514245913141922e-03
2.444642756536771072e-03
2.354561111380287612e-03
2.265199825314677569e-03
2.141703825605969884e-03
2.031878986614344892e-03
2.106505953314136668e-03
2.145281934768948628e-03
2.111457318902099350e-03
2.085135929077584944e-03
2.070941711213408233e-03
2.088463654072033986e-03
2.515273018474057515e-03
2.496834236867654690e-03
2.690204222139638141e-03
2.792932781707340058e-03
2.854183865762607592e-03
2.701477979311309001e-03
2.326883314771243001e-03
2.279356455488887670e-03
2.295110658028814976e-03
2.203225764935869916e-03
2.091610356991203349e-03
1.991473018009582655e-03
1.865945498050421364e-03
1.847898092303890821e-03
1.798191722154060708e-03
1.746840132229908818e-03
1.873886340557632830e-03
2.046481421365987409e-03
2.133355512216929435e-03
2.152122334428702849e-03
2.064458407441830193e-03
2.058981908277693167e-03
2.051560839372452635e-03
2.179723866857575035e-03
2.268884724463629370e-03
2.146866678760173813e-03
2.177045204336620389e-03
2.067558419484704507e-03
1.894409705857045233e-03
1.737477398605824855e-03
1.602835858647233547e-03
1.591314634627490890e-03
1.562677171222693956e-03
1.556621640732903586e-03
1.570417947285332374e-03
1.611705944674796890e-03
1.645161138744993378e-03
1.686958717557425057e-03
1.778608447062063249e-03
1.774437758594200496e-03
1.805178069194820611e-03
1.866381916330157225e-03
1.883501467386506333e-03
1.928826458053699809e-03
2.006573457482779734e-03
2.227069552860552401e-03
2.487619551808276964e-03
2.681598020448636155e-03
2.936157693638947498e-03
3.112695017573837743e-03
3.380792464252680655e-03
3.627236789022534637e-03
3.868283830125686211e-03
4.153610100685236478e-03
4.355386563009648604e-03
4.298744881996500317e-03
4.245764986644543805e-03
4.269833075793904795e-03
4.347444386361825133e-03
4.393586644542977690e-03
4.429388501388131782e-03
4.463411727605577813e-03
4.607631720764754357e-03
4.687048180134198438e-03
4.707443119033964500e-03
4.726318861639353802e-03
4.796803363698700154e-03
5.032647094566656057e-03
5.211033161402768218e-03
5.358624612938072893e-03
5.201530522415809613e-03
5.080775809478221480e-03
5.340081832863151703e-03
5.723291816885589696e-03
6.064526463559481370e-03
6.484702024821313582e-03
6.809899886091491314e-03
7.018689295018661241e-03
7.015918932051433757e-03
6.901785233506232270e-03
6.843873215676447505e-03
6.840986960001724237e-03
6.921940568880294992e-03
beta5
-1.252669972628773785e-55
2.389530157487653558e-23
2.962976431683155976e-22
8.776095007703641926e-26
5.115318388709259601e-24
8.844403148967217531e-29
1.840231346006874816e-30
1.009382207626401664e-41
5.357362273701428983e-25
1.950516169324651504e-22
8.470392496065800100e-23
1.637462713828903342e-28
9.777024355904174374e-29
5.967700517148424292e-21
8.094828824051674722e-23
1.816364279000895309e-24
2.244123784048343506e-21
1.068242430938476104e-21
4.879753569792149163e-23
2.311571250366715421e-18
1.875665878490578796e-18
1.517077661917572999e-21
-4.084411522606961292e-30
8.713410707499741352e-24
-1.068666366967803937e-62
-5.453077095164040281e-39
-1.706412636686363960e-22
-2.421247869915285490e-35
-1.223373644654151945e-22
4.896401124385215072e-21
1.749848403832121996e-22
2.849039244695675549e-24
3.949055961439226905e-20
2.627841513320032087e-18
1.924492292037012101e-18
4.307200835550452649e-20
1.794621874876025542e-21
1.413889980288820885e-24
-1.916893653043395422e-20
-1.229578742091963286e-18
-6.405300222276564213e-20
-3.540973054603900265e-18
-2.459989012952815440e-19
-6.756855985196206349e-19
-9.410479650264311888e-19
-1.871379775028829677e-17
-8.847441499958227512e-18
-3.681351806803177197e-16
-3.380788770070938950e-14
-2.398815133529827426e-18
-5.448118852095497841e-15
-1.203655355346109455e-14
-6.532308289493125463e-15
-3.284630966535757677e-16
-5.071276233264915159e-15
-9.083454572088133396e-18
-4.196749541298137247e-21
-5.200395738087391667e-19
-1.880925133738164961e-24
-4.988794432922637010e-19
-2.624414079438283070e-21
-5.781406853338745272e-19
-2.523386950423545499e-14
-3.821883729461269987e-17
-5.039487842200800998e-15
-3.978913371097421764e-16
-1.128585602252520948e-18
-1.325108227480548538e-15
-2.517526368770224590e-15
-2.285076286803503497e-18
-1.728580773285667336e-16
-2.896686217036295166e-16
-3.088283175301038771e-15
-6.768423442980788846e-15
-4.451975093202783471e-14
-2.253489786925655914e-15
-9.339230217112042212e-16
-5.944330492494434397e-16
-2.590467906564855221e-14
-1.914466782734366703e-14
-5.921730319675545670e-13
-8.074418761364499207e-14
-2.954372434093813980e-13
-5.928027682904859423e-16
-4.900681672397309759e-14
-4.562853697878910349e-14
-7.873724576164085397e-15
-3.371279544972561751e-14
-4.046117139697334507e-14
-9.897638976983885702e-13
-9.615032421130876683e-14
-8.009315145524171091e-15
-1.670824226523923222e-13
-1.669971752718904457e-13
-5.868825740830408989e-13
-1.175563545328409159e-12
-3.766365405869312346e-13
-5.760925412304883066e-13
-3.364367406843225066e-13
-3.229972725192377630e-13
-4.722477998365303241e-15
-5.341983774762033513e-14
-2.155759867783747595e-18
-1.189803799990757319e-17
-1.751265489411698200e-18
-7.912662334246822222e-20
-1.104051921597460880e-21
-7.817656013934452009e-21
-1.379293349833793499e-18
-4.787438952129149504e-20
-2.281086936196061276e-20
-4.053331217554833895e-18
-7.380346873157760924e-19
-5.632308149328716879e-21
-2.158852226872583590e-27
-9.796760297642679230e-20
-1.391104088810149132e-17
-3.888736072314913954e-18
-1.158817004770479294e-18
-6.183931341335732651e-20
-1.040602103662164927e-17
-2.272086191975950885e-20
-1.690122365449036447e-16
-1.808711408457522820e-17
-5.499030905725834049e-16
-1.252787759514539239e-17
-4.641289242180826626e-20
-1.722097129015983168e-21
-7.904687412674708862e-24
-3.866595066815699799e-19
-4.130984449092136901e-18
-2.608991229131778006e-17
-1.513274991222185379e-17
-9.082401483322040589e-19
-2.040295198006902701e-19
-1.377673877467413998e-19
-4.004533421881121420e-21
-4.350853876433885348e-19
-1.573700083747346764e-20
-2.599373628962649390e-21
-1.110828656197419239e-18
-1.831716738331711018e-18
-4.457752939619603001e-21
-2.876691688273498206e-20
-3.797482714735845253e-21
-5.058759326621570860e-22
-2.257009606648436530e-18
-9.170872528082400329e-18
-3.483466983337910632e-15
-3.988137181815952105e-17
-4.734914544110859323e-15
-3.262708968300281075e-14
-1.596174503909714024e-13
-1.467865788449447718e-14
-7.737116679510332903e-13
-1.920999726312468895e-13
-1.449520069264645591e-12
-2.653820846901464811e-12
-1.044688387165176213e-11
-9.963150241255275729e-12
-2.955243080784327970e-11
-8.891936421045281935e-12
-3.794124315907183256e-12
-7.909303501655967355e-12
-1.631125323351026824e-12
-1.534893813384926862e-12
-2.211842951725472586e-12
-5.848035378408423509e-13
-8.587899631961842614e-13
-1.026380269271776249e-13
-1.030194395185523700e-13
-6.855336202251827942e-13
-1.862375898614897417e-12
-3.177680718106161928e-13
-1.105925956037850541e-13
-1.527935969684162819e-13
-1.261977948686869779e-13
-2.501252772967578745e-14
-8.826789685255165322e-14
-3.758249505339379964e-16
-1.315147690336849468e-14
-1.649742647195158487e-15
-1.585428996134110014e-17
-1.654216536796352658e-16
-7.930649456657741590e-16
-5.084041004273316610e-16
-4.259077449008667138e-15
-6.502756096755365136e-14
-4.865916403661094636e-15
-2.374338905296746322e-14
-5.364067905822529483e-15
-5.186352939753243814e-14
-4.966488677478597700e-14
-1.265809384911894525e-13
-7.378965134337835365e-14
-8.788690774161306944e-13
-6.298746226145605200e-14
-8.735820506565083434e-13
-6.047430032622771182e-14
-4.692385562168283004e-14
-2.360070485907017695e-13
-1.737574813552690260e-13
-4.836980015446227017e-14
-2.915475792324242646e-13
-2.783861880038108600e-13
-7.562357263632941922e-13
-1.955866119670710391e-12
-1.158023429706735542e-12
-3.354243562451084959e-12
-4.068032620838331841e-12
-2.552482387667728448e-12
-1.559931508838875852e-12
-9.314918354336543144e-13
-1.852286238552173563e-12
-4.760643993468428489e-12
-5.450901443665208285e-12
-1.737131361095186432e-11
-5.686166330967015673e-12
-2.599198462672043866e-12
-2.286239310839102278e-12
-2.668215326670203917e-12
-1.136676274194941854e-12
-3.803146764708393870e-12
-6.469902118596779270e-12
-1.356449964500550367e-11
-5.982353179815970396e-12
-2.408555359160319403e-12
-4.398592570701221534e-12
-3.784462522570643702e-12
-1.875916317046879591e-11
-3.387594418842913662e-12
-1.249429967452049697e-11
-7.586360997222065142e-12
-4.762275578990107683e-12
-1.353850830058026888e-12
-2.905405978801579051e-12
-1.346128785499982037e-12
-3.596061645802030593e-12
-1.275578180908740402e-12
