beta2
9.332713937886824920e-03
9.324612580057234368e-03
9.393972323546082720e-03
9.488485161019265257e-03
9.759126628859759317e-03
1.017081304429408826e-02
1.022256902157040945e-02
1.012839634486114443e-02
1.049423502124149227e-02
1.078100602814958606e-02
1.101015474514658449e-02
1.126638824043017101e-02
1.065220009417796633e-02
9.925786905772927826e-03
1.011306424676338550e-02
1.050046156488834877e-02
1.110316969600760525e-02
1.172301216617197342e-02
1.224271876807683790e-02
1.285101694343404426e-02
1.283101371232301530e-02
1.189381079955113482e-02
1.137433494976300592e-02
1.100103505889753197e-02
1.061349006007600813e-02
1.105732331244936931e-02
1.133969436397313374e-02
1.159618323501705392e-02
1.142615955494218072e-02
1.166875773487906394e-02
1.223291397148165705e-02
1.214536325298031308e-02
1.269062426761499371e-02
1.321466485819949160e-02
1.391092163439829055e-02
1.367884060232567832e-02
1.378482731676913819e-02
1.287549804895039840e-02
1.216395740909783502e-02
1.202972677135914770e-02
1.206612227483011210e-02
1.155105625730117047e-02
1.099035826675109906e-02
1.060783167254263082e-02
9.974018927241276242e-03
1.020583077225912551e-02
1.047771935470904157e-02
1.035957260819569958e-02
9.989191151847140460e-03
9.510805013610446751e-03
8.632792316924785270e-03
7.846609774152127001e-03
7.560996015281806586e-03
7.432404559431836019e-03
7.054677284132310211e-03
7.124853777508313377e-03
6.634662604405756718e-03
6.099017658957581189e-03
6.842969810296699491e-03
7.332960492980889963e-03
7.975881232741399707e-03
8.506988044160744555e-03
8.876880593729766927e-03
9.500036499058514897e-03
1.013166317725942497e-02
1.084060988538074546e-02
1.188904792839163074e-02
1.209808437321289662e-02
1.157391902062775493e-02
1.115780058791817145e-02
1.046441588190214801e-02
9.673614946973975448e-03
8.983927718916160168e-03
8.317122005449475650e-03
8.145328697504200521e-03
8.635790085493505464e-03
8.998393875341079498e-03
9.059082676326784059e-03
8.794971373848280843e-03
8.534989049064264574e-03
8.230237111322901908e-03
8.465659417303121256e-03
9.254833089119484865e-03
9.357613957191885518e-03
9.780453061409326992e-03
1.022350627017681521e-02
1.061620202363593168e-02
1.146194276420429981e-02
1.173700635116514505e-02
1.207097550060170534e-02
1.274074092775927605e-02
1.318538618980426985e-02
1.371839221390407960e-02
1.350511128857537560e-02
1.338488886530089794e-02
1.298781290901442759e-02
1.303742536810779257e-02
1.283196601971667641e-02
1.285951023701938090e-02
1.253017175736718947e-02
1.235796485193097274e-02
1.209247609829009612e-02
1.228557836544816664e-02
1.256093327014033353e-02
1.280267913339358694e-02
1.320696964582666541e-02
1.359301335378510119e-02
1.409994176715544112e-02
1.505512960641659792e-02
1.556520084940770168e-02
1.582547910072406791e-02
1.566243511621641382e-02
1.535284485497825750e-02
1.530557220510087371e-02
1.459842285427990355e-02
1.389100964523129131e-02
1.328844796808803519e-02
1.258040324550352418e-02
1.226995696583321402e-02
1.190086251033483332e-02
1.133783093890767743e-02
1.083100621210339107e-02
1.007519345225517046e-02
9.314368824623298418e-03
9.107619847575403049e-03
8.940041559140982780e-03
8.745786495733071098e-03
8.758406159517792902e-03
8.889282866950978107e-03
9.131832065285129182e-03
9.436182390873112946e-03
9.739035908800205282e-03
9.829061942938054075e-03
1.014154249032078389e-02
1.040642926751919953e-02
1.014622547774322522e-02
1.003482566317603734e-02
1.023640592612003707e-02
1.064770809817628186e-02
1.108167045267942699e-02
1.160249171899531417e-02
1.191948810105327924e-02
1.131913005341822313e-02
1.079882871222336352e-02
1.063291546663749747e-02
1.095843789460197552e-02
1.113342099257455531e-02
1.095929289417191255e-02
beta3
1.410743914798378434e-03
1.376640454487801282e-03
1.199535842303207055e-03
1.242733755239641864e-03
1.276565920349483595e-03
1.504810027693901080e-03
1.578422924796711981e-03
1.676688259280742672e-03
1.808880395824858040e-03
2.128457577981484120e-03
2.576248163013784495e-03
2.925594716760721199e-03
3.307564132987671473e-03
3.644685780200293632e-03
4.209556895479141941e-03
4.369182720674680623e-03
4.741707239159493811e-03
5.163371725593004016e-03
5.985518873560760622e-03
6.447928440405781628e-03
6.757886032656363132e-03
7.176487317544725381e-03
6.750239047191131103e-03
6.398495743433407421e-03
6.240569174618952608e-03
6.108045427981691200e-03
6.102208685685882664e-03
6.196421494998520171e-03
5.820762007291643142e-03
5.060565232352530821e-03
5.146089326629085282e-03
5.101346721798388079e-03
4.962905437736133893e-03
4.954380035374831952e-03
4.982212711967382371e-03
5.281191900050457091e-03
5.511121101709393413e-03
4.719111282149761680e-03
3.915984281746795123e-03
3.614935154225152724e-03
3.314284702016097404e-03
2.924180985473340266e-03
2.586683906729361077e-03
2.392808402404671825e-03
2.449521146672264255e-03
1.915352657466550760e-03
1.580826888919145126e-03
1.123825886218523650e-03
8.558892588372520645e-04
5.179865797862366096e-04
4.877899132602448546e-04
3.329070668007725036e-04
3.560594501079694381e-04
4.312360309925022278e-04
4.675100766839875846e-04
4.738403676109210366e-04
4.781929508227361430e-04
4.689970533201597252e-04
4.663415834647202229e-04
3.543573664130562776e-04
3.491242802907764558e-04
3.768517579346530692e-04
3.374475951409565324e-04
3.411016775837550676e-04
4.602161315795837626e-04
4.939884142875186797e-04
5.733830287574229927e-04
8.825084034674252152e-04
9.367706981094811028e-04
1.184915716130999479e-03
1.567017218485242027e-03
1.623106617359688572e-03
1.596602750469560111e-03
1.645081695287714182e-03
1.954923761289737751e-03
1.802103990965418876e-03
1.629685152408587778e-03
1.610636416129852724e-03
1.521274177814607633e-03
1.441700738886928825e-03
1.428196377980168498e-03
1.226305455406693709e-03
1.244898226465699633e-03
1.272446917286789705e-03
1.227237162086355351e-03
1.203180110122978319e-03
1.190080106462017414e-03
1.261303110557363038e-03
1.041166968696310285e-03
9.131771744798999717e-04
9.447437743374160774e-04
9.086957515169411794e-04
9.186870412015221829e-04
7.723432964728241430e-04
6.333298889495585704e-04
6.600468254727796108e-04
6.893642210416622233e-04
8.916896648432453241e-04
9.275661984558828061e-04
8.522719418447520772e-04
7.970259541583745236e-04
8.046738292762677710e-04
8.662262712840393918e-04
1.008357369822597115e-03
1.021476545683135291e-03
1.124117665469145282e-03
1.216001021763615624e-03
1.310738254376944949e-03
1.372771559100241642e-03
1.509855472747526507e-03
1.661068590033558390e-03
1.521625969196823466e-03
1.482969983749502212e-03
1.583623440147170812e-03
1.486901565181149385e-03
1.506851655171480894e-03
1.583513364909175727e-03
1.520890277853922164e-03
1.636545851086589976e-03
1.699615382543583856e-03
1.581695148915959141e-03
1.439635463472194741e-03
1.167073127304318154e-03
9.288077326935807471e-04
8.108314404434791359e-04
7.217062173654521535e-04
7.672011471636459769e-04
7.486031237519277879e-04
8.225401598351915998e-04
7.920591394783829588e-04
8.003498190045190471e-04
7.875104434067593893e-04
8.205167129934845408e-04
7.507166617063016365e-04
6.887126787607871208e-04
7.265212999280439270e-04
7.668636234955355895e-04
7.954476506398507150e-04
8.595580988413793755e-04
9.281093366374624674e-04
9.294156765010175899e-04
1.044629888360149809e-03
8.637025316108174790e-04
8.147035373405187150e-04
7.403389098083662306e-04
7.398142766388202379e-04
7.774013108194755646e-04
8.128101615133445472e-04
beta4
2.874411124544248030e-12
3.996585781552448560e-11
9.143288965729841525e-10
1.098505428433614474e-09
1.208633816899019877e-09
5.275773577860454585e-11
1.228794298525594498e-12
6.081313797894020412e-13
2.123541381787378420e-24
-2.334340770143833424e-25
-3.589181173844196835e-10
-8.821500557143459596e-08
-2.067016317820458847e-07
-2.712174394398893792e-08
-1.314295468573797199e-07
-4.712152856396891312e-07
-1.505602814158435262e-06
-2.362430430379367089e-06
-3.476281234981849649e-06
-1.207475763842264473e-05
-1.998320900974438899e-05
-1.888709172266426464e-05
-2.368968876430884162e-05
-1.433264344296515978e-05
-1.749091387088613816e-05
-1.297677490854933478e-05
-1.331742783179028388e-05
-1.227226300822729014e-05
-5.094114821619936999e-06
-4.790537078304296748e-06
-2.399895641464038377e-06
-1.495600700879610811e-06
-9.129857043135430149e-07
-7.856056098743786234e-07
-4.529604294100209842e-07
-3.010709985512858375e-07
-1.810773409510188312e-07
-5.464738840532917162e-08
-3.282454785833932565e-09
-3.012223062179871342e-11
-8.338556032903739522e-14
7.687539099790211518e-10
2.545339916514306018e-08
3.522325102414945171e-07
1.328913509105336676e-06
4.221407722222216336e-06
4.315800835455753699e-06
1.028736470416723632e-05
1.779923765557446674e-05
4.338234722773654596e-05
5.936967088956941692e-05
1.004914620008156125e-04
1.046026459526107897e-04
7.919739617523916084e-05
1.302472704005715914e-04
1.885881701388440442e-04
3.617378709872543213e-04
7.174275431383388569e-04
7.247946867046185836e-04
5.506933906876405448e-04
3.608517877479323465e-04
3.129293561829724784e-04
2.560106505835579296e-04
2.349579806863200950e-04
2.426010766854441584e-04
2.665833769487246539e-04
2.938622368024166372e-04
2.795430538705008777e-04
3.511394579807914067e-04
4.129441747447623839e-04
3.999226567399399206e-04
3.889323899408380107e-04
3.798440704437206850e-04
3.304202004816971048e-04
3.946301401436381031e-04
2.932512260257135687e-04
2.164862090986221523e-04
2.510427754051713727e-04
2.506261559460296311e-04
2.255856911142439206e-04
2.833056245881952089e-04
2.157994503659624850e-04
2.135618222241210612e-04
2.339097457561647476e-04
2.810320530988110626e-04
2.617923223280299930e-04
2.914392129706245334e-04
3.355029694283537820e-04
4.117275314915443216e-04
5.159451935852602021e-04
5.434835630018369779e-04
6.071120372554541849e-04
6.237569982356000247e-04
6.559826800971108388e-04
6.574063916237088585e-04
6.496410911341406625e-04
6.800397406154516829e-04
7.040522596691165457e-04
7.193227782846203398e-04
7.944892066104503221e-04
9.817281942103427573e-04
1.112681221720913244e-03
8.929844451039440321e-04
8.326030855095227588e-04
7.671356101325895859e-04
6.449369949914741202e-04
5.992488521068535350e-04
6.232321392959142524e-04
5.922882845254230297e-04
4.087782558283120887e-04
3.836675498568120710e-04
3.924343479930620911e-04
3.415009230139239797e-04
2.991158269462129747e-04
3.166710104009460322e-04
3.489224344708183627e-04
3.616384311290720679e-04
4.224121503344392811e-04
4.826560558367314329e-04
4.724619948006326324e-04
4.906087209914403949e-04
5.273979405827623713e-04
5.244287351233406329e-04
4.968171618549231108e-04
5.689501191208762819e-04
5.517384248150179835e-04
4.837839927611236332e-04
2.793943463949056811e-04
1.854229915776377084e-04
1.035968071178151981e-04
6.531299793542721997e-05
6.274486846737994136e-05
4.239804100581309406e-05
2.521791067082897796e-05
1.808471019201428559e-05
1.255961078972534233e-05
8.792638731920443063e-06
5.681895752817360979e-06
6.989917482174252760e-06
6.134126729063904543e-06
4.464695909251202959e-06
7.763410983579887859e-06
5.279374352075401962e-06
6.656343603906775028e-06
5.069798201719988885e-06
3.983875086748276242e-06
1.457091220014432500e-06
1.343889549094327340e-06
beta5
5.777104189138399740e-04
5.472028659998056082e-04
7.019057766293375095e-04
8.091459819222072188e-04
1.037328726917502225e-03
1.175895724953034171e-03
1.428403293913293407e-03
1.622161823593962996e-03
2.000399631879330037e-03
2.159944901856333116e-03
2.219224251578314280e-03
2.367905442099623413e-03
2.234956185764763563e-03
1.892184552390130696e-03
1.633791798283829554e-03
1.700350497188091690e-03
1.516826854910654186e-03
1.482827455923623871e-03
1.411771840668423362e-03
1.465210355399748036e-03
1.275980751523174547e-03
1.102738633025473428e-03
1.054376772388945869e-03
1.025107873571760647e-03
9.467018101677079737e-04
8.963213174301486261e-04
8.257235965288964785e-04
7.237536912275634084e-04
6.981080701033608518e-04
1.059095667011663699e-03
1.074036921328285149e-03
1.262770893852232330e-03
1.464027946449154849e-03
1.685433028675529469e-03
2.028038269514954427e-03
1.696977481364274950e-03
1.616153242628026341e-03
1.685482722953054275e-03
1.666411159573780859e-03
1.235558574010491798e-03
1.041527883824211508e-03
7.195271803163836482e-04
4.886488692027157179e-04
2.279733169577308888e-04
1.595155686284748929e-04
1.682407570901760349e-04
2.489821617318557952e-04
1.647239294443904854e-04
9.993910496442420322e-05
2.828918415639519745e-05
6.605119032007710631e-06
5.412969035863314049e-09
4.793941359537321026e-06
8.249495228176157032e-05
1.888806264615140599e-04
4.493146941038938559e-04
8.465697568892161570e-04
1.247821349348077896e-03
2.038418821927619022e-03
2.332557064111887533e-03
1.527869594853744663e-03
1.343539688730774600e-03
1.332191649615329342e-03
1.126181706944242699e-03
1.200594408803866767e-03
1.283934779683764630e-03
8.726249921109255434e-04
8.482675147970943725e-04
1.351620039973237385e-03
1.608683858413636689e-03
2.197849886987078387e-03
3.012668373208664957e-03
3.322343293368350183e-03
3.704327684318210051e-03
4.086322868170288135e-03
3.007588365478995433e-03
2.617995579312076306e-03
2.813719173639965369e-03
2.953242918647465409e-03
3.269113570598052021e-03
4.013259502634548490e-03
4.259698579048896636e-03
2.746309310466159455e-03
2.704351301987035008e-03
2.415059613046634072e-03
2.424840529371232335e-03
2.266178994037872617e-03
1.444588636085277671e-03
1.916881210558309991e-03
2.200836120453623923e-03
2.351372364716169602e-03
2.551186971823920374e-03
2.678888571103641737e-03
2.415997342808117419e-03
2.276680666558058425e-03
2.652639653391673270e-03
3.540692281957156205e-03
4.825490929038715737e-03
6.245918888857161094e-03
6.373949405833575360e-03
6.855472473484343354e-03
7.357554976131896324e-03
8.684591641824598862e-03
1.023747692369279642e-02
1.122443923576462582e-02
1.222599873978458956e-02
1.344757601986794511e-02
1.454422797390784311e-02
1.517724821866231477e-02
1.426620665424956774e-02
1.353926777886534441e-02
1.281461372189173636e-02
1.218760058027372820e-02
1.223685980285947952e-02
1.237488712585476172e-02
1.229867235938003275e-02
1.316904481499618119e-02
1.395806201998949295e-02
1.487921497908059956e-02
1.584225709124955500e-02
1.634537792756336413e-02
1.558378947983133506e-02
1.396693131703621513e-02
1.269327054295339013e-02
1.287886221691002253e-02
1.263428594323018697e-02
1.310005835325737944e-02
1.178791974051158001e-02
1.075945278200461999e-02
9.951510468495565476e-03
9.091048393481387241e-03
8.475800062760895787e-03
7.675204270818934693e-03
7.374004872764789234e-03
6.976513125667381174e-03
6.552748802144466034e-03
6.336904716177573817e-03
5.975255686718571393e-03
5.532538948982597404e-03
5.242073046060471281e-03
5.059463579270897897e-03
3.921477090144197264e-03
3.284391978905630820e-03
3.043387240296522092e-03
3.751231127121232214e-03
2.929131935803228927e-03
3.031323203347911256e-03
3.347454761899072186e-03
