-8.507670253323720999e+01
-1.706323239721686775e+02
-1.142718091956403867e+02
-8.666863446654873826e+01
-1.816241210655626332e+02
-1.709100268152045317e+02
-1.620665232321368592e+02
-1.257695416669223505e+02
-1.255650264173976751e+02
-2.120479155152541750e+02
-1.185569106920934104e+02
-9.901919366685818602e+01
-9.389457965466264966e+01
-8.749890749298357662e+01
-8.750399503151517422e+01
-3.838721709331025522e-01
-3.228002795135380132e-01
-3.124827920772962897e-01
-1.071024666581839729e-01
-1.086348821136663978e-01
-6.225466387052402961e-02
-6.530838147674812577e-02
-5.034845712563786740e-02
-5.360621823834543082e-02
-7.439276136410589990e-02
-2.286661132257507001e-01
-2.503963243504382929e-01
-2.621157551113975637e-01
-2.626691084203398585e-01
-3.094469990226165756e-01
-2.987969370784896994e-01
-1.557759353361851951e-01
-1.447878764989622147e-01
-1.433831504836359516e-01
-1.597162528461344155e-01
-1.236048019158727945e-01
-1.324686197861369152e-01
-1.511898170978153710e-01
-1.889672966037893032e-01
-1.807164897608207754e-01
-2.090926204555338119e-01
-2.145874068110585897e-01
-3.785026967369181095e-01
-8.314880421472907734e-01
-8.001387918513510611e-01
-8.595388383687048162e-01
-9.813374308967812709e-01
-1.109652087076602456e+00
-1.280630427850374842e+00
-9.115877228339973604e-01
-1.045730827126313489e+00
-1.149524432313467459e+00
-1.169919501549136376e+00
-1.254419737254885314e+00
-1.357974775164079384e+00
-1.795217217430718604e+00
-2.043359386366198294e+00
-2.767790053303787356e+00
-3.176087259940645335e+00
-3.613181608831318226e+00
-3.150475782126424207e+00
-2.593624053729784773e+00
-2.189122750853753629e+00
-2.351073341031778785e+00
-1.750496316851993583e+00
-1.073471305971464451e+00
-1.099920511850619675e+00
-1.103074063090701662e+00
-1.105668501144511540e+00
-6.475134170124367816e-02
-7.305108035002894074e-02
-2.364106003449599758e-01
-2.139897927287952584e-01
-2.179124794272596366e-01
-2.210995121090333360e-01
-2.161895327279053924e-01
-2.415272691566619223e-01
-8.416879451655362443e-02
-8.678042550502806929e-02
-7.809010841084217114e-02
-8.520689001637625493e-02
-1.404257400832789326e-01
-9.826555671123449187e-02
-1.033536823574264657e-01
-9.540114819292631887e-02
-9.719036284960007321e-02
-9.863399772192198156e-02
-2.889159706958688290e-02
-4.004746854016533186e-02
-4.105068769221185271e-02
-1.499394354819856834e-01
-1.490300532424209956e-01
-1.284795928124410069e-01
-1.290499573938501399e-01
-1.287354737073966859e-01
-1.146206637886389018e-01
-5.854591087058509842e-03
-5.465318751643122135e-03
