-2.082108130367331736e-02
-1.999265678416210432e-02
1.715851141389080486e-02
1.654165643090871676e-02
1.871170441180005500e-02
1.294656721527578588e-02
4.690640777505493408e-03
9.272778345341785300e-03
4.189965253102194420e-02
1.767095967455476618e-02
-9.392183704256254137e-04
2.157324939461567961e-02
1.711427126270918114e-02
3.744382627628371762e-02
2.909065635132839639e-02
5.033245643217182375e-02
-3.568467243298951291e-02
-6.052080906095627828e-03
-5.220703525724087676e-03
-3.815908472099256189e-03
-4.978393256499132058e-03
-3.179389422000104045e-03
-1.948742129731859674e-01
-3.508335115150283852e-03
-6.201961036742005898e-03
-9.082274652641024112e-03
-9.742390108136482485e-03
-6.324620666144279910e-03
-7.887790091591595498e-02
-3.811732560761930781e-03
-8.167357724652589412e-02
-6.085031053850238798e-03
4.596337383615266108e-03
-1.745856871401673879e-02
-1.154355729918434340e-02
-2.285929584030434170e-02
-2.455339057736136837e-02
-2.665584919498199812e-02
-1.311663559341309099e-02
-2.512864558593739042e-02
-2.334688657794829151e-03
-3.463558244595561515e-03
-1.678616693838460086e-02
-1.518458689594084227e-02
-8.967099711810075369e-02
-6.366656182320843370e-03
-6.798136434612783024e-03
2.009131259635261416e-04
-3.569670645169790470e-03
-2.569461162110794547e-02
-6.288748844309105523e-02
-7.652510865134008744e-02
-3.783681033669614169e-02
-6.781550408956589504e-02
-6.103038378243816342e-02
-1.194280805697738729e-01
-9.280333858794603125e-03
-4.434957391348369297e-03
-8.910825094073256819e-03
-1.003817724613565408e-02
5.349386790170123154e-03
-2.715756826771061495e-03
-9.606034180027029148e-03
-1.159772936859331492e-02
-4.739465683192137409e-03
-1.209980634768462182e-02
-7.755687153316324738e-03
9.215427452328654734e-02
-2.676188735354244341e-02
-4.042326204134270851e-02
-3.695137630308716753e-02
-3.914057794644233701e-02
-3.469545969981539107e-02
-8.700938315257067054e-03
-1.449131499702464507e-02
-2.996938213718915514e-02
-2.985888278242140523e-02
-1.773099293071917978e-02
-3.235381462305014777e-02
-5.756055697845429558e-02
-7.449486683744031834e-02
-1.273259590954629872e-01
-5.757575161571249628e-02
-1.158561542577892234e-01
-1.596161640597658915e-01
-4.483115577256779199e-02
-1.177530962104408885e-01
-8.524934353526348457e-03
-1.661098453547956433e-01
-4.225395201671506597e-04
-6.354439771820282953e-04
-7.557706743319379545e-04
-2.809379584702682516e-04
2.390484500900478659e-03
-4.615525013296252217e-04
-1.192616785717111674e-03
-8.750456185538617445e-04
