4.583292628086257686e-05
-1.153487868833534465e-04
-1.465421080196649027e-04
-1.802552158267937618e-04
-1.746923210812836044e-04
-9.883204416608522291e-05
2.008083619389551158e-06
8.478394016043491396e-05
1.840615756499487275e-04
3.318251507344732450e-04
4.437376071534309221e-04
5.411906339115571309e-04
7.096140293363523708e-04
9.600129991225747096e-04
1.249475960275329414e-03
1.604063144924082257e-03
1.988240463897383674e-03
2.468262628222605160e-03
3.066173199238263637e-03
3.397591125478531798e-03
3.666831707855730798e-03
3.903612792308616599e-03
4.147959636140272945e-03
4.406815324215701719e-03
4.672781216103756401e-03
4.876311592763095913e-03
5.005109984287985092e-03
5.074215457498789696e-03
5.143730670240826384e-03
5.089565983130308821e-03
4.972591882829336708e-03
5.121859752403196478e-03
5.269384467863023717e-03
5.413233318861548210e-03
5.586064845133540367e-03
5.703024145188156750e-03
5.877093202802194209e-03
6.242563503908245444e-03
6.462271512716183212e-03
6.678414736215334928e-03
6.783408494837540187e-03
6.868178214795677729e-03
6.839421202476402874e-03
6.808912862685458957e-03
6.793845793145659138e-03
6.714888490932748033e-03
6.609618597282638543e-03
6.526871465233463794e-03
6.400861252029380749e-03
6.043318262839187695e-03
6.057566799213692094e-03
5.844801198852749534e-03
5.659807091763644632e-03
5.465727912155091996e-03
5.505419482435392094e-03
5.459141889669044852e-03
5.263773262515705591e-03
5.071131327592372923e-03
4.925613924857180116e-03
4.670289544296793612e-03
4.317238997982389588e-03
3.985632502962964049e-03
3.446163013974740553e-03
3.093350686718880031e-03
2.779296137951568681e-03
2.465939888527801140e-03
1.954600437236365517e-03
1.493503324770625732e-03
1.181184969353298638e-03
9.082844283515360785e-04
5.804402562958188702e-04
3.618150922132842948e-04
1.496474962332068278e-04
-3.071583767745120100e-05
-1.486649942914953137e-04
-2.453605519702736553e-04
-3.549279197915599184e-04
-4.195939224315909147e-04
-4.763505494961124622e-04
-4.971992836782625561e-04
-5.053789511827846753e-04
-4.960046735408674785e-04
-4.652869942487422323e-04
-3.947528696416500917e-04
-2.467905104036290705e-04
-5.601073546923081265e-05
9.260417722785044714e-05
2.742005050013829933e-04
4.965416248671822774e-04
6.965964957302291745e-04
9.174637254802973452e-04
1.138790354057331831e-03
1.388236907641446751e-03
1.641108012810222347e-03
1.876528736513107367e-03
2.127694516156770823e-03
2.443621077650514912e-03
2.717310766117082225e-03
2.944749039238183427e-03
3.136257089597737149e-03
3.262453101780769370e-03
3.394677591666274159e-03
3.475298249739374509e-03
3.591391145532685930e-03
3.716276503146220128e-03
3.794948432811207691e-03
3.897963410096922949e-03
3.947031495871844604e-03
3.875477695157973721e-03
3.780086263939061355e-03
3.725745796289767122e-03
3.726987604717885757e-03
3.748746444660055587e-03
3.758754631510130648e-03
3.820119366205925251e-03
3.849416899944702129e-03
3.856791955089265093e-03
3.905119432767846597e-03
3.925473948707933897e-03
3.982318220276400735e-03
4.073325129118942137e-03
4.188964134009663491e-03
4.315556095926753426e-03
4.435597223384871689e-03
4.540461629759020949e-03
4.568058910412209871e-03
4.555799586815504308e-03
4.572705196900795840e-03
4.593008839943445512e-03
4.639033712361004258e-03
4.712332456615495914e-03
4.878402508961432460e-03
5.014848005342368610e-03
5.113637085749379689e-03
5.210067364485042492e-03
5.345019612060888416e-03
5.455439815840570743e-03
5.614182246681867321e-03
5.729831876947152382e-03
5.818537645876159341e-03
5.946919814628616463e-03
5.929644124074972926e-03
5.851782455963672018e-03
5.641285911534098425e-03
5.446932954135824852e-03
5.198867880824171658e-03
4.960990077064473917e-03
4.609373397501850822e-03
4.274920892696206648e-03
3.924217897672009452e-03
3.591909487020142431e-03
3.252013270100614830e-03
2.859017534125583761e-03
2.571671711975243284e-03
2.372500512535242589e-03
2.153247065098562452e-03
1.915411323777258803e-03
1.741312748589243830e-03
1.577376193619971527e-03
1.433381173262143629e-03
1.312248653207117102e-03
1.240810717146487120e-03
1.214775241565563962e-03
1.232046624181077363e-03
1.218000538730589334e-03
1.195657745911622542e-03
1.132410916980147340e-03
1.099475261366794241e-03
1.093664876915404491e-03
1.101986356016115788e-03
1.097757519451832446e-03
1.138972225327026383e-03
1.220970003417350862e-03
1.326457141672952519e-03
1.428439021884171005e-03
1.475244042456317012e-03
1.521680972402256237e-03
1.593097215765413915e-03
1.646713785512187583e-03
1.704846276956852513e-03
1.782398499770437850e-03
1.871691197550926986e-03
2.027974737229538364e-03
2.092276145547341658e-03
2.120021489885793534e-03
2.097072145822282806e-03
2.061024695729535023e-03
1.981735244413076243e-03
1.929490590301629477e-03
1.853876672104926362e-03
1.763223431811134336e-03
1.679034045052061512e-03
1.559313744064165204e-03
1.423920031378452964e-03
1.205606133326357242e-03
1.035367636659697112e-03
8.690696136052295439e-04
7.329797007368464004e-04
6.175249847630543505e-04
5.649500768443865839e-04
5.504141436497339730e-04
5.391294158352480251e-04
5.223250849427728921e-04
4.729410641854843445e-04
3.808762088803130472e-04
2.520308227270938472e-04
1.116411305959612884e-04
-4.952663410690391388e-05
-1.729505512052758969e-04
-2.913673611440868077e-04
-4.160988206919250085e-04
-5.253097526596887598e-04
-6.810978305099589557e-04
-8.692433655879783054e-04
-1.007726923752880633e-03
-1.123623381152565265e-03
-1.186477850380110747e-03
-1.208044749011598102e-03
-1.219433813114077173e-03
-1.211002048550055337e-03
-1.263384980515572806e-03
-1.318410700433719383e-03
-1.371011040003688834e-03
-1.444922973743808419e-03
-1.476779907669113811e-03
-1.496518064819294747e-03
-1.544948902884738526e-03
-1.556358159030050287e-03
-1.570636336982800425e-03
-1.562926749748926210e-03
-1.564340051304075356e-03
-1.535647995312338851e-03
-1.439906023849668029e-03
-1.344222345050668545e-03
-1.268006970591282383e-03
-1.207016399043929185e-03
-1.170775914580368020e-03
-1.122167780072309785e-03
-1.061783918937895350e-03
