5.434583129484759712e-05
4.270414004315537258e-05
4.214172405092469386e-05
3.671719572922433987e-05
2.979542795622951414e-05
2.516132439974265908e-05
2.193459808403667256e-05
1.926024896656140223e-05
1.712675492342757475e-05
1.541811577134764134e-05
1.401883182084073881e-05
1.286212371545611264e-05
8.378578898102131872e-06
6.628237164299882746e-06
3.378607572258936361e-06
2.123614685212424531e-06
2.130112077233780482e-06
2.071200439709792191e-06
1.898195377135068459e-06
1.854802418309778050e-06
1.850879674764065537e-06
1.847805541639990141e-06
1.859498795159267517e-06
1.850985552025232944e-06
1.817259398047520290e-06
1.116710728544038243e-06
1.210761465266216305e-06
1.354913021358026693e-06
1.218423808333923281e-06
1.124591009127060972e-06
1.083226177417028884e-06
1.081954635161436065e-06
1.080994776000182331e-06
1.080717190128061194e-06
1.066883952839403216e-06
1.075847312535775264e-06
1.064328760794613100e-06
9.384362478391999795e-07
6.759407643638169778e-07
8.314786497507703272e-08
3.744328062364046452e-08
2.428716591212527595e-08
2.413704438015095807e-08
2.381778344149060433e-08
2.380017128537774770e-08
2.378827339556355124e-08
2.376223047394773185e-08
1.178423422583782524e-08
1.175447974296849542e-08
-8.368835899866686918e-14
-8.088139404624346715e-11
-3.749131791752439068e-10
-9.314016847322592845e-10
-1.392883789613445865e-09
-3.883697594217269466e-09
-1.286626890546333361e-07
-1.465523811613415020e-05
-1.566195423521845852e-05
-1.688608138009375871e-05
-1.760971409466721105e-05
-1.957676640549560609e-05
-2.178733584479882975e-05
-2.436228933007287165e-05
-2.866532077337231554e-05
-2.984868075657947075e-05
-3.036106474451541251e-05
-3.041168292277346752e-05
-3.029604680273874007e-05
-1.576977421022686382e-05
-1.476316797030219342e-05
-1.354533074082800166e-05
-1.282175878167786192e-05
-1.085503125319944578e-05
-8.644507985432856332e-06
-6.074311084874331538e-06
-1.786779130256837843e-06
-6.460550275562941448e-07
-1.359142067945978373e-07
-8.857688038696296643e-08
-7.962720152961618139e-08
-7.939943490604923448e-08
-7.929162059789798291e-08
-7.300170482836785407e-08
-7.294094940471904378e-08
-7.261616406965087658e-08
-7.256991212913817237e-08
-6.773252978573210133e-08
-5.193900931881611966e-08
-8.746640306647607207e-09
-6.041991027519824226e-09
-2.703253725002290251e-10
-7.713280415276516244e-11
-2.064860079591831639e-12
-8.271419563458221728e-18
-4.801993176011848392e-21
-4.801994397822401698e-21
-4.801994397822401698e-21
-4.801994397264885605e-21
3.372331880890544209e-17
3.298826085747967398e-12
4.479974779025380216e-09
2.033986147158126973e-08
6.697451544700253014e-08
1.238541690604166328e-07
2.256309924119369708e-06
3.023287979267234702e-06
3.873992785632909021e-06
6.437338269217389296e-06
9.024312934599866036e-06
2.047522315619276670e-05
2.341032732258628988e-05
2.692017173030355790e-05
2.968730237615097565e-05
3.949354849932645964e-05
5.608129902910021517e-05
7.402161476316233455e-05
1.114950731159913318e-04
1.338538414527890052e-04
1.495782020473004231e-04
1.611765836396160639e-04
1.975606302321104759e-04
2.013391799800183068e-04
2.224995454810231154e-04
2.296696192615522200e-04
2.379612089819365132e-04
2.530382379860816053e-04
2.615008373970228854e-04
2.999029109599867004e-04
2.732094589657835162e-04
2.690651073563057297e-04
2.585737952629534237e-04
2.506897061648904633e-04
2.134991110216631594e-04
1.995582835809343045e-04
1.766191921629987405e-04
1.661955987126244576e-04
1.559952582621293199e-04
1.321141465756055374e-04
