4.814984204489433650e-04
-2.564495729218352338e-03
-4.864559222063156020e-04
5.459603051326990665e-05
-3.618263104685049726e-03
-7.757043144336734329e-04
4.166702228554900259e-03
1.107611911571189031e-02
9.541465467957111271e-03
1.169973293831534991e-02
2.746763335197566214e-02
3.519809927545555078e-02
2.062374367311900492e-02
4.941347282307819062e-03
-2.808511327965901479e-03
-9.017061329760510391e-03
-1.302738847603610028e-02
-4.658819906847971523e-03
-8.037618261132480069e-03
-1.460699248648457405e-02
-3.430954714280540219e-02
-2.858921958818599895e-02
-2.804672282120517640e-02
-1.809168206642561283e-02
-1.155095741072609435e-02
-2.366680771633317137e-02
-2.147224679631428573e-02
-3.555982350726456798e-02
-4.103989692101651932e-02
-3.902151519988404649e-02
-3.251294174466751175e-02
-2.205209137529089841e-02
-2.361637252073998244e-02
-1.832306153712377761e-02
-2.200641971330467156e-02
-1.276332729535752455e-02
-8.460699586208691308e-03
-4.031625201507500408e-03
-5.419818788117449632e-03
-5.996495021618999249e-03
-5.486070170160103898e-03
-2.033734685972416259e-02
-2.001608429813635237e-02
-2.184007012913743995e-02
-2.369928597606753978e-02
-3.021266936911677983e-02
-5.089733571343993401e-02
-7.420966629518721547e-02
-6.630869886172244265e-02
-8.873860797250798793e-02
-8.117552581375275800e-02
-9.940922141803684720e-02
-1.054192704997869434e-01
-1.071265461188833645e-01
-1.304355675492003819e-01
-1.306022341846493351e-01
-1.783563894245322745e-01
-1.992287321521948040e-01
-1.811084386753529230e-01
-1.548726851699901985e-01
-9.735438320154790603e-02
-1.019836208736531191e-01
-8.789504318643368008e-02
-7.219362658225614293e-02
-2.651098302893912725e-02
