beta2
8.827606343509163817e-03
8.832452763596919387e-03
8.941963817909051940e-03
9.035837501115338150e-03
9.077969988280688157e-03
9.146614657872396276e-03
9.230260280630977338e-03
9.244481119034678521e-03
9.290169011685747019e-03
9.364466731603297150e-03
9.479953270013767586e-03
9.588278171940609745e-03
9.565168500743202740e-03
9.561784356475274901e-03
9.674652674293515719e-03
9.828342404944283295e-03
1.003659551957534167e-02
1.012162895912980913e-02
1.007919125720038028e-02
1.003268055429958061e-02
1.005636751104567808e-02
1.000287487471724496e-02
1.002295981153672466e-02
1.001310596063754478e-02
1.006407911547343645e-02
1.012770490555526745e-02
1.016010648953240975e-02
1.018803431628444514e-02
1.025408208340420485e-02
1.025661347083488273e-02
1.027934309694898338e-02
1.038313015429407835e-02
1.037047110677657979e-02
1.044432239471369990e-02
1.053967470369490678e-02
1.061128089723617843e-02
1.061426343481575857e-02
1.066734512337475828e-02
1.065541501763857257e-02
1.059185244782462343e-02
1.048844770541949162e-02
1.044820392309695617e-02
1.042008597880841533e-02
1.041454313748806093e-02
1.044639003746860965e-02
1.062530755500257218e-02
1.073943129156611741e-02
1.090986992432410596e-02
1.114055295510684059e-02
1.135964214980531885e-02
1.154023944145554995e-02
1.162587376411933736e-02
1.164330581271243170e-02
1.174762892289555466e-02
1.191237789575412716e-02
1.198940548933272003e-02
1.201197963482337171e-02
1.192829113859533025e-02
1.195011012547779125e-02
1.202840226781086257e-02
1.211528271373630249e-02
1.227840575518748291e-02
1.231974422246707307e-02
1.226670957704665763e-02
1.219150732947524990e-02
1.200657809637720695e-02
1.190414698937148838e-02
1.171761489692531473e-02
1.170617792281481578e-02
1.175202735609794102e-02
1.170201119629839769e-02
1.168306142148586163e-02
1.157813335956685633e-02
1.144788563311239030e-02
1.131287027509673276e-02
1.123781039558704835e-02
1.108086744560831879e-02
1.087554783218825163e-02
1.050308346033375015e-02
1.016718675684102208e-02
1.009864893709429973e-02
1.022735522207714881e-02
1.036688978178024884e-02
1.046590538216474360e-02
1.058405434127602379e-02
1.075382036493280347e-02
1.092536057951308190e-02
1.110074497358090259e-02
1.114454053804783684e-02
1.123275978244464915e-02
1.127686198076165505e-02
1.129956448366706105e-02
1.130592312363422683e-02
1.138609447633839346e-02
1.150045770793065719e-02
1.160296730669016507e-02
1.164749329801502073e-02
1.173646399163486356e-02
1.184689924198875643e-02
1.194566177774487870e-02
1.202828390139787720e-02
1.204657839693997964e-02
1.204612440398713374e-02
1.210358721821585583e-02
1.206492526708316179e-02
1.208700820334126375e-02
1.204420082347626778e-02
1.193011083686061104e-02
1.184748613322647234e-02
1.177053435757776517e-02
1.174317410443707216e-02
1.183652111098515078e-02
1.176525248115521324e-02
1.173676502994972295e-02
1.171783771750855609e-02
1.176159538604459355e-02
1.182616959316542746e-02
1.192677119203158428e-02
1.193372082234417722e-02
1.197544132499607158e-02
1.194778141129226867e-02
1.189040200306033801e-02
1.183741847428160937e-02
1.179954744759026050e-02
1.173776056542430619e-02
1.168558815065862122e-02
1.173188014247584024e-02
1.175109958770130525e-02
1.178576646752815642e-02
1.177213222150186658e-02
1.169596784101740831e-02
1.166999734296517328e-02
1.162922749155447313e-02
1.162569434772550703e-02
1.160401319671802711e-02
1.155874796042337740e-02
1.146856604835450044e-02
1.135962601348406917e-02
1.135394883960012466e-02
1.135504827978075192e-02
1.131570638397854170e-02
1.120337086495079224e-02
1.129456435486435664e-02
1.143265704233453056e-02
1.155302246964598836e-02
1.164449022128602809e-02
1.171254090642031079e-02
1.172696621107617750e-02
1.159587229572975157e-02
1.163541196722050163e-02
1.168451309165899690e-02
1.169211386422700644e-02
1.141390931200681781e-02
1.163205887721257062e-02
1.152106761373436657e-02
1.141511530308659920e-02
1.130381841421297315e-02
1.139465718069361186e-02
1.155980374471334872e-02
1.173812981062593089e-02
1.169891193955216978e-02
1.170566931175442971e-02
1.184355925551352877e-02
1.192578697690417286e-02
1.192239100034089491e-02
1.184142653681560797e-02
1.179521015694392008e-02
1.161350318260312084e-02
1.133011519169611729e-02
1.099428140337924478e-02
1.081315662123214297e-02
1.070007332025516358e-02
1.068749509097093042e-02
1.046832114169490152e-02
1.050877423144061171e-02
1.056575716948957022e-02
1.054197241714566191e-02
1.055405864087800849e-02
1.055761164171362121e-02
1.069684063024536891e-02
1.069332432605471159e-02
1.079100360441807849e-02
1.087941589149497498e-02
1.091859254185682804e-02
1.088474463742693590e-02
1.092863766897968561e-02
1.111354963669737572e-02
1.119794621905175966e-02
1.091461149933783265e-02
1.099280436794560813e-02
1.102844364706100783e-02
1.110396617059526345e-02
1.112594810630535350e-02
1.085443672366363452e-02
1.074877112373933893e-02
1.064136680869024257e-02
1.045070826285599865e-02
1.048204195449004179e-02
1.047748081216212657e-02
1.031646546235156364e-02
1.023179020717683574e-02
1.010863044352946008e-02
1.002999798932025996e-02
9.854690015720764251e-03
9.840115674391445438e-03
9.856504054512391436e-03
9.963160554606210334e-03
1.017885197132849771e-02
1.031319319627362410e-02
1.036217044193590842e-02
1.036313209379594209e-02
1.048590869800691480e-02
1.055449696016100627e-02
1.048809976961748505e-02
1.046489217018230569e-02
1.041760825254504919e-02
1.047012006253300251e-02
1.040535694968173705e-02
1.036739070188314599e-02
1.032284079940079015e-02
1.014752778228429110e-02
9.942780621265648322e-03
9.837681440798214799e-03
9.727283961642789467e-03
9.536500251033110803e-03
9.538213743308423739e-03
9.558719414244378626e-03
9.587528223325919932e-03
9.670493973212557909e-03
9.703620616047861636e-03
9.825265771385708474e-03
9.927622414327794825e-03
9.981518937980845760e-03
1.001324066929413711e-02
1.010623830901083951e-02
1.013628237045295991e-02
1.017035578910883802e-02
1.008967487025717348e-02
1.002687405789887132e-02
beta3
3.326739957530814492e-11
4.401958502263279872e-11
1.237831143112657759e-10
2.517991440718058648e-10
2.011437696819625815e-10
6.137994731859813653e-10
2.227626638389920610e-10
2.401203422159365303e-10
6.405852390878390907e-11
2.510592506573502645e-11
8.819015697427557617e-11
1.066474749390641999e-10
9.841876220234337423e-11
2.939674895449251957e-10
7.628211097960775320e-11
1.072631091057780517e-10
7.664831724699214301e-11
8.674781972051176815e-11
1.103692461532719859e-10
9.979692070484295188e-11
2.092973828298235819e-11
6.477012619663805508e-11
1.127589696362781867e-11
3.534911629067166756e-11
1.975875675006801244e-11
1.233974539548561775e-11
1.791134842665663427e-11
1.507510306236635339e-12
1.099625812769990941e-11
6.223959874847509169e-12
4.508904820051575618e-12
7.035449366289810686e-12
1.826262448754300547e-11
6.148578153477327731e-12
8.266028113277844004e-12
1.664238698518139054e-11
3.903437473926181283e-11
5.859092826411727748e-11
1.131085294506437147e-10
2.658193692972613735e-10
4.654106895272426240e-10
3.447366265620199516e-10
6.817743352120566324e-10
8.903449936082465630e-10
1.541836438576016625e-09
3.685185812119059627e-09
1.919840163421602566e-09
6.620652524656839844e-09
3.418188387177075579e-09
1.102947890002485379e-09
1.449598356202389998e-09
1.018955226257836992e-09
5.413549609090937921e-10
1.589167255372671416e-10
1.110807829987681589e-10
3.087117161504479019e-11
1.258118657342030175e-10
2.527904789334010899e-11
1.129373963456520973e-11
2.710237590575797550e-11
1.382947734871198390e-11
6.841881866183355163e-11
2.581384286699843822e-11
8.994803663089430503e-12
3.800666799014343589e-12
6.374726254202418498e-12
9.289047014643300676e-12
1.066865127637450732e-11
5.538571235129314545e-11
2.195209453626553202e-10
6.737899274030980084e-10
1.923871977538143847e-09
3.481845373372256724e-09
1.982486639144546116e-09
4.444689791172065274e-09
3.952842724965719785e-09
1.331859283698251818e-08
2.174719351509578802e-08
2.161402526916947374e-08
2.220635227719244867e-08
2.544116956776627743e-08
2.996357074296682818e-08
1.443335407192778923e-08
1.779181431086562297e-08
7.323586994801099346e-09
1.545123895366822814e-08
6.112881723999337093e-09
5.021473517496396424e-09
2.283430332438426563e-09
1.054259391758676568e-09
1.745133160551280480e-09
3.277896605807405718e-09
1.082475934643241919e-09
3.283281751712802361e-09
4.797116974260332141e-09
2.541799883508768568e-09
1.872909665821514792e-09
3.444706953673675000e-09
1.775197907921798281e-09
3.029893354778909845e-09
2.537230899913804691e-09
1.955196457994484453e-09
9.228114475113829640e-10
1.023266304717056569e-09
7.706059077190048639e-10
8.821838915377988695e-10
1.883486339088233974e-10
1.240524766499736924e-10
1.670240101603772249e-10
3.279867600066479086e-10
5.148534232935297996e-10
3.642835144335383941e-10
4.146388558751521190e-10
2.025672243838255350e-10
3.455343967307885571e-10
2.675457912533018092e-10
6.323813785835649608e-10
3.479022629458330369e-10
3.630597654815225379e-10
6.259432271744864032e-10
4.014644763343567445e-10
5.375639398284056495e-10
2.308501070351371073e-10
1.843378889243625754e-10
1.235548252827879154e-10
3.560262412321792634e-10
1.139421604052855834e-10
2.456729806544134253e-10
2.443078039100009978e-10
2.195841248316170490e-10
3.791888655472839111e-10
3.059623759207695625e-10
2.315407441268512738e-10
3.628215457092179370e-10
1.600654673145667025e-10
1.078444214601905718e-10
2.218946817665258137e-11
4.537098718616687315e-11
4.149523621249075868e-11
8.582709907917704475e-11
3.520393085568292903e-11
2.662057138501891045e-11
4.762245658371237660e-11
4.880330441159452277e-11
2.114534161659862089e-10
2.123486630022575368e-10
1.870332177467653592e-10
3.182730941783504467e-10
1.844957635223068088e-10
3.118938393129768076e-10
2.537629821595198040e-10
3.864548550434166022e-10
2.310314180142847439e-10
2.304576226854654277e-10
8.279240650311199141e-11
6.929032547507518486e-11
2.056426277621143897e-11
1.105278783748637471e-11
2.106719438682538507e-11
2.569689097777770979e-11
6.506078657199002418e-11
9.972139334665688227e-11
3.623434713974069374e-10
3.579017113369728429e-10
1.781645864902043752e-10
2.929501712195947219e-10
1.735361594533272505e-10
9.410249079370174997e-12
4.218316479349625175e-12
1.761803838759944524e-12
4.151285398789986877e-13
4.038145824242229582e-13
1.011538755727301005e-13
5.247905516654394882e-15
5.658841385061730746e-14
3.574909827423314650e-14
2.254207079907797675e-14
5.521469514704698848e-15
1.120239788706607273e-24
4.939633139678306837e-19
-2.167540028001448335e-19
9.944962135744319083e-29
7.840600757748966223e-25
5.321723100885867234e-19
2.570942482943288281e-23
3.698151187960344938e-25
1.010522088132505650e-25
9.715987114560613139e-18
3.339371996079906453e-19
-8.700943598420545324e-64
-2.787442570308504249e-18
-1.279530307501931786e-17
-7.862450836665348915e-15
-1.232628161701365907e-15
-2.585913704440645761e-14
-3.273526282627156928e-14
-1.724618281594047210e-15
-5.161152290602127512e-14
-5.715486475062857496e-14
-1.125383420911332993e-14
-2.012660645760146578e-14
-2.571097547943491010e-14
-8.556776399209471280e-16
-9.863481417195753735e-15
-4.573074445841198636e-15
-2.282238221178358561e-14
-3.358212998872846593e-17
-7.241627540577660501e-15
-1.928868271896757063e-13
-1.050108055237560308e-13
-1.368485241419218129e-12
-2.734292722048956841e-12
-5.467713065826161022e-11
-1.859783503190453243e-10
-1.468518790075648328e-11
-2.662561862693922418e-11
-7.982572071971450459e-11
-5.208281010448620067e-11
-1.367958094442920836e-10
-4.802384157400098995e-10
-4.190741022900596541e-10
-1.630540269587960864e-09
-1.138081766458250523e-09
-7.518667301217227516e-10
-4.463495101542327916e-10
-5.627200175517619611e-11
-8.895173545452542010e-11
-8.406358213137277146e-12
-5.638211903590399966e-14
-8.524946840938643886e-15
-1.327601698063500577e-17
-3.522867824958033968e-16
-3.248674197073136469e-17
-3.238562118901882767e-17
-7.718983718647780027e-19
-1.137663904832796506e-17
-5.481869401790062441e-17
-2.389251335525067572e-16
-7.757977836575885529e-17
beta4
-1.040184630010762210e-02
-1.112555978412023416e-02
-1.169189187299880112e-02
-1.129002468863393206e-02
-1.106699843334720858e-02
-1.011136707301907300e-02
-9.550436131326184991e-03
-8.827124418875285580e-03
-8.564554799726212600e-03
-8.861719710131943373e-03
-9.010991019737867036e-03
-9.082312905535135095e-03
-8.878450025348927355e-03
-7.308444802768727239e-03
-6.971701279262454594e-03
-6.676569401260759248e-03
-6.621418589987396186e-03
-6.736789919630801170e-03
-6.843498296463039823e-03
-7.072079647541877970e-03
-7.393529200635431259e-03
-7.441235641263089541e-03
-7.400587329861391811e-03
-6.675583956399144467e-03
-6.278660558249623755e-03
-6.008245278212774598e-03
-5.861829315183699277e-03
-5.748964895312487847e-03
-6.066942006259831710e-03
-6.286377276625452690e-03
-6.576556531230774542e-03
-7.145350192669739503e-03
-7.149337171113111927e-03
-7.580679836818444289e-03
-7.941059168379586627e-03
-7.993891658900879535e-03
-7.503463666276466437e-03
-7.396155805479695707e-03
-6.634422067967554390e-03
-6.297674230742490720e-03
-6.057330230476420593e-03
-5.977145824688811712e-03
-5.918457368083546513e-03
-5.706335530201498904e-03
-5.333547641423069287e-03
-5.849010407621793063e-03
-5.212136143405501909e-03
-5.053649711624521798e-03
-4.769909300788943360e-03
-3.833573119934385182e-03
-3.619048730097856447e-03
-2.948534182500884247e-03
-1.884578566156931050e-03
-1.614441661034182133e-03
-1.932195865536993039e-03
-2.205649520383051385e-03
-2.480439401581968281e-03
-1.702705058298276250e-03
-1.809028394681147858e-03
-1.490752318002197627e-03
-1.362417566589882098e-03
-1.560905610435811726e-03
-1.559693575170948213e-03
-1.174922496518547533e-03
-1.112355594532747020e-03
-1.200833451692678378e-03
-1.486059541818306011e-03
-1.578661744673027969e-03
-1.882127583323706110e-03
-2.233933268826160997e-03
-2.662146599756667724e-03
-3.123318280434945592e-03
-3.461755826170607141e-03
-3.083737905303550464e-03
-2.834514016092062362e-03
-2.824918788866328211e-03
-2.348852301472026394e-03
-2.047712215396057904e-03
-1.999580936950374425e-03
-1.698856672940698932e-03
-1.484479850432373314e-03
-2.067905729898188855e-03
-2.695024885190942538e-03
-2.901470412599338987e-03
-2.960177476693905303e-03
-2.932256853229714150e-03
-2.860642171307594891e-03
-2.716115248759013237e-03
-2.743994830001349368e-03
-2.766490092143614708e-03
-3.164496420947987988e-03
-3.550315870759058676e-03
-3.687350556421028873e-03
-3.819409628547796882e-03
-3.796599095378235152e-03
-3.760908386048405355e-03
-4.081476944333063683e-03
-4.370663696941489221e-03
-4.609710823638925661e-03
-5.033565284382670452e-03
-5.396774236026153498e-03
-5.699354618138863238e-03
-5.668945077005599700e-03
-5.310308950929248234e-03
-4.955904305532434981e-03
-4.512069520552516519e-03
-4.060013626179794985e-03
-3.857770064935639714e-03
-3.656837536173905209e-03
-2.951562063502388266e-03
-2.829967395178951267e-03
-2.679523180704236791e-03
-2.329934265547212342e-03
-2.084607812157940332e-03
-1.802927304308789714e-03
-1.825915523658918314e-03
-1.874694440886815220e-03
-1.786213983678840459e-03
-1.513492092821691701e-03
-1.304240262081847023e-03
-1.262928567114689812e-03
-1.229055583191891211e-03
-1.234735832842303845e-03
-1.151982114826724697e-03
-9.799981899863800805e-04
-9.120414757387881443e-04
-1.231433183862222849e-03
-1.537849198160487138e-03
-1.856403408276459692e-03
-2.295693988911896508e-03
-2.902535714775123562e-03
-3.275649571300225712e-03
-3.809390286653195276e-03
-4.173371935696312471e-03
-4.897453472565101162e-03
-5.608955936526608538e-03
-6.379423668454037299e-03
-7.355056230474580833e-03
-7.746738002538826329e-03
-8.352701428481417584e-03
-8.836313450175376297e-03
-8.877136358091534604e-03
-8.543926458307204985e-03
-8.274220404340393298e-03
-8.128397917804248279e-03
-7.879540038956184614e-03
-7.813646799405238666e-03
-7.668166142188487244e-03
-7.612845485857753364e-03
-7.459171628353599738e-03
-7.066263336150173380e-03
-7.246516353671013204e-03
-6.384644192616431568e-03
-5.183431566443628610e-03
-5.322776072355876915e-03
-5.667959674436744491e-03
-6.121655160209884573e-03
-5.439022526762728876e-03
-4.552212249213000855e-03
-3.742367113612901121e-03
-3.201322720100985286e-03
-2.619114408619689811e-03
-1.734641580046469064e-03
-1.281489567756612363e-03
-1.017524943929970548e-03
-1.292192919078287384e-03
-1.511955223414605982e-03
-1.728704444581829862e-03
-1.796106331984822233e-03
-2.063021965662422373e-03
-2.200613903272586203e-03
-1.726154367101921053e-03
-1.273403074805282836e-03
-1.401310967367200679e-03
-1.488827321313734593e-03
-1.613821096657089326e-03
-1.647040250817355606e-03
-1.824192784048956273e-03
-1.944426245004565214e-03
-1.739788103752152627e-03
-1.791424737000264431e-03
-1.682442009999830313e-03
-1.613342825000847183e-03
-1.407153690075716151e-03
-1.572695788828093379e-03
-1.681883980435166549e-03
-1.629435045593685336e-03
-1.553797171804320761e-03
-1.737175874365752635e-03
-1.916249613589181494e-03
-2.185224992569847861e-03
-2.287309567405938597e-03
-2.284207328471285665e-03
-2.364369310022098550e-03
-2.375814224356280480e-03
-2.338663780242286952e-03
-2.361030786745031175e-03
-2.247473035218961693e-03
-2.133767895964436279e-03
-2.201876653132690473e-03
-2.142881432956314156e-03
-2.280873858600289059e-03
-2.191449592064935534e-03
-2.394184165833171569e-03
-2.601849030400268069e-03
-2.691069871730520160e-03
-2.866527394110372166e-03
-2.971655206865983674e-03
-3.179543319050921052e-03
-3.530729726126704583e-03
-4.065085566048710908e-03
-3.874320628821535314e-03
-3.621698749510148408e-03
-3.907981578868366043e-03
-4.342886913920231823e-03
-4.722772922859421775e-03
-4.804250701641584603e-03
-4.919972161223508389e-03
-4.490978760643006551e-03
-4.157688577647869303e-03
-3.850476402129154874e-03
-3.413904064404099832e-03
-3.048051215194618174e-03
-2.727682530193098996e-03
-2.370300760866595087e-03
-2.610910844733486860e-03
-3.034607721768945755e-03
-3.347870049492647580e-03
-3.491228464370390097e-03
-3.529504789711735389e-03
-3.470345924521117328e-03
-3.430168354480386816e-03
-2.959255084827394720e-03
-2.458059771929646791e-03
-2.626268965517628701e-03
-2.827924352731426855e-03
-2.890731913052889922e-03
-2.895382457860587282e-03
-2.970877898837284356e-03
beta5
1.430783782127468401e-03
1.454181544276433955e-03
1.508927733851014429e-03
1.641355115819426906e-03
1.741323933584127672e-03
1.876127649246479064e-03
2.059965250587491702e-03
2.331078568133919567e-03
2.594765986766799960e-03
2.837747821885536030e-03
3.153802919530057820e-03
3.375141034890097660e-03
3.534016580458087912e-03
3.572620712211300228e-03
3.642733096771729948e-03
3.999113129449433264e-03
4.250907061827785029e-03
4.500767872002923997e-03
4.254331629972333065e-03
4.124553612517862372e-03
3.962600815102091875e-03
3.789959884852237785e-03
3.782474240073264299e-03
3.991243025209118001e-03
4.230849470542115756e-03
4.442498802083387141e-03
4.672109328126632447e-03
4.810014076840971563e-03
4.850168865632291729e-03
4.595160998881466299e-03
4.494361620973269002e-03
4.406582754708617683e-03
4.441881069613858903e-03
4.096031846240869891e-03
3.934674709574750504e-03
3.512225435502618238e-03
2.961724113327761886e-03
2.632145763734506858e-03
2.377775010525158810e-03
2.443604024111455282e-03
2.457263227569383805e-03
2.577813799770440392e-03
2.742747992120370473e-03
2.698966579385369668e-03
2.570550223111380504e-03
2.799148128005420066e-03
2.844129969844305487e-03
3.012149307640344179e-03
3.292458357409721453e-03
3.013007188906506595e-03
2.956835806359525698e-03
2.807905064929782334e-03
2.182203657114955946e-03
2.185987330461719967e-03
2.239742300034685760e-03
2.149515281329321230e-03
2.130948672608432622e-03
1.806025500766023431e-03
1.473425117333661445e-03
1.340935256691463788e-03
1.241953595603694253e-03
1.056404301982258580e-03
9.408767388478080172e-04
1.121883904454567833e-03
1.143961042577784377e-03
1.227689954930690636e-03
1.243640815852433421e-03
1.399146636754567243e-03
1.116366817349481212e-03
9.339918453350990217e-04
8.123867699328487157e-04
6.563736335812877208e-04
6.812590921681122577e-04
9.375512765486614759e-04
1.124453457834810512e-03
1.146256368424895637e-03
1.343348899526222891e-03
1.744340101581880968e-03
2.200628462399472924e-03
3.019602889839655222e-03
2.995164642483900963e-03
2.621620149382437263e-03
1.954662618020103215e-03
1.942061198512854293e-03
1.800762033045292653e-03
1.734879304452205135e-03
1.580869193996156750e-03
1.409624119906266069e-03
1.716194208373236513e-03
1.997930449908484792e-03
2.377959034954253703e-03
2.789846876547942209e-03
3.189464951212835422e-03
3.648336019486907167e-03
4.201216731413865910e-03
4.672107356779185185e-03
4.972987431411370063e-03
5.133021355767587897e-03
5.280762861298071535e-03
5.427517386769751401e-03
5.289220054299605470e-03
5.253878295404064078e-03
5.224618196535717705e-03
4.784699201958974614e-03
4.375693676432501969e-03
4.023214513220293304e-03
3.703373842662813914e-03
3.579756436172434452e-03
3.468698117466454192e-03
3.563657427851862469e-03
3.540687977697258050e-03
3.734830734730283305e-03
3.896576647032812864e-03
4.027933859135657615e-03
4.039773693012073050e-03
3.877837997814479343e-03
3.694617404593430240e-03
3.791668478435178402e-03
3.803504298321986991e-03
3.787033063361656612e-03
3.563394308263880678e-03
3.153559023945107839e-03
2.746597506864642199e-03
2.453142105846491030e-03
2.174541255911802487e-03
1.855165524318454304e-03
1.747956050056388233e-03
1.718571022799976651e-03
1.615935465816019639e-03
1.515626339010303506e-03
1.642664196737545152e-03
1.789213996957800604e-03
1.925990131891802855e-03
2.093475625314285618e-03
2.212955333890799514e-03
2.277979993742466208e-03
2.370555866539628131e-03
2.483007835768285057e-03
2.462137789749066150e-03
2.531008232680303366e-03
2.501190261931217525e-03
2.103100456570873231e-03
1.858267760982830821e-03
1.430567432362248211e-03
1.141974444744126103e-03
9.160074592583018933e-04
9.005025117524341222e-04
9.100800679068737692e-04
8.116039227188869085e-04
6.228906670331846220e-04
4.211241319867498056e-04
2.883972092662581005e-04
2.235798586119171422e-04
9.027970394482751277e-05
8.430472495338628728e-05
5.797839248828408072e-05
2.731073289118803970e-05
4.764613239931125892e-06
-5.209189502771956800e-05
-2.336571962366823562e-04
-1.770803581251342352e-04
-1.381093526813021875e-04
-1.518228019074073639e-04
-1.438433338414300843e-04
-9.821254401730532594e-05
-1.724778944338530956e-05
1.533210091633026647e-07
1.932714856622506024e-05
1.180489849580656636e-06
-1.589927940266709096e-05
-2.709945442828803840e-05
-1.814131663614734991e-05
-1.098749000270510177e-05
-1.920842083147147341e-05
-8.026933206919055876e-06
-1.794432142454051044e-05
-4.671270755580369577e-06
-1.259537546655397520e-07
-3.226046497213804732e-08
-6.004281346151325971e-06
-1.070428717030744415e-05
-1.516441568718805134e-05
-2.256295826860015041e-05
-2.983497749343096465e-05
-3.458174701609873853e-05
-5.708235231325968181e-05
-7.429230812141935617e-05
-1.268878845469784762e-04
-1.646657536749569534e-04
-2.787197891940977395e-04
-2.838104742823686498e-04
-2.912262377995063841e-04
-2.316523578122988303e-04
-2.105188584443610936e-04
-1.469414073418385787e-04
-1.535219536440738611e-04
-1.215954259429945293e-04
-1.126498877346256220e-04
-1.525536152256711225e-04
-1.725831471302223096e-04
-1.775008000917626229e-04
-1.963024922136990852e-04
-2.314779848467250387e-04
-2.342620845272336836e-04
-2.198258103995537143e-04
-1.850641632160960769e-04
-1.517011070427225217e-04
-9.648823507392725819e-05
-4.696196456415424310e-05
-9.761468458824347906e-06
6.677776347627698532e-07
1.728292186074351138e-05
5.383589390214770556e-05
9.628330864275272600e-05
1.460167634469320352e-04
2.224559790572669372e-04
2.806734922934317152e-04
3.371368532303838398e-04
3.246839113663000081e-04
3.786151167255867762e-04
3.780824533221717552e-04
3.488293972297684372e-04
3.440761986301610017e-04
3.799393887414999099e-04
3.813501101273213513e-04
3.872525648818388264e-04
4.198683403758919673e-04
4.507713315791985983e-04
5.123272143676484451e-04
6.094584974571572861e-04
6.073382651347431719e-04
6.185735767697899973e-04
3.610740629244827012e-04
2.098026302244594059e-04
1.901056538209504342e-04
1.601479409534936941e-04
1.531648418597043025e-04
1.790309508621140341e-04
2.073849890119876141e-04
