-1.402789113658785558e+00
-1.648181687082464597e+00
-2.791186217857524188e+00
-3.110653336106278255e-02
-3.722643658950629264e-02
-3.493830411991796780e-02
-5.772525957519306083e-02
-6.264196736377909691e-02
-7.314595540105826854e-02
-7.249910219996097416e-02
-8.554625736779411516e-02
-8.783260341690594941e-02
-8.918232755585328575e-02
-1.135679612782035247e-01
-1.240614263414099444e-01
-1.488612748724706392e-01
-1.624564526627746419e-01
-1.630654276561382954e-01
-1.653366141743165263e-01
-1.765487000356576464e-01
-2.304008274576619386e-01
-2.642572346619815882e-01
-1.751827656418337709e-01
-2.045240328115497663e-01
-2.408283671031158646e-01
-2.649495325956044978e-01
-2.852381972476022987e-01
-3.217618662108006067e-01
-3.147066073015294396e-01
-3.220529297609217578e-01
-3.495003282547199386e-01
-3.446689903529161492e-01
-3.548190952716764879e-01
-3.839607529345945847e-01
-4.082429884546431298e-01
-4.524689958798410738e-01
-5.141025803045510267e-01
-9.304896411264307332e-02
-1.108485917879908772e-01
-1.135294148120072344e-01
-1.185374430580560523e-01
-1.455146373576954033e-01
-1.401853758237453507e-01
-1.597536107327320043e-01
-2.182229066265764794e-01
-2.865815190782065591e-01
-2.687702190142617908e-01
-1.469962456132265505e-01
-1.576191847014055125e-01
-1.825072433671532102e-01
-5.129073432587334669e-02
-6.937534086185938309e-02
-3.779704055503535498e-02
-1.492267347591104062e-02
-1.443932860989187092e-02
-1.910301427951575926e-02
-2.758827732354767956e-02
-2.332872017953605687e-02
-3.023582692419341661e-02
-3.184119576415483238e-02
-3.261458493122118552e-02
-3.664303344596360479e-02
-4.330768840910530215e-02
-5.120257583802179102e-02
-6.533909771004453582e-02
-1.131011982444403430e-01
-1.562472713868323371e-01
-1.314507870390893562e-01
-1.104807913213367715e-01
-1.704090741110119989e-01
-1.531234081554548876e-01
-1.669732548437848907e-01
-1.528638169948915160e-01
-2.185066511003648515e-01
-2.155706862641530164e-01
-2.386214736015025706e-01
-2.785210371138775454e-01
-1.883748196735106351e-02
-2.718125221559673094e-02
-3.344821044437865099e-02
-1.561543735473857816e-02
-1.851093690738924227e-02
-2.675308092799768764e-02
-3.637937794022812199e-02
-4.334080126252463916e-02
-5.228293672652273294e-02
-6.650063671915514008e-02
-7.264668821598378734e-02
2.262580712566494671e-03
9.017521336980069413e-03
8.693363949472428590e-03
8.438631503417726165e-03
5.944486549326946472e-03
4.585669507379857429e-03
5.641562571251661565e-03
-3.983783397300159966e-04
2.760160972844292863e-04
6.540569356804552467e-03
4.327994658183490287e-03
8.943567459040395028e-04
5.524110920981723655e-03
5.665763464295909754e-03
1.259014801893144908e-02
1.649172394951139986e-02
1.902278383456299307e-02
2.672945170857543226e-02
3.615997323896769783e-02
2.191245540039388554e-02
2.444146940066577525e-02
2.450822581211639650e-02
2.001424219954568706e-02
8.788153014814953021e-03
8.653519110898543962e-03
1.142021976348950654e-02
1.117068498581524211e-02
1.673207931768063914e-02
1.920338543330977338e-02
2.422403386183843987e-02
2.483143796087991170e-02
3.237504835172044099e-02
1.668965983281153753e-02
1.995089664911357807e-02
1.238897510300746713e-02
2.710350881561389468e-04
-4.683525423722245673e-03
-1.810073445448964410e-02
-5.146357176805393258e-02
-1.144272164761982050e-03
-1.239277638611791486e-02
7.026798145686781114e-03
9.231049247746575710e-04
3.688939735303628769e-03
1.369460349744309764e-03
2.442114864083983188e-03
-8.118443635123845370e-03
-1.606353010316417460e-02
-1.058007358583065282e-03
-1.660899610726104803e-04
-2.533855061928259184e-03
7.283614294865678636e-03
-2.160955753374208931e-03
-1.817835021254606432e-03
-5.826696298043216975e-03
-7.006883667668151010e-03
-3.087457017805647196e-03
-1.666666014912027496e-02
-1.850336198029521595e-02
-2.347054933134122209e-02
-2.722036238751067427e-02
-5.917413668229784540e-02
-6.345186810015364387e-02
-7.001462177951341126e-02
-5.976756722351988377e-02
-7.383237855516248949e-02
-8.788315196862342416e-02
-1.079306948740915706e-01
-1.483032011366756386e-01
-1.858694970918619571e-01
-1.893370884852657865e-01
-2.703367580987293683e-01
-6.314931892347494524e-02
-2.529419991572736184e-02
-3.198655343733735473e-02
1.322544260010354890e-02
-3.864799907201391192e-03
4.460827772083021539e-04
-2.565298489306536405e-03
-9.020505790234065527e-03
-9.207772514641899761e-03
-1.745257197899535706e-02
-1.151411710002159597e-02
-1.090571770149075838e-02
-1.293355327088492775e-02
-9.438353366495925642e-03
-1.190566124200203788e-02
1.246487701299548063e-02
1.488374828264866535e-02
1.440727884808152420e-02
1.698990277609748953e-02
1.926814003669858125e-02
3.081914376540557943e-02
4.338076444014966199e-02
1.428196592117841803e-03
-1.445191581264317938e-02
-2.573687651399006807e-02
-4.689820968315194100e-02
-5.592110431146189720e-02
-9.365573919270496484e-02
-1.331696394675314088e-01
-1.468187791818438559e-01
-1.843716504117801913e-01
-2.439693238755497873e-01
3.991189917991639323e-03
-3.026554923653162511e-03
3.791136552279421486e-03
1.536522064058227881e-02
6.570439042503214457e-03
6.043331173902119144e-03
8.774895311190125322e-03
1.227908280190871670e-02
1.794496491390552839e-02
1.542800580830592898e-02
-2.621166437083565989e-02
-9.474234658651416174e-02
-1.226961895960271692e-01
-1.643565445700254923e-01
4.337760827217501062e-04
1.933344948356414917e-03
2.784046741752681502e-03
-5.276059457510147216e-04
-2.640319540336168516e-03
-7.856419782471984678e-03
-9.168714786496518637e-03
-1.053104036394494382e-02
-6.035723322783554876e-03
2.684129538620606392e-03
-6.996597597812382295e-03
-8.071028593860265707e-03
-9.844753912027234474e-03
-1.402826884406174410e-02
-1.307760831464291860e-02
-2.064340486510491193e-02
-1.969226899591030103e-02
-1.798488620629160040e-02
-2.445141618636969411e-02
-1.947001898852387253e-02
-1.937232986572447538e-02
-2.498330464966335915e-02
-3.771164882497884258e-02
-2.152245992814582828e-02
-2.103020617975890835e-02
-1.331836383637354480e-02
-2.476774694578991187e-02
-3.630390039852286060e-02
-4.962327366649293275e-02
-2.598274125131832743e-02
-3.250764536387144854e-02
2.748541621828445684e-03
-1.425625593400988963e-03
