4.966750233558475539e-04
1.897653568155705764e-05
-7.431251983568632673e-05
-2.753081019830837489e-04
-3.285714285816868454e-04
-4.025008255257785128e-04
-5.980088010312007048e-04
-5.783247658899761832e-04
-7.336640600203980225e-04
-1.088045233379076422e-03
-1.730805572640970206e-03
-2.317558173725891690e-03
-3.053394515016015151e-03
-3.563955726251997070e-03
-3.956863091880954801e-03
-3.796932474496965415e-03
-3.422837467462042354e-03
-2.898850807258288118e-03
-2.356150173142407527e-03
-2.197342722741359080e-03
-1.964659486639737298e-03
-2.177212969914936111e-03
-2.292946188373636701e-03
-2.479880347302568493e-03
-2.348767708468921852e-03
-2.101129846192368103e-03
-1.853400472983599391e-03
-1.302885302225284233e-03
-8.358107990621492208e-04
-6.392317387842980396e-04
-5.544100944031351294e-04
-4.263986545708191300e-04
-4.496981432491294127e-04
-7.318930467774953505e-04
-6.978368145214504685e-04
-6.674885954635282476e-04
-6.543936990467685713e-04
-3.980905080780085172e-04
-1.784850312343739295e-04
2.940344107140628409e-04
4.911161470486293413e-04
1.033014695503123911e-03
1.574820913810715027e-03
1.634007776453631029e-03
1.891736548730127291e-03
2.137264452064801222e-03
2.309614286747119737e-03
2.292177772928012669e-03
2.259160533839610612e-03
2.415135894805429517e-03
2.954830032527444583e-03
3.325537513722184087e-03
3.485267501948779642e-03
3.687286883741881880e-03
4.032399783521161026e-03
4.825524510024301744e-03
4.504859441652728225e-03
4.035110763179093445e-03
4.233722435656146234e-03
4.011716816616563673e-03
3.313116150719234033e-03
1.997714909755881566e-03
1.316867346218963215e-03
7.824827193697904415e-04
4.104429458922604848e-05
-2.205458358623936467e-04
-2.146375283182642979e-04
-1.854901418109458405e-04
-7.580417454774566360e-05
1.564314664209510227e-04
1.683890057848712969e-04
1.005733812239824229e-04
-1.119046129313484215e-04
-1.061919545083438789e-04
-5.950123718654312985e-05
-2.403881171282383044e-05
-1.954986264499103149e-04
-2.216110436895760757e-04
-1.661151621471110230e-04
4.108046635491941666e-05
1.205791302976338600e-04
2.928800930595402995e-04
6.319707576651554777e-04
9.155231358972250148e-04
1.283265413583031117e-03
1.460965089791109927e-03
1.633341884562660058e-03
1.686662803086093733e-03
1.779806329105986266e-03
1.543321049552666283e-03
1.558642198832393966e-03
1.478264128358703191e-03
1.534205017336610520e-03
1.569796408369017243e-03
1.525191855028483088e-03
1.748856955555831531e-03
1.761620059902927219e-03
1.952422511006672188e-03
2.039728553769985363e-03
2.265673391856777661e-03
2.308326339341195636e-03
2.239642345732559357e-03
2.138299846559646791e-03
2.040107678212860643e-03
1.866382902383392599e-03
1.551635820625025608e-03
1.684408916925772591e-03
1.804201563954986728e-03
1.824931140678378574e-03
1.954833000421845723e-03
2.335183867714620866e-03
2.987784611932919106e-03
3.649727654268249133e-03
4.174921319517267519e-03
4.764766741094781169e-03
5.036156281119013450e-03
5.083315123424776184e-03
4.868201976815093174e-03
4.970714171021731707e-03
4.783049927661742716e-03
4.252328271368809899e-03
3.728134023438881613e-03
3.326202019740813910e-03
2.809625331821185169e-03
1.724581103737507504e-03
1.146636375874643399e-03
1.011396926265554184e-03
9.995941838361588859e-04
9.439569161659022841e-04
1.325215567527253955e-03
1.556560451721958685e-03
1.823642992460462438e-03
