1.652617792733525413e-03
1.286499365573620397e-03
1.514944861660927561e-03
1.720537566543849442e-03
1.831487922103537756e-03
2.208168385599376150e-03
2.389308836498260126e-03
2.727287448751290148e-03
3.175023369916983671e-03
3.951496890853226779e-03
3.955690449309060865e-03
3.738736157173196215e-03
3.568169461434298698e-03
3.641248720232109770e-03
3.241596772248460726e-03
2.567727440090281175e-03
2.796697273784257750e-03
3.849520724920669004e-03
4.182203187443324539e-03
3.861689186535562351e-03
3.721396397039812131e-03
3.482069827225272186e-03
3.205177051097622687e-03
2.263110646954825684e-03
2.173688786452807834e-03
2.262323930702816576e-03
2.617561497710590643e-03
2.950545359415698756e-03
3.164701420705666717e-03
3.039837759724162147e-03
2.851998268477839906e-03
2.773244564908593657e-03
2.888717029766719752e-03
2.867104755247939802e-03
2.848172482295646072e-03
3.512581181747749526e-03
3.770283866553153160e-03
4.064632196002354418e-03
3.844113517696095324e-03
4.117901525831273689e-03
4.677609710638950570e-03
4.621121149375657412e-03
5.422259275017603762e-03
6.105106542274241904e-03
7.036701466081505228e-03
7.635187386653980411e-03
8.376703242230160509e-03
1.103563192653699183e-02
1.337874487804870637e-02
1.618390330661382062e-02
1.921551838276519888e-02
2.117110341935870069e-02
2.344786037279983706e-02
2.286620552094739689e-02
2.085230187735157004e-02
1.805635192535742437e-02
1.455022392650598927e-02
1.193207847531606303e-02
8.137720990040992960e-03
5.102419791213297535e-03
3.362757070519523019e-03
2.237373718636633674e-03
1.409234336605440013e-03
5.149374898281757753e-04
1.180388636444915719e-04
1.539088328343365605e-04
3.470888096456804773e-04
4.674512678798788362e-04
6.240129577908965766e-04
1.054897037377504473e-03
1.117020349037263971e-03
1.204969475691072215e-03
9.248163108393266801e-04
8.880518516669611831e-04
7.206888446970263372e-04
4.655917336746265398e-04
5.802043713692277586e-04
4.682192525867537834e-04
5.925840605863428581e-04
3.985509760785846682e-04
2.441823148876920532e-04
2.960640462576344042e-04
2.159384773529486373e-04
1.901642087851435970e-04
1.794500369660786065e-04
-8.030450636605956886e-06
-3.006168300753619089e-06
-2.538621843655988948e-04
-3.675575051977034049e-04
-4.582502672682222549e-04
-4.966959600307799304e-04
-4.401803623863792905e-04
-5.295407523310855609e-04
-5.982774752731981078e-04
-1.031494753606097435e-03
-1.298217940435685220e-03
-2.378147717212675694e-03
-2.709844130604549626e-03
-3.175898462082567871e-03
-3.276104377410376123e-03
-3.036838702668734433e-03
-3.164920419006205052e-03
-2.557946221453513257e-03
-2.753110412873738255e-03
-2.478913521129849466e-03
-2.526195587955365560e-03
-2.623868348005823931e-03
-2.527915226901860084e-03
-2.313051463309574295e-03
-1.926402125235523143e-03
-1.843166907915304601e-03
-1.548570124398486068e-03
-1.337276366355790629e-03
-1.132553688420269910e-03
-9.351406487813398441e-04
-7.643088520287402059e-04
-7.168089121245758326e-04
-1.023069249389751403e-03
-1.054721471405873105e-03
-1.299713373290008146e-03
-1.578387481284609060e-03
-1.717986398013538482e-03
-1.641184620764698718e-03
-1.395482994641952324e-03
-1.291071799730401232e-03
-1.298938299091696421e-03
-1.048301170916151855e-03
-7.471803929404046730e-04
-5.536283208978319808e-04
-3.753064574378538187e-04
-1.856664186271059832e-04
3.121020858626206984e-04
7.564188653669442477e-04
8.520678222877628091e-04
1.329305646682404918e-03
1.405006665839880721e-03
1.537951312228890604e-03
1.914798019671391576e-03
1.642388332136092985e-03
1.572203241045614123e-03
1.062695406312096601e-03
1.013544649357739575e-03
9.114952457113345390e-04
4.094052450766840455e-04
3.237453988669810137e-04
2.741671857372538304e-04
8.964693760312238439e-04
1.121019779245191602e-03
1.259323744270652830e-03
1.551750545390904274e-03
1.787239999835677070e-03
2.095143047507915402e-03
1.606044222646910505e-03
1.382365094718390449e-03
1.294848410097305209e-03
1.388050986445944941e-03
2.710400834737034664e-03
2.721434727344730891e-03
3.104751558001764365e-03
2.999244394640198427e-03
2.888989323228459850e-03
2.637231379584514725e-03
1.185057191082149663e-03
1.150718584502589134e-03
6.822569412080712334e-04
7.199152141909439606e-04
6.865585731094080027e-04
4.602360100798860254e-04
3.684972813735988106e-04
9.189767785273524739e-06
-2.549904197270923528e-04
-3.756919448021518704e-04
-5.305800928776998942e-04
-5.516165297997095273e-04
-4.789205138428193433e-04
-3.030961779678982169e-04
-9.815475440699184169e-05
-1.979257941075013205e-05
3.815151575942248968e-05
1.920533780323114810e-04
3.978124610088529375e-05
-2.945201431758120731e-04
-5.985383101410837346e-04
-6.484616539112991566e-04
-7.554821676226075545e-04
-9.211753795833498753e-04
-1.153121992834045236e-03
-1.159473841424561377e-03
-1.187666089367592518e-03
-1.493229026691152974e-03
-1.547485539692322436e-03
-1.607123817724092664e-03
-1.464451834138555397e-03
-1.139848071334389730e-03
-9.808021560705063643e-04
-8.076704558983333233e-04
-7.262300577158174947e-04
-6.160013918189220609e-04
-3.973584594456979033e-04
-6.300221008354189465e-04
-5.652410442568930361e-04
-4.141271555349135356e-04
-3.227280392017814600e-04
-3.197304095724116339e-04
-4.740451126083248244e-04
-6.277124754394207938e-04
-1.047272609941481353e-03
-1.063534207639428748e-03
-1.032524714456353613e-03
-1.071232757248720630e-03
-1.125805533688992209e-03
-9.884052898506533874e-04
-4.985796675799756454e-04
-3.993436496678466206e-04
-3.714547687239423690e-04
-2.686274234641938471e-04
-1.456484602993813324e-04
-7.043563424126295580e-05
-6.976038466821321560e-04
-7.175583670151651971e-04
-7.153052315450334278e-04
-6.645191859515215673e-04
-7.076074145439481761e-04
-6.537164965536322375e-04
-1.534401238619308858e-05
-6.915809794082770706e-05
-6.616157398625591038e-05
-2.424944457731711153e-04
-1.335572791402685666e-04
-8.397839123038505803e-05
4.130309546059060495e-05
2.321765178318050587e-04
4.473469558541766215e-04
1.492645082699707018e-03
1.885124753849145391e-03
2.058359909304024061e-03
2.219070937411275844e-03
2.355046763106740087e-03
2.474346253653858865e-03
