3.578697580147625294e-03
4.783611381386525772e-03
4.213086215003803391e-03
3.594948876696162868e-03
3.333257275743231694e-03
3.240607124676690362e-03
3.442738184896285223e-03
3.836289576505897379e-03
4.553280465789885656e-03
4.795928091418084557e-03
5.068706147798535643e-03
5.445469228152707321e-03
6.113224269442385506e-03
6.179696007817868895e-03
6.282017695780136614e-03
6.434151302983928677e-03
6.468386881704382696e-03
6.439526633914728106e-03
6.362155218369182526e-03
5.984852519892863709e-03
5.079379383412100865e-03
4.480822412584617269e-03
3.895066107729933461e-03
2.980261307643993721e-03
2.030482556187823782e-03
1.376259889974089769e-03
6.053528486697869800e-04
1.282847986039341423e-04
-7.412673526540504822e-04
-1.381277657124458129e-03
-1.662221671514864732e-03
-1.523398836917054348e-03
-1.182744237713604773e-03
-1.393725873406876292e-03
-1.690858163833061645e-03
-2.047501381668853388e-03
-2.684695221954741876e-03
-3.361051694105412786e-03
-3.265680495710780989e-03
-2.822737619054766726e-03
-1.145808074480895089e-03
-2.101803170081308970e-04
2.143056997385113310e-04
1.941589740752032759e-04
1.583148485109864105e-04
9.079088950477452518e-04
2.027937117041002813e-03
3.550146631755098005e-03
4.911804713344412703e-03
6.516729007165325376e-03
7.450868739897423959e-03
7.657373276059805528e-03
6.885776479965264284e-03
6.453488706931344472e-03
5.910798515085844730e-03
5.349772785469802082e-03
5.012058231787281867e-03
4.403879329446175502e-03
3.432536280774481276e-03
2.293248746513761298e-03
1.490570795553573845e-03
5.395199503347895094e-04
-2.147579098172377879e-04
-9.568708818912348077e-04
-1.500220196269161539e-03
-1.692034725618586513e-03
-1.841195288466340339e-03
