1.306997126817226488e-03
1.188392345653189585e-03
1.157832974350806983e-03
1.113157503662803556e-03
1.123716317581492869e-03
1.153285337082838409e-03
1.195492821692273723e-03
1.301967013066005104e-03
1.382026654204505630e-03
1.515264882283776744e-03
1.539592167465564203e-03
1.519559674309888713e-03
1.554300764868308876e-03
1.601972405267318086e-03
1.710939020251321966e-03
1.757189420086194059e-03
1.795900758248428252e-03
1.838492028417240296e-03
1.794242066279547318e-03
1.848325021568582261e-03
2.006348910166445496e-03
2.226441543065891746e-03
2.558404295839148551e-03
2.977739506687974210e-03
3.332339592543280635e-03
3.532697681333428919e-03
3.719179517162752701e-03
3.850539050471986011e-03
4.046344256667860906e-03
4.296371595758601523e-03
4.660522589043440168e-03
5.126324805512214901e-03
5.410518385902469279e-03
5.518420054987148958e-03
5.414566577708277047e-03
5.203841423922601732e-03
4.995536955585750359e-03
4.675978283011326085e-03
4.326045804556360487e-03
4.190648951909770568e-03
4.343206635076485821e-03
4.398528031550951595e-03
4.427572920102255082e-03
4.349458070817037621e-03
4.303514242050489498e-03
4.393317010493184328e-03
4.479477155927973596e-03
4.772550757588526170e-03
4.998139316395735533e-03
5.394951037082069446e-03
5.824615778974868117e-03
6.015044448806170820e-03
5.832592064266850680e-03
5.277947155060108697e-03
4.685766800234966029e-03
3.983737921298404101e-03
3.323492076469347720e-03
2.697267736698514412e-03
2.201409949124205970e-03
1.901083165436828759e-03
1.664679701426219696e-03
1.452359737243045764e-03
1.220131642320337493e-03
1.014143843239465569e-03
8.477889872118699044e-04
7.724438046460211900e-04
6.821447036396986784e-04
6.105958884275576679e-04
5.360490175401692176e-04
4.735659348208377199e-04
4.231234437383761429e-04
3.228134040061523993e-04
2.352451005089896418e-04
1.695645832928420645e-04
1.022907250918799691e-04
5.012038256153967874e-05
2.523170594006477613e-05
9.408165643012212490e-06
1.559939180208683846e-07
-1.569996287809758026e-07
-3.063221183081817804e-07
-4.548454028613416333e-07
-4.589958659352899185e-07
-2.174338700765076868e-06
-3.679572509903224275e-06
-5.643138632953128668e-06
-5.728449607255322125e-06
-5.579926322702162483e-06
-5.541775721962278079e-06
-3.820459653889622781e-06
-2.223290887468278393e-06
-1.937742274435793769e-07
6.107565966224718186e-08
7.818469651363196612e-07
3.598855968844814051e-06
9.143273636438878113e-06
1.653202700038233793e-05
3.777392686254163137e-05
9.928414587919142395e-05
1.643234861126183579e-04
2.392634799578641995e-04
2.835610015189150845e-04
3.307955503765499920e-04
3.784237893390746447e-04
4.086564088245754557e-04
4.720930226725673635e-04
5.205732104323637860e-04
6.165144860641810646e-04
7.589003377260141077e-04
9.444786382271537495e-04
1.111857839176248622e-03
1.221470967469582202e-03
1.353389603225623947e-03
1.524068498061201607e-03
1.682185423101355054e-03
1.789812757761314417e-03
1.979594570201029507e-03
2.225115447077030944e-03
2.457752862464450665e-03
2.578167818827267407e-03
2.766960437190971959e-03
2.976636168151771972e-03
3.059933295774267415e-03
3.126465419751760840e-03
3.085935797170584471e-03
3.048597372625930658e-03
2.908867237928450256e-03
2.800926920729210345e-03
2.771957433260379636e-03
2.684758165439197694e-03
2.653616838104405021e-03
2.706007158797062596e-03
2.685738598061651865e-03
2.562017550980822365e-03
2.417330441270331993e-03
2.394469065290331933e-03
2.396595642369448494e-03
2.354008907236936499e-03
2.330275446321009806e-03
2.312632044598327431e-03
2.299958271028431419e-03
2.147302273673142112e-03
1.942638745942442367e-03
1.763856246148074207e-03
1.735789797608750266e-03
1.660528386551239676e-03
1.576770820511054841e-03
1.601724942878940622e-03
1.694023255949884564e-03
1.863547174657775125e-03
1.820004271803384336e-03
1.802481905063536794e-03
1.751695721773563171e-03
1.613345196719857171e-03
1.501590710782099323e-03
1.251615398782074395e-03
1.042913111792806479e-03
8.641362405004429604e-04
7.044009128077502761e-04
5.645783841789433653e-04
4.090823668670678774e-04
3.106583403491007967e-04
2.795040806596810548e-04
2.837895988535121925e-04
2.813870489831124012e-04
2.892227686602848939e-04
2.816640793160197272e-04
2.493844779163562390e-04
2.088314190012104164e-04
1.547628929363320733e-04
1.055486623100966451e-04
6.120182884703993765e-05
1.813549010242823374e-05
-4.189612092983443782e-05
-1.238289424585898289e-04
-1.847809629072638552e-04
-2.662480632807437257e-04
-3.663503474664088770e-04
-4.480472140813228474e-04
-4.753157732188780025e-04
-4.873689077903896392e-04
-4.927081448202690712e-04
-4.559624618151861589e-04
-3.938616918550237535e-04
-3.320038737642987473e-04
-3.123931853602691824e-04
-2.497528766555862350e-04
-2.157605582477362127e-04
-1.947294381062009876e-04
-1.724249582582945608e-04
-1.654849535236524005e-04
-1.399550627587765395e-04
-1.582007754733453380e-04
-1.705626591298521502e-04
-1.907790580582657391e-04
-2.194957458924022033e-04
-2.492151755554773327e-04
-2.413526930137155216e-04
-2.024384219960419402e-04
-1.588807869328328042e-04
-1.149735467400815245e-04
-6.493154339239385828e-05
-1.102701569605468680e-05
3.872311839338921206e-06
6.450639830497741523e-06
6.454641542284940323e-06
6.461457243080446850e-06
3.030592697624725257e-06
1.823317443481656643e-06
1.877416240819933287e-05
6.265373808611121608e-05
1.449998796683372082e-04
2.520189837378411448e-04
4.003089611878847542e-04
5.530414156299425649e-04
7.352312086004704830e-04
8.930341977478281103e-04
9.935190481892509830e-04
1.089089645170612580e-03
1.112847144253920366e-03
1.048656483992635490e-03
9.288220132359423361e-04
7.871022962370041384e-04
6.534627636378378046e-04
5.076954258048682091e-04
3.830280851689223630e-04
3.163974130290477579e-04
2.535729827180007562e-04
1.939022998097606235e-04
1.447069435202389147e-04
8.739070082367666765e-05
3.823422080620939001e-05
1.253306005337872977e-05
-4.107298155744410482e-06
-4.803219826377440155e-06
-4.804411135053277903e-06
-4.718120473406952559e-06
-4.793697364845664689e-06
-7.983616840265783893e-06
