-3.945017985977178913e-60
-5.110631291230742882e-47
-7.007556080980173819e-47
-5.255667060735130364e-47
-4.204533648588104389e-47
-6.249610072350746439e-44
-2.426811705591110137e-35
-4.706834289314477893e-34
-2.197617827736346386e-32
-3.915803244352500412e-28
-3.559823463028617636e-28
-3.793581615721194422e-28
-1.061399031966703246e-26
-4.439388385781716467e-26
-1.788825363665289436e-25
-2.626563253572678787e-20
-4.753248046707130751e-20
-8.627404655223609208e-20
-2.814523679930001601e-18
-4.600212993137886253e-16
-4.791805981476264231e-16
-8.413219990108883187e-15
-1.274078288383736351e-02
-1.274078288383768444e-02
-1.274078288383768964e-02
-1.274078288383768964e-02
-1.274078288383769832e-02
-1.274078288383769832e-02
-1.274078288383769832e-02
-1.274078288383769832e-02
-1.274078288383769658e-02
-1.274078288383723861e-02
-1.274078288383721953e-02
-1.274078288382928664e-02
-3.353798720221827214e-16
-1.448843715770008917e-17
-1.099682441122286435e-17
-1.099289375646554003e-17
-9.502837559687189196e-19
-9.465641641496360170e-19
-9.452595441047238520e-19
-9.452546908261406797e-19
-9.451488926652990030e-19
-9.451488124389524845e-19
-9.451488124280619284e-19
-9.451488123334935682e-19
-9.451488121123607956e-19
-9.451488121123600253e-19
-9.451488121123326771e-19
7.524694315126641648e-09
7.524694315126641648e-09
7.524694315126653229e-09
7.524694315126653229e-09
7.524694315126653229e-09
7.524694315126653229e-09
7.524694315126653229e-09
7.524694645494950042e-09
7.524694645494950042e-09
7.524694645494950042e-09
7.524694645494950042e-09
7.524694645494950042e-09
3.294231591427311572e-16
3.294231591427310093e-16
3.294231485165218353e-16
3.294231481617164576e-16
3.294231481617111328e-16
3.294231481617080760e-16
3.294231481611078021e-16
0.000000000000000000e+00
0.000000000000000000e+00
-9.451484427538768238e-19
-9.451484427538937720e-19
-9.451484427538939646e-19
-9.451484427538949276e-19
-9.451484427538949276e-19
-9.451484427538949276e-19
-9.451484427555300421e-19
-9.451484427555300421e-19
-9.451484427555300421e-19
-9.451484427555300421e-19
-9.451484427555300421e-19
-9.451484427596380507e-19
-9.451484427596388210e-19
-9.451484435997500702e-19
-9.451484436003332418e-19
-9.451484443653002898e-19
-9.452992571017484841e-19
-9.453512289310005865e-19
-1.321946048564242487e-06
-1.321946048564242487e-06
-1.321946048565724372e-06
-1.321946079206700570e-06
-1.321946079206700570e-06
-1.321946079206700570e-06
-1.321946079206700570e-06
-1.321946079206700570e-06
-1.321946079206700570e-06
-1.321946079206700570e-06
-1.321946079206700358e-06
-1.321946079206700358e-06
-3.064340315918562610e-14
-3.064340315907432729e-14
-3.064192100652076582e-14
-9.448728413147536371e-19
-9.448728412908079723e-19
-9.448728411354193222e-19
-9.448728411353885073e-19
-9.448706234731046044e-19
-9.448706234731042193e-19
-9.448706234725485885e-19
-9.448705429994494217e-19
-9.448705429994511551e-19
-9.448705429895749863e-19
-9.448705429838834781e-19
-9.448705429838829004e-19
-9.448705429838769300e-19
-9.448705429838769300e-19
-9.448705429837802483e-19
-9.448705429837750483e-19
-9.448705429837750483e-19
-9.448705429837750483e-19
-9.448705429837750483e-19
-9.448705429837750483e-19
-9.448705429837713890e-19
-9.448705429837713890e-19
-9.448705429837713890e-19
-9.448705429837713890e-19
-9.448705429837713890e-19
0.000000000000000000e+00
0.000000000000000000e+00
0.000000000000000000e+00
0.000000000000000000e+00
0.000000000000000000e+00
0.000000000000000000e+00
0.000000000000000000e+00
0.000000000000000000e+00
0.000000000000000000e+00
0.000000000000000000e+00
0.000000000000000000e+00
0.000000000000000000e+00
0.000000000000000000e+00
0.000000000000000000e+00
0.000000000000000000e+00
0.000000000000000000e+00
0.000000000000000000e+00
0.000000000000000000e+00
0.000000000000000000e+00
0.000000000000000000e+00
0.000000000000000000e+00
0.000000000000000000e+00
0.000000000000000000e+00
0.000000000000000000e+00
0.000000000000000000e+00
0.000000000000000000e+00
0.000000000000000000e+00
0.000000000000000000e+00
0.000000000000000000e+00
0.000000000000000000e+00
-9.448705429837713890e-19
-9.448705429837713890e-19
-9.448705429837713890e-19
-9.448705429837713890e-19
-9.448705429837713890e-19
-9.448705429837713890e-19
-9.448705429837713890e-19
-9.448705429837713890e-19
-9.448705429837713890e-19
-9.448705429837713890e-19
-9.448705429837713890e-19
-9.448705429837713890e-19
-9.448705429837713890e-19
-9.448705429837713890e-19
-9.448705429837713890e-19
-9.448705429837713890e-19
-9.448705429837713890e-19
-9.448705429837713890e-19
-9.448705429837713890e-19
-9.448705429837713890e-19
-9.448705429837713890e-19
-9.448705429837713890e-19
-9.448705429837713890e-19
-9.448705429837713890e-19
-9.448705429837713890e-19
-9.448705429837713890e-19
-9.448705429837713890e-19
-9.448705429837713890e-19
-9.448705429837713890e-19
-9.448705429837713890e-19
-9.448705429837713890e-19
-9.448705429837713890e-19
-9.448705429837713890e-19
-9.448705429837713890e-19
-9.448705429837713890e-19
-9.448705429837713890e-19
-9.448705429837713890e-19
-9.448705429837713890e-19
-9.448705429837723520e-19
-9.448705429837723520e-19
-9.448705429837723520e-19
-9.448705429837723520e-19
-9.448705429837723520e-19
-9.448705429837723520e-19
-9.448705429838973448e-19
-9.448705429839000411e-19
-9.448705429839000411e-19
-9.448705429839364412e-19
-9.448705429839470338e-19
-9.448705429839470338e-19
-9.448705495368818769e-19
-9.448705495368828399e-19
-9.448705495368828399e-19
-9.448705495368828399e-19
-9.448705495368828399e-19
-9.448705495368828399e-19
-9.448705495367578470e-19
-9.448705495367551507e-19
-9.448705495367551507e-19
-9.448705495367187507e-19
-9.448705495367083506e-19
-9.448705495367083506e-19
-9.448705429837725446e-19
-9.448705429837713890e-19
-9.448705429837713890e-19
-9.448705429837713890e-19
-9.448705429837713890e-19
-9.485469323334434230e-19
-9.485469323334434230e-19
-9.485469323334434230e-19
-9.485469323334434230e-19
-9.485469323334434230e-19
-9.485469323334434230e-19
-9.485469323334434230e-19
-9.485469323334434230e-19
-9.485469323334434230e-19
-9.485469323334434230e-19
-9.485469323334434230e-19
-9.485469323334434230e-19
-9.448705429837713890e-19
-9.448705429837713890e-19
