beta2
8.163943173566447567e-03
8.197550163003209517e-03
8.088839512218594374e-03
8.111013992839467140e-03
7.985431510481071776e-03
7.790850290558790775e-03
7.875192526089848377e-03
7.717469960185616151e-03
7.843565807743037646e-03
7.880215406925693972e-03
8.070197822769093615e-03
8.036410503755551937e-03
8.272593470614675662e-03
8.533946301945070229e-03
9.219554380534166274e-03
9.692628835244286936e-03
9.914448676129084329e-03
1.054038968221162123e-02
1.007605947727873048e-02
9.962177422271949190e-03
1.002521341503309626e-02
9.903258024955147176e-03
9.981219537891425353e-03
1.013913223535703803e-02
1.043763025547037038e-02
1.014692014722932446e-02
9.858881422796825222e-03
9.507654538763982144e-03
9.382601142940710445e-03
9.400907982762097409e-03
9.404630362978914915e-03
9.084696023159189587e-03
9.658214405685833920e-03
9.719026171088667940e-03
9.620771017480257009e-03
9.740592858743384735e-03
9.949866951560533412e-03
1.053341033247998278e-02
1.107616277705454622e-02
1.116979427847021762e-02
1.121213849986418300e-02
1.099551089881610835e-02
1.063865780708921245e-02
1.013346571550421960e-02
9.863440351572869136e-03
1.017154036287985092e-02
1.083367679904573277e-02
1.085138861962302997e-02
1.049976998735570322e-02
1.006473772615664591e-02
9.495515639576349726e-03
9.085627976982922280e-03
9.009257326653488662e-03
9.080973745779694073e-03
9.276208706406465637e-03
9.253940047208853575e-03
9.560642990127689311e-03
9.651823985375066611e-03
9.927138257378766151e-03
1.006372859109731788e-02
1.043344623147053618e-02
9.569518207977203983e-03
9.514080035833438059e-03
9.555645323703593208e-03
9.670342245846376417e-03
9.867265644568697092e-03
1.010618552458814566e-02
9.475796324864513634e-03
9.563216672152291542e-03
9.635348171209173751e-03
9.849822682714375749e-03
1.000337016274455149e-02
9.951393433803194105e-03
9.626454241313406324e-03
9.553015788391903615e-03
9.534350722121432559e-03
9.558442734194132900e-03
9.701010363309382073e-03
9.549032897572057310e-03
9.495255571699558542e-03
9.822560067572700185e-03
9.759839495390939396e-03
1.016734890955373928e-02
1.011046696196616843e-02
1.038438776569119808e-02
1.076600860815252018e-02
1.102806607684914640e-02
1.013370163657824341e-02
beta3
3.510501706009984488e-03
3.462006798914651125e-03
3.406464560031798386e-03
3.188022952773309458e-03
2.721205810831836113e-03
2.118101717749658157e-03
1.942227404748739662e-03
1.420270295945064848e-03
9.168594115030973424e-04
8.901003237257697209e-04
7.087316480294872639e-04
8.653887034164238793e-04
9.082358936254892202e-04
8.554273748379410350e-04
7.583458977556838164e-04
1.114361303085642215e-03
1.184889185712328062e-03
1.432687214463228189e-03
2.233764810104963208e-03
2.438569985297281504e-03
3.074632019407884474e-03
3.690836005151674516e-03
3.897488900914888865e-03
3.903198467571115590e-03
3.657643115148109282e-03
3.387728247824758551e-03
3.191814156009072263e-03
3.035197551988293076e-03
3.154479279066939659e-03
2.981081439334372710e-03
2.789879728517618944e-03
2.595800209135703217e-03
2.214689512814067406e-03
2.243026819741274387e-03
2.155802482843639702e-03
2.129129317366942626e-03
2.021336040198153279e-03
2.702472409714512351e-03
3.323489956281956183e-03
3.210636681699805331e-03
3.476831487575121442e-03
3.491112675742535486e-03
3.683301445308415079e-03
3.548939434485171452e-03
3.095729861982434404e-03
1.444335750301454363e-03
1.043149330450115564e-03
2.702433794867492494e-05
-5.515631948049242849e-04
-1.986973795385610624e-03
-2.626101127085009659e-03
-3.152545519149298290e-03
-3.320025901116083547e-03
-2.795722894158134304e-03
-2.264231290797882098e-03
-1.886216863032648839e-03
-1.481031724837089496e-03
-1.361045451550289311e-03
-1.259878284313588163e-03
-1.486628619616543658e-03
-1.508211282527847008e-03
-1.269717358557815885e-03
-1.358226796194546629e-03
-1.484781474951937276e-03
-1.383686141953489619e-03
-1.622413849300172357e-03
-1.850357567473995268e-03
-1.902203063802140100e-03
-1.581265538952634359e-03
-1.348643400629315810e-03
-1.195356012217582264e-03
-1.152943748513246634e-03
-1.029913851748435159e-03
-9.504391324960804847e-04
-7.181379207023004096e-04
-5.898474494835641985e-04
-5.503802661885230998e-04
-4.888562419901969474e-04
-6.016119396902501427e-04
-8.340107153605878700e-04
-1.189656949809930666e-03
-1.385643772761192046e-03
-1.382951888706048090e-03
-1.347192827260072605e-03
-1.436565416068681785e-03
-1.491831062802657709e-03
-1.643151008754943198e-03
-2.124786992381009869e-03
beta4
7.510660511744672506e-08
2.200041064536657146e-07
2.832586001300561522e-07
6.307872445776770596e-07
1.461755437269701801e-06
5.211628510200671082e-06
7.753682829446477263e-06
1.215628149626247749e-05
1.579102619211797160e-05
1.138371687985505507e-05
8.414134796812427474e-06
8.912163090337532178e-06
5.607260599218684836e-06
5.863138811392093350e-06
2.151772227037842503e-06
1.249985939762511153e-06
1.630923463541543749e-06
9.455602941448938388e-07
1.715111518439182306e-06
1.805657446682001637e-06
2.347389642925546208e-06
2.758173453357438017e-06
3.558692762774213226e-06
9.295839427537051059e-06
1.486031046886609215e-05
2.316659222385917738e-05
4.793715578925860797e-05
6.576268893838543730e-05
5.955102970041983032e-05
6.766029956307550303e-05
6.661426383473831379e-05
1.003023764203269589e-04
7.368373445858778501e-05
7.967319346892075553e-05
1.024145239375905640e-04
9.950762238072980641e-05
7.690038429584568716e-05
7.310885984599380908e-05
8.640326079416871014e-05
6.175615910338554614e-05
5.098749365049507951e-05
4.461577125322460733e-05
5.184343885020231717e-05
6.175205666737414970e-05
9.382633819241046995e-05
8.771514797066828017e-05
3.740408054462475841e-05
6.071856080020022686e-05
6.314145624307807773e-05
1.152535700824410545e-04
1.479986429893493066e-04
1.782946577615686931e-04
1.821783985719198969e-04
1.729611977355432844e-04
8.039975206536269085e-05
5.762804130442613151e-05
1.885587172232393831e-05
6.090193747152591313e-06
6.840559276424539972e-07
2.488818959587336331e-11
-6.347632791144289968e-09
-4.239809909848920295e-09
-9.052025650479351492e-08
-1.320446389479199069e-06
-3.360709562916002209e-06
-1.075685210773026892e-05
-2.211666665156889844e-05
-2.526617333840605243e-05
-3.347190412635948545e-05
-5.026172866834399157e-05
-7.638034804173372242e-05
-1.123264164437928428e-04
-1.206079267651827226e-04
-1.048985021354363644e-04
-1.014554096292089405e-04
-8.813917686161968712e-05
-9.488367100432453850e-05
-8.471256390213193713e-05
-1.145267481816432886e-04
-9.287014839097451310e-05
-1.383274054915516237e-04
-1.155606336734198733e-04
-9.603723516337441218e-05
-9.764008875617463104e-05
-6.296750807283569738e-05
-5.679891161553354308e-05
-4.536065020852325278e-05
-3.125437623255911406e-05
beta5
-1.901989637124224154e-05
-2.718796153617437762e-05
-3.608611296770885656e-05
-3.164005070825568454e-05
-3.757459869387055803e-05
-4.506735876187904452e-05
-4.094812671448807255e-05
-3.427766508276799018e-05
-3.478494862162946123e-05
-3.059321182977488187e-05
-6.330100615394872502e-05
-6.907986787501295151e-05
-8.184337676183102536e-05
-1.057092696631311808e-04
-9.435451222806157340e-05
-1.912782125476878315e-04
-2.714710059303100794e-04
-2.113506547557956572e-04
-3.638015604140951978e-04
-5.006748503368018376e-04
-6.314935733679953415e-04
-7.715026036163086026e-04
-1.024719847714937633e-03
-1.075757620902690909e-03
-1.248017962536323135e-03
-1.241554403070739294e-03
-1.272872093757463361e-03
-1.475211825906364276e-03
-1.893704870433738719e-03
-1.907638054903233130e-03
-1.993085588927511267e-03
-2.156079118618800094e-03
-2.474448671813205512e-03
-2.540034367690065069e-03
-2.748031779208117906e-03
-2.534410599724420260e-03
-2.462210395507909676e-03
-2.416241079941819185e-03
-2.544012716402486822e-03
-1.663423457562828583e-03
-1.189606476365222829e-03
-1.043474736447932765e-03
-1.017642577720044572e-03
-7.368103708953033628e-04
-7.831378272891543297e-04
-5.975146375918859165e-04
-2.943690965640313479e-04
-3.715390232497028846e-04
-3.155949683735850288e-04
-5.271701455202682353e-04
-6.519697581084289706e-04
-7.174990381722267958e-04
-6.182369542873146235e-04
-3.381064595768759227e-04
-1.588171207252084293e-04
-8.702154747145993650e-05
-6.314412953595469340e-05
-3.728747048538706991e-05
-1.969939373419932649e-05
-1.572906426654015679e-05
-5.448836890453972581e-05
-1.811258967058124929e-05
-1.859240618261184477e-05
-2.332881537831337152e-05
-2.879543686349602931e-05
-3.187360113617296916e-05
-3.488770100638996654e-05
-1.967949300028648795e-05
-2.241466634849334353e-05
-3.287996005012900312e-05
-4.523519377645124795e-05
-8.838607714409764588e-05
-1.045359835377692684e-04
-4.746309770317983217e-05
-2.719177995988142767e-05
-1.894910286595942754e-05
-1.254319454948363131e-05
-5.173012577421542518e-06
-3.096156779630490372e-06
-1.551406517178075242e-06
-6.030913896022808633e-07
-1.452378071039371246e-08
-4.146580165592828169e-07
-7.358202451499676822e-07
-3.720153886722662449e-07
-3.964442684155179868e-07
-3.406514628765214258e-07
-1.649533756407259078e-10
