8.853020279907213963e-06
8.540223658551614159e-06
1.757245858401944237e-05
3.245817966426982348e-05
3.717286929384648299e-05
1.069304962144539611e-04
1.036260063421498687e-04
9.732031443581181643e-05
9.432468783892116967e-05
9.631796722524189490e-05
9.952956961572721457e-05
9.717409331344865810e-05
1.595949792068204092e-04
1.606299168428663266e-04
1.624836451948493115e-04
1.578251918413683941e-04
1.673282580090266678e-04
1.427313879446571922e-04
2.009767301465485094e-04
1.992252070193990506e-04
1.976660408554497346e-04
1.961503865003992825e-04
2.594108950216493081e-04
2.556288587396699625e-04
1.928687250287456289e-04
1.911481685851236241e-04
1.863246961968943781e-04
1.845568709749568700e-04
1.703845024896192097e-04
1.570048199858609800e-04
9.177622219131091987e-05
8.909603283117103860e-05
8.479189268669424042e-05
7.678608729071329257e-05
2.555052738202671881e-06
3.303156038866853591e-07
-6.834998903315811030e-08
-6.836033474846738125e-08
-6.836338217746021589e-08
-6.837978842772300413e-08
-6.837995497619758314e-08
-6.838004433859870254e-08
-1.364824176711245012e-07
-1.368000536262422831e-07
-1.368287139431730182e-07
-1.369093258865021014e-07
-1.375942790793090058e-07
-6.971081581786244141e-08
-7.065008146130593869e-08
-7.082822621057690702e-08
-7.294653061978560166e-08
-1.172687327582495842e-07
-2.396798689296084262e-07
-3.322091546125016836e-07
-4.144910659409036265e-07
-5.293433819168915492e-07
-1.735508329434625292e-06
-2.023628801340300318e-06
-3.676283023583087100e-06
-6.886011086638475217e-06
-7.554393636536821780e-06
-9.293753201262089597e-06
-1.010457646836532401e-05
-1.140588304567593710e-05
-1.669951872301059744e-05
-3.353421614680700367e-05
-3.507602275490383101e-05
-3.549960114352865970e-05
-3.475283209523122096e-05
-3.497960714308934231e-05
-3.420137989079252271e-05
-3.335548848860447402e-05
-3.312752847295790277e-05
-3.199746194161543102e-05
-3.235392133999018824e-05
-3.251205573698930687e-05
-2.803387251024924858e-05
-1.318742282655347647e-05
-1.190448099078885278e-05
-1.337042962135892567e-05
-1.786307040188026693e-05
-3.996141140845439489e-05
-4.794641335664746553e-05
-5.117696987874697546e-05
-7.205340236492772216e-05
-9.988663847199602899e-05
-1.146544830772160231e-04
-1.226121937429532104e-04
-1.432778268069862155e-04
-1.676584111581351261e-04
-1.846446652094919851e-04
-2.437719815865813523e-04
-2.468675964306244592e-04
-2.319922303292643528e-04
-2.308065476669107221e-04
-2.489559180194288982e-04
-2.411781632098658566e-04
-2.195139654311506700e-04
-2.171224911883979378e-04
-2.116324318603443968e-04
-1.938551320465072122e-04
-1.744838696367853430e-04
-1.637042097948740221e-04
-1.039844444614059518e-04
-1.014291640365554375e-04
-9.411871129385067857e-05
-8.687399485997176747e-05
-6.318909637226747384e-05
-4.965409382519074278e-05
-4.287674755340231252e-05
-2.933097338192878936e-05
-2.535954284669453889e-05
