1.499503556964513476e-03
8.961534681119777933e-04
1.163376567167576829e-03
9.924768033558906567e-04
8.914260294552421322e-04
8.543797833971177383e-04
8.962737229795570294e-04
8.041081018111850181e-04
6.653001248785171034e-04
4.001118353123299170e-04
4.628344371187274252e-05
-1.999379931825223829e-04
-1.023460340130986869e-03
-1.230255746374228892e-03
-1.693716397223960163e-03
-1.885305728728444439e-03
-2.087824974602693964e-03
-2.009816003882089301e-03
-2.091015495369693937e-03
-2.224347213193443151e-03
-2.315419011427624889e-03
-2.329831135752015621e-03
-2.016171895616526016e-03
-2.057670466703586092e-03
-1.394941919251599339e-03
-1.366792926110207322e-03
-1.322833838996003786e-03
-1.262183457431387745e-03
-1.119987022558466185e-03
-1.377021048377837517e-03
-1.372821477404292945e-03
-1.115407113873528996e-03
-1.278768123988007583e-03
-1.249171813593145637e-03
-1.023756493312572230e-03
-3.478243652156149616e-04
-1.175499983422327176e-04
2.830742260944935172e-03
3.674450425519363347e-03
4.005418066463315926e-03
4.203428781759151710e-03
4.684730136028256164e-03
5.058734089145006108e-03
5.010516096774822979e-03
5.653414470439130195e-03
6.018245203101246950e-03
6.343715869627678666e-03
6.465889200959434695e-03
6.753868271793906503e-03
4.104624034079512943e-03
3.696564402506836294e-03
3.728467289798885909e-03
3.666725452464868976e-03
3.419784952727207821e-03
3.510671590754582769e-03
5.130163377293607031e-03
4.936041294756853860e-03
4.809898608192158045e-03
4.594695113829451276e-03
4.100201945102069020e-03
3.470498148153948557e-03
3.155910266750959481e-03
2.759596390311520094e-03
1.972125766744084376e-03
1.189366030667784362e-03
5.511634323880659119e-04
3.626446527894519080e-05
-1.835666884522328332e-03
-1.963016632466477347e-03
-2.089465748160176158e-03
-2.401172246944361256e-03
-2.336145238493614155e-03
-2.259508525576825032e-03
-2.093396289539199880e-03
-1.773799231285506537e-03
