6.349973120151762137e-06
1.474737086350504245e-06
1.525784734382074629e-05
2.933136325130379839e-06
5.237333811691575385e-05
2.857932877155161316e-04
7.756322726205516251e-04
6.916855803606671189e-04
4.508071368430641786e-04
5.397924632139213062e-04
4.975112488634593141e-04
4.813651010287474169e-04
2.537389761328029403e-04
3.053174193595649139e-04
1.909466731680019161e-04
5.675525778287160851e-05
3.277069685442870301e-06
2.996833512566459995e-05
7.781044911353067565e-06
1.405139098639941073e-06
1.157811006496837911e-11
-3.261712049228430552e-19
4.065920067359677582e-22
6.160700421472563309e-10
2.239700850052435824e-06
5.723897425047437133e-08
5.604642807611936885e-06
3.243547277473315154e-07
1.332652553677015338e-06
4.592997691309584000e-08
1.152867123387136057e-06
1.214453971393180813e-05
1.185974194677270966e-05
6.835055986216019368e-05
3.708207363073109703e-04
4.519188534932428694e-04
1.263240570148921240e-03
2.145477451609158724e-03
1.528399222846452826e-03
2.105218694601472540e-03
1.018992505287647909e-03
1.557812488413430141e-03
1.650638961323138993e-03
1.471583231289214392e-03
2.627509418659962695e-03
4.287108602086068046e-03
3.943137041654153421e-03
3.413447131491986145e-03
4.328698796678819016e-03
4.478061274424679356e-03
5.043302337546432153e-03
5.767320396316224021e-03
5.751552590706334595e-03
7.027648598144186146e-03
8.073026396452326336e-03
6.214934643292960650e-03
3.131757162765333100e-03
1.588559944557087298e-03
6.667018677446567409e-04
3.840160490738799634e-06
-1.198183995445824745e-04
-1.201435123026702370e-03
-1.417819239778087860e-03
-1.635478922151617758e-03
-1.530079357974125764e-03
-2.678301925597699733e-03
-2.771894202227367238e-03
-4.137647730038616738e-03
-4.171254224560069432e-03
-3.983975298070653072e-03
-2.529123772314975736e-03
-1.857041724153270148e-03
-9.541692778558508951e-04
-8.720408245666851467e-04
-8.534127484795465783e-04
-1.054879182764647053e-03
-1.952391357214550410e-03
-1.033326064838109050e-03
-7.226884937703273361e-04
-7.025444834493967681e-04
-1.274300120934985245e-03
-1.420440047763309828e-03
-1.657371886524442763e-03
-2.514090704432831586e-03
-2.560938429689471087e-03
-2.095414364841551805e-03
-2.665312236945900810e-03
-2.007652187060600044e-03
-2.378006399110610229e-03
-2.162212600940638559e-03
-1.333737497907733476e-03
-2.331354638821040662e-03
-1.225227568827661363e-03
-1.264664482457539393e-03
-1.853128128464603432e-03
-2.001636251207897579e-03
-7.433559033298637242e-04
-3.822462401786312549e-04
-3.638863362319089655e-04
-2.459324751820682570e-04
-3.228090718484379713e-04
-3.010407132872738411e-04
-3.896557180808124586e-04
-1.442871217668286921e-05
3.299985906608635253e-09
2.368212487170743083e-05
6.930761502693085418e-04
1.023944387006442240e-03
1.098132536080838285e-03
1.476980127659912288e-03
1.010414987128204541e-03
1.798123876086723779e-03
1.650448810632822042e-03
2.844569513190471806e-03
3.773486347495550505e-03
3.578630917144287778e-03
3.079433456700561827e-03
4.370366651138091890e-03
7.045145224256647160e-03
6.089740444000225211e-03
5.249724020723965830e-03
6.028313714593199271e-03
5.873228142250374977e-03
6.173666181576351573e-03
3.521345063559174794e-03
2.657694626633465111e-03
3.309732493496200627e-03
3.873692456537696296e-03
7.534637484143701103e-03
1.589958749331350091e-02
1.447724237848609791e-02
1.867893886323129804e-02
1.555596027716344559e-02
1.735869043787294230e-02
1.793338186478742047e-02
2.166219487280739153e-02
1.895171472819031158e-02
1.549738760094326873e-02
9.807403261794345878e-03
9.916101633283736297e-03
9.107496260618457018e-03
9.720149195164562439e-03
6.989227620029642846e-03
4.634958683799500316e-03
3.156890295128081565e-03
2.099894037801118725e-03
2.788183306080866883e-03
2.550016097060263040e-03
9.970086915474581524e-04
4.406174388071284369e-05
-4.458633287591911318e-05
-5.043887764755813517e-04
-8.233372408025132864e-04
-1.726858456751296459e-03
-1.042315391450745338e-03
-2.108264501748121451e-04
-4.607981273763179641e-05
-4.092039187633688974e-05
-1.684483695872079489e-04
-5.029284512888523503e-04
-6.964561930728680513e-04
-3.573806625879636322e-04
-1.398533085529544311e-04
-5.812009660886995771e-05
-6.576833695968333881e-05
-1.144516607840505465e-05
-1.289880258830524582e-06
-2.280370414144182336e-09
4.681639158829380306e-07
4.517861709555662399e-11
1.174426659404415542e-08
2.642653245721546533e-06
8.723055318365401843e-06
4.599216815525458896e-05
1.105864171872072125e-04
3.141311062199866823e-05
1.317431962344936870e-05
4.007673511216039059e-06
5.676190413007813232e-11
-6.498478840461349857e-08
-1.875694937160795492e-06
-9.374537826345954073e-06
-3.630094849331897615e-05
-4.723917197430292116e-05
-4.267659078541986888e-05
-1.193072721358146980e-04
-4.580748824428481692e-04
-6.289763322641532062e-04
-7.915152699400603356e-04
-1.105312648792110535e-03
-1.329458985641530141e-03
-4.957913863177587990e-04
-1.903314244247768087e-04
-4.052903197799147782e-04
-1.515012945234556576e-04
-6.548548968267553982e-04
-8.366145324745958385e-04
-7.342425449506733131e-04
-3.131649629500581240e-04
-3.731320140589322728e-04
-4.116266175860049115e-04
-4.166910985002092492e-04
-3.159742515456496603e-04
-3.202958730567474028e-04
-4.613462204761000613e-04
-6.222580089002881579e-04
-4.243596002124934972e-04
-5.595533916385878395e-04
-4.235762883279882733e-04
-1.575876847354729603e-04
-1.637903595635754222e-04
-2.245386907647879367e-04
-4.321653123160936480e-04
-1.238278991602441426e-03
-6.218224396352338814e-04
-1.636182394988744859e-04
-1.098725248290835206e-04
-1.854936470927380163e-04
-2.165456278561750446e-04
-1.853864535755186732e-04
-1.456398673459832630e-04
-2.199275452711804723e-04
-1.634794994003961567e-04
-3.347455041845126696e-04
-2.303428166996982374e-04
-1.137790427841938812e-04
-5.240730578329293448e-05
-3.680696017131368485e-06
-3.022826307613448280e-06
-4.508405197336415238e-06
-4.607812079100980516e-05
-1.517367497066170981e-04
-1.170977047606425116e-04
-2.712580659072509810e-04
-3.790757599224838653e-04
-7.860323231990875952e-04
-8.319462792890633049e-04
-9.978646349832478394e-04
-4.955754727920004803e-04
