-2.051525409411975032e-02
-2.314515097994150616e-02
-2.489503490255651555e-02
-2.107641498168170285e-02
-1.719299013064625598e-02
-1.443738858001238773e-02
-1.278401787843600444e-02
-1.164537413654722318e-02
-1.182314235628935221e-02
-1.103120091523437582e-02
-1.010340310083175652e-02
-1.142743803141703894e-02
-1.209859773206391903e-02
-9.812279550559251107e-03
-7.254175553229105615e-03
-6.516557747077242162e-03
-6.394668569321130223e-03
-7.054885221264672705e-03
-6.777650543159991457e-03
-6.497522225139141204e-03
-6.281015180736158714e-03
-6.566418461198999211e-03
-6.513546855660552228e-03
-4.277464044271445803e-03
-2.015243553605471690e-03
-2.240822609976807298e-03
-2.524715227057670267e-03
-2.670374905573155624e-03
-2.747844733579979035e-03
-2.440921303648073675e-03
-2.530705033427477213e-03
-2.851942216982873615e-03
-2.756874990859544457e-03
-2.666667427095875328e-03
-2.884072219446571703e-03
-3.099742208076299629e-03
-3.211250328624425544e-03
-3.308197541703305610e-03
-3.804821265494901569e-03
-3.821834082203887008e-03
-4.420670221905782619e-03
-4.247317934065925754e-03
-4.648777681875859366e-03
-7.831093023778150364e-03
-8.130023995413989193e-03
-7.940451317111721710e-03
-2.141397922985566540e-02
-2.158402756136952247e-02
-2.472613259455397339e-02
-2.731353176425247928e-02
-2.877599818104452367e-02
-5.544197225600172585e-02
-5.480106461283954650e-02
-5.487937121304210103e-02
-5.471715757934011992e-02
-5.406115773726948709e-02
-1.265815134314302315e-01
-1.454608877093656882e-01
-1.382545503200825754e-01
-1.379920396886046563e-01
-1.639212897157305837e-01
-4.525169678904110149e-01
-4.674618695336634766e-01
-4.411618486909794079e-01
-4.458500618474274813e-01
-4.568357873247031464e-01
-4.902227870613297678e-01
-4.872716715260414500e-01
-4.136246952626946860e-01
-3.944626786973197130e-01
-3.880061068216200115e-01
-3.895900343396749288e-01
-3.613582306456748494e-01
-6.996045673988808555e-02
-5.294846502694881135e-02
-5.234089773671807971e-02
-4.802738697940237000e-02
-3.707090252740054270e-02
-3.935421527791208018e-03
-4.654090218920899254e-03
-5.396261833031837374e-03
-6.754201666826734930e-03
-3.416487111451449454e-01
-3.412648586086284852e-01
-3.408607529607430853e-01
-3.410358659611144039e-01
-3.413492909648408458e-01
-3.438049604849651164e-01
-3.571357816840606270e-01
-3.713909801390558596e-01
-3.708950110586091697e-01
-3.703498188394568902e-01
-3.697954379249304147e-01
-3.682207014286383306e-01
-3.274600491986179307e-02
-3.132384294542977371e-02
-3.054822031594863277e-02
-3.042843712276202886e-02
-3.012776807616608654e-02
-2.769576590175043540e-02
-1.352260840164475932e-02
1.114119248547970620e-03
1.213332300655323463e-03
1.404003598012931731e-03
1.531418617798782503e-03
1.518739114253174483e-03
1.464948559643539181e-04
-4.760236077135068968e-05
-4.714188959776809828e-05
-4.762272033795250057e-05
-4.906595538248936664e-05
-7.979575472291136845e-05
-5.206381353644317115e-04
-5.702415681696903094e-04
-6.410483755858555673e-04
