5.262388667968330054e-06
1.107172649261357053e-06
-2.686013335349021575e-17
-8.561066471192984704e-07
-3.369769075119227575e-06
-2.702903595622530048e-07
3.992717013232294665e-49
2.809669196589157188e-07
5.821010846075861755e-08
9.735964929176023382e-06
5.255564893551804425e-06
8.905898787633741139e-08
-2.826090276665523587e-19
-1.347028348293991691e-07
-3.744247139212358952e-05
-7.863340859595358457e-05
-3.112371300791407251e-04
-2.908353170468835685e-04
-5.613548254695617567e-04
-9.484386572164787369e-04
-9.623008777527590658e-04
-1.095019718911001503e-03
-1.173818150963235486e-03
-1.050160093673261057e-03
-9.353743983716689787e-04
-7.446711780412784698e-04
-8.117142738839878101e-04
-5.702514085422713281e-04
-6.424174562592985162e-04
-3.992389132814736690e-04
-3.518688181268613685e-04
-2.610821809698727594e-04
-3.176292666023605130e-04
-3.307124099359183686e-04
-3.541597953524589100e-04
-2.105026062217691524e-04
-2.736314111623267160e-04
-2.045258769425755741e-04
-1.430747463105398222e-04
-9.581329573117743342e-05
-7.849958488228702698e-06
-5.826377263626178452e-06
-5.273274683567790474e-06
-5.572147608771232242e-12
2.942542985239311754e-07
7.911654958656593974e-06
2.750675106431518281e-05
6.286652529320437845e-05
4.031696599823620032e-05
5.733878845673441680e-05
4.516896781506469437e-05
7.658586607692717486e-05
5.662219961432414197e-05
4.594208498249663413e-05
8.523741456854904265e-05
8.719989357852724271e-05
3.591176174693198669e-05
1.299073441029652599e-05
6.424915724045058727e-06
1.324519891541484142e-12
-1.309838803456241784e-06
-5.900711554695365051e-05
-9.993766150565152749e-05
-2.805788070125513447e-05
-2.487066507551437283e-05
-1.176841800872971866e-04
-1.649683453785599904e-04
-2.241958298941686351e-04
-2.531349632775127339e-04
-2.979470740058473609e-04
-2.458376437095590155e-04
-1.933738009219591728e-04
-3.169947903413829367e-05
-3.124057112875419711e-06
-5.924696787853862672e-07
-3.992301883031886591e-06
-5.095088266624398101e-05
-9.891593822601014551e-05
-3.033239495481784582e-04
-5.409545749199965500e-04
-6.168440983157479768e-04
-8.563565975611672808e-04
-1.073725215903760348e-03
-1.030918286687202432e-03
-1.683032991921779627e-03
-2.158739296655149895e-03
-1.724952505837044209e-03
-2.254838187129927334e-03
-2.674006235056586214e-03
-2.572092980363668499e-03
-2.454571526413614098e-03
-1.969771098375426230e-03
-1.598146587601463522e-03
-1.190688635187537843e-03
-7.106590262230745884e-04
-5.833256625659998841e-04
-2.561418570519722378e-04
-1.635457483939434633e-04
-3.733967180660496149e-04
-3.135400180301903608e-04
-1.436628516464061962e-04
-1.426435682602065473e-07
2.094787249206621634e-05
2.127395256642835900e-05
1.176818945747000293e-04
1.032729272113980029e-04
2.953543335170470468e-04
3.034216707672336482e-04
2.349299387820924956e-04
6.704652379092341683e-05
1.243290847053019987e-04
3.103868002002203820e-04
6.832786441907684905e-04
1.068249065191445839e-03
2.238063320535796895e-03
3.854949086740101956e-03
4.111698443667174616e-03
4.828595722513658907e-03
5.675765447999301001e-03
4.396112757208081590e-03
5.256636950655402783e-03
4.094594076303770605e-03
3.631577108470486481e-03
2.875746376239748762e-03
3.055657797636022154e-03
3.007175711601224079e-03
2.938913498954569964e-03
3.702167624029513091e-03
4.099468347722425715e-03
5.113610733401670327e-03
4.701100111328088832e-03
4.387896159425573074e-03
3.849067144375330554e-03
