1.581947250304178640e-03
3.500553464769281219e-03
-3.801276649496557365e-04
1.000663762477661681e-03
-7.090047199725164504e-04
1.681671487567346990e-03
4.199237503964473972e-04
1.300639109781184626e-02
5.997842365679590315e-04
-3.820818958040306072e-04
-1.609475762075437228e-03
7.381198544974869541e-04
-3.934734893947977770e-03
6.749516506522957164e-06
-7.843118481995130925e-03
1.471484050934096901e-03
-1.437964656389001221e-03
1.945273228204941673e-03
6.259407547927874223e-05
-1.724688439466959505e-04
1.512381874343690256e-03
-7.396908636635948385e-04
5.319366546856838093e-04
-1.785378304014928041e-03
1.258202423891414306e-03
1.431896848335869428e-03
4.844138396274820686e-03
1.150628740087245505e-03
3.747167537998232802e-03
6.408885904123044893e-04
4.477418241490794745e-03
8.832823889255379812e-02
1.997536329365868623e-03
6.627769699364999441e-04
4.435549117483816514e-03
1.269772040075630489e-03
1.275088015850952671e-03
8.175133959356230273e-02
9.999319952890403304e-04
1.216309207167709039e-03
2.022232610785395027e-03
3.059034652082657374e-03
8.984078362889052517e-04
8.449027922859732873e-04
2.572166515712857263e-03
1.808757677709096554e-03
1.386320775644079260e-03
1.511843491090433421e-03
7.413562749304451749e-02
3.330922147323055280e-03
5.583868756480410075e-03
1.782921872450628263e-03
7.039725405017195278e-04
7.968642919272992753e-04
4.171095612225988319e-03
2.380713472670162659e-02
-1.956880127651656424e-03
-1.252491213327745767e-03
1.911033979168412988e-04
-3.117864389615142317e-05
-8.552716418996999289e-05
2.111765864037488949e-03
1.619884754830017972e-03
1.572497469519678736e-05
3.834782938453994866e-04
-2.918296117092533063e-04
2.196514190857726430e-03
-7.330284206556039262e-04
-6.510043580897493165e-04
3.911298128416759549e-04
1.663871598306915331e-04
-2.843488730624774792e-04
-1.449646653374784579e-03
-2.389204747998437302e-03
2.010338664632228779e-04
1.418662359198502110e-04
-2.713200573549107760e-03
-5.881729467324738623e-04
-3.637102445515705078e-05
3.844415076156309672e-04
-7.943696323941012343e-04
-1.428495532983595304e-03
-6.081521732639518819e-03
-1.898082043960918990e-04
2.747027783160891501e-05
1.551904487433938739e-05
-5.302385222649210221e-04
2.251933800444166152e-04
-7.856482273573196133e-05
-8.079608972767257213e-04
1.287641323554541625e-03
-7.820491731556277956e-04
3.458481278212191984e-05
5.202743179310249716e-04
-2.415666218919346100e-03
-2.447679755819291616e-03
-5.651191020187132418e-04
-3.872936519877986906e-04
-1.289778064233420554e-03
-1.185343355859430842e-03
-2.772049937925940427e-03
-1.037955424829656173e-03
-1.405470806239880006e-03
-3.740203834691585810e-04
-2.617496701589186025e-03
-9.850699684886973177e-04
-9.848272945018581980e-04
-2.321064916362309671e-03
-2.161897431511421999e-04
-5.333085285902778010e-04
-1.215692273284542770e-03
-2.690457046928771681e-04
-2.338477355321552393e-03
-8.380462038157403867e-04
2.287838398445496803e-04
-2.421582124715845647e-04
-3.783675650023719870e-04
-3.107440015704472820e-04
-3.764064250392868891e-04
-5.162027186264165138e-04
-1.226164398581900197e-03
-9.718731177186860871e-04
-1.214074065050152213e-03
-1.355088363526652960e-03
-1.923819763106276743e-03
-1.368216799702915440e-03
