-1.016715315932535946e-01
-1.363531825951388998e-01
3.263852671152411844e-02
9.106823870573280133e-03
-2.429986092986605693e-03
-4.043773540555841046e-03
6.388649727630918776e-03
5.196619977051526035e-03
5.333444011185805439e-03
1.186576117354231491e-02
7.794946460796842169e-03
5.499349789347615647e-03
7.785011681315803789e-03
1.853547454012369894e-02
4.323327174183385670e-03
2.213567198890634830e-02
2.753970217747556820e-02
3.047255221420857793e-02
3.063699586996370891e-02
2.871064464527268642e-02
1.758462439842264913e-02
2.377359214303840715e-02
2.942874264872421750e-02
3.485725925985349444e-02
3.641676242327445551e-02
2.570948086298296964e-02
2.324995882033229974e-02
1.978036433314532549e-02
2.944064672424952234e-02
5.193208233201431628e-02
8.610042328956690749e-02
2.875186555033468899e-02
2.869026223618957941e-02
4.009214907160591618e-02
4.112269407936555710e-02
3.307669191600976638e-02
4.200153370907935141e-02
3.931135066240865061e-02
4.686324784014237604e-03
2.094999206260507105e-02
4.912952033325716783e-02
4.780648560564819405e-02
3.881522989736848478e-02
2.456161365221031304e-02
4.917282044473510888e-02
4.333528365465546400e-02
4.117616708017872440e-02
3.531750963698301882e-02
2.601464259016083788e-02
4.808130864109324415e-02
4.318921217636705057e-02
6.276743942298232404e-02
7.507824385767790376e-02
5.622655852050904846e-02
6.273439495156363233e-02
5.031021024550481890e-02
-1.659333153918805684e-03
3.243308644222224886e-05
3.159624339514834762e-02
1.267756310649242532e-02
-1.127448424028890533e-01
-3.699437986987307303e-01
-6.655258855692235409e-01
-1.111970441770756768e+00
-1.747054582271511114e+00
1.113466476083970792e-02
3.176260275878117073e-02
-5.261105522603500007e-02
-3.622717140400718086e-03
2.123406092814352983e-03
-6.527410411469034609e-04
-3.688805336412855334e-03
-5.121511171158536595e-03
-1.240373945129540946e-02
-3.633718242030312823e-02
-8.919920903751257790e-02
-2.800216134398202800e-02
-3.036411719221613487e-02
-3.166400111881449708e-02
-2.614131086593381517e-02
-2.457251445528365122e-02
-4.595445489849493692e-02
-4.376969653850745767e-02
-2.561921335884621842e-02
-3.796371778094081995e-02
-6.933176670916255113e-02
-2.844883991364109965e-01
-1.212675269366045028e-01
-5.221422771107193245e-02
-1.550804837321371164e-02
-1.596893529747065929e-02
-1.770316341353207062e-02
4.394789270866237413e-02
-8.003393628801799831e-02
-1.013313641376279439e-01
-3.328491998281581099e-02
-3.549442242100757372e-02
-1.733850569612913756e-02
-1.738859652740007075e-02
-1.417431095011413567e-02
-1.870377184771169696e-02
-1.664731902727718121e-02
-1.823773184245923093e-02
-2.076619159068975734e-02
-2.777806452685888453e-02
-3.240055925408648341e-02
-3.897554726883778464e-02
2.897498135399789558e-03
5.647380433959392314e-03
4.853433096116211223e-03
9.305437327726255592e-03
1.167520428629982565e-02
7.292496353609951090e-03
3.703651833487138761e-03
-8.467238524699872287e-03
-9.248345227410911112e-03
-2.985661934197725818e-03
-5.867467780965942431e-03
-2.330510558873417210e-02
-4.458722206610955807e-02
-6.767654957789744075e-02
-7.252519015002928393e-02
-6.406377695504024417e-02
-9.024068742210263061e-02
-4.143254168744021915e-02
-7.031247458074119105e-02
-2.834585164715084510e-02
-5.387624609626519984e-02
-7.183899325760746690e-02
-7.361933752565393008e-02
-5.682117655387537714e-02
-9.867204474559855554e-02
-7.788621827785324747e-02
-2.282745810296167854e-01
-2.037756174602183001e-02
-5.169072680082857640e-02
-1.560429700737853420e-01
-1.624017992543885791e-01
-1.020680184999130796e-01
-2.496549036506104657e-01
-1.368652834023659504e-01
-2.674038947838758840e-01
-3.731631913199192629e-01
-3.739608125417075990e-01
-3.885469757831516713e-01
-6.328815046016345036e-01
-5.474655045705645318e-01
-5.574654261046240178e-01
-1.963613603308627387e-01
-3.850410485264319643e-02
-9.960528128439785633e-02
-2.094871762875522014e-01
-1.129967464873219196e+00
-3.012595310157755168e+00
4.064385024385873749e-03
