-5.132729919667085252e-07
-2.051638497400883933e-05
-6.904702492497533046e-06
-2.301052458685511385e-04
-1.343567468639575327e-04
-2.661424215557300995e-06
-1.684174873443605680e-07
-3.565342127150583679e-08
-9.551296653036886146e-09
-4.666629179904934315e-10
-1.699046056353535690e-10
-3.360620710780639434e-15
-4.096901668149944172e-20
4.693293212808436548e-55
2.332361117754360764e-31
2.026811780541316716e-15
3.774328704012482890e-09
1.669565573200705617e-08
2.951507988620709474e-08
4.218388475509999735e-10
8.262385634641485343e-12
5.013580670574521558e-11
4.849941879113398459e-10
9.815196100091520108e-08
1.496438814531639975e-06
7.347740624011540351e-07
6.570074639970177146e-06
1.237668406364935011e-04
6.160542934195153498e-05
7.504034825779834516e-06
2.262335700202333807e-05
5.062560598122791861e-06
1.826675108236617209e-07
2.782673404240906052e-07
2.743793109985696670e-07
2.068437807417538959e-06
1.196403457840351803e-06
1.828542073901335847e-03
1.678784496990275965e-06
4.521086707397993134e-08
4.125995892335334886e-08
1.849607029501715339e-12
9.007495736716371277e-11
2.515757765204354061e-26
-1.664658814432587766e-44
-3.151273589497136617e-32
-2.844987329619247364e-20
-2.416090445095689557e-14
-1.766998712177660787e-08
-7.002964792793776480e-07
-3.193157339448629858e-06
-7.023286407276485110e-05
-7.356419708550987469e-05
-6.967506333810321472e-06
-1.389427974107748508e-05
-1.027868224744830797e-04
-3.609872401004685701e-03
-2.871634710743587354e-05
-1.932200606511895658e-05
-1.347649341517546202e-05
-2.529241697330709850e-06
-2.335304594317062904e-06
-1.833070857641943746e-07
-2.531620809698122256e-07
-2.560296760087960445e-05
-5.389465405127622877e-07
-4.777792428922146429e-06
-2.467579490147324679e-06
-5.967185257814675024e-06
-7.076313753685124011e-06
-9.557039540780599312e-06
-1.398590340168616377e-04
-1.865234353763948918e-04
-2.159899345147564401e-05
-2.649789876269268107e-05
-3.408894910151718085e-04
-4.544480494050170071e-04
-1.522657460063738801e-03
-1.139653847072348049e-03
-6.002615754457049939e-05
-5.893752124802083964e-04
-6.954862938682938910e-05
-6.193198255858293122e-05
-3.996935519866516988e-09
-2.266896410561507397e-10
-6.861374443233763986e-13
-2.572843395883540695e-14
-1.841650455290629152e-14
-4.586915429006427680e-12
-2.966479810161350841e-10
-1.835529585349610348e-10
-1.195126316074140111e-08
-1.631150172791083297e-10
-1.175393954431720057e-11
-9.193744180758664967e-12
-6.456893014126562889e-16
-3.594820222711181778e-16
-1.886925677577661810e-25
5.121392961613887306e-50
1.221088244794233234e-22
