4.467078134941467374e-04
7.414547243369709432e-04
2.361027012274010935e-04
4.456742707224022482e-04
5.037073648887965263e-04
2.927107381136186278e-04
7.744298729954578056e-04
1.219097547159642180e-03
1.783912688559648554e-04
1.920650166249362638e-06
-2.819535514688968492e-16
-2.630787848928845235e-05
-1.069656309416685842e-03
-1.100385839751795176e-03
-3.715639367432951000e-03
-4.748395990339800490e-03
-2.940590352893498582e-03
-2.490778384464749015e-03
-3.098585806331685070e-03
-4.958711807910263190e-03
-7.318443835114383893e-03
-4.075049725997407016e-03
-2.427357497966254342e-07
8.593787879196661955e-05
1.722827296320621161e-03
9.383586975287245896e-04
3.284734174834615193e-03
5.963612599809977807e-03
6.029704883382312058e-03
8.335852775750857147e-03
9.019668663114438142e-03
1.028724948727020860e-02
1.323887414751365524e-02
1.213287865599796400e-02
1.543322446163751527e-02
1.794674516363509165e-02
1.669250505932948908e-02
2.314379205743298529e-02
2.568847000557248489e-02
3.583557529023193022e-02
4.113077953240522333e-02
5.200368567455025681e-02
4.476189059125318392e-02
3.961024204450730446e-02
4.050550074932583039e-02
4.202373652148054528e-02
4.335123940557693289e-02
4.916871156217315908e-02
5.306224007287727029e-02
4.620496042245439416e-02
3.708008920549053095e-02
2.166257764994673415e-02
1.247067613197623374e-02
9.351479930511203895e-03
8.908785293241145570e-03
7.304891068662414284e-03
5.517495839352924702e-03
6.232418386399212959e-03
6.015061063922695628e-03
5.277000863562938612e-03
3.081428049139810915e-03
2.825906206374848625e-03
8.159919981798209859e-04
3.263039188259117952e-04
3.946673415378400230e-04
4.654536991878066685e-04
2.225164924942207205e-04
9.735551458690052144e-05
1.611524854218696567e-04
2.277621102420919637e-04
1.767211976968076728e-04
1.291782624934943908e-04
5.541452208795987513e-05
5.687050983518961740e-06
9.642395186645076052e-06
3.271616703456357243e-05
5.542555547240763237e-05
3.123356526097112906e-04
2.369280550917842354e-04
5.839895746935667509e-04
5.614416630368264860e-04
1.056006990970768510e-03
5.518601097114221761e-04
7.847660127261928218e-04
3.892049332074068403e-04
1.853034853300795080e-04
2.749236561690765360e-04
5.836405577137013549e-04
2.705820204103961436e-04
3.655006975335465961e-04
9.981870124723772868e-04
4.726932826303050059e-04
7.441595337850347158e-04
3.985280092147355183e-04
4.964144288524161789e-04
1.347279370446696810e-03
1.092964382030449247e-03
7.370570636996738459e-04
7.614395488171176590e-04
1.146562290789847338e-03
8.299046463876022040e-04
9.207466450289482872e-04
5.760445748468782717e-04
1.158767751814085162e-03
1.149549092872938433e-03
5.272446034267274859e-04
5.719583032966536491e-04
5.786758460431306933e-04
1.398149006653709057e-03
2.605786646690077916e-03
1.981685737140473184e-03
2.889760873368068736e-03
8.941504225438426032e-04
9.994007751678180701e-04
1.713657465280783894e-03
1.422381156911213963e-03
1.984554169101240308e-03
1.395684477090595229e-03
3.169323657183203621e-03
2.388698303599513881e-03
1.470754716816853385e-03
1.709243631905980497e-03
1.970250275977826308e-03
1.681609536518162288e-03
1.543734327794804703e-03
2.473412804143270121e-03
4.627665918274573124e-03
4.393810276112391361e-03
2.761529026084961428e-03
4.121320237924902367e-03
1.086548709573695488e-03
7.025635192537413656e-04
1.090963841501688559e-03
9.654882224081097475e-04
7.565236176911719138e-04
2.271028111864237514e-03
3.402510872655538192e-03
2.282791270801199333e-03
1.697039404700483641e-03
1.642016616129362856e-03
6.234875282407412308e-04
6.842218065878636051e-04
4.993101667874580733e-04
9.205545913430771216e-04
1.113746963376203774e-03
7.045225056999321941e-04
5.746892040227166622e-04
6.647866514899756834e-04
1.633965826825259870e-04
9.891039055541958852e-05
2.097337572986873749e-05
2.796841309813968890e-06
1.050978729183564915e-05
6.192116932319797697e-07
2.189725570751082516e-06
7.421805583779307007e-06
5.960038374324451076e-06
1.619947127550865023e-06
-1.120598903107101711e-07
-4.294974414186375478e-05
-1.231897021440788028e-04
-5.300544053311256421e-05
-1.763815109654073864e-04
-2.466264343380107139e-04
-1.944048748290039610e-04
-4.810729839584193589e-05
-8.888368005014078894e-05
-4.300200783476771206e-04
-5.881358105346720872e-04
-1.858795039424443202e-03
-2.745224676595756520e-03
-1.818673122650719259e-03
-2.130212808641543734e-03
-1.388857302466181727e-03
-1.742703862207481370e-03
-9.893591957351834717e-04
-6.015499532879805059e-04
-5.975079173680177555e-04
-7.962884085415643243e-04
-5.678231492249662202e-04
-9.216241150656198037e-04
-1.360021078551581358e-03
-1.194954647734469168e-03
-1.022896097431211238e-03
-2.442443084877451726e-03
-2.166852325282637992e-03
-1.217902246714081763e-03
-8.140511401842113418e-04
-7.779790833604113874e-04
-6.645413686247003638e-04
-3.859557829052069188e-04
-3.168013892202842761e-04
-6.679200266143324981e-04
-1.251353729151722803e-04
-1.125780323411221359e-04
4.701789908964408898e-07
5.345391591396650140e-05
5.233644298924402345e-04
9.538417033367342082e-04
1.188183071217949714e-03
6.684128246624964492e-03
1.214704791321399510e-02
9.619757167390946204e-03
9.108464374386801218e-03
6.449666202978550367e-03
5.303012806269308439e-03
4.133194051912276318e-03
1.945493059868989068e-03
5.211503865976598732e-04
4.599341203956243017e-04
3.639068269321152804e-04
4.388736228932011004e-04
3.112154117102158813e-04
4.527972491116190367e-04
6.091512087151613065e-04
2.850351370071587623e-03
2.205773746881474484e-03
1.526052527339333839e-03
6.400019246628581770e-04
1.549923358692116733e-03
7.552215797268620407e-04
5.881892371039775403e-04
4.411187688653563110e-04
1.692748560032821654e-04
1.176671982729690847e-04
1.494468568068125841e-04
6.031008313506054587e-05
4.489074593161008499e-05
7.240741254633529737e-06
4.986988328581560831e-06
5.887121632321412841e-07
1.087517708996223438e-07
8.059687660004001308e-11
1.562064419390425414e-16
8.422962994824928299e-09
1.155029170436023465e-07
2.395937303094687811e-06
3.200305804912849916e-06
3.895869871272351838e-05
