3.461542666477242117e-05
4.234653616405083944e-06
2.205790135989375584e-06
1.819724076872076119e-06
2.856354604398734780e-07
6.129946719976277600e-06
4.218084026213269107e-06
1.451859814526504396e-05
7.167524733690190634e-06
1.231025012485860683e-07
1.242812639510723902e-07
4.637204738028409565e-07
1.939691640548932083e-07
9.021537115219041979e-08
2.638740583152331990e-09
1.562870927566474558e-09
6.693940985591994025e-10
7.567245853191967676e-07
9.553736985600728808e-07
7.015575302791145651e-09
2.754783652913775552e-20
3.056864495798238964e-35
1.790179872722822314e-52
1.188974505245657514e-27
1.211964191582561627e-20
1.261185860828348951e-34
9.431118851002404488e-33
-1.845458435072393948e-38
-3.703899248899732275e-20
-3.334451299737143662e-22
-1.009882464214798944e-16
-2.720895866292948597e-15
-1.363622564650144658e-18
-2.110727385221865905e-23
2.357443775228089227e-22
2.553170809832789925e-35
2.412263928781380677e-30
1.136243536936433730e-16
1.064279766914617171e-20
2.876190490301685928e-21
2.061655226410664408e-17
1.150377066145028836e-12
2.299991349779649090e-11
3.049514738493829184e-09
8.380664193001348484e-10
3.854744078711229567e-07
2.640408362705840988e-05
1.484847932152647898e-04
2.811510638266391700e-04
6.096842744259711906e-04
1.895276987320815970e-04
1.672746247252164076e-06
1.328418943011253905e-13
1.378523108896912550e-51
-1.340912276268160896e-07
-8.357151377612659945e-05
-1.086768131157674945e-04
-3.414245462403797947e-05
-7.674941182101498605e-05
-8.985816233407747434e-05
-1.587103787908528542e-04
-8.525168568362535815e-05
-4.989972555394991949e-05
-7.812063148458049189e-05
-2.933538342508712737e-05
-4.609133959399909343e-06
-1.760071167235835580e-06
-5.258186671404660823e-07
-5.243978112292763714e-07
-2.243231362122594488e-06
-7.112865856625043328e-06
-2.064041512871012322e-05
-3.957263399325197943e-04
-2.633890841645099377e-05
-2.177498047935550048e-05
-1.607545979666012150e-05
-1.635041147664920711e-04
-6.161855926033992100e-06
-1.872905076050268702e-05
-8.604164178780895770e-05
-3.710667679083455009e-04
-1.058667245941617230e-04
-1.685174396274009704e-04
-3.914585655955226924e-05
-4.841129883341007198e-05
-1.245601282512523984e-05
-4.336750400078466289e-05
-5.303883556498630394e-05
-1.151148235465201052e-04
-9.726104163922509745e-05
-2.022252580521706177e-05
-1.634842303557400799e-04
-4.158486969478832014e-05
-4.230657474216892127e-05
-8.705372719297893721e-05
-4.596851077088475249e-04
-1.203593718253874326e-04
-5.129216490977731073e-05
-7.784100078901894473e-05
-3.029443217941153260e-06
-6.343926568968922015e-06
-1.540657501798284316e-06
-7.242007304815217804e-08
-1.105948495975107955e-08
-1.098220500355590431e-10
-9.014383788498995524e-20
8.946385666610232625e-14
2.652129647198555070e-09
3.742131009420935451e-08
5.345893778855190736e-05
1.165694518099835044e-05
1.602958923130783827e-05
5.180229400717205560e-06
2.831288556833961422e-06
3.780617580590026731e-06
2.513822710579765739e-05
2.258000212547257895e-05
8.309873968321633932e-06
1.693685302069777710e-05
3.882736276216301711e-06
8.349082233983523051e-07
3.935048914518556746e-06
6.092242913609176788e-06
1.746023917049688787e-06
1.177116184682739103e-05
2.432881941988663273e-06
2.894739105005196840e-05
2.389647789427774580e-05
2.274853994874390207e-06
2.322686562927786329e-05
3.015785018648125030e-05
5.585137872402573685e-05
1.116680396090072655e-04
1.049513074308665224e-04
2.505694281283547820e-05
5.118646727219663798e-05
1.121365875342592933e-05
1.806686194295710910e-05
6.181719969316482375e-06
1.082847244149511028e-05
2.119015123792458054e-06
5.810878011343817968e-06
2.365683258436279677e-06
4.705795596483964580e-06
2.848318423280372062e-06
2.104942927298073783e-06
3.350588429503338324e-05
7.998911604407304195e-06
5.624437080783371360e-06
9.877061895013035203e-08
8.090896028994190297e-11
1.786955144410531401e-13
2.756626094929893203e-14
5.869676410905737824e-30
3.702672798521618020e-18
2.063902351068571132e-05
2.147223886335152974e-04
6.436578651223815836e-06
1.057094817654960001e-04
1.505538536864927228e-09
9.844830542028822307e-09
4.981902604578932856e-06
5.169926769858086997e-06
5.160773271681156368e-05
1.335390411020922395e-05
2.536999339100538421e-06
4.226586478007329991e-06
2.146003192624172237e-06
8.844359936122430049e-07
7.789931423115208241e-06
9.770888211991410165e-06
1.388606194449420808e-06
2.107189997918032149e-07
1.690014993438263725e-07
1.221391635826070902e-06
1.100744290048944362e-06
4.252650273029055572e-05
2.657443482574061645e-05
4.571545153041747796e-07
9.783310204288086235e-07
2.258008654237486514e-07
8.344138151626546785e-09
3.021868093010412170e-09
