4.644521274931980373e-04
3.608465095075146910e-04
8.762373063133968272e-04
1.619889473821203418e-03
1.741982422946695887e-03
2.164046990145163107e-03
2.228895725561453635e-03
2.863549070234906822e-03
3.031328861692727823e-03
4.551897267843484432e-03
5.245078881521654524e-03
6.081786597196202696e-03
7.063015864264577184e-03
8.593544623279537192e-03
8.998115152209015463e-03
8.639545413518197325e-03
8.999351080312401746e-03
8.846851709493687085e-03
8.648300663037393476e-03
8.051791845416354093e-03
7.700877066709129609e-03
8.069061294234226162e-03
7.471461244481164901e-03
7.342177407906633896e-03
5.819430609881674245e-03
3.889925901188434013e-03
4.089826465845589065e-03
4.440154678693420016e-03
4.091508943386425179e-03
3.446591319320371077e-03
3.663404151218341114e-03
3.571618755988452756e-03
3.477647776094019288e-03
2.922526787269860357e-03
2.434155605210449377e-03
1.626891231439477059e-03
1.129650973912269245e-03
8.611833103091275261e-04
9.431864843253419221e-04
2.142990589057753095e-03
2.714269480793010496e-03
2.199523851933937995e-03
1.730295462521111655e-03
1.248361717234647457e-03
1.271464686571519183e-03
2.135434789952355555e-03
1.584674810294930004e-03
1.650291267812859473e-03
1.860495326280394834e-03
2.277747701529839099e-03
2.556890751972405815e-03
2.586903898906995486e-03
2.166992203818314620e-03
1.488566496913680103e-03
1.667068037763709109e-03
2.024518029711889957e-03
2.375538496507027288e-03
2.029950839348554185e-03
1.189198258928911116e-03
1.181645591335243189e-03
1.152387520756208931e-03
8.135056741146257315e-04
1.006384702443485031e-03
1.160509916964073355e-03
1.043020881001226804e-03
1.605475813935929377e-03
1.569436169598289414e-03
1.120137068906262422e-03
1.047456147763445138e-03
9.396924144457266537e-04
5.023571766112864016e-04
7.330919776409619516e-04
3.219266243523928595e-04
1.294099496762693804e-04
5.234267811579722637e-05
1.945678333787007205e-05
1.945554027472921203e-06
6.871360255653900231e-08
1.582391429410704890e-64
-1.199384883257799196e-15
-5.807564501802038048e-08
-2.486741814106965213e-05
-7.755290817812058929e-05
-1.879050131832450340e-04
-2.943353486825094675e-04
-2.549322920812785746e-04
-3.784832449156906348e-04
-3.154077893535464725e-04
-3.403063881966833125e-04
-3.431238280334215343e-04
-2.754576983768567810e-04
-5.945271316830276227e-04
-5.611367416527880680e-04
-6.462357219477278319e-04
-6.731474369216313867e-04
-4.830808870915020243e-04
-8.227015950834884635e-04
-8.228897665617177903e-04
-5.039288259272263005e-04
-3.152563363400164172e-04
-3.223165505240775056e-04
-2.683665612740377435e-04
-3.353941237375855340e-04
-9.996651104199322626e-05
-5.227062209212163967e-08
6.004406519377343782e-11
1.144385675273970843e-04
1.417966935886238403e-04
1.650252858112124382e-04
5.041561555758334277e-04
3.155743788997291354e-04
2.781931175790338957e-04
1.245075025075696186e-04
2.183298563023914512e-04
7.699556195420341671e-05
