-4.486746374423904619e-12
-1.352341754235677273e-11
-9.015611694918823331e-12
5.116758819484771670e-10
4.106730925403902086e-10
1.136459380623723910e-09
3.772820801915317737e-09
3.370266547421126634e-09
3.039451255587788123e-09
4.707234226573429244e-09
5.887434030979626948e-08
4.511162288637452960e-06
7.051885964457205192e-06
1.110304391468370815e-05
1.994881085346700801e-05
2.290821791692596084e-05
2.720499627140106599e-05
3.235082674739155544e-05
3.649434041329921999e-05
4.457540210374786048e-05
8.017206151670561989e-05
1.145433655818702006e-04
1.266904949713992302e-04
1.501725858100937236e-04
1.772852997496877252e-04
1.967631767319310372e-04
2.068426922740851934e-04
2.477129209726789544e-04
2.861145219472378907e-04
3.142949643052464492e-04
3.738416044802954363e-04
4.442212457597554428e-04
5.104738374767612283e-04
5.208342196999069971e-04
6.307704240974416334e-04
6.796254792725115422e-04
7.568346319028390395e-04
8.820006847226048675e-04
1.003179910174472342e-03
1.220273161153254821e-03
1.454641641733051688e-03
1.511903995248696378e-03
1.480521792435175689e-03
1.440352607072492965e-03
1.366100427320443003e-03
1.361107227761357589e-03
1.362781040858345762e-03
1.573706396726928239e-03
1.746795722140615306e-03
1.774655218198747247e-03
1.739764607612221152e-03
1.512962494205632872e-03
1.249757669118835637e-03
1.165224377925243695e-03
1.138594908783164758e-03
1.101501224353663858e-03
1.073909405641789751e-03
1.034169309951932106e-03
9.103621177007805007e-04
6.225944575652729660e-04
3.416555896793029533e-04
1.505088079421374174e-04
-1.731644286755108439e-05
-3.219259940133380898e-04
-6.987261599318632084e-04
-9.637687529814134872e-04
-1.092336189505980744e-03
-1.167026181762046864e-03
-1.225723587546335329e-03
-1.290866712035401232e-03
-1.368015399812981536e-03
-1.451179081106657555e-03
-1.498821259463226085e-03
-1.509842454393144377e-03
-1.476781990372624115e-03
-1.240585261610782511e-03
-9.712087485892339925e-04
-8.642536435377465775e-04
-8.856627108794734018e-04
-8.645614843472714016e-04
-9.363914158362268486e-04
-1.010107809734559240e-03
-1.126913664668154286e-03
-1.097305212335779193e-03
-1.094634234411702434e-03
-1.115720688500562502e-03
-1.198876694718397588e-03
-1.269267491035839949e-03
-1.394667817597892425e-03
-1.392866726055646360e-03
-1.317685257313750682e-03
-1.368868925907812525e-03
-1.265774395552339039e-03
-1.195575180393285098e-03
-1.105585089577280347e-03
-1.230437625884903607e-03
-1.291327986728988330e-03
-1.275892116120097087e-03
-1.177921440135381659e-03
-1.081108325464372579e-03
-8.677683174480437531e-04
-7.290272473485896743e-04
-6.651807724054551590e-04
-5.668737463844002135e-04
-5.418100766707773571e-04
-4.754154192252751823e-04
-3.730462383124865853e-04
-1.951904726460109861e-04
-8.836323306506306541e-05
-5.709925548467137917e-05
-4.236303580866214794e-05
-3.449347792989133113e-05
-2.887154812355459293e-05
-1.738256790217772451e-05
-1.211418106632581008e-05
-6.860866067363978182e-06
-4.552896705891209392e-06
-2.710961942601133963e-06
-1.142694717521210800e-06
-5.432387972957975268e-07
-5.219645012298555379e-07
-5.186434333448942433e-07
-5.144773405679270919e-07
-4.419664663799451764e-07
9.138855049450222539e-07
1.532360169411198678e-05
2.644027151366759858e-05
2.742166776383095925e-05
2.768666747808345429e-05
2.950534856820695494e-05
3.282006477099960658e-05
3.574699388726546994e-05
3.690613919869269492e-05
3.887651748834628770e-05
4.197734701539261202e-05
4.982346551605764122e-05
6.264816072136578215e-05
5.892908759131471936e-05
6.027481219563328462e-05
6.432646780215063435e-05
7.251418727930368199e-05
7.282882122514203551e-05
7.115656062205079780e-05
6.824549956005122517e-05
6.708635425045377432e-05
6.509715280627788867e-05
6.193975487327469233e-05
5.394014590919714780e-05
3.882153858108964504e-05
2.250132967005057325e-05
1.828556781164376464e-06
-1.717121754835685725e-05
-4.603564153704087312e-05
-9.950507414531238419e-05
-1.420276801774722887e-04
-1.578226051868467702e-04
-1.696149011607439333e-04
-1.897209495116710775e-04
-2.052784647759586410e-04
-2.175354454225664896e-04
-2.520467406030905922e-04
-2.573591081478355494e-04
-2.618451026593039883e-04
-2.515866032330329560e-04
-2.351938426836915671e-04
-1.935194603119600322e-04
-1.612212390154974374e-04
-1.634247224188771464e-04
-1.664155699856181099e-04
-1.885674584579845195e-04
-2.083603310595409912e-04
-2.131005247768536209e-04
-1.986544518922041432e-04
-1.986225364780264417e-04
-1.944203894882361226e-04
-1.977468431648129804e-04
-2.027014348261490552e-04
-1.959903937102417618e-04
-1.955378551148631908e-04
-1.827454344623277401e-04
-1.706977089817805196e-04
-1.340530381797061944e-04
-1.072785501252304023e-04
-9.649659182550669831e-05
-7.979320741847879545e-05
-7.491908386466672226e-05
-9.463048079613618757e-05
-1.200390178542174065e-04
-1.994385356688551357e-04
-3.816930204944388887e-04
-5.955851915024076111e-04
-6.376169790288174636e-04
-6.513934021102552518e-04
-6.532218862553757811e-04
-6.522471227609121175e-04
-6.653176120803690414e-04
-7.309745486944905710e-04
-7.745518674801594875e-04
-7.534751320151744864e-04
-7.380678217349827047e-04
-6.754715095802823468e-04
