beta2
2.069072515613643373e-02
2.599569012639512700e-08
4.074988690628006402e-08
2.004621809504138522e-04
1.765135650313643390e-01
2.425420325929789900e-01
5.410645368767919017e-01
1.631097528926478760e-02
1.874505708250159483e-02
2.879001410479903669e-02
6.367190721454847602e-02
2.806799840345620134e-01
1.902812784184827188e-01
1.058457223172762189e-02
7.893572917028654143e-03
1.065420312208763091e-02
7.661934750007880907e-03
7.254706303077154174e-03
1.429975667780652263e-15
1.232907845878378306e-08
5.548845664007225021e-04
3.018135912018346993e-18
8.756695503621992232e-14
4.378116834290629918e-38
3.434870541684969424e-29
4.422404882517155042e-06
1.091797220112287045e-11
3.416409517069052206e-04
1.731243842820691864e-13
2.578682470749351513e-08
5.293708886073158690e-03
1.849442534702809213e-02
2.617807002050666354e-02
1.689131374782487302e-02
7.173754732869664230e-08
9.916017812411378531e-08
3.926942485930706984e-15
1.870599487027024623e-05
1.166401839855458347e-06
7.373211458845370528e-12
8.002756302473415549e-07
8.230596880687301527e-10
2.779623653948613871e-07
3.082245947681341771e-03
1.308034510165989551e-03
6.058928008220417351e-16
3.813699790829427590e-04
6.861133541832433778e-20
4.782071985234971677e-10
8.022651062113493586e-24
1.955797081196251740e-07
1.137075724101668357e-25
2.187532850097716024e-28
9.228401333637662794e-11
1.625272029472918565e-05
2.278897752582215360e-13
1.447606133408178009e-05
4.208802250411473010e-03
3.821220540113503573e-03
1.151365311002185317e-02
6.950964052672729473e-03
1.294935644659743826e-02
8.490896272759338934e-03
4.749155663017815693e-03
2.076338805071184686e-03
5.634029536917916844e-03
1.599039949068997712e-02
2.499038740037723763e-02
1.024493179209041809e-02
2.603231453275495211e-02
2.227723525554735004e-02
2.762665614394904656e-02
1.729239473720746434e-02
2.315143394899430926e-02
2.308015130791827435e-02
1.625729960539461921e-02
1.760203972411688786e-02
1.800459473742167110e-02
2.753721420579939225e-02
1.551131179238830413e-02
4.356422965742926673e-02
3.757727156421406672e-02
4.835194898006588832e-02
6.636237368850961271e-02
4.216607251908621040e-02
3.929521452963769284e-13
1.243343899738007935e-02
5.930372460271654069e-31
-6.420771379576997304e-17
5.284749026732081952e-09
4.740867523634966648e-21
1.273783519047427067e-14
2.645613798602583258e-26
5.065110272565502593e-09
4.427113257254441083e-15
-1.969248088681513733e-04
-2.105798891539670615e-14
-7.385552342895471619e-08
7.934565734557729695e-24
-8.326699664678472267e-09
-8.828439912015940731e-64
-6.295353490667366792e-37
-4.031322142448812013e-19
-2.524210084635849908e-06
-5.557393935118553627e-24
2.455093965067910939e-09
-7.015458041466339757e-11
-1.720227954016307198e-30
-7.039891750316038334e-12
-1.969624027808101381e-05
6.993115021725363284e-37
7.756228894144104169e-09
3.722244810936022055e-16
1.331175325242876978e-06
1.150742095884083840e-09
-9.450978546812618559e-11
-6.774933961831462924e-32
-9.262056411723123197e-09
-2.231954412102354366e-11
-7.093657568051493605e-04
-8.814492292219001875e-78
6.037118590988716388e-05
1.685670934510068890e-04
-1.523807631358099443e-04
-2.596120179412346535e-20
2.146695532486221387e-08
2.060940666152884746e-06
3.723565500112370691e-07
2.818660165055120139e-13
5.493855783238714300e-05
2.869678203750409467e-16
8.110576617169551060e-16
4.097021410658198484e-24
-2.781832973438459023e-21
1.292538260910613347e-32
1.099152665565420379e-16
5.305119273508943839e-12
-4.401108923517469750e-06
-1.109454062348570248e-22
7.601318974807201685e-23
1.020464144264798193e-04
1.715691974916706739e-14
1.153219582157132994e-06
3.223748974105128140e-09
6.080184669934063898e-07
5.279026080162610957e-20
1.295080131822306187e-31
4.111905278583471342e-08
2.682953782341401335e-23
1.231442569966486846e-33
1.550093568424528090e-23
beta3
-3.811781916837319799e-25
-8.087482171457062392e-20
-3.824097592653280448e-20
-1.847799557104130957e-20
-1.977124812847806558e-19
-2.407950391211861466e-19
-1.613785373245833662e-23
-5.625239573394290548e-21
-1.636055603564695875e-22
-2.182537605298843371e-18
-2.735291892985919551e-18
-1.848744864666444293e-19
-4.676237674037900341e-21
-1.929358146145635103e-18
-1.230388000654861345e-17
-1.051607879799646666e-17
-5.832511591151054264e-18
-3.299582368751845002e-18
-4.178691763432479806e-18
-1.319856575157359510e-17
-2.744067961429805568e-17
-5.997591382556902802e-17
-9.289386049821607424e-17
-7.793708986128405739e-17
-6.396806861739715067e-17
-6.692567896962365741e-17
-4.326311981950949235e-17
-6.732494112028517330e-17
-5.828153390722621766e-17
-4.463528776214121594e-17
-5.071748091636684652e-17
-5.426636896201437306e-17
-6.463521616198713356e-17
-7.161141405005873746e-17
-7.072309519652949988e-17
-7.844640658080133029e-17
-8.203134102705452601e-17
-7.242352364769974918e-17
-3.634111967775454589e-17
-2.954319680927837622e-17
-1.418023532310687356e-17
-1.480609057947381284e-17
-3.717908055755384557e-18
-3.410640661439698082e-23
-3.445619152718424883e-18
-4.253185850330890826e-18
-7.318039743389058584e-20
-2.061429496275849296e-23
-3.026548909446549157e-22
-1.894389458432156573e-18
-8.495036677884996470e-24
-6.370647033758430902e-20
-1.401299551214794061e-18
-8.292709465360428187e-20
-1.026858729016565713e-18
-2.812547302371456589e-18
-5.220292962071281415e-22
-1.491491963206638816e-20
-9.589073698682148466e-22
-5.752177001961401879e-19
-1.475921962818161669e-19
-3.464569014581965339e-25
-6.095015780563426794e-20
1.733242751315330109e-20
6.732471855198258879e-21
1.150748932325077142e-19
1.288943849810592279e-26
-5.598912606307627808e-19
-3.861450745107151086e-19
1.509329990463667865e-18
3.145950314176002156e-18
6.748585324293542177e-20
1.074296789778601223e-19
2.692893456375847719e-18
9.082991153537124886e-20
3.040360601988905827e-20
1.299813624591331978e-17
1.538993757372909209e-17
1.650763947358104969e-17
1.495986238499412937e-17
4.509316835169210730e-18
3.797399113186592391e-18
6.811364372497048424e-18
3.678960077864349162e-19
4.545332518148534871e-19
4.216540400447629741e-18
5.523330294200820402e-22
3.903759672621675336e-18
-6.451964779814951497e-30
2.249423013707375439e-21
3.481054789737369173e-24
1.560703072369224094e-18
7.454118040688931797e-20
-4.351622358716573238e-19
-2.756581344238853733e-20
-7.337824364092360231e-20
-1.030875783084657589e-18
-1.660528201707135066e-18
-7.010955263807715960e-28
-2.132962010456072615e-18
-1.148085389985403376e-17
-1.052665161061800444e-17
-2.736951526934525419e-18
-7.072513678130858573e-18
-1.332852465426643924e-17
1.865940199669605568e-18
-2.281881858451707296e-18
-1.656811543276218320e-18
-1.049062300057093018e-17
-1.479990254657752837e-17
-6.196599484321054471e-18
-6.118968063007432697e-18
-5.594402208081533218e-18
-1.290803983286199729e-18
-1.651762618551447567e-18
-1.928501183374378805e-23
-1.684259248832577365e-19
-8.319947302714477870e-18
-1.883772838332588695e-18
-8.321614782407847043e-24
-2.858129793987410595e-25
-7.802500969102991802e-20
1.413660574580721328e-20
1.119467931519393745e-20
1.558793463505763828e-18
-2.492292251475790956e-18
-5.494689624838955650e-19
-4.066551166453275250e-18
-1.097879052361794055e-17
-7.283243826120117413e-18
-4.844360044466686077e-18
-1.069780386317151186e-17
-1.349224937881936262e-17
-1.846944412502639184e-21
-2.535981143694939217e-20
-1.647419592216450750e-18
-1.271019076526802829e-18
-1.017734134810799230e-17
-1.316923181628047257e-17
-2.586513216605342650e-17
-2.405139935627489023e-17
-3.635602683886393469e-17
-1.904786107540231507e-17
-1.841177027431260414e-17
-1.867012465996125861e-18
-7.567108757935159486e-19
-1.287637352291050954e-18
-9.787341660412227608e-21
-3.809601907686121443e-29
-5.048787427713875834e-20
-5.369666339145791207e-18
beta4
-2.783278113227850188e-17
-3.327192985197218026e-17
-2.109527015808261760e-17
-2.602848350065153534e-17
-5.376447024057601675e-18
-1.373773551451258250e-17
-3.502040508377307263e-17
-1.913138525870008925e-17
-1.520300496344162857e-17
-1.183023146215754703e-17
7.491125270694285723e-20
-1.338388256060907021e-18
-2.672091069818227999e-18
-6.122400909495842012e-18
-4.194677572865689980e-17
-5.947584933131170224e-17
-3.075765484305762327e-17
-1.451029500787548179e-17
-1.940075660542906874e-17
3.470612228388398646e-18
1.172982219580619345e-17
2.433383182641938121e-17
4.481914936127383197e-17
7.180655163227092057e-17
4.208190966477464221e-17
2.610905865360366306e-17
3.341625832133743186e-17
5.163003433215575656e-17
5.406751757585118832e-17
7.185891667165571488e-17
9.917916508186267850e-17
1.085173728857535038e-16
1.399642496204452300e-16
1.253787060132171272e-16
1.121148698638355793e-16
1.240235923691909474e-16
1.772967399760313853e-16
1.408122004599381896e-16
1.868184418552131558e-16
1.614153292709618642e-16
1.421941065267373353e-16
7.908157933172045967e-17
8.940779693748384523e-17
1.266978619389548599e-16
1.405643426699341900e-16
1.271204590350445087e-16
1.550119544089370393e-16
1.346001375744358628e-16
1.069533336996726550e-16
8.703371507697433823e-17
4.749516195722329002e-17
4.059539878961170658e-17
2.688258500236909583e-17
3.674149484311509245e-17
3.628289356647952621e-17
5.056933763215096225e-17
3.065485320485986927e-17
5.826855971031186915e-17
3.545634792274604064e-17
2.380785519315529191e-17
3.375510754819241113e-17
3.585600377054083192e-17
1.513321737263516709e-17
1.205303741111832332e-20
2.087726511432767579e-18
3.789974368815906133e-17
5.475180036881464000e-17
4.257172224538728382e-17
1.601171228404469895e-17
5.155303053253752444e-18
4.407074721033770808e-18
1.201964660915809157e-17
1.011988192259296041e-18
7.501621916848178664e-19
1.245237120378456294e-17
9.074028694867867809e-18
1.721067093852965093e-17
7.572974878865932862e-19
1.432890286783785945e-17
3.641371935579041595e-17
5.373641196991013995e-17
5.948422723346957290e-17
4.865895074925082120e-17
1.104150668745350437e-16
8.545324300055477234e-17
9.675650841954010829e-17
9.051751848280972271e-17
9.203005045951142002e-17
9.025530238220982292e-17
6.439140889733900486e-17
5.369213648499169266e-17
9.986168165996359787e-18
4.707333660355255270e-17
1.205705002433795832e-17
3.176522767861333991e-19
1.822904507452537396e-17
1.054601376378933465e-17
2.481778427592540844e-18
2.592204778918305496e-19
1.730504842177301835e-17
2.161844736549813367e-17
4.907108705220554454e-17
6.658353064364744613e-17
6.035152143939400988e-17
3.528554547090255204e-17
3.012344303705014980e-17
5.225487462301729770e-17
7.474676797604349673e-17
5.538029780474544328e-17
5.111275203963003612e-17
4.983868894584040984e-19
2.977669948879536395e-17
3.707605070527466358e-17
5.099516726186658714e-17
6.470183817779218457e-17
9.667048017881243344e-17
9.948793475089714445e-17
6.997596482492821459e-17
7.655160377708742617e-17
6.868222616374808820e-17
5.697456292270056136e-17
1.054395188819428352e-16
1.018480194696806931e-16
9.174219057909322599e-17
4.337055241117149668e-17
4.675871239985207270e-17
8.169827486807750032e-17
4.447871198098154733e-17
4.761239303994802385e-17
7.958648993585199406e-17
5.650190496702114796e-17
4.173531692163577436e-17
5.912562865340025677e-17
7.489395734757371733e-17
2.262658118436496668e-17
7.728772973777993238e-17
1.432866365372460443e-16
1.552774196468748239e-16
1.456992887141609997e-16
1.079422540711086031e-16
1.398538082466042637e-16
1.978892947328499132e-16
1.929534293745422225e-16
2.566323086172464631e-16
1.660983193687678351e-16
1.905987928421411786e-16
1.870562355483572463e-16
2.242065496626359214e-16
2.585538505755737992e-16
2.288663938486720216e-16
2.081098919463521614e-16
beta5
-5.680449521944260039e-17
-4.634612118563137784e-17
-3.517228649737774015e-17
-1.977911270436506157e-17
-7.890513097381924690e-18
-3.093635212979407969e-17
-4.312547447471336716e-17
-4.383414199675181395e-17
-3.876322151982162615e-17
-3.740215788040547442e-17
-5.374443607111981322e-17
-3.482786356391499069e-17
-1.006072259823968940e-17
-3.250095187192295795e-18
-2.722266702472113653e-19
-1.315164764754253877e-17
-3.256365374756669937e-18
-4.980686357445923083e-18
2.146907419012138192e-19
1.097620043436170281e-17
-2.281271755682337537e-18
-8.336531276547291886e-18
-1.041698393288668265e-17
-1.300707738208846141e-17
-7.979485515845100143e-18
-4.616141238494646973e-18
-6.495464026831507171e-18
-2.226930982712166605e-17
-2.718030996191184939e-17
-2.248554351478812117e-17
-2.729457578870098008e-17
-2.116840999506687402e-17
-2.201150823856676287e-17
-2.016762744548929094e-17
-1.796306867839465711e-17
-1.630696080676242314e-17
-1.903615375949132742e-17
-2.335060863929920575e-17
-2.516071323051673395e-17
-3.755575968134990446e-17
-2.822557079268816970e-17
-3.207269386706211881e-17
-2.418133745145101498e-17
-1.763273428887423111e-17
-2.223974815825146187e-17
-2.720047456496875408e-17
-3.853278496931071463e-17
-4.960402814310866878e-17
-5.736331414862381945e-17
-5.076131957639986921e-17
-4.975965654112828556e-17
-6.034108419210887288e-17
-6.338378182213122343e-17
-5.463996591702596458e-17
-8.663588871609854420e-17
-9.541918817656703978e-17
-8.983707433115793908e-17
-7.471175979655984891e-17
-4.916904149522173837e-17
-8.157980456271818860e-17
-6.484390107630322899e-17
-6.455779378929617977e-17
-6.346166572451447841e-17
-6.148518919380483042e-17
-7.577450606473827091e-17
-7.209001227533260073e-17
-5.891245690194181235e-17
-6.087439475134750622e-17
-5.554747093345627155e-17
-3.446427281811000081e-17
-1.717439285993147432e-17
-1.581906492358578914e-17
-9.357158576185137885e-18
-1.057064641389450045e-17
-1.351310719244340265e-17
-2.252357889186765132e-17
-1.849322247149198912e-17
-1.637550556434416393e-17
-2.227111114638390855e-17
-2.143495392733783220e-17
-1.579123448484498871e-17
-1.618431578968768214e-17
-2.134755486333324470e-17
-2.595849053630206481e-17
-3.490720085324542292e-17
-3.502438523365797417e-17
-4.714479379113204581e-17
-3.048485342308397925e-17
-3.029087163694710711e-17
-3.804506996699845112e-17
-2.145057006010872780e-17
-8.657281005982376929e-18
-1.223322922392890253e-17
-1.406868710855702724e-17
-5.030061667872739345e-18
-7.844027308071719939e-18
-7.973293812612810009e-18
-6.663251936965380027e-18
-7.047962889362661075e-18
-6.401522834400112938e-18
-7.485605389355111372e-19
-4.135033450989307412e-18
-2.286142574056195034e-18
-5.759455916414249027e-18
-4.387413594841779748e-18
-8.167987815054971660e-18
-7.612738407784885779e-18
-8.437567158224523064e-18
-1.106630786920547847e-17
-5.073350502926051302e-18
-4.725082236048633773e-18
-1.487498700874763543e-17
-8.356662834365937910e-18
-5.169627375160093447e-18
-3.275750562838432397e-18
-3.284660458054916712e-18
-6.395890000219865957e-18
-6.400192005929681089e-18
-3.471462518848285375e-18
-1.499383599257483214e-18
4.021031560167658508e-19
2.342752361186632159e-19
1.068205630021004496e-18
4.784094215316485712e-19
1.708260119706835008e-18
1.041812970375653980e-17
1.129103628214886974e-17
1.895057022408863039e-17
1.342938854366708167e-17
9.106272842131029345e-18
1.085354939806806052e-17
1.506366634234204932e-17
5.652073104297687893e-18
1.581966329437734452e-17
8.669369071351870286e-18
9.924700474748674699e-18
1.192634778853423941e-17
1.398220218394682471e-17
1.507700221283412041e-17
1.886465859064027563e-17
1.821149296957512717e-17
2.381658727800271991e-17
1.535801379813945875e-17
1.843393938701550487e-17
1.780742858635851579e-17
1.142195418154556203e-17
8.662192912275114742e-18
8.238513391546011528e-18
9.114379286514414107e-18
2.181061980677821213e-17
2.066120434835761409e-17
