2.812512539608426169e-03
1.607652972569657834e-03
1.245017182742267454e-03
1.116040721569980200e-03
1.212877021273866575e-03
1.438702820509829604e-03
1.558433921350078607e-03
1.570049570326898132e-03
1.762866686516479818e-03
1.732832820958308401e-03
1.609963928804209604e-03
1.521696229544277365e-03
1.371448978157788863e-03
1.431869629528241929e-03
1.470938350842837397e-03
1.489091587671337487e-03
1.405307395098558424e-03
1.675921387689975964e-03
1.862942485272415160e-03
1.758773641940609761e-03
1.493109954517585257e-03
1.377584744688701819e-03
1.348432813264150570e-03
1.326086785315232089e-03
1.265833795137493237e-03
1.181712398477984894e-03
1.108970179321450839e-03
1.047299124816467508e-03
1.001368647512355025e-03
5.180018063362551743e-04
1.439947881859861680e-04
1.121657056512952844e-04
1.209369177959173183e-04
1.206276747839910354e-04
1.243669218672135827e-04
1.339829516320671394e-04
1.201293004281861818e-04
1.318334035972564282e-04
2.963447547043672860e-04
4.966080167444074552e-04
5.679017333971820647e-04
1.098764299048688060e-03
2.297799489860959631e-03
3.047144717709126833e-03
3.983630288908512722e-03
5.529816513212077768e-03
7.585802317834819224e-03
1.023344619825348502e-02
1.253933745341651203e-02
1.435491137675556396e-02
1.542442675078439275e-02
1.568267453813282364e-02
1.704489334546795826e-02
1.898390420135982748e-02
1.878874039642080412e-02
1.804229991913161579e-02
1.539234942338572019e-02
1.223819186640114076e-02
9.166969596323007105e-03
5.364181333858780883e-03
1.006517220323611961e-03
-2.610442742635854865e-03
-5.997213928960577235e-03
-7.683862345985152491e-03
-9.630013724841393272e-03
-1.227345817723900744e-02
-1.337843091103246666e-02
-1.341211775679138941e-02
-1.173565499276543224e-02
-1.021192952802176847e-02
-9.282300584135682806e-03
-8.351038739358787599e-03
-6.341438059835376694e-03
-4.569889409001703755e-03
-2.436548968006333696e-03
-1.229108335044652852e-03
-7.264548524987961319e-04
-5.542080611539420892e-04
-4.558563645030918612e-04
-4.267140783632136715e-04
-4.083976421562554300e-04
-3.302508889602385144e-04
-2.511344327882677053e-04
-6.393018939876307736e-05
-3.830513990633872503e-05
-3.539698891059821689e-05
-2.735777359385343425e-05
-5.775993358651701319e-05
-6.970151156670571974e-05
-7.837906713658474662e-05
-8.194929107016597346e-05
-1.002169963726166056e-04
-1.065784314142601864e-04
-1.065621837042067137e-04
-1.067157531756132645e-04
-1.033345994147168335e-04
-9.681547479955611749e-05
-9.167256058388084173e-05
-9.033177593858413706e-05
-5.836598492080032101e-05
-4.490137633786401861e-05
-3.676992916187955086e-05
-3.375050124736872595e-05
-1.612645421625373511e-05
-9.900545162172532608e-06
-9.860837307964818397e-06
-9.576437029418123287e-06
-9.445260200842085910e-06
-9.439407658981164247e-06
-9.222559098672661980e-06
-8.838596490824568932e-06
-6.946953336130422603e-06
-2.121793413684721836e-06
-1.484581650929155412e-06
-9.332575538585827687e-07
-2.506298394827538418e-07
1.659333754788889147e-07
1.881726383762016208e-07
1.881742980333358258e-07
1.215665839032728797e-07
-3.111878118793577590e-07
-4.248427862724547972e-07
-8.879941836986175078e-07
-2.130519134932387112e-06
-2.624643398874397108e-06
-5.153454446232140398e-06
-6.198778720099188133e-06
-6.603084297417275999e-06
-1.475641487663842741e-05
-2.889488828398297502e-05
-3.075013031253677112e-05
-3.068409735801897164e-05
-3.025134517849239945e-05
-3.013768306037480896e-05
-2.967310978811008978e-05
