6.001547789181582229e-09
1.043666796564328252e-12
1.722988114272892258e-10
4.162625956593069209e-09
2.465167584886734628e-08
2.928055851528362013e-08
3.653290826984538367e-05
1.808371677639104181e-07
6.668285456855071116e-08
7.009766291770203254e-08
2.893526111828351342e-08
8.903464415872265372e-09
1.996872346228652469e-10
1.758880252011708116e-09
1.453779135246077125e-10
3.277996851121720894e-10
2.660337265823868534e-10
4.652634571797435863e-08
5.314441440453416372e-11
1.510424331185343815e-13
1.569102104117602292e-17
2.048167878749561467e-26
1.944589635761185370e-21
5.154474275479869506e-23
2.762783908744116575e-29
-6.097927162828969490e-79
2.298593334806975595e-82
-1.323327253911080438e-34
-1.201011144438464627e-18
-5.997933481086407687e-17
-9.690117165898801420e-14
-1.238476088058693258e-15
-6.300035210608102175e-12
-5.380784635591523186e-11
-6.846616162213964708e-13
-4.105982620361280654e-09
-8.097606743672247652e-13
-8.428275580398097495e-24
-1.532392421407673761e-23
-1.665642009064048143e-33
-1.076333714832443903e-40
-1.586801166772668933e-42
1.073917418336306120e-65
8.780136768637892139e-34
1.809313723857736297e-12
5.630521746386048990e-10
2.079996691348163150e-09
3.206292244540539939e-06
3.050186308964510407e-06
2.302743499698068147e-06
7.411633515145421614e-07
5.119055750998629434e-06
1.705672731189000056e-06
1.958623455819731631e-05
5.680680136623478607e-03
2.388140934014535170e-04
2.968110409601942492e-05
7.327168852889332082e-05
9.101385968129146326e-04
1.043408871029311289e-05
1.379761765655825012e-06
8.315019844824673180e-07
1.219307123369388127e-06
1.068328201565089081e-07
5.506709347685714319e-07
5.701341536807952281e-08
2.674702330826035606e-06
8.175165993716426692e-07
7.905390015984658475e-07
9.985987339896813605e-07
1.261458345867598589e-06
1.490851142454535560e-07
6.296950179175635911e-07
9.801647879355760648e-07
3.161945170733985723e-06
1.259959927865799188e-06
2.212452563398808068e-07
6.604382801417219213e-06
8.919342960737939628e-06
1.869809370160956354e-06
6.141673047117531703e-07
1.919447582191037921e-06
1.511165405801745786e-05
1.737797375395961874e-06
1.484014189508035171e-05
1.316479291307046611e-05
1.980937404023746937e-05
1.480306471806429834e-04
1.235707288366049577e-06
2.883513318494406179e-06
4.994922444288995698e-06
8.998389407275231825e-06
4.235013384314396479e-05
2.982401489722018339e-04
7.320532412847116685e-06
9.211375409952490736e-06
2.348870941415673471e-04
8.276473443204848430e-05
1.095906362178185026e-05
2.871054032530575293e-05
3.530618415255762565e-06
9.920616472066828330e-06
5.071890581292162964e-05
6.086417208246484671e-05
5.927426542076548196e-06
4.583255613805663483e-06
4.893705531445234497e-06
2.205977722629734274e-06
2.893648127013931477e-06
2.944871425968159889e-05
1.332249414237592768e-06
1.239812663936675140e-06
6.256808933277963889e-07
