1.188938546630962489e-06
5.946236423150093194e-07
3.971697737161388012e-07
3.146510061111624582e-07
2.517208049939173392e-07
7.629886115585504882e-07
2.716116140244566601e-06
2.683001298477968649e-04
9.868813898205334913e-04
1.533451746515503405e-03
1.938954330151398302e-03
1.800964589618383365e-03
1.801217384382707227e-03
1.801217047965702296e-03
1.799546901741356023e-03
1.794295340463428722e-03
1.791531366697743420e-03
1.751753444213143040e-03
1.557491512384932266e-03
1.283411685699523781e-03
6.893213323430212765e-04
-1.971887311691978564e-04
-7.332142894420731099e-04
-7.677320708054472540e-04
-7.873403911467886582e-04
-8.395492503742140724e-04
-1.010007585615012695e-03
-2.588019642756986954e-03
-7.018832020634493268e-03
-1.024215540432027276e-02
-1.168304277072935993e-02
-1.199251488137156874e-02
-1.475597909338622477e-02
-1.478257065899332874e-02
-1.559201625262814604e-02
-1.603782649453211820e-02
-1.607031093805113761e-02
-1.604228706967714482e-02
-1.589116199106960572e-02
-1.440850592878379667e-02
-1.006554337831955248e-02
-6.854665089126521504e-03
-6.481494489786695547e-03
-7.761970380926068447e-03
-5.460405618858298581e-03
-5.644059791338618647e-03
-4.983629090829755880e-03
-4.774007965425957310e-03
-4.807122090784044822e-03
-4.862567905635763361e-03
-4.855818382728144776e-03
-4.770093295535737798e-03
-4.708639453012233335e-03
-4.718157257992784855e-03
-3.464638155804359784e-03
-1.778198604464539334e-03
-1.283520272424883016e-03
-7.244930272845107955e-04
-5.389509628412304191e-04
-2.919119589735113900e-04
-2.071300635988488747e-04
-1.275858010698818887e-04
-1.134234940637428676e-04
-1.003600253343473261e-04
-8.207706928717675189e-05
-4.933744227247947536e-05
-5.016546891122702494e-05
-6.062455429835898334e-05
-1.537820156510431098e-04
-1.995707342127207200e-04
-2.104009877359544608e-04
-2.108687844848391914e-04
-2.131037658082458061e-04
-2.150292056928647768e-04
-2.180063902645097815e-04
-2.373622415739785896e-04
-2.548739008459425170e-04
-2.904292980782824146e-04
-3.343630050053552987e-04
-4.039841886170879586e-04
-3.812774944189558789e-04
-3.533074943822658355e-04
-3.472242930872179961e-04
-3.547821413630602473e-04
-4.363273061942938495e-04
-4.613350660741545573e-04
-7.269884621433830504e-04
-3.252251810566826173e-03
-1.005641053424578650e-02
-1.659470045260228940e-02
-2.196898243122394692e-02
