-7.651789953934814426e-01
-7.175515211526568571e-01
-5.343358475259355478e-01
-4.204443568678263854e-01
-3.452788022344723817e-01
-3.066970167673805925e-01
-2.449766928025437773e-01
-1.755660357603349986e-01
-2.306616018310719551e-01
-2.792099898129001279e-01
-3.087714101796417698e-01
-3.896422534030223872e-01
-3.454433094521602299e-01
-3.463787048515960532e-01
-3.032037550512223789e-01
-2.834992182899760405e-01
-2.985745354983090905e-01
-2.616263717015052115e-01
-3.684874300603336317e-01
-3.700178915335272656e-01
-3.646743483555478504e-01
-4.113318340053406241e-01
-5.223282213186529743e-01
-4.839811584051316729e-01
-3.926916054137397638e-01
-3.931189877699929336e-01
-4.131293975521239670e-01
-4.803159850270691256e-01
-5.335084301970874909e-01
-7.051973406544856937e-01
-9.037364940772341093e-01
-1.073824247284317801e+00
-1.137858686972887279e+00
-1.045693865982260995e+00
-9.119094052252173510e-01
-7.946736698219937223e-01
-5.841946483952156211e-01
-5.221154697100197639e-01
-4.438228702462627129e-01
-4.227729114839604563e-01
-3.708650661001920423e-01
-3.238294831079182035e-01
-3.616602910945371785e-01
-2.789821547019236125e-01
-4.529423619367711207e-01
-4.946688814666540535e-01
-5.869895101881522637e-01
-7.991432527262319896e-01
-9.896267744924487353e-01
-2.510777332468792089e+00
-2.365598533587366159e+00
-2.390023040557936351e+00
-2.361335763142061062e+00
-3.737239433991347948e+00
-3.840372586944889033e+00
-2.978948264193010065e+00
-5.929920319035601572e+00
-6.639073948753104304e+00
-6.833180583302975286e+00
-5.481356456580896541e+00
-5.792761117865402376e+00
-5.788110117859261550e+00
-8.485605780825821398e+00
-9.354591746900547733e+00
-1.342047350080652990e+01
-1.328058193802596065e+01
-1.391478239344094447e+01
-3.127570258577708628e+01
-2.556650982334342004e+01
-2.388561871716818885e+01
-1.953231793149069517e+01
-1.941259751216978913e+01
-1.810664238445931673e+01
-5.948143168451972690e-02
-1.535103225830282414e-01
-1.427313285661580000e-01
-1.424845520697755885e-01
-1.425555919256521198e-01
-1.557914627049823975e-01
-1.075733519066446320e-01
