5.506773249096668385e-04
-5.988645069728054833e-04
-2.551234574671220213e-04
-9.304258277881600906e-04
-4.832126704389031868e-04
-7.839780368901389006e-04
-6.326101614992490083e-04
-3.980575352782224092e-04
-1.489557847823742062e-03
-3.141879207836208946e-03
-4.346481548743784916e-03
-4.189052188817214868e-03
-4.939045676479275788e-03
-3.268819021370754190e-03
-3.903609678128712197e-03
-2.307111305300788267e-03
-2.246386083162685461e-03
-1.270497084558045884e-03
-1.790142461547954795e-03
-2.336988697807857417e-03
-2.145267388240927869e-03
-3.035150049930807666e-03
-2.792250326690381805e-03
-2.057283873711065331e-03
-9.751591388878217814e-04
-9.808481876215338537e-04
-7.850962572209232646e-04
-3.805287206911186397e-05
-1.929671563172771266e-04
-1.324889828119241034e-03
-5.452865832163287163e-04
-2.717167958900711588e-04
-1.005761279873242835e-03
-2.026468379966063407e-03
1.407122427841924666e-04
-1.288414581329763503e-03
-9.223817652973659558e-04
1.421373111038038220e-03
4.382940732078440178e-04
1.282729409897840744e-03
1.496451424260316536e-03
2.358676955117185517e-03
2.445550528745925843e-03
1.767423065212727100e-03
2.532058326051022778e-03
2.933334964293280323e-03
2.978307313999476076e-03
2.704221861329413751e-03
4.017498370581309985e-03
3.395161210958661836e-03
6.167911131030547403e-03
5.198471056829226736e-03
4.280361364337555673e-03
4.242368145970590483e-03
6.442059208608586114e-03
9.435459328793641826e-03
3.683982984830193232e-03
2.613285336170374437e-03
5.895920293452906746e-03
2.374353930190472445e-03
8.026829550075415638e-04
2.164257340645001800e-05
-2.250406860277892368e-04
-6.948239649925445427e-04
3.165794980972816202e-04
7.690923406260162997e-04
7.703372947403385341e-04
-2.781814705035313639e-05
2.200174220320759574e-04
2.753520029237354477e-04
3.168811490912833498e-04
2.669413234443893048e-04
-7.912607716707320982e-04
-1.047060837903289064e-04
1.676361833211019838e-04
4.075735345911449476e-04
-1.115138890730991246e-03
-1.020516121904557749e-04
-4.454448481386240289e-04
9.099825073263384263e-04
6.862472615937856594e-04
1.290378675424513856e-03
1.036086150609095806e-03
1.703834262781276114e-03
1.703365440740618134e-03
1.983935032337507710e-03
1.675028631554914983e-03
1.651913113905693117e-03
1.585902553120823160e-03
-9.027083141746761270e-06
1.804005144125095991e-03
1.522413059596812099e-03
1.978006408503772511e-03
1.843702550959366035e-03
1.266769893464321029e-03
1.494575625143168508e-03
2.083879768431808055e-03
2.813168818398310064e-03
2.820328173041914983e-03
3.376680149007283034e-03
1.839003534438164158e-03
1.218857031962595171e-03
1.547885266666835895e-03
2.272384783113558931e-03
1.641353819008338271e-03
1.458088279261393703e-03
2.647594490241673721e-03
2.033301588105764987e-03
1.069924192185917012e-03
2.803126161494689985e-03
3.711485578553206256e-03
4.980475187865498164e-03
6.031200270035889932e-03
5.145281250371479438e-03
5.170669335820350827e-03
4.586041592330347867e-03
3.867578966164410183e-03
3.814307675999094229e-03
6.118186808982687547e-03
3.623071473278324794e-03
1.831335700523251727e-03
1.337169742060889763e-03
1.914036924501090302e-03
1.062192517442229903e-03
6.732963979586306614e-04
6.253512922674253323e-04
1.277431496315717136e-03
1.485344569779665277e-03
1.487961469625402253e-03
4.171790185247954003e-03
2.363836058300083313e-03
2.342119827116451863e-03
