4.692310944525863656e-03
5.294741182915139142e-03
5.612642323906365423e-03
5.464497783054862723e-03
5.395431649014891320e-03
5.607584923860782673e-03
6.105290015380724668e-03
6.338291062865542003e-03
6.391548619339922598e-03
6.626683243689397186e-03
6.889185986491516006e-03
6.821860326821706753e-03
6.504281833281082802e-03
6.096632927527812634e-03
5.626140138691049924e-03
5.008743827232446134e-03
4.175293112302609112e-03
3.262425570221830912e-03
2.367201609442211741e-03
1.575706040614101777e-03
9.689652770617868333e-04
5.218253717051660624e-04
2.661344130560720496e-04
1.734027547898370680e-04
1.134823423218403845e-04
9.676431384434005340e-05
7.933110392769085158e-05
6.986041483007686328e-05
4.377724140802431935e-06
-1.333730021411984855e-04
-2.993214856072710993e-04
-4.475467881574761333e-04
-5.238687651840851812e-04
-5.859605402997233176e-04
-6.005999483771065021e-04
-5.774264256909283867e-04
-4.568087281644462282e-04
-3.196407766685109672e-04
-2.451832067153574511e-04
-1.851404874296493834e-04
-1.319432675931774413e-04
-5.583758428682531041e-05
-1.754602156997407943e-05
-6.447669970571889780e-06
-3.829297057617101337e-06
6.755375266571612989e-06
4.472014487278848767e-05
1.037525721408799530e-04
2.215548921947685585e-04
3.967371028890862277e-04
6.095571307942016870e-04
8.977519652838806229e-04
1.137771751648982733e-03
1.366231833354131231e-03
1.580599259129999816e-03
1.757208388444471804e-03
1.890444145890449916e-03
1.888891823861152007e-03
1.898093104266813718e-03
1.821574521616299049e-03
1.675606070566180343e-03
1.485317591813766283e-03
1.275242552679276909e-03
1.085338856431864807e-03
9.280038168161403858e-04
8.539248556161755039e-04
9.254669976549485680e-04
1.025584386821130423e-03
1.186189221651405600e-03
1.424057377220295422e-03
1.593591352583839183e-03
1.761187146159049269e-03
1.902355178690253888e-03
1.984063953203945348e-03
1.981188262418726552e-03
1.897621767273248135e-03
1.821435916794457563e-03
1.684914987774528217e-03
1.411358287284587105e-03
1.160641800497950495e-03
9.650951811864316504e-04
8.281440762987962246e-04
7.389870442308180956e-04
7.102131099658081726e-04
7.522730162515114472e-04
7.587984151101687677e-04
7.738093944850392295e-04
8.053812127032876876e-04
7.663258165296788242e-04
7.758395463332196139e-04
7.761151273504041668e-04
8.665960679424059010e-04
9.792458090370091597e-04
1.058156253962473431e-03
1.201561340931655815e-03
1.339392553335089350e-03
1.598710017938841967e-03
1.824128403862989439e-03
2.007893861424866946e-03
2.333449877935297404e-03
2.663584793010780830e-03
2.915162462669413420e-03
2.897105875966764915e-03
2.975415025085343876e-03
3.107050423584658324e-03
2.983118773151992396e-03
2.881723045726478690e-03
2.807591116044441757e-03
3.023721399637642904e-03
2.992502584518894840e-03
2.804002961723795536e-03
2.668450500247245265e-03
2.538371182975143053e-03
2.385612968258547621e-03
2.029664434486934746e-03
1.866395139569795901e-03
1.736094166675326844e-03
1.766919855509695029e-03
1.891019415156843658e-03
1.957905392716896131e-03
2.137784310181803198e-03
2.237636530682693414e-03
2.388038946954982190e-03
2.494723999841848977e-03
2.525774683751594134e-03
2.415489784843944440e-03
2.203898795057824839e-03
2.018172164227937174e-03
1.838301786296613408e-03
1.698941012874538060e-03
1.475319860616134239e-03
1.560627485350390498e-03
1.755755298693027463e-03
1.878897059461914808e-03
2.007727302008966829e-03
2.009180817087529748e-03
1.983708888720460330e-03
1.798803109370015725e-03
1.513291619343371018e-03
1.358366388903629743e-03
1.225627506684681591e-03
1.144693153389859420e-03
1.111844855954057703e-03
1.175235816687690083e-03
1.182999195871211728e-03
1.114367672795500306e-03
1.037905841545403883e-03
9.245773278615581009e-04
7.869679084848410283e-04
6.136242443532576854e-04
5.025803354751747420e-04
4.377471221201551833e-04
3.769805747598495359e-04
3.674044633878651290e-04
3.609178402246997533e-04
3.502491557196396707e-04
3.426767755792054968e-04
3.107383842924735674e-04
2.670753293509016673e-04
1.755626340289509338e-04
1.105135196274122968e-04
6.548781340859296835e-05
3.002772238288930811e-05
1.419291189191854384e-05
5.912180630400789892e-06
6.597583428541530790e-06
9.914779719477696240e-06
9.646261293288640413e-06
1.075495725008211569e-05
1.374740730020496386e-05
1.323093657259623997e-05
1.172709848186273844e-05
7.665390380769475812e-06
5.354224296444697760e-06
3.526568701679395498e-06
-8.290337680009107882e-07
-6.587938155332115352e-06
-1.779316337799958589e-05
-6.408839582104355816e-05
-1.468585692248913798e-04
-2.902750450059752869e-04
-5.526452910687851142e-04
-8.862491589403024119e-04
-1.185381603769889011e-03
-1.611979333313067831e-03
-2.106645797934560312e-03
-2.486997631647889281e-03
-2.622670365948888069e-03
-2.645937882493449526e-03
-2.669323493275510637e-03
-2.624954152211797509e-03
-2.580109024918996255e-03
-2.578156562956371908e-03
-2.758401498757605264e-03
-3.020019486495514102e-03
-3.486314656321651880e-03
-3.862119051557616478e-03
-3.759778071839413403e-03
-3.558708716324988312e-03
-3.392152787247337473e-03
-2.989023341777596182e-03
-2.349893499131395537e-03
-1.660896119558265228e-03
-1.352380217530414286e-03
-1.216852381287612415e-03
-9.936986844482570760e-04
-1.134022423237869386e-03
-1.213056383516100721e-03
-1.310085914272347178e-03
-1.312911184861901984e-03
-1.201647614634799785e-03
-1.087341826544374309e-03
-7.958138024475640499e-04
-6.509585843028770080e-04
-5.241155315169643584e-04
-4.531471725290568404e-04
-4.246586562008524031e-04
-4.013258270451610450e-04
-4.077754016689296487e-04
-4.228141626034281528e-04
-4.760889231735590272e-04
-5.195554165013676782e-04
-5.551844048170557610e-04
-6.236727709687293160e-04
-6.991190303607788857e-04
-7.785517752265363328e-04
-8.067775283788644830e-04
-8.570409473321972732e-04
-8.711582942217410697e-04
-8.165689562200539224e-04
-7.721973543922035915e-04
-6.660483594296916611e-04
-6.245545285122963567e-04
-5.745505312439668465e-04
-5.500935283968493668e-04
-5.805952350003866025e-04
-5.692102766434312599e-04
-6.052188201261521350e-04
-5.657818916541148104e-04
