4.644521274931980373e-04
4.126493185003563642e-04
5.671786477713698519e-04
8.303563542838282704e-04
1.012681568016401794e-03
1.204575805037861940e-03
1.350907222255517959e-03
1.539987453252941512e-03
1.705692054190695523e-03
1.990312575555974565e-03
2.286200421552854207e-03
2.602499269523133717e-03
3.152379580920747996e-03
3.838437757068416303e-03
4.515260910893051198e-03
5.100232239201133409e-03
5.705012960648275094e-03
6.261913353927318904e-03
6.796863765383648164e-03
7.229217329982101127e-03
7.618346347066801312e-03
7.911443349266029934e-03
8.096975212845990144e-03
8.202007780405192600e-03
8.098375675873284094e-03
7.706407449032358359e-03
7.297383391835406304e-03
6.947434163933341456e-03
6.538447319189510075e-03
6.088425620008400263e-03
5.673017577356813217e-03
5.299669819904487961e-03
4.947734045686561812e-03
4.518856170106198139e-03
4.099080700166971881e-03
3.622806852128042290e-03
3.231991882463924881e-03
2.979596666557316007e-03
2.717376668097295448e-03
2.525946327294323421e-03
2.411176372078205603e-03
2.307254083129336216e-03
2.146161692404567004e-03
1.952556939175083229e-03
1.768708348381541409e-03
1.703117348605082820e-03
1.632327282362122873e-03
1.634277285393238291e-03
1.695180981423915351e-03
1.813228014025641171e-03
1.947703369662896712e-03
1.984696145483666550e-03
1.939089705735775335e-03
1.879843259484087177e-03
1.874574307420970353e-03
1.939254000127407264e-03
2.031260150955366273e-03
2.022469821738382897e-03
1.989513442457881576e-03
1.950459636084746597e-03
1.891450652291064511e-03
1.769430483339796793e-03
1.640221645879053232e-03
1.521355480717143235e-03
1.427691203815718889e-03
1.437433646900906220e-03
1.429297657887121245e-03
1.353932577819985834e-03
1.243259048758020872e-03
1.152404180016118433e-03
1.095167423156316383e-03
1.057787955348459550e-03
9.885828806481414353e-04
9.315749036116117597e-04
8.520714015843043653e-04
7.569836404487874544e-04
6.702273632009746315e-04
5.364434381731935297e-04
4.056570907066694119e-04
3.123123349643809133e-04
2.250194830136756547e-04
1.446394969647759807e-04
9.631365656565871788e-05
1.956390733030813800e-05
-3.179125708926705817e-05
-6.381977723572938323e-05
-9.972193748835337561e-05
-1.276273185459714233e-04
-1.561483137313177767e-04
-1.847476922009826203e-04
-2.077025003990540188e-04
-2.572464280392063301e-04
-3.040029835398538297e-04
-3.557836755237419571e-04
-4.054165529190345823e-04
-4.300145424113893428e-04
-4.740450629448042410e-04
-5.213748524848408695e-04
-5.318286509024687829e-04
-5.318160298180080398e-04
-5.303168766786241954e-04
-5.240871044486755236e-04
-5.290818065620695593e-04
-4.878684215086500579e-04
-4.411113822560920670e-04
-3.872584004234426382e-04
-3.216262333860236012e-04
-2.695531016626798062e-04
-1.872425282547880373e-04
-7.665536807665878272e-05
-8.363434341079154592e-06
4.109068681884170312e-05
7.832602457147896122e-05
1.188840593695147252e-04
1.532498665104971671e-04
