-1.041475485995359829e-01
-5.197685905755513452e-02
-5.802616729805008117e-02
-4.369585087792042244e-01
-3.561759200988997009e-01
-2.966166973912787719e-01
-2.792484937192684646e-01
-2.791618571030718976e-01
-2.675353282625757001e-01
-4.361410535516012203e-03
1.205417106243914351e-03
-3.819693163323688648e-03
-5.032098649422763435e-03
-5.158912879685237721e-03
-5.142818310179995793e-03
-6.134319526671393186e-03
-6.484326290777273245e-03
-2.221995356329347152e-03
-1.095807095514859551e-03
-6.761914954963123064e-04
-7.644360555390086569e-03
-7.670446035707622658e-03
-7.698757238547844321e-03
-7.115574935891970203e-03
-7.600551852163141796e-03
-8.078510139180239066e-03
-1.117701782704213749e-03
-1.020006601524552775e-03
-5.693042065108701137e-04
-5.970051378896874686e-04
-1.373548160951606036e-03
-9.422184494980026049e-04
-4.706854594972457485e-03
-5.567230797069997079e-03
-1.240638389875946095e-02
-1.242564403760631868e-02
-1.149679565379297004e-02
-1.218541898204140300e-02
-4.318500555631726162e-02
-4.265319240044859045e-02
-3.709499809364433937e-02
-3.725822121260555925e-02
-3.540218905522955761e-02
-3.498684720046599250e-02
-4.579644016474625386e-03
-4.407866983449275008e-03
-3.245786706307831736e-03
-4.527565746001089436e-02
-5.121766848006443357e-02
-5.138539787153328237e-02
-4.701747352519066586e-02
-4.695008762958869514e-02
-4.663067336283536340e-02
-4.485568175551374326e-03
-3.809673366756353009e-04
-1.378869956076391031e-03
-1.313214988169317905e-03
1.770203185905716743e-03
2.274499233834999679e-03
2.232983868270474199e-03
2.321288178810036133e-03
3.312073938070033991e-03
3.162757394969040094e-03
1.050409854992182256e-04
-2.733388316837986626e-03
-3.425998636782512114e-03
-3.093782717050867683e-03
-3.448471123225410606e-03
-3.340098153521744908e-03
-3.220723608797986404e-03
-1.229426834069656700e-03
-8.129921930954889372e-04
-3.914425696406344073e-03
-3.471919131643217121e-03
-3.432837040612455887e-03
-6.869656323777478812e-03
-6.922831141812268475e-03
-6.606200434862458115e-03
-3.623010772739210152e-03
-4.116743272400654081e-03
-4.255689745336302225e-03
-1.698987017480176704e-03
-5.965725237818864275e-03
-5.862161086653240420e-03
-5.746348875822298446e-03
-7.463715413751130512e-02
-7.456667357040021316e-02
-7.371224777279967999e-02
-6.942490406036323780e-02
-6.957527589086934250e-02
-6.960300235401024882e-02
-3.266194232090051104e-04
-3.002614140189180706e-04
-2.499522823111359027e-04
-2.514874589587441298e-02
-2.530547419968013842e-02
-2.478483494256775513e-02
-2.444780119692165077e-02
-2.433404158293106176e-02
-2.442983111755792081e-02
-7.001136323599952424e-04
-5.469487991430699780e-04
-1.092222003739599023e-03
-1.725343152047489241e-03
-1.760060661545100741e-03
-1.723526102741513829e-03
-5.270071411365247942e-04
-4.693437512361189347e-04
-1.672580635149213668e-04
2.360923357064171214e-04
9.698827565421105966e-05
3.515508087228926969e-04
3.084245086151848132e-04
4.373228065049777360e-04
1.779530521765954098e-03
1.733687158455864130e-03
1.349593338421701746e-03
3.905611637074781731e-04
3.776295090146887285e-04
-1.058515721534333690e-04
-1.878854970703640196e-03
-1.935321171081124357e-03
-1.439425979007208888e-03
-8.044708357258912148e-04
-2.426920249754294448e-03
-2.273034615965459360e-03
-2.354996994369577389e-03
-2.256222520864062386e-03
-2.381006714169800736e-03
-2.318873456245044724e-03
-8.137967158952441127e-04
-9.747840446705728634e-03
-9.833507456732677732e-03
-9.843875841299181556e-03
-1.049852027825002448e-02
-1.431405018017959697e-02
-1.441070602325403294e-02
-1.553041109122543610e-02
-1.536024155362130522e-02
-1.563393865595547397e-02
-1.482887307620770617e-02
-3.392884492463381363e-02
-3.366071104535500041e-02
-2.334260917452108883e-02
-2.304204187432500051e-02
-2.492793470283135096e-02
-2.493393725018642690e-02
-2.194780947409361808e-03
-2.173197368935308061e-03
-2.221623598791796789e-03
-2.419680034973473344e-03
-2.334863336348287285e-04
-1.219350924707532507e-01
-3.756792572410616593e-01
-3.770118774330209477e-01
-3.769401342200729421e-01
-3.769683704926689027e-01
-3.693599857615765258e-01
-2.483678959877940462e-01
5.549649625786486247e-03
6.505416876760651036e-03
5.628717326945094357e-03
5.712542732246704384e-03
-1.996934345885045120e-03
-1.463399316932379639e-03
-1.476037293802322454e-03
-1.132404722918098480e-03
-4.736769780849714906e-04
2.063688138347398199e-04
1.730846198669132221e-04
2.095114142796500616e-04
2.191871052701536244e-04
2.595723657191263841e-04
1.707303253295411197e-03
4.854832573527871793e-04
-2.722852256644447987e-04
-1.849986196532779278e-04
-2.140740954864029343e-04
-2.313667176139751810e-04
-1.474638873500558030e-03
-9.563317827094897127e-04
-9.989399528209017242e-07
-5.606012951625475964e-04
-5.675609827512810091e-04
-5.866515393038924421e-04
-9.128283324942970374e-04
-9.142515933792148353e-04
-1.390692975829757941e-03
-2.312761850905793379e-02
-2.309476181579522835e-02
-2.314175003900471872e-02
-2.286316886525037451e-02
-2.290564781409416481e-02
-2.671258165166351742e-02
-4.517660648436658266e-03
-4.610488352545656122e-03
-4.587365302549177917e-03
-4.768622813736358816e-03
-4.957324472722309146e-03
-8.625642944845411534e-04
-8.107313018945244351e-04
-7.541951360968270979e-04
-7.329367972632064125e-04
-1.454091526035417303e-01
-1.451958824296907813e-01
-1.451091664791147318e-01
-1.452136540694066724e-01
-1.445845189399861674e-01
-1.445966363088564133e-01
-5.177982154724684047e-04
-3.187885315284479082e-04
-5.632188708675617533e-05
8.884989414464253916e-05
-4.939688536198138429e-04
-4.897341058894838376e-04
2.860100585579174203e-04
3.698000651530989211e-06
-2.309705393923991738e-04
-4.106497500075856778e-05
-3.092166068082279892e-05
-3.675078434818968806e-05
5.130625808223051839e-04
6.526554015055164746e-04
6.371206851547442720e-04
4.723833936129866531e-04
4.738947428903621142e-04
1.282708944403035780e-04
3.542871413189449948e-04
3.088472004542046736e-04
2.268299830430295806e-04
-5.219656609667567984e-04
-4.484743901135882188e-04
-1.402991705651396011e-04
-9.043009309136494688e-04
-9.148228745618568842e-04
-9.033395289524339018e-04
-2.672401291409326712e-04
-3.710780448850862080e-04
-4.261176588795441856e-04
