-1.119392484753875650e+00
-1.035045620700949076e+00
-7.450254476076819676e-01
-1.655457590537454227e+00
-1.331033086914578334e+00
-1.122742244895395869e+00
-9.627682955598605430e-01
-8.489317553021503704e-01
-7.562990237245209579e-01
-6.808825169262949784e-01
-6.191635377863893286e-01
-5.677503647784677421e-01
-4.743153904091226281e-01
-3.950243980961298806e-01
-3.812880399525995223e-01
-1.912685918526801920e-02
-1.701377448687017499e-02
-8.698118128610182742e-03
-8.452153713128799511e-03
-2.781008666567679269e-03
-2.600320839238356042e-03
-2.695751026125726285e-03
-2.908594558290438208e-03
-3.775662472839855319e-03
-4.052263251077988654e-03
-5.710642839353877349e-03
-1.014556635449911405e-02
-8.962577328521442038e-03
-9.303773010534773999e-03
-1.146326608423641792e-02
-1.290431777019365907e-02
-1.543176754208064154e-02
-1.518207703722643069e-02
-1.948770643155613505e-02
-3.328436432459566663e-02
-5.132665862937941387e-02
-1.315995464274512805e-01
-1.333974331027278359e-01
-1.506827524696272014e-01
-1.475118238903277146e-01
-1.462124298457070370e-01
-1.450765754151364939e-01
-1.433049430380839429e-01
-1.419979802934544788e-01
-1.407900826320165055e-01
-1.357652327403609527e-01
-1.213059296660010250e-01
-1.017005447097150822e-01
-2.061010357507372937e-02
-1.699410174005129212e-02
4.885016457883212086e-03
3.889889180798705107e-03
3.717279171032482430e-03
1.539946488308127810e-03
2.220964189296693522e-03
2.280551389110757523e-03
3.240135395528140946e-03
2.175458209069046269e-03
5.289754393526593934e-04
-1.045230669664490818e-03
-1.584256026471108541e-03
