beta2
8.945789980228074922e-03
9.315563879285816695e-03
9.758750299166413927e-03
1.016467845542035064e-02
1.008935171980376508e-02
1.000470119639020744e-02
9.466545688641084949e-03
9.091004620686359700e-03
9.382340606630802313e-03
9.748177820785387804e-03
1.046858465270325556e-02
1.087916589390618138e-02
1.130615660265684927e-02
1.196804059316938958e-02
1.166423035666962031e-02
1.134622230914568951e-02
1.141653031041309566e-02
1.196117558822146730e-02
1.222160945653428220e-02
1.228327439419753600e-02
1.173102113899861243e-02
1.117274969385088218e-02
1.094476172207576627e-02
1.091977328725391230e-02
1.101277476533546983e-02
1.169382527663826582e-02
1.175372447942645004e-02
1.168376125659019438e-02
1.134015473969352331e-02
1.121043822763870962e-02
1.145000058956466976e-02
1.069218860253254993e-02
1.049421238768356857e-02
1.113736238992611878e-02
1.158720291892400070e-02
1.218991196101246871e-02
1.246212759668320971e-02
1.249956763911331745e-02
1.256735819108414746e-02
1.236431448148159196e-02
1.206153984873054724e-02
1.243189390779801153e-02
1.310641157793331069e-02
1.388014392758669599e-02
1.482135058862199539e-02
1.511216767785009130e-02
1.523521389194962966e-02
1.425909219976426862e-02
1.388814084843756694e-02
1.360075786249712732e-02
1.317960097862162436e-02
1.190404126987298222e-02
1.127614616875477829e-02
1.075149361550011007e-02
1.035495705715641819e-02
9.693593523564057041e-03
9.880162388648923433e-03
9.834393670822920083e-03
8.967563794107256958e-03
8.436174013179418771e-03
7.535709939008146223e-03
7.491038580431931895e-03
7.164530561149753951e-03
7.451099372221078702e-03
7.656653584964183239e-03
7.759512209108813258e-03
7.896973044420238161e-03
8.814723584069088236e-03
8.462552892285552658e-03
8.157858799543022538e-03
8.336458114531158578e-03
8.384546981291870343e-03
8.630829021519799416e-03
8.619237302260617656e-03
8.776686416597005713e-03
8.904736845548202537e-03
9.302765813076385032e-03
9.184894542114003732e-03
8.636642464652899420e-03
8.069084779444514813e-03
8.802739072527477476e-03
9.013525398256415355e-03
8.985306740712632051e-03
9.502751424154850385e-03
9.846139584941560746e-03
9.933413586522721328e-03
1.027791537933882629e-02
9.784012874757174599e-03
9.602527978898538208e-03
9.337160782011268839e-03
9.197881687293803232e-03
9.006132869058672274e-03
8.689774669967606502e-03
8.791052399132689293e-03
9.191181645069572068e-03
9.150064179838327677e-03
8.816564195257968473e-03
8.580169135957538967e-03
8.578793772569766329e-03
8.364506014563889008e-03
8.484763315712018361e-03
8.689152611714759042e-03
8.834101186793768407e-03
9.199230551038562950e-03
9.536981743721133220e-03
9.644004600062181659e-03
1.006739734033590059e-02
9.945067283782509787e-03
9.809286838051142765e-03
9.971421624622819890e-03
9.959089616637153627e-03
9.584321091267691134e-03
9.608914017477918068e-03
9.677707508362137778e-03
9.264379601044927040e-03
8.746395815316623801e-03
8.267143160611977945e-03
7.576123608641490217e-03
beta3
1.498823649646923752e-02
1.682765969271376311e-02
1.818450189046159904e-02
1.942945783540530463e-02
1.901489125449202372e-02
1.780249227122129158e-02
1.637022619043464189e-02
1.527814091089483781e-02
1.388747413999461000e-02
1.295273691182559708e-02
1.139966811744920656e-02
1.096912860692120066e-02
1.061185243096289012e-02
1.001006449082983071e-02
9.315510439255967473e-03
9.101413439950037376e-03
8.903176324080174647e-03
9.049056749477753930e-03
9.228803733197406267e-03
1.106884803694748939e-02
1.242929804208554867e-02
1.356759237419054298e-02
1.323301309255761095e-02
1.262828056395113793e-02
1.238845000779880551e-02
1.196257733389458067e-02
1.186219060954781489e-02
1.174998134092870850e-02
1.125190950151814910e-02
1.082129984275259117e-02
1.194377115534346959e-02
1.226477341076298924e-02
1.266991608842518886e-02
1.216823262117130641e-02
1.144804297847183683e-02
1.102776134896291289e-02
1.054190300701060394e-02
9.661981175848155523e-03
9.233731859423719920e-03
8.336293044142385755e-03
8.130784440039574498e-03
8.365246121611893959e-03
8.184373573294767557e-03
8.038106812923370703e-03
7.691348231985684764e-03
8.581610195266473062e-03
9.043234697319236029e-03
8.411046669564707645e-03
7.791136675226005906e-03
7.200894644758273899e-03
7.461131283513318044e-03
6.778565258863016377e-03
6.717674972533751315e-03
6.958424897766622708e-03
7.261946142021289720e-03
7.681644098069422000e-03
8.045587047274014442e-03
8.123294115407436733e-03
8.084675992713508119e-03
8.659769186033807603e-03
8.209733306788237484e-03
7.406763705991224050e-03
6.849542151010874075e-03
6.185992755188026229e-03
5.389999226248554966e-03
5.899030903782735702e-03
6.894497592896456188e-03
7.615907218477108685e-03
7.126366900587424377e-03
6.904987168161349879e-03
6.825608781491366781e-03
6.585450186658460027e-03
6.078052069662024867e-03
5.342639172205603665e-03
4.881031118427805841e-03
4.647947235064691165e-03
4.859880980418835109e-03
5.672530867226577289e-03
5.715809735401609915e-03
5.891911142650665262e-03
5.547086234739673563e-03
5.333951513502274526e-03
5.118688310445127648e-03
4.825567008602997011e-03
4.584034020994127295e-03
4.256279579742372129e-03
3.969746907727477077e-03
3.505896837487794057e-03
3.342092437168463822e-03
2.943610225265754551e-03
3.020982319525721601e-03
3.123562010264941541e-03
3.160736597648271511e-03
3.356995313034361224e-03
4.005450812587822360e-03
4.989355030808625621e-03
5.583277637943280872e-03
6.101891244172411369e-03
6.070048583724427065e-03
6.094721399798036683e-03
5.954282753464937988e-03
6.402333018740197397e-03
6.863031549394059232e-03
7.112943279213914186e-03
7.174178057848713472e-03
7.300897667818872019e-03
7.996924720778397777e-03
8.655760992817840282e-03
9.244285628263244903e-03
9.857179852551852667e-03
1.039971193657085458e-02
1.000590226702501549e-02
1.023410336964880249e-02
1.069743090333375585e-02
1.038034249098837049e-02
9.926149213126331250e-03
9.676176394172827933e-03
9.018158002516207805e-03
beta4
-1.510185519686506357e-08
-2.622360323308661206e-08
-1.286662799743289779e-07
-3.688558260861384680e-07
-2.171026673208413549e-07
-2.563245919739851727e-07
-3.904153721164379318e-07
-3.220372850587145126e-07
-1.831961753253527344e-07
-7.950553811682413371e-07
-6.224461346872556636e-07
-1.185786923930522273e-06
-2.264981495869787448e-06
-2.518514645695825475e-06
-1.017387884170161594e-06
-9.779332900785587515e-07
-3.994031017977289218e-06
-5.589907234462359952e-06
-3.782390664598965376e-06
-2.472406803697947147e-06
-3.129970525129367144e-06
-8.212084809584946514e-06
-1.152342901843533649e-05
-8.072702526356705766e-06
-2.592515172107995152e-06
-2.816701952027347679e-06
-9.122361637168217955e-06
-2.956792166955084246e-06
-1.782252441786988080e-06
-3.178240233247491653e-06
-5.607474962566747745e-06
-2.687058384939067196e-06
-3.553746202275189201e-06
-1.523665110242392054e-05
-2.863869172530489742e-06
-6.279167466852604530e-05
-1.165291401336525137e-05
-1.409329747714127353e-05
-2.491579103430968778e-06
-2.545966730929362508e-06
-1.090916446038667851e-06
-2.163280563328151162e-06
-4.840955071085702025e-06
-3.742463270115609111e-06
-5.893012441500393051e-06
-1.866131321846413492e-05
-9.513684729300461609e-05
-7.607781218042836659e-06
-8.279875391289461976e-06
-2.822984120230995526e-06
-3.088059530585097654e-05
-8.622007504626461653e-07
-9.131811718133479173e-07
-4.386632084164097899e-07
-4.868038696634871518e-07
-4.645870831136154803e-08
-1.934346905150094717e-06
-6.731013683260319263e-07
-5.789646015098123859e-06
-2.035650528788710868e-06
-7.784574118988208683e-10
-1.280219422369314989e-09
-1.409440721611172312e-13
-1.043492554491277390e-13
-2.189721211738479360e-19
7.464525585240608316e-20
1.098706178140078581e-20
6.912892681538438450e-22
4.186247783895052306e-21
3.731678266904771665e-21
2.861668689485784433e-20
2.962147719424100932e-21
1.683286018539785634e-21
4.218554688401840294e-18
3.014693162548500852e-16
6.883160520469393375e-14
6.130700966357562713e-12
7.935142113285103110e-12
2.479947847446518370e-11
6.083862892703692327e-10
1.451586605947916331e-10
3.267598819679683286e-09
2.811174936003012828e-09
8.839637410036084442e-10
2.510008849539750240e-09
5.783338756774284571e-10
8.472084884849380663e-10
2.490158916227781985e-11
9.193430279005719549e-13
7.431265908070055250e-16
1.475226824811378444e-17
1.625884512919262631e-22
-1.651037384923475487e-20
-2.534438250323502517e-17
-4.966061909689892727e-20
-2.156210799381556148e-20
-4.266317234796205034e-18
-1.119070090867756929e-17
-7.247648951536260715e-14
-8.343364144475982731e-13
-2.814973432849079202e-10
-2.295359662194803046e-10
-1.806407333606012059e-10
-3.280108152806489389e-10
-4.112785029147595972e-09
-6.354307961631544856e-09
-1.896466505672875167e-08
-1.431640579809826141e-09
-4.193985133728301367e-10
-1.479218664732505852e-09
-3.951753271781548997e-11
-4.630597104930902817e-13
-2.738160630590371402e-12
-2.814152182753185485e-16
-6.910046826839968165e-14
-2.890651923654960201e-16
-2.801028222160817797e-19
-1.133653701897123826e-18
beta5
1.230132024261919678e-21
-1.604984697955609666e-20
-3.131585361623462694e-19
-1.706418333291237084e-26
1.897662094676790587e-22
-3.377344490072435392e-21
-8.823044207366633859e-20
-9.724187831768632754e-20
-1.162893204626329297e-22
7.523325276048395877e-37
-3.658047571729270115e-21
2.545446051651639668e-38
4.350898155267034514e-20
2.837190699818575748e-19
1.842531438927874043e-18
1.522527893803734933e-15
3.145030326215327284e-16
8.192592905433006382e-17
1.056327601103802269e-16
4.452053620487091557e-17
1.588210431521816107e-19
2.672756730573171064e-17
4.407612958085192471e-20
5.482560618042043217e-18
1.289380030090875659e-17
2.762974818241421698e-16
2.407190621082205400e-15
3.682361666957909696e-14
5.093356710016214252e-13
1.121111546869728380e-12
1.365441291232502893e-13
4.511247204983951848e-14
2.949412474899474600e-13
5.194819795741249871e-12
7.528123238505405306e-14
5.049398481946748108e-14
6.961370377407756526e-14
3.910303068459764758e-15
8.775497691768466559e-18
1.218842846692872607e-16
1.607055657880640098e-15
2.738791863108821881e-16
5.244941907955458150e-17
3.876984644086875449e-14
4.402946993255969021e-13
5.035869476882851823e-13
6.227087527058040773e-13
1.782200971753204975e-15
1.447974974552788965e-16
4.373049151103775448e-18
6.217219260050581780e-22
-4.419778660571449064e-17
-1.521091691925837730e-14
-1.631290697243227985e-14
-4.992613834471417797e-13
-1.432675479202921982e-13
-2.113864522519957335e-11
-1.071647565890926796e-09
-4.707072496606652353e-09
-6.420543239323618754e-09
-5.206268063655730606e-10
-4.478376623242117180e-10
-2.943862055615685145e-11
-2.814475384014800285e-11
-8.298452119700221969e-12
-2.658242077380415955e-12
-8.740419298052191636e-12
-4.010746938830520156e-11
-1.016711200107069062e-10
-1.661411269992684674e-11
-4.428327969460581076e-11
-8.086065006148843810e-11
-1.831809761459860841e-10
-5.796315865560141257e-10
-6.782130777658347679e-11
-1.083878227995485760e-11
-5.222917065214729105e-10
-2.713500344599061187e-10
-6.297035130892657769e-10
-1.146442942388913392e-10
-2.752629420058275843e-10
-3.236678754100162914e-10
-9.427616454397531789e-12
-1.592931060591728527e-10
-3.699777558112124091e-11
-2.073450377401120315e-10
-1.560859945427704477e-09
-4.513440586265750634e-10
-1.150908176324576254e-09
-1.116192790533136795e-09
-1.161409698879317024e-09
-4.854296878652859068e-10
-8.493575726003051029e-10
-2.298995149759494473e-09
-1.057412065786554431e-09
-1.019232135569684771e-09
-1.345798476970255272e-09
-3.813393458980120124e-10
-6.637378046901655104e-10
-2.446632039122070458e-09
-3.506208386034317986e-09
-1.119950967766121025e-09
-3.792914864170090255e-10
-1.435047618579673884e-09
-7.446261600338920694e-10
-3.260559759682864252e-10
-1.216317622549105474e-09
-6.707376659909942379e-11
-9.282722075867615283e-10
-3.495043815827578378e-10
-1.152386919414809544e-10
-1.295250684344222688e-10
-4.958836286156140990e-11
-5.038295507755606928e-12
-3.179351629104287949e-12
-8.357799495761126184e-12
-1.255286717290796268e-13
-3.402872309180548275e-13
