beta2
9.555099287214076365e-03
9.656893894643832701e-03
9.781837517390706491e-03
9.844152333140267219e-03
9.962642865086517030e-03
1.018017643694152721e-02
1.053611071327857987e-02
1.087301979419494531e-02
1.121541874046864951e-02
1.146608179139276679e-02
1.142434088751052845e-02
1.127516425619048100e-02
1.121272397692426454e-02
1.105416032956519842e-02
1.108608711876923197e-02
1.111940231662013161e-02
1.094833156670333915e-02
1.097082742730332884e-02
1.065562931002833266e-02
1.061858727892442747e-02
1.067128461599229500e-02
1.067522292836328018e-02
1.063233926719212366e-02
1.055616397139774731e-02
1.052855586584892575e-02
1.032667672852083905e-02
1.043266156896366197e-02
1.043245666404528024e-02
1.051090431646297188e-02
1.058791079245200925e-02
1.057931913416362835e-02
1.079181846425526954e-02
1.095790114453539313e-02
1.103575729023955135e-02
1.100193419607874840e-02
1.101182430854321867e-02
1.106247290106677182e-02
1.100101304803568353e-02
1.078660930816251889e-02
1.080233983608101800e-02
1.083767481757378498e-02
1.094335442790263062e-02
1.115198467551135192e-02
1.145924482656432777e-02
1.161450830119714964e-02
1.171244928397332380e-02
1.191116448570636414e-02
1.233316869243985224e-02
1.293950010666691797e-02
1.347666331103437171e-02
1.381456731071574115e-02
1.453952722686881367e-02
1.521254418396566360e-02
1.598275777957896410e-02
1.676660905741812063e-02
1.693477517657050735e-02
1.733689668300771730e-02
1.769084102990919893e-02
1.799198066750331421e-02
1.827473375272007511e-02
1.864941243301723728e-02
1.885972289269010477e-02
1.923947903379369731e-02
1.936460954541495416e-02
1.955412273905964005e-02
1.939555750088574337e-02
1.944842101514279720e-02
1.963775731303663702e-02
1.965698557873510333e-02
1.945184135950282084e-02
1.937861661734686242e-02
1.945879068494199560e-02
1.965825571548805370e-02
1.966025072206147029e-02
1.934565538854007491e-02
1.887016794920903101e-02
1.848461257670723501e-02
1.780843170822057550e-02
1.747262274299478738e-02
1.714527709842717657e-02
1.670474479746927518e-02
1.682172013542855560e-02
1.642622046460824603e-02
1.597087464863859371e-02
1.580282477466607438e-02
1.568809232983606194e-02
1.565420492691167731e-02
1.610342114767979865e-02
1.642158366531367569e-02
1.669673096837121645e-02
1.702876168865507037e-02
1.720293314498335530e-02
1.734626252919202472e-02
1.703425170865727895e-02
1.678633554501502562e-02
1.664471146325140205e-02
1.644944886441565557e-02
1.654784536646154713e-02
1.659417667194817633e-02
1.643798371097622210e-02
1.617949525247271148e-02
1.601504273043100404e-02
1.594756100326026604e-02
1.583493638846938945e-02
1.579984184520710419e-02
1.571701104920100039e-02
1.569346880320213536e-02
1.562021161888858464e-02
1.562141799659419288e-02
1.574946377913222229e-02
1.584806034996048829e-02
1.588321880770970917e-02
1.538520137912158768e-02
1.493983315922324528e-02
1.471981536217587330e-02
1.458655304651039486e-02
1.424272690517157033e-02
1.408723503835579774e-02
1.366708891318129879e-02
1.339294858646019638e-02
1.340327316637838877e-02
1.331844261455971887e-02
1.341267648168493858e-02
1.354281164091577366e-02
1.370309678820205365e-02
1.386026431668589340e-02
1.389160610175215610e-02
1.374482902088740820e-02
1.363340211435748808e-02
1.344670123006007703e-02
1.306340342703976587e-02
1.271134660000665557e-02
1.243718992733198157e-02
1.240932443498033583e-02
1.227932649689206755e-02
1.202205606260651864e-02
1.179643127323579295e-02
1.178290117943673297e-02
1.208840287884523079e-02
1.242702119062910442e-02
1.274763856599027585e-02
1.326400538298753290e-02
1.344493895755333873e-02
1.368771114382855321e-02
1.349084845482057329e-02
1.329826476084191439e-02
1.313466930436835677e-02
1.284896061431544528e-02
1.252779451199477131e-02
1.182625239280808357e-02
1.120270228426325024e-02
1.051445021996324017e-02
1.052103292625243200e-02
1.095136058018987731e-02
1.066763791369605696e-02
1.025198745630800067e-02
9.840321994164635128e-03
1.031466463689174537e-02
1.060066136473740775e-02
1.086024855190631175e-02
1.107207094958460002e-02
1.143888782541137641e-02
1.151682856811526469e-02
1.176208918724191282e-02
1.156101490756412421e-02
1.143671207334934388e-02
1.162892645108154488e-02
1.162725097741147684e-02
1.159553329154587586e-02
1.149340776515846152e-02
1.134691959159775387e-02
1.148780587290342339e-02
1.136519075176095975e-02
1.119149064777984898e-02
1.177306115174636854e-02
1.196112416557888920e-02
1.211589813701772350e-02
1.191513186389020311e-02
1.175185715666528935e-02
1.201257104263494906e-02
1.216421940158715284e-02
1.178445001702225006e-02
1.154663124696725211e-02
1.149389594325895929e-02
1.154974245131797778e-02
1.191965487959024614e-02
1.221215490464356603e-02
1.130935042599187645e-02
1.152549922952598831e-02
1.135178105339482157e-02
1.123893382804185340e-02
1.116102260690124415e-02
1.170521420741651129e-02
1.215833543223040006e-02
1.212438329722732161e-02
1.230579411167690221e-02
1.165584900846290684e-02
1.126288197584682585e-02
1.085788705379732606e-02
1.007096501294520163e-02
9.864744655846486437e-03
9.489490329458226056e-03
9.185308257301912083e-03
8.609427092186067165e-03
8.685138575033102964e-03
8.910695830071025531e-03
9.155964241055709191e-03
9.320490098341065177e-03
9.072590711329146795e-03
8.953596984891391830e-03
8.945182046650342750e-03
9.086882430645266961e-03
9.367585931110835457e-03
1.015077894439236211e-02
1.038928767675912496e-02
1.044973750091732385e-02
1.049686677971741096e-02
1.064750644480143282e-02
1.068267051840206261e-02
1.073040575373444480e-02
1.051191465092181365e-02
1.008558755539558371e-02
9.560221235273724805e-03
9.671798823398849651e-03
1.004813733126468447e-02
1.050126125163371171e-02
1.125814054415815064e-02
1.195760877588517360e-02
1.220039046495699150e-02
1.188187557649592399e-02
1.187475111434415503e-02
1.179440201083583814e-02
1.175772695860555911e-02
1.175812219731929564e-02
1.163881590141090799e-02
1.174667580230312480e-02
1.218820645693708370e-02
1.223440176405878391e-02
1.220550463545431140e-02
beta3
1.147765705728690848e-06
1.193099639309820006e-06
8.346860922343735699e-07
2.313574962883071854e-06
3.428140052095936931e-06
1.926663064405800322e-06
1.726855145525218830e-06
2.294960822610255496e-06
2.676428162288837171e-06
2.494252839535809867e-06
6.747010085302005363e-06
1.699216308582147494e-05
2.853642769254876823e-05
3.028179331730562274e-05
4.672444546617423108e-05
4.874196332283564452e-05
5.327254789322722787e-05
3.940415489528648177e-05
9.000274575678715800e-05
5.928720042603848083e-05
6.437914003340914552e-05
5.963386775618355584e-05
7.247905952460577980e-05
7.182513002615962313e-05
5.490000945886380648e-05
7.058363856923766057e-05
7.634946026407758018e-05
1.022971222850783577e-04
6.646311105067179527e-05
9.351908554706741942e-05
1.097971953709421273e-04
8.868206043758557547e-05
1.060213659600747781e-04
1.294258688687055145e-04
1.213685561868982213e-04
1.968746652762853812e-04
1.954876049017009341e-04
2.022023344506987028e-04
1.914112034717735020e-04
3.923175564443437727e-04
3.466049033131680035e-04
3.136996136835633504e-04
3.396702574071176262e-04
3.571209023345571130e-04
3.177593977720982775e-04
5.329777255025304646e-04
1.083243291589542452e-03
1.990866953538489477e-03
2.781877613198067284e-03
1.537641360958249583e-03
8.993698727588002491e-04
8.728573239868279206e-04
7.943123644313403913e-04
5.519353301864857175e-04
4.837584136643933606e-04
4.322424688850833203e-04
3.970117619119966127e-04
3.863605560474040650e-04
2.904801432832050407e-04
2.885401192429878784e-04
3.178156935366186972e-04
3.273100936050195504e-04
2.493426696058625644e-04
2.836309747350833311e-04
2.259019593823393096e-04
3.934833905234033560e-04
6.526824576089133509e-04
1.071431105496162880e-03
1.107511001245528029e-03
9.731578366679750208e-04
7.490008865050538185e-04
1.384937693260117212e-03
1.739543749899037910e-03
2.230205759930047570e-03
2.029447692169026284e-03
1.617809477655309403e-03
1.318871233389565158e-03
1.458514361754567005e-03
2.101698672796414868e-03
2.385140289426707864e-03
2.807645421994128115e-03
3.048198921908992082e-03
2.658594737240225700e-03
2.273754167240475167e-03
1.917456837197942807e-03
1.733558040350522030e-03
1.925018024987666145e-03
1.932649814948252803e-03
1.896188360563868299e-03
2.232384212155525804e-03
2.726566501405334932e-03
2.659127662547333248e-03
2.809416475144752012e-03
2.483191656629496480e-03
2.687662167643052602e-03
2.544218774226401306e-03
2.363672901179092976e-03
1.949609035957038062e-03
1.916778887299250191e-03
1.393798063114508106e-03
1.348102976648211417e-03
1.011272227291718558e-03
8.006708842578750011e-04
7.630407416030601971e-04
7.059846204702733543e-04
4.910904277235972250e-04
3.857044560764437066e-04
3.209425382369457944e-04
2.729259451389164917e-04
3.076735094585780327e-04
3.242684180661983655e-04
3.327876207740758851e-04
2.252619504875134405e-04
1.458141484175482405e-04
1.058523957198627099e-04
7.695170524674282953e-05
5.046808657088796906e-05
3.874738723497579495e-05
1.728508424032961812e-05
2.197122403664671407e-05
4.072827334913793504e-05
9.881043353676526866e-05
1.013111780938565900e-04
2.206617770116152942e-04
4.407403970811116017e-04
7.337468053736726642e-04
6.713758802362975765e-04
6.750993595460192277e-04
7.611055475522348745e-04
7.513834950681941207e-04
7.372827851907667006e-04
6.260377890889813005e-04
5.471046426583795006e-04
4.655622042463173271e-04
2.850262862930658244e-04
2.373262225961168294e-04
2.917336922391550701e-04
1.740713980575172128e-04
3.087555796614326444e-04
3.093306802731397073e-04
4.170204048170108473e-04
4.512856665478545085e-04
4.035924473428929068e-04
4.771703932703867559e-04
5.417314581105229804e-04
5.768609058076779993e-04
4.582542017550738636e-04
5.470582180944559125e-04
5.199201074396306473e-04
7.368257505411450557e-04
1.025086992719950437e-03
1.397934287709056214e-03
1.667514254688887317e-03
2.261137346902053827e-03
1.967982803927089026e-03
1.470840349967279283e-03
1.211097707651672458e-03
1.060739615278227235e-03
9.819247931000193736e-04
8.431426601902521425e-04
8.145081588915931625e-04
1.373069676401063397e-03
1.457439361826272112e-03
1.860444208145695067e-03
1.649394916908685036e-03
1.788984636155899850e-03
1.714052985161345494e-03
8.700341939378328053e-04
6.563821781505477584e-04
3.894681700108782244e-04
1.728278496085678155e-04
2.115524093522833495e-04
2.102711471585634855e-04
1.869542697706995393e-04
1.763625206720547908e-04
1.140507165822559835e-04
5.488124105716979536e-05
2.064589534728814127e-05
2.651233249590512339e-05
3.112758952273664574e-05
5.692059909130688122e-05
3.046677968330441976e-05
5.694021288796260950e-05
4.298006329202884294e-05
6.552647664422226966e-05
7.964953818002515806e-05
1.016663720571002965e-04
2.945340160188279565e-05
2.919971619364983935e-05
2.525520377110443605e-05
1.746146332776463112e-05
7.802302707411516139e-06
1.625043640028907307e-05
2.500933384565044194e-05
2.412399730904552723e-05
4.556483330906481747e-05
5.877018216126549078e-05
6.416851040327189288e-05
1.668346723026389433e-04
2.015752065477984575e-04
4.087621203307247823e-04
5.509434418774856925e-04
8.647166765299535516e-04
7.157945086069083911e-04
8.983972134840195224e-04
9.081677500575012236e-04
1.147714202587217167e-03
1.710588822587538098e-03
1.457072659083975125e-03
1.007499605338337857e-03
6.894132324440842112e-04
7.263727093824892504e-04
8.811566033760257020e-04
7.695427156646445291e-04
5.988041153137866040e-04
5.625995059549841791e-04
5.205760116341487474e-04
5.154049213158164036e-04
7.297511297073356381e-04
3.419645700143309234e-04
2.654993102184111673e-04
1.637344906804282700e-04
9.396884206024330288e-05
4.961995585926963872e-05
9.143834496931846573e-05
1.019486641671508900e-04
7.921652102602463365e-05
9.596119110698853581e-05
8.922735397456015797e-05
8.068788199916614807e-05
4.195753378374158458e-05
2.402937390831924382e-05
9.135513924862701505e-06
2.586513538629938734e-06
4.313437071324901907e-06
3.064314747631598014e-06
1.278747161527138683e-05
5.580214199169762071e-05
4.216832850554891494e-05
beta4
-1.350979998150227818e-02
-1.385300970316141050e-02
-1.432394499654801936e-02
-1.408943753533449875e-02
-1.406073694199424899e-02
-1.379246524837032112e-02
-1.410487384641662817e-02
-1.452705966321202191e-02
-1.490700265028815398e-02
-1.549711119344739790e-02
-1.613720175816514557e-02
-1.686139370031335127e-02
-1.771231523412363298e-02
-1.752026741547229108e-02
-1.746548531911833874e-02
-1.776528430631840738e-02
-1.725857018578436791e-02
-1.684155840369527118e-02
-1.632130511760887179e-02
-1.617561186348887362e-02
-1.593975476887880827e-02
-1.553395785468366860e-02
-1.525067287956178783e-02
-1.491110686266739795e-02
-1.461533676578783206e-02
-1.414899654383874883e-02
-1.351995245589624958e-02
-1.299635224718263468e-02
-1.261123235877300436e-02
-1.208978081274027748e-02
-1.181336536798517287e-02
-1.156172935181830688e-02
-1.143997714581924778e-02
-1.122020713568185231e-02
-1.095800214050556345e-02
-1.054882027664976948e-02
-1.052562531693075620e-02
-1.042115034943664163e-02
-1.017850386502131693e-02
-9.728375198524163298e-03
-9.512098846249743972e-03
-9.231551247424370221e-03
-9.130631047011009832e-03
-8.870200102555205607e-03
-8.673230095907327741e-03
-8.238414763487054288e-03
-8.494098767949445628e-03
-9.202790326289974829e-03
-9.568719400993439678e-03
-8.919315077150203469e-03
-8.355768165785273927e-03
-8.291643704311336266e-03
-8.187380480568655361e-03
-7.944548729057289427e-03
-8.226230508263449731e-03
-8.410568486097502738e-03
-9.016216115340773898e-03
-9.473493373710992205e-03
-9.699034778571983401e-03
-9.947460463735957603e-03
-1.034515675347200819e-02
-1.028869100278457203e-02
-1.042805169540383589e-02
-1.033407384285850092e-02
-1.011249646758827225e-02
-1.018898945460347191e-02
-1.033819791489839698e-02
-1.082092602415628615e-02
-1.118209493276847710e-02
-1.106497175084884127e-02
-1.090979437129367680e-02
-1.065212438903712089e-02
-1.090109038721125134e-02
-1.056339119992910289e-02
-1.043825980915835845e-02
-1.035671137913456163e-02
-1.022237345553688413e-02
-1.010408158714503485e-02
-9.811723942052132108e-03
-9.272418608932539094e-03
-8.767772627307155939e-03
-8.889042972713541435e-03
-8.857571807345320652e-03
-8.683316093773308514e-03
-8.468036367975221440e-03
-8.163111061282042613e-03
-8.012719637424597224e-03
-7.837337655255727925e-03
-7.744304714305006235e-03
-7.539768721567089577e-03
-7.422656931574251465e-03
-7.393678521776785723e-03
-7.294077181612921255e-03
-7.366073003215265619e-03
-7.479679335161101492e-03
-7.447442070376680476e-03
-7.409994925016502240e-03
-7.352032067247379205e-03
-7.267844477968252517e-03
-7.321673250144460597e-03
-7.338432775746124223e-03
-7.597237725141833473e-03
-7.890825189519962840e-03
-8.090519370095562712e-03
-8.213961759817811625e-03
-8.235783463592181997e-03
-8.200616495305875289e-03
-8.211783962134816539e-03
-8.251452527106146323e-03
-8.440976769742371613e-03
-8.726346338475889086e-03
-9.027962870183118757e-03
-9.196827175241988755e-03
-9.186810935157503633e-03
-9.287012155243384859e-03
-9.395636343755144754e-03
-9.756461887121124082e-03
-9.947596003086995459e-03
-9.960719302280592741e-03
-1.007133723529254204e-02
-1.006690014611332298e-02
-1.006365619908109951e-02
-1.024788188624432828e-02
-1.034685977124201808e-02
-1.083787513462174980e-02
-1.142286637969795217e-02
-1.131512957614703475e-02
-1.080625099698324237e-02
-1.034144251100974597e-02
-1.003271829611218809e-02
-9.792802278159389376e-03
-9.453751136667291888e-03
-9.151769411119514003e-03
-9.010245767260990912e-03
-8.890463827177064182e-03
-8.459960403467232590e-03
-8.205282510598000886e-03
-7.967469057636681479e-03
-7.068773239089739743e-03
-6.488953026870086446e-03
-5.811225630432488923e-03
-5.577383947579441989e-03
-5.347188228366659031e-03
-5.154637399987217067e-03
-4.591600355506960177e-03
-4.111303429758215305e-03
-3.670924313785569899e-03
-3.255910070930587673e-03
-2.863959958638199327e-03
-2.496973779942248360e-03
-1.961744856736647846e-03
-1.538215380075309661e-03
-1.476611912378298849e-03
-1.358866558213108356e-03
-1.723290648000408475e-03
-1.979569295238349860e-03
-2.459011034991379682e-03
-1.984929859091026476e-03
-1.645484673046190404e-03
-1.371357466293716878e-03
-1.142170435496198426e-03
-1.098870553276389602e-03
-1.204592368412102030e-03
-9.516584166750700728e-04
-8.658128420119192651e-04
-7.515325614388390640e-04
-6.662765343468024168e-04
-6.430793610276706092e-04
-5.698969932193956919e-04
-5.930466257092128091e-04
-5.890450922765101726e-04
-3.006125010497010929e-04
-1.353827992078268433e-04
-2.854414574676657386e-05
9.658160355046789330e-05
1.199193440140111405e-04
1.473663852458590427e-04
3.489921257443632813e-04
4.541219934548548776e-04
7.897635542807087544e-04
1.143472010022550042e-03
1.267996969898176280e-03
1.185068580647110313e-03
1.030187615750112907e-03
1.127289949625324191e-03
1.225500165973303487e-03
1.332988507072840759e-03
1.142126567981757365e-03
1.040612875248432545e-03
9.893194246629950957e-04
9.800092834305884626e-04
1.067545563510915486e-03
9.565906130531676935e-04
8.116851209429376632e-04
7.032728510740617143e-04
6.457031450854322421e-04
5.487123254032521148e-04
4.484820822703871105e-04
3.936935278502510572e-04
2.271281811192546831e-04
3.236725330141724589e-04
9.056691316179114534e-04
1.349215297602751867e-03
1.273572786872117319e-03
1.357257688155005370e-03
1.435928845483680841e-03
1.556821044484606219e-03
1.698811732508591918e-03
1.585379086308757058e-03
1.465511827151610947e-03
1.419355005674924472e-03
1.451007032129867595e-03
1.511783807573266122e-03
1.704893392379348491e-03
1.975684314241512706e-03
2.272205041732701727e-03
2.476300708855162791e-03
2.743703614783611286e-03
2.464103772924145733e-03
2.472385591090769334e-03
2.649084892191610856e-03
2.889991388435961955e-03
3.116297678495282171e-03
3.218355237621739993e-03
3.620806869669571885e-03
4.041792977865488884e-03
3.768163216824854667e-03
3.888153899247319932e-03
3.328637074484684655e-03
3.030127164593718076e-03
2.853479813483119319e-03
2.629732952467614838e-03
2.222766727788889202e-03
1.809705397127172287e-03
2.001764698021464041e-03
1.991209431194454569e-03
2.028218317899373527e-03
1.922528396322953359e-03
2.065324020331901853e-03
beta5
-7.986689594632957506e-06
-5.967036816202234554e-06
-1.578426372337360720e-05
-1.498402552469997095e-05
-2.031789741207209546e-05
-3.846791607398038806e-05
-3.903144926715071644e-05
-4.936714275129985911e-05
-6.018042102800516720e-05
-6.487820066282287646e-05
-8.097504324732193227e-05
-4.513765047093815162e-05
-5.100758104030852667e-05
-6.935206780787965498e-05
-9.369001281209772926e-05
-1.175166743531661537e-04
-9.567488798982050195e-05
-4.304683597037374304e-05
-6.707942898519957597e-05
-3.897832869524448971e-05
-3.743225802399532108e-05
-2.209983159553271013e-05
-1.499624316169549776e-05
-8.219993524284137924e-06
-1.552927870083120692e-06
-6.116645550293675508e-07
8.797828955409537694e-11
3.501534194913699107e-06
8.975068075805163443e-06
1.398682964586442204e-05
1.869013290641608941e-05
3.330003399248774882e-05
4.015169314302576660e-05
8.478556600362155762e-05
1.707862925199463903e-04
1.796809002316279453e-04
2.317701358051377366e-04
3.085127434386977460e-04
4.308870456803147518e-04
3.642869300053661898e-04
4.940895416047996020e-04
6.500120260770473647e-04
7.375128909423503409e-04
8.096520665098168659e-04
7.890311582667760290e-04
8.017985562532971636e-04
9.526730286357127427e-04
1.459327367669485849e-03
1.746693258136281998e-03
1.386899370553178667e-03
1.187724829364058578e-03
1.195475472455894382e-03
1.118608425419339398e-03
1.094803285750865123e-03
1.136898797116846606e-03
9.541170292900247102e-04
8.161005065247777922e-04
5.801417682121520411e-04
3.620025313732175027e-04
1.751150717186633903e-04
1.486531572624606167e-05
2.151358627064037171e-18
-2.571240233099163276e-05
-8.260078195738454704e-05
-1.800902233792909136e-04
-2.286554101831506818e-04
-3.497837346696368614e-04
-5.320789637059132040e-04
-6.306397474303648918e-04
-5.634181289283176665e-04
-6.442437184202719127e-04
-7.025893075923233481e-04
-9.136160373513632291e-04
-8.838266806202499295e-04
-8.666822407122317436e-04
-8.012370887278763912e-04
-7.969620484349132158e-04
-6.803755240337551816e-04
-6.675903107775125805e-04
-6.437901028158430662e-04
-5.868066837884579768e-04
-8.375528293605855046e-04
-5.679254843965734654e-04
-2.330680024186769245e-04
-8.494198132568821593e-05
-5.407113868065273403e-06
3.109481740658912903e-05
2.808970051917321532e-05
1.243192435444742065e-04
2.577791463042188752e-04
4.229721839653674369e-04
6.390588592364499681e-04
8.303872296983342768e-04
8.950812816139869493e-04
1.118845381905404692e-03
1.124295436575709810e-03
1.132002267179526341e-03
1.095983763368492793e-03
1.151395062074929551e-03
9.929666748284330085e-04
7.499949880657495824e-04
6.481236212331079397e-04
5.387643509397413042e-04
3.762342304065039106e-04
2.723321668001768277e-04
2.160630620368766746e-04
2.147141086623124018e-04
2.021542975506236965e-04
1.760536467739177242e-04
1.694367873047423372e-04
1.412378148417235040e-04
1.194013445094914004e-04
8.147070560980383962e-05
7.986055447707610827e-05
6.017010217373106593e-05
4.709103672189630311e-05
1.281994970775980874e-05
2.992930068920681809e-07
-8.995657995665573144e-11
-4.021677355860979435e-06
-5.298791120015699718e-06
-2.254055005495541854e-05
-4.822884093309543597e-05
-6.451836781648055544e-05
-6.911958815850279046e-05
-9.175346878155654228e-05
-1.648871830436597738e-04
-1.676744482648049759e-04
-1.893701443236966682e-04
-2.093585575464534877e-04
-2.210105365210805468e-04
-2.205907124647175129e-04
-2.650619735549615032e-04
-2.143915804594771703e-04
-2.116185798560083484e-04
-2.029947101176885437e-04
-2.019960043707048837e-04
-1.599669979547791365e-04
-2.262126932334966437e-04
-3.212706793869983925e-04
-4.376038892822140067e-04
-3.788186301492540162e-04
-3.157648630270614982e-04
-2.819898888695094772e-04
-4.029436046317586765e-04
-5.366291001436977520e-04
-9.374135787751841425e-04
-1.260850633095564463e-03
-1.819988879762286923e-03
-1.939538292462584298e-03
-2.329008992234971303e-03
-2.618376756724469061e-03
-3.008478757791604834e-03
-3.716028502666008336e-03
-3.673657163128611191e-03
-3.323055552779097341e-03
-3.058841071018785114e-03
-3.376579202462340508e-03
-3.594875739104549245e-03
-3.599569676275171659e-03
-3.797227077427446640e-03
-3.453602084066230600e-03
-2.948054839032678703e-03
-3.042762517938401006e-03
-2.577080890699577284e-03
-2.199182519306472870e-03
-1.760635033946604620e-03
-1.647157951066115841e-03
-1.473748097903470038e-03
-1.403440268071000233e-03
-1.453918858311330003e-03
-1.291378092417531671e-03
-1.133454632326765053e-03
-1.097235149625772500e-03
-9.089150570821632634e-04
-7.629523225774748323e-04
-6.311185827684840342e-04
-5.838218874543288752e-04
-4.030204436949652905e-04
-3.315377620619658523e-04
-2.746333588849723430e-04
-3.034117319892215819e-04
-1.836107547888141719e-04
-1.318095619847303019e-04
-6.544328756901481459e-05
-4.792025062708009272e-05
-3.376293460761882172e-05
-1.864121682968400905e-05
-1.785039753483325952e-07
1.967717844377709353e-05
3.262479065863201571e-05
1.055975369090205514e-04
4.221345975201500652e-05
3.159683520252922113e-05
2.428157420666230394e-06
-2.046174575391876177e-05
-2.485786419101311870e-05
-3.991547525088451066e-05
-9.206005094052891792e-05
-1.100716383109567951e-04
-1.729725190928698949e-04
-2.424772236636364155e-04
-3.332477547483486202e-04
-3.033231572999906152e-04
-3.286994231044617363e-04
-3.453526708997796835e-04
-3.656109079713128185e-04
-3.850456756620265287e-04
-2.916138221020047726e-04
-2.718405584211184547e-04
-1.982649771135319293e-04
-1.544942212055286411e-04
-1.108919748187446120e-04
-6.522426615046146288e-05
-4.959663247972818175e-05
-2.591142108765593104e-05
-1.594022949859618619e-05
-1.529651289281957104e-06
2.410834931774463442e-06
5.340897322715504190e-07
-1.200199675401668515e-09
-2.826840243568155139e-06
-2.081419094495037339e-05
-3.828141053062884808e-05
-6.509697082429267566e-05
-1.124795755158392951e-04
-1.235328058370190572e-04
-1.481832288169456977e-04
-7.973229489892236775e-05
-7.705431739273389195e-06
-3.783539180126936040e-06
2.101946164271550617e-06
6.730692582530823200e-05
2.490346559267048523e-04
2.117161625187143645e-04
2.242076076091213048e-04
1.497274947576581806e-04
1.330188174276018907e-04
9.782566667476848342e-05
