3.662137951615608133e-03
2.650850303720120836e-03
2.507810132489427923e-03
1.752857912931216327e-03
1.178357133355199815e-03
1.058474152200423275e-03
1.260421402474100772e-03
1.100508745147446392e-03
9.009094596831949140e-04
5.473975149966113594e-04
3.104723382689924524e-05
-1.518818152905127049e-04
-8.356834687530638591e-04
-1.043030263899009111e-03
-1.419900931517111692e-03
-1.745411375890455362e-03
-2.108883256345383053e-03
-2.785540965927356307e-03
-3.872091340848103896e-03
-4.545735919599323306e-03
-5.090081745167788357e-03
-5.725585024084879106e-03
-5.945011765790847447e-03
-6.499135741203843596e-03
-7.074706699201310615e-03
-7.915577176092787950e-03
-8.585149642735958458e-03
-8.208818975912919591e-03
-7.736853731005483709e-03
-7.341111573349761756e-03
-6.491415312958451200e-03
-5.700484920609426819e-03
-4.986516794665590141e-03
-4.059530082526179896e-03
-3.358494039247119506e-03
-2.520789236618090848e-03
-1.396511911542952901e-03
-2.136079765455817204e-04
8.907782828420279580e-04
1.131365772341264573e-03
1.260470458033204543e-03
1.598465623229555722e-03
1.741698917954619293e-03
1.725237304568342676e-03
1.583919360679893543e-03
1.842982910908791926e-03
2.160766770897858732e-03
2.307147207248793058e-03
2.300565129100275684e-03
2.166024019778590125e-03
2.166263271264756620e-03
2.207733606189336058e-03
2.361969351905409114e-03
2.645206542175487438e-03
2.749607389046978059e-03
2.848081075565536604e-03
2.975674784916344795e-03
2.677447063990440451e-03
2.404843972276091493e-03
2.380606030424669683e-03
2.516337326852922333e-03
2.368113254059246980e-03
2.157387248181142931e-03
1.960861396366129095e-03
1.613939200010346608e-03
1.257797023667246500e-03
1.058279104901884132e-03
8.575821148738945387e-04
7.306900976898107617e-04
5.910767616558313450e-04
3.902287656920336539e-04
6.684944163338919765e-05
-2.362485175557078366e-04
-2.207284536669224201e-04
-2.073698426775817118e-04
-2.714208943028041470e-04
-1.152674980881960741e-04
-1.578400762363813502e-04
-1.530760244286910674e-04
-1.466641810253924746e-04
-1.378890921972287544e-04
-8.706727414693420691e-06
-3.208714371891767587e-04
-2.116965656674719976e-04
-1.729840231170210157e-04
-1.589313916409145638e-04
-2.212358501510587009e-04
-1.036176189007365214e-04
-1.231697378458519211e-04
-5.887770418216102660e-05
-7.519898632964764327e-05
-7.002470736652483051e-05
-4.513350862365512937e-07
2.990117494311171132e-05
7.253214694396128504e-04
6.897036607465837016e-04
6.038059347601470095e-04
4.747492257725998387e-04
3.740797566736798574e-04
1.818110896527797319e-04
4.254335958562597365e-05
-1.101806712229536756e-04
-2.305084346959551309e-04
-3.476973493194753656e-04
-5.177947359575680230e-04
-6.174124448042106255e-04
-9.615901258213031518e-04
-9.932153614594990340e-04
-9.562577694065525378e-04
-8.537901352992648433e-04
-7.167045253772242296e-04
-6.340028954945443407e-04
-5.878012408022348064e-04
-4.235882518302944350e-04
-1.378247311327450452e-04
4.069301836645195284e-05
2.179057426292202795e-04
3.113302718888849574e-04
3.260455188911679479e-04
4.351873617012083921e-04
4.595123803672589852e-04
4.621585588977610275e-04
4.344133957969521548e-04
1.111617301031841455e-03
9.267486795377335084e-04
7.012976097097602503e-04
4.890713488421658678e-04
4.193835940081581514e-04
4.384754203542342416e-04
5.762867959151168722e-04
7.976046860840419438e-04
7.818240046924586351e-04
7.996730917708710527e-04
8.022629491686244325e-04
7.956818092409953004e-04
9.107035420172808146e-05
3.232337311184732445e-04
6.392908692543255696e-04
8.540325788648685940e-04
1.156043610743740782e-03
1.319679463303931712e-03
2.151865966086828359e-03
2.003705497049545776e-03
2.113475192437816626e-03
2.198027843552479137e-03
2.186328079308234428e-03
2.211921699770335367e-03
2.154151838069019113e-03
2.077310480209421887e-03
1.884762101633935321e-03
1.791014491742229245e-03
1.545044463952130812e-03
1.372592444190289538e-03
3.990322452180467797e-04
4.409796288590446252e-04
4.738787470337088234e-04
4.513595642633405603e-04
5.510738830245732892e-04
6.016321553569983728e-04
6.685917377668454007e-04
7.135919406692508996e-04
7.385918628294842149e-04
7.219354221494152972e-04
7.758698136307024115e-04
7.309942212823231956e-04
7.103802152500283441e-04
7.128167101469845253e-04
5.820647911978717344e-04
5.956141920226941389e-04
6.139463623489135489e-04
6.649517576175004163e-04
8.278761245736807571e-04
9.914368309385727766e-04
1.223165958961994898e-03
1.410480028227863386e-03
1.514271875930149570e-03
1.618312619887410722e-03
1.782741368197231181e-03
1.943835543030363391e-03
2.161508386737331748e-03
2.275821050867720980e-03
2.397396127044889788e-03
2.470286289454304198e-03
2.312291228889502576e-03
2.177982423781850505e-03
1.975586795703121110e-03
1.743201052952575913e-03
1.565323182335710307e-03
1.496491683742172006e-03
1.357122835064631695e-03
1.131467268417153020e-03
9.101067613670781519e-04
7.422923302003089094e-04
5.293772076505075036e-04
3.908201277872776149e-04
3.520499775551632314e-04
2.951255610070745400e-04
3.163044938146139279e-04
3.507474208299409847e-04
3.541467470682521028e-04
3.755729579394393217e-04
4.194400074597343098e-04
4.802669882304409191e-04
5.560238277452529817e-04
6.188950935969014452e-04
7.061321193403157816e-04
7.353703676360390717e-04
8.363872860196345854e-04
1.013088732910267945e-03
1.158618939245804978e-03
1.296027191613877702e-03
1.497353797502948974e-03
1.667940014003504653e-03
1.759939919118995834e-03
1.990966407887880419e-03
2.156278373867498346e-03
2.431042234166412835e-03
2.695183899087082863e-03
3.051540672597408046e-03
3.505330596750875355e-03
4.036422336807991666e-03
4.723338575553937511e-03
5.614565493581635813e-03
6.612683743541594023e-03
7.117240309333014436e-03
7.642540132111946133e-03
7.426253108333964910e-03
7.470603400758529800e-03
7.277784332091355966e-03
7.143440613298840565e-03
7.046639870609181476e-03
6.511354827435350719e-03
5.806220052824481725e-03
4.925243401782008860e-03
3.797862798735145238e-03
2.487363007439679762e-03
1.656847614415409746e-03
9.022992998883033874e-04
7.725182447216447828e-04
