beta2
8.471356111472348044e-03
8.509982026162939139e-03
8.616648937960973836e-03
8.680114531176546383e-03
8.829324545834803944e-03
8.946925535852624095e-03
9.023588918369001427e-03
9.085978957774635406e-03
9.173211292833249528e-03
9.270530248563753697e-03
9.135665600497588565e-03
8.996589932927619854e-03
8.793508553182401155e-03
8.577477473111952411e-03
8.453360565908306368e-03
8.367015160888890968e-03
8.342633147110386713e-03
8.370691005289645006e-03
8.224435033336075646e-03
8.205137677568731525e-03
8.181300072002371804e-03
8.132046006021190904e-03
8.191928498788719759e-03
8.213593258860479862e-03
8.234911064878672887e-03
8.300932416041083978e-03
8.351803127051308367e-03
8.404123341400445563e-03
8.442760302311468068e-03
8.493333798894990572e-03
8.572310648122923038e-03
8.546573982773010558e-03
8.506515670386764413e-03
8.489090411872686481e-03
8.477365636040339048e-03
8.454506696153741077e-03
8.345883894655969221e-03
8.228449771490011291e-03
8.180256569141510295e-03
8.189147125136587643e-03
8.270699953328328885e-03
8.302531148180889581e-03
8.317577918117161767e-03
8.302413929581801966e-03
8.287705620327785044e-03
8.256120860416590879e-03
8.297969902748787707e-03
8.295160378176114763e-03
8.358333318523286648e-03
8.402008589276406189e-03
8.433580591965342613e-03
8.550070510233428317e-03
8.619611868898615498e-03
8.683906398279043343e-03
8.761827914552430124e-03
8.913489476370150058e-03
9.092942789593806696e-03
9.258251261110413133e-03
9.476705804126807006e-03
9.695331820405894002e-03
9.859422742388698757e-03
1.009059853079672525e-02
1.023431670530709769e-02
1.021924917285950939e-02
1.025473031808392041e-02
1.032504703921822975e-02
1.043761188356598715e-02
1.072567307760498301e-02
1.069200198964479105e-02
1.070729285681044050e-02
1.058482712297710918e-02
1.049360453217233410e-02
1.040027757041800047e-02
1.030365177646663279e-02
1.026164731057720159e-02
1.019948630122186409e-02
1.018754154380212967e-02
9.955747675682042469e-03
9.644349941030791462e-03
9.364760024534853067e-03
9.574398661726116200e-03
9.756340791686668110e-03
9.849571688448034365e-03
9.807801218096929077e-03
9.778982564763347499e-03
9.808952559253215908e-03
9.884149024729324551e-03
1.000548199184797885e-02
1.006041604589047109e-02
1.013754841710183541e-02
1.023346027851856563e-02
1.020267331695083601e-02
1.013224163348654290e-02
1.006013532471438168e-02
1.002306481860870332e-02
1.001035925680580918e-02
9.970718168178103330e-03
9.924341660638675428e-03
9.838732585348283072e-03
9.766449662944778898e-03
9.675612158700155549e-03
9.665378086393467544e-03
9.676837513751078770e-03
9.690843448361756776e-03
9.641952233616907578e-03
9.579524626241089219e-03
9.597768087844597493e-03
9.654483420445692313e-03
9.752723467328307597e-03
9.857097794055837137e-03
9.995174008182771200e-03
1.007306887805496654e-02
1.010222200365853626e-02
1.010147199253312242e-02
1.004782749028469181e-02
1.006412307509044896e-02
1.010790811404842053e-02
1.014673969629063463e-02
1.016119639751657255e-02
1.015816526475352144e-02
1.010821311705428251e-02
1.005462239246615423e-02
1.002088202286705206e-02
9.945592352698762184e-03
9.861567502481285649e-03
9.796698825048716364e-03
9.705896591347370692e-03
9.656545173438196850e-03
9.678766792101820005e-03
9.650425175450208851e-03
9.584447665931779617e-03
9.524762504528881332e-03
9.500953265992574670e-03
9.488748029454735500e-03
9.448298758231176570e-03
9.443017090494120608e-03
9.369507928348071168e-03
9.374747537775420664e-03
9.428456497262510672e-03
9.478645295439690893e-03
9.483965426262987164e-03
9.521496201661577147e-03
9.479042191911828466e-03
9.418254186472586539e-03
9.462563517375290403e-03
9.617835261296945812e-03
9.742000881345818167e-03
9.824057874252610165e-03
9.866017662989013878e-03
1.006326666386826198e-02
1.024338981182650564e-02
1.045951872934557450e-02
1.054809395648515641e-02
1.058220145593858838e-02
1.041576947262003172e-02
1.029266682784170384e-02
1.010359828437303389e-02
1.022814264574795941e-02
1.033645370650011081e-02
1.041049801686100458e-02
1.030593188660589715e-02
1.021640881082093444e-02
1.028612649638495011e-02
1.035758595694768504e-02
1.037165288817088610e-02
1.037840207251581465e-02
1.040610460408846437e-02
1.041378872189097429e-02
1.028961181569170227e-02
1.018373312197272396e-02
1.008162099028354214e-02
1.002877408613305626e-02
9.793105379945479458e-03
9.671888594076038376e-03
9.643004332220997399e-03
9.638186609361510879e-03
9.780309357076752766e-03
9.812859318197938649e-03
9.834820499038818276e-03
9.892719781869134879e-03
9.934922953469125378e-03
9.930062784137785870e-03
9.958008695667293700e-03
1.001596738577948537e-02
1.002900737034776585e-02
1.008368305855673192e-02
1.022201764987430705e-02
1.020815730144373178e-02
9.949278970751665452e-03
1.001827466249565445e-02
1.009199982737851720e-02
1.015579080658922384e-02
1.007299017228051492e-02
9.989890552690604622e-03
9.974978636445988589e-03
9.998498706906234698e-03
9.887108576815253902e-03
9.871483737787525858e-03
9.858364532084513271e-03
9.772709145045539031e-03
9.649055352002732650e-03
9.611286796166903373e-03
9.499869354827180853e-03
9.344503628848234433e-03
9.373919790084303191e-03
9.408756748434310077e-03
9.540273450618745599e-03
9.661027211549409049e-03
9.737987590762883089e-03
9.799691119624493602e-03
9.795594694816710593e-03
9.841144375440775277e-03
9.753422519125580503e-03
9.625352854643162009e-03
9.616906957503969927e-03
9.626549676733722749e-03
9.698807026900194139e-03
9.649433855784752753e-03
9.651354325590586619e-03
9.630869788298235951e-03
9.534856547013730727e-03
9.413860702440355471e-03
9.338332521044954981e-03
9.201030734160259295e-03
9.021461584160467978e-03
8.907628739291134287e-03
8.875412546444406275e-03
8.813665668570613843e-03
8.877811115216632451e-03
8.983372339981787399e-03
9.132828400390995485e-03
9.237683939046354570e-03
9.334228638077323587e-03
9.401091713880760370e-03
9.448068608982458649e-03
9.630704588270762312e-03
9.713534069576687524e-03
9.664592313830242670e-03
9.626351363259195298e-03
beta3
1.145457493977144619e-07
2.310521273712137052e-07
9.005742570126682319e-07
6.526157497628641980e-07
5.985841955456233944e-07
1.441112214886847840e-06
1.563533910178199765e-06
1.199155379045012514e-06
1.352127403593896014e-06
8.414777039767756513e-07
2.407034896850579422e-06
5.434087015084694191e-06
9.070012414283993115e-06
4.477194470294307255e-06
1.216677780585090556e-05
1.990347723826610632e-05
1.638227970930730083e-05
2.058198382992958408e-05
5.519796417438644243e-05
4.190266134411531492e-05
2.652820772177749654e-05
4.337025337466656421e-05
6.424357351388410345e-05
3.844805188578766041e-05
3.069889378920888715e-05
1.984929192763898968e-05
2.785104269343962577e-05
2.602253967809320541e-05
1.993636323656664585e-05
2.364317598857050865e-05
2.473029363663976186e-05
2.938338798197332396e-05
3.933393867602532007e-05
4.776907989395296752e-05
7.079721173577342523e-05
9.645588587417030894e-05
1.379234894440793690e-04
1.269617352134758538e-04
6.258769579350672977e-05
1.475039570086094851e-04
1.399388818869515814e-04
1.195405260998322615e-04
9.507208246384941594e-05
5.670328013627530398e-05
5.193739593971830927e-05
6.911190941538466873e-05
1.086786303379272726e-04
1.523070976756034627e-04
1.612127903358377234e-04
1.221069010333011655e-04
2.690402350010116914e-05
3.753577451860837287e-05
2.506382278644784064e-05
2.146948692597231497e-05
3.409966368958176734e-05
2.226243956071791719e-05
2.543171643658483631e-05
2.091418970702461525e-05
2.331933223921768263e-05
1.979684504765739028e-05
1.207426601950827423e-05
1.288325604757323831e-05
1.307730935712320442e-05
1.282767660120281034e-05
1.553717030957453552e-05
2.995395131131837845e-05
2.458461762880755449e-05
3.374419029275244259e-05
1.816260776836256714e-05
1.428690597159045917e-05
6.243310619622538394e-06
5.780838294330921360e-06
7.996523643614932274e-06
5.436094847513194368e-06
6.513854664202187065e-06
2.922619343179235719e-06
5.345401169262408266e-06
4.222933032520557031e-06
7.490217728944856593e-06
1.144556682896099244e-05
5.448775010478176372e-06
9.786810632214925791e-06
8.524221711761920681e-06
7.985401601631309757e-06
4.187564024696396062e-06
3.435376638931081831e-06
5.687510737555868395e-06
3.131579466831480638e-06
4.902503665407890542e-06
2.005939763984943531e-06
2.064032915482971543e-06
2.434065836181805742e-06
2.183996112445284426e-06
2.499105135971715797e-06
2.044742189001953818e-06
1.532728141245652334e-06
8.174862040243917341e-07
2.316387039295504024e-06
1.036407194777139375e-06
8.080118863040430648e-07
9.442748998913677181e-07
1.050822817489928128e-06
1.344221028730187742e-06
1.526419773828766844e-06
8.645529286831611650e-07
1.137680992012164458e-06
1.769585028121882822e-06
1.494071788488393015e-06
1.654837525851914275e-06
8.991213735091033540e-07
9.076315137908613926e-07
1.304900021232732429e-06
6.642757025118870930e-07
1.731418659683444714e-06
8.047568475880066310e-07
1.181809330486395141e-06
9.977660196318714166e-07
8.077786410423098694e-07
1.372039412727518485e-06
1.351071245469537313e-06
6.665018564810614058e-07
5.524646925307297072e-07
8.458539246424189708e-07
5.347270086201938946e-07
4.863859776637188919e-07
8.343998966725482369e-07
5.721166866575318374e-07
3.904646008606518880e-07
2.671352025131967828e-07
3.255464976429775207e-07
8.205300761513507195e-08
1.228792449337654779e-08
2.025267711748008401e-08
7.078364134449155059e-09
3.682482586084554058e-10
6.127908593672835685e-11
6.038727095303040280e-12
1.722041931666470399e-12
6.490272364849775510e-17
1.569962972686300184e-16
4.049513557631039490e-18
-1.496534392985565784e-17
-1.334488920621369447e-13
-7.062910564731208796e-13
-3.868965833830093500e-12
-7.612533871738261946e-12
-3.317110691366187275e-11
-3.397656115029020694e-11
-1.532422873886783490e-09
-3.000179610730521657e-10
-3.136924909688621210e-09
-6.673589683926531377e-09
-4.853998520438792858e-09
-1.290405301450706674e-08
-3.436981538261484739e-08
-4.999776380923522297e-08
-9.657482427767362578e-08
-1.607548177652361505e-07
-2.325496001447138116e-07
-2.315369797245605532e-07
-2.111425016800685026e-07
-1.897703321197673861e-07
-7.798441415935041411e-08
-6.421841045564107634e-08
-9.821257131623529032e-08
-1.173952634017317403e-07
-1.991710594046125308e-07
-2.086856590292700181e-07
-2.634390212134549802e-07
-5.288220304757379591e-07
-7.515132152693778647e-07
-5.018515191572307175e-07
-1.337284729111300417e-06
-1.119034282688294371e-06
-8.706853787294526896e-07
-4.518447826365388910e-07
-7.180403426741486119e-07
-7.236921673776704081e-07
-2.527687099755848960e-07
-9.793314550283159732e-08
-1.010600082677187611e-07
-6.418865105800248475e-08
-1.513169909513510711e-08
-4.375482028235923624e-09
-1.644888535868258280e-09
-1.557190407885760882e-10
-7.360340802240988603e-11
-4.428206272088686580e-12
-1.104504401481845625e-11
-2.753217547642022361e-12
-2.372503837035402207e-13
-8.048434662223374307e-14
-2.589305567324673360e-13
-9.777858854162404188e-13
-8.639641923741917691e-12
-4.801643465354878685e-12
-6.454289061664288906e-12
-3.277812305114495552e-12
-9.533829817233458531e-13
-1.769262628476325859e-12
-4.878278446361168472e-13
-4.873888271261064225e-12
-1.187324236542233758e-12
-4.267229035783377716e-12
-1.429991137089005275e-10
-2.878950863123339669e-10
-3.306651242333367004e-10
-4.227264757153403762e-10
-1.470718435612199961e-10
-3.444140980830913556e-10
-6.671918461756396971e-11
-1.031324711473565086e-10
-9.798602658837655642e-10
-2.068094761904159583e-09
-6.895733611981097858e-09
-7.821181645602251448e-09
-1.135567551658580677e-08
-1.324568416144480084e-08
-2.897749005792910541e-08
-6.581480441910250663e-08
-7.846608662766528765e-08
-8.601695297787291544e-08
-1.804216271033355143e-08
-3.082181062234543605e-08
-7.092480702477056154e-08
-4.988277243725150083e-08
-1.560811378373974715e-07
-2.488014091975280637e-07
-2.400616261225034791e-07
-4.457387843046867004e-07
-3.898336952914449795e-07
-2.934077937112673494e-07
-2.628578635657175192e-07
-2.502166437718585335e-07
-3.332489560826311289e-08
-3.149767809738994093e-08
-3.344361303287318055e-08
-7.301522102478049975e-09
-1.061736680116535141e-08
beta4
-3.659743974195761845e-03
-4.046763654191602895e-03
-4.313613156912029373e-03
-3.681658170121341472e-03
-3.785690843371999383e-03
-3.592807429050391081e-03
-3.033779085929682977e-03
-2.542108894319185502e-03
-2.166661821574451113e-03
-2.012185109750307468e-03
-1.836446609837266881e-03
-1.806428942209164102e-03
-1.691409683192003459e-03
-1.107996078800306972e-03
-1.094504670605196423e-03
-1.099660729909567166e-03
-1.313214573776205849e-03
-1.265941333286670859e-03
-1.186116743190364147e-03
-1.374142826086359763e-03
-1.546497108974133512e-03
-1.804319686213122758e-03
-1.804976251017069346e-03
-2.446163256117296972e-03
-2.902696783559431497e-03
-3.506580068541159320e-03
-4.153325555103303847e-03
-5.063460312368818841e-03
-5.573956401627014334e-03
-6.139803650335209396e-03
-6.354517109188852902e-03
-5.985296092672577270e-03
-5.518542558603017553e-03
-5.447870279039045832e-03
-5.620182956000889171e-03
-5.227664926338372250e-03
-3.781303805945892237e-03
-2.457435525079664645e-03
-2.047816936150953677e-03
-1.579005334509065491e-03
-1.703441841804076949e-03
-1.396948809979950369e-03
-1.101126202847021746e-03
-1.072790276743381364e-03
-9.344575217861520204e-04
-7.488456421240063552e-04
-1.783906159241621008e-03
-1.876139553182502384e-03
-2.335233014940705284e-03
-1.221214961793742719e-03
-4.361199160704346814e-04
-3.842505135271457629e-04
-2.363243926499180279e-04
-1.210652719217465066e-04
-1.500381417535414839e-04
-1.585709555024881340e-04
-1.591078954701533976e-04
-1.223512155949104492e-04
-1.455545528690955798e-04
-2.958499064864748515e-04
-4.503116638461248863e-04
-7.063338581840454891e-04
-8.695147076348155955e-04
-9.677770927007721489e-04
-9.590687260948179381e-04
-7.629172117687662603e-04
-7.458728560611842511e-04
-1.035308863631412453e-03
-1.144795395842984360e-03
-9.933167308519628806e-04
-9.348945667103449085e-04
-9.511633251104731433e-04
-6.860996255412874075e-04
-6.092820686243666586e-04
-4.707181242783537909e-04
-3.697201672907258455e-04
-3.788410529624247429e-04
-3.467472201313809028e-04
-2.966931386256031300e-04
-2.619178661462090831e-04
-4.184010177353834686e-04
-5.557418381700481285e-04
-7.206313752416504750e-04
-6.413151865203121568e-04
-5.109357614065650893e-04
-3.484587283298983484e-04
-3.509798308115045151e-04
-3.184865902140599035e-04
-2.564821610039687717e-04
-1.740445158258783652e-04
-1.621942687669540313e-04
-2.299008507527861760e-04
-2.083151102003144095e-04
-2.418773686916325509e-04
-2.471473721568849232e-04
-2.028487910739937934e-04
-2.766008282996965735e-04
-2.502529457011523325e-04
-2.691882174323426504e-04
-3.023694863599655168e-04
-3.377851048118551101e-04
-2.910877512587499655e-04
-3.097742143098162777e-04
-3.257833653561244313e-04
-3.237191494285627667e-04
-2.458109389078206924e-04
-1.661591105473519589e-04
-1.426997815491654563e-04
-9.826165203806855764e-05
-7.884588553959629028e-05
-5.435850893675329260e-05
-4.190118520712835155e-05
-1.528446070772896992e-05
-5.468074386205725082e-06
-1.294363917447683937e-06
-6.073772643778696185e-06
-3.441102736095317194e-06
-9.292875183959285855e-07
-3.027629406914556696e-07
-2.168564783615635573e-08
-5.233419540276921215e-07
-7.271786513720813052e-07
-4.933056562930512298e-06
-3.970831165672183272e-05
-9.307569832306590314e-05
-1.831486287954068584e-04
-2.732511226736988527e-04
-3.314001640497632808e-04
-4.679416870406232160e-04
-6.110160522175995266e-04
-9.986099548354226627e-04
-1.065418196991198795e-03
-1.200937191855425221e-03
-1.448406970932216743e-03
-1.608761261854008313e-03
-1.846510320942116624e-03
-2.012611456034600795e-03
-2.096740637178581747e-03
-1.800522801490747182e-03
-1.893494809553645814e-03
-1.676874103897783895e-03
-1.584654381081710469e-03
-1.613942108060650426e-03
-1.705619175547284190e-03
-2.169105098197470719e-03
-2.656665254016261045e-03
-3.058201999826649399e-03
-3.613915457504260700e-03
-4.114567518693093215e-03
-4.691530055370204261e-03
-4.418560802474483760e-03
-3.801548924887723779e-03
-2.729953002589640982e-03
-1.999856997683212463e-03
-2.390867417139961974e-03
-2.999184166618843947e-03
-3.937832007426122702e-03
-3.035731609468596531e-03
-2.351630828622753699e-03
-1.878436135768410224e-03
-1.575435320005785572e-03
-1.905571058419690961e-03
-1.669443460908386599e-03
-1.265021955553929022e-03
-1.208942910591731968e-03
-1.139858733923340174e-03
-1.117725076168673767e-03
-1.116578137675368950e-03
-1.168754818203440260e-03
-1.217584736873888150e-03
-1.376707862463152996e-03
-1.206060295535681115e-03
-1.388222146031809195e-03
-1.184789700144963168e-03
-1.043560928462323100e-03
-8.259010240090894003e-04
-8.830124614402211792e-04
-6.967483001827088403e-04
-5.927274846674452074e-04
-5.654311681019497061e-04
-4.841210552184450596e-04
-4.915444048285046033e-04
-4.690166492392044409e-04
-4.442155772070917222e-04
-5.989075054824668414e-04
-7.343201625659735981e-04
-6.810807406654301698e-04
-7.650215604208342570e-04
-1.018831878711650308e-03
-1.573669106481523014e-03
-2.016103098085797723e-03
-2.244849461024342983e-03
-1.924137982034058916e-03
-1.721009085004701102e-03
-1.512867264149121184e-03
-1.274997861704564193e-03
-1.215538472080508314e-03
-9.965840843754291811e-04
-7.609627689681094671e-04
-5.471613849662992912e-04
-4.763255435372940483e-04
-7.013222600763713462e-04
-6.723336702233224807e-04
-1.008432760127887578e-03
-1.125864428209740744e-03
-1.159534828642876580e-03
-1.319955197766702146e-03
-1.428737617253417885e-03
-1.738122901977320889e-03
-2.045512598400058002e-03
-2.626709834309112757e-03
-3.056193879104910846e-03
-2.975818594343605447e-03
-2.944337034121891072e-03
-3.274602731798906350e-03
-3.669583266877178042e-03
-3.958062666659141991e-03
-4.353485997721147707e-03
-3.619858624474056336e-03
-2.910473713208868059e-03
-2.181200388898996232e-03
-1.735680842792904988e-03
-1.256417403849012298e-03
-8.290348601091202972e-04
-5.944184812107732550e-04
-5.244005401947836060e-04
-9.388611317149822728e-04
-1.157750366881323423e-03
-7.052197878543596445e-04
-5.485526447931003170e-04
-4.119240812847184668e-04
-4.172021484467842512e-04
-5.500727877031227550e-04
-7.156167628432699712e-04
-5.327153573007403298e-04
-6.533490930069431931e-04
-7.275649736942287494e-04
-8.892566311054345661e-04
-7.504420861267257960e-04
beta5
-5.111901128036315377e-10
-1.252511786014547403e-09
-3.829223526648132994e-09
-5.730261216305634447e-09
-8.150235171300706320e-09
-9.353357744234165826e-09
-1.254256554240171397e-08
-7.976909688960796842e-09
-7.097642616468540967e-09
-1.858507692720979227e-08
-3.014166464284718741e-09
-4.440385694450654011e-11
-1.568559710919158661e-11
-2.084737346455545561e-12
-1.161205125161463626e-11
-2.873249566301890167e-13
1.470093084399665464e-22
4.941795456007423195e-11
3.523910943031287904e-12
3.061655014049449303e-09
2.638155278937552742e-08
7.274216775223564108e-08
1.613977669675930722e-06
2.521512447450456212e-06
3.444708421503499442e-06
4.717292659260890675e-06
7.686106462396011539e-06
9.940392663986601855e-06
1.170917924540165248e-05
1.855538487312132298e-05
2.324066453086556431e-05
3.863501198453595469e-05
2.947289523152800273e-05
4.902758672995490778e-05
8.763976743506241745e-05
8.565336906395944845e-05
8.094024973419708835e-05
7.221589084046922138e-05
5.886594015870560655e-05
1.957108760691942615e-05
6.464448052958662112e-05
4.264952839332729996e-05
3.084089598929584187e-05
4.684043173827001145e-05
3.395883163893602288e-05
9.657897256019967464e-05
4.436973077217853945e-04
4.579777446538139084e-04
5.811337101068478426e-04
2.133349011265607683e-04
3.292624191901701443e-05
1.962356452921856331e-05
9.075270357713408523e-06
1.023626941509975915e-06
1.276055280465709233e-07
5.985608875159934984e-09
3.025661230187170290e-11
-5.810646055106654372e-17
-8.442749439139057562e-11
-1.563783394511526108e-05
-8.397277071286421727e-05
-2.238567593465708172e-04
-3.501984073750459385e-04
-3.468854675362179757e-04
-3.580260514687199150e-04
-3.631725561303190269e-04
-5.474375128557463794e-04
-1.250157091937261194e-03
-1.155015697168166634e-03
-9.779501028422479553e-04
-5.988888441042626186e-04
-4.786861035067721407e-04
-2.893150906814351297e-04
-1.566039289695459055e-04
-1.208407951586766300e-04
-8.968499669407454004e-05
-1.086100216523497861e-04
-1.790728195788527239e-05
-1.254511349008480069e-07
-9.197842739164495510e-17
-5.280367520455686577e-07
-6.074495286002085987e-05
-1.203548566443959152e-04
-3.647180259608750108e-05
-1.317938544238922508e-05
-5.762217569029482001e-06
-1.478822976245274535e-06
-1.878366587845370974e-06
-2.063327814409453396e-07
-1.543985628864599795e-07
-3.548339940589111532e-10
-2.452567755682266461e-13
-3.916380309278604039e-23
4.745537001759731067e-11
2.902703769149380354e-09
2.356028766031078358e-08
1.505106300841936735e-09
4.675047926291195499e-09
2.447089203561078037e-08
1.145379815761586137e-07
3.184431983146951780e-07
1.317949112824440435e-06
1.088500779205565628e-05
1.940765275721436218e-05
1.368971419944241540e-05
9.311744048954758433e-06
2.385134354489553681e-05
1.949714891779933605e-05
4.000462759605196924e-05
4.939811414243896001e-05
4.495115606152055572e-05
5.019076610193160025e-05
9.211459877160225280e-05
1.037640574444558401e-04
1.931035076030645863e-04
1.659565644097129580e-04
3.029667324882451339e-04
4.195959748489235734e-04
5.034967500688097754e-04
6.007021307853186061e-04
6.450670109738965239e-04
5.695298660947721147e-04
4.189653650501646686e-04
3.035116891405432570e-04
2.681897324482199175e-04
1.630142737923538415e-04
1.518933844535650703e-04
8.837926268298049919e-05
1.034667842874299509e-04
3.099710507789234557e-05
3.203552182874372980e-05
3.446789254076936129e-05
4.998530977664956639e-05
5.035989430057486143e-05
6.611098773222798763e-05
7.643396322821210845e-05
8.994537548814370454e-05
1.050617919241118880e-04
1.029942733300070622e-04
1.013274308700672598e-04
3.641860589926458098e-05
3.571760915247718213e-05
2.332231270754085586e-05
2.565317809028474052e-05
7.999360084579032210e-05
2.913814921134347404e-05
4.692367915536120625e-05
8.063950772802700535e-05
1.076869073036518991e-04
4.450513786796198251e-05
2.057008528250835823e-05
2.843828293626626316e-06
7.038926499829224025e-08
2.639643768385719234e-12
3.867404991741701123e-15
-5.742761704997648510e-24
-1.977877763779750967e-12
-6.840685561728218395e-08
-3.793930656757429180e-06
-1.867124331380575698e-05
-1.073655596801566437e-05
-3.423253701696402097e-06
-1.129659063075116584e-06
-2.329944452608057233e-06
-1.202155657410749022e-06
-1.676665862991319837e-07
-1.873845926861294725e-08
-5.087451720572678701e-09
-1.059862648316126976e-07
-1.400034660879697172e-06
-3.448475907625815948e-06
-4.301827260918735386e-06
-1.238235868844795960e-05
-1.288023412385091675e-05
-1.403513083284322355e-05
-1.247790833026429369e-05
-7.085295326022028722e-06
-1.209432897842578595e-05
-6.445370355794005595e-06
-3.787407325088342719e-06
-4.410589285820806005e-06
-3.790787574997810966e-06
-3.555847901000294685e-06
-6.966921168607806359e-07
-2.195474028302441377e-06
-5.407447366971902093e-07
-2.170179553985367656e-06
-2.741141352953368591e-06
-6.931389763592645724e-06
-1.912301383419734058e-05
-3.466477920023891036e-05
-6.202970748624413470e-05
-3.959537508061178204e-05
-3.949000794439040820e-05
-1.021659245738047767e-05
-1.536096740416804276e-05
-7.955647740783589828e-06
-5.855944251105692587e-06
-7.826928844563281565e-06
-4.714731308057277644e-06
-1.732240615414449793e-06
-7.365842467597488414e-07
-9.734220469008322459e-07
-3.174180704407403390e-07
-2.723796435351522230e-07
-7.776401468075726145e-08
-9.793563822297907222e-09
-2.813286689868006984e-11
6.210975221023970604e-31
1.425703241467472801e-10
2.652007841380901973e-08
4.027154254170698347e-07
1.779170241107414303e-07
3.601444346423394795e-07
6.350574948522787667e-07
2.566625478395603359e-06
4.167586014147824195e-06
6.292167223480691919e-06
4.231576593030491882e-06
5.489156441077681987e-06
4.249368006404514890e-07
2.821077892670624502e-07
1.425355273611620718e-08
1.202259341852629696e-09
6.082385023265454047e-11
6.399713593991915448e-12
6.808994392417891426e-19
9.524267826689972526e-12
-5.225242358793573744e-17
-1.236147544232310630e-08
-2.203316081185055454e-06
-8.001743942871550239e-07
-1.285268737690998459e-06
-4.022848187983860520e-08
-1.933745421752653281e-06
-5.442052638895888422e-06
-2.816499086705617324e-06
-6.949434438397965828e-07
-3.545083690426078506e-07
