6.556950841124438087e-03
5.993041660791262153e-03
5.422603070166170415e-03
4.864841252234879641e-03
4.536022206834859800e-03
4.392785990989849822e-03
4.112704204084971157e-03
4.090368204265375923e-03
4.014262814214276942e-03
3.992090311705305886e-03
4.054853020635452304e-03
4.061490657728495865e-03
3.871673942477584212e-03
3.718454284271486068e-03
3.702287391900793787e-03
3.745200568735008052e-03
3.777972842239441919e-03
3.782575570238172480e-03
3.917553959552093866e-03
3.985637906324164363e-03
4.153115505390640554e-03
4.222642548367796893e-03
4.263728857105553681e-03
4.370325343009844911e-03
4.423290235372734185e-03
4.434948184778314366e-03
4.621172055907965537e-03
4.849339174365644572e-03
5.148343088831336921e-03
5.356645517922032675e-03
5.566410052658316010e-03
5.684821269937201556e-03
5.640174055257816087e-03
5.666792919186140753e-03
5.640288460724338267e-03
5.564340135705887584e-03
5.513782907286213231e-03
5.539225186418948038e-03
5.284081701955184451e-03
5.061715506560026182e-03
4.739840117144928679e-03
4.405314247228681555e-03
4.082103630487751537e-03
3.747291241868193259e-03
3.564005727512665426e-03
3.389549688215318449e-03
3.337534382389440932e-03
3.401780575734331385e-03
3.464468979355365529e-03
3.593775282612178892e-03
3.703793470127319815e-03
3.648015458645883970e-03
3.645823129766082721e-03
3.706373264753880931e-03
3.596499610265632696e-03
3.513595542907407832e-03
3.432005388555713337e-03
3.317138635086821965e-03
3.025829040535357034e-03
2.622047900051654046e-03
2.235220903013844258e-03
1.796634615771152679e-03
1.447016731345585191e-03
1.212508162135040148e-03
9.656336498001608657e-04
7.735997514010362584e-04
6.956224836658311426e-04
6.593631782736827582e-04
5.615983073187581819e-04
4.948980820576621151e-04
4.634623632045799528e-04
4.535655454569543013e-04
4.246359359637242518e-04
4.050408307070120875e-04
3.773220930958374390e-04
3.552783271896711313e-04
3.352772157715636840e-04
2.846624065832793933e-04
2.557414747639365281e-04
1.996165421533256862e-04
1.577394762957180102e-04
1.018209930152749184e-04
7.179311066615664009e-05
4.603462231208530652e-05
4.009930379316142037e-05
3.261515796331055527e-05
2.813480452017698823e-05
2.464572702339930623e-05
1.494070359232542440e-05
1.226733850125791736e-05
4.544520829659439212e-06
-5.920489119684408893e-06
-1.626088856480394020e-05
-3.252262094715024330e-05
-4.646412828154414747e-05
-6.406561605059133563e-05
-9.308838368141467015e-05
-1.051267224644292605e-04
-1.143076356587489060e-04
-1.166525089540665345e-04
-1.222264466116839332e-04
-1.222792232799991576e-04
-1.220013157628546652e-04
-1.157654495205212298e-04
-1.075226369116382081e-04
-9.135924810495849762e-05
-7.728434159847062082e-05
-5.792962704483013589e-05
-1.191148574560023854e-05
6.275559355843880022e-05
1.734673261412629063e-04
4.341361337712383952e-04
7.098603658851238311e-04
1.014999816149374364e-03
1.246856746641708709e-03
1.411327843144935578e-03
1.574454243393072278e-03
1.636898887267774355e-03
1.647253328864258957e-03
1.647446741264884003e-03
1.633356948784528461e-03
1.576564697132535860e-03
1.482638187426476130e-03
1.241920892528595825e-03
9.814870814484732541e-04
6.875824962198319934e-04
4.780377724201139312e-04
3.710039332724244143e-04
2.427221860374370675e-04
1.989305287019995196e-04
2.238659914610295263e-04
2.599794447257449174e-04
2.661870655206859137e-04
2.651512847856288724e-04
2.705240961836379455e-04
2.604020137082461452e-04
2.649449387372087108e-04
2.732999141448946693e-04
2.732959387591198152e-04
2.507272628382767104e-04
2.599738281560117436e-04
2.651687748068873567e-04
2.467284400721106831e-04
2.275846044264055680e-04
2.272031933477920544e-04
2.535388698808632344e-04
2.806679224290751411e-04
2.988995100565102511e-04
3.570797763570704290e-04
4.324260175119974095e-04
4.725122024910036384e-04
4.950356241007796343e-04
4.835181345242634747e-04
4.855473007474126693e-04
5.100305176300092436e-04
5.790931305660844538e-04
7.456271915385797103e-04
8.582111097964172921e-04
9.047043078609550348e-04
9.029751763925780413e-04
8.480447220877355800e-04
7.620036925160356481e-04
7.089084396761781252e-04
6.533846940544588882e-04
6.211349511511676672e-04
5.950529487761818540e-04
5.508623678800691256e-04
4.430848798082527833e-04
2.446768882798662612e-04
7.063555363017821811e-05
-4.844775841315374955e-05
-1.043797562227061302e-04
-1.672784380843483725e-04
