beta2
1.183921235667262720e-02
1.084591375108480416e-02
1.032326795311552282e-02
7.871548282417990816e-03
8.758750138946998914e-03
1.083221705560534313e-02
9.135398834662220718e-03
7.192463219742415738e-03
5.846110808029502531e-03
5.516887638022946808e-03
5.112043160388022450e-03
3.368846330540293914e-03
3.518466628061854735e-03
2.659405048482794704e-03
3.660632643932963844e-03
7.536044192561217395e-03
8.761408852819417559e-03
1.429070813135700085e-02
1.096812617381600838e-02
7.172148397408114814e-03
8.479384591914123151e-03
6.104789019776316224e-03
6.136247981761076137e-03
5.932069365929780284e-03
6.240757087441273394e-03
6.903667139770426620e-03
5.936276586983634321e-03
4.256827532733402017e-03
3.992323967396168259e-03
6.082833213187615294e-03
7.544365606861948639e-03
8.491633968100563423e-03
4.995254372511384773e-03
6.528844285153939317e-03
1.177328550728893447e-02
1.563112149395300132e-02
2.002723871941992223e-02
2.385926475332782182e-02
1.695390350846260816e-02
1.205741248541491312e-02
7.401177859675809809e-03
6.506503506250250340e-03
6.093017404466074399e-03
7.772625157751884492e-03
8.361331083941728193e-03
8.159366019592023678e-03
3.446568175681010218e-03
5.362671631935473845e-03
6.039498281355092785e-03
6.697337010044200969e-03
8.096811105892970373e-03
8.895793049567444696e-03
9.712587706556516376e-03
7.949161296182297165e-03
9.686291981563597414e-03
1.063755967445931955e-02
1.653885509509774726e-02
2.162026624027589897e-02
2.307085289045256865e-02
2.457337614149743277e-02
2.880097941120459554e-02
3.797604285994134188e-02
3.450037023126130420e-02
3.197267009606150068e-02
3.028656120796077364e-02
2.586742495299539785e-02
1.885091779651846405e-02
2.071928054302065586e-02
2.022832695932669927e-02
1.959147509328160869e-02
1.675656748813563607e-02
1.224480595045950720e-02
8.758770326055063948e-03
4.269342384445609651e-03
6.149818150107602167e-03
6.256360484847882202e-03
7.751562073426811542e-03
3.930105443545684266e-03
3.915032828295176952e-03
5.397502716196337681e-03
4.321640031887744038e-03
5.132960310814053094e-03
4.707167911548343700e-03
3.093802326708569583e-03
4.254793804648143024e-03
3.878084951060944800e-03
3.645744425459848150e-03
6.731003008495211638e-03
6.160654951804917651e-03
6.439884080256541750e-03
9.315116988800553610e-03
9.297835947629765410e-03
1.025363037285806703e-02
9.821489502360142287e-03
1.027470123761047884e-02
1.264079485313588519e-02
1.368881079236620828e-02
1.744104318529910921e-02
1.914485858489717307e-02
1.830882184346781238e-02
1.423222506914198320e-02
1.403092942989680666e-02
1.267849892090516101e-02
1.115950809194910832e-02
9.790708332259314209e-03
8.089521372974993463e-03
9.059979101658684197e-03
1.079915104281372468e-02
6.401909191761610829e-03
5.198504243415239846e-03
5.595212764630999591e-03
2.498224240744600748e-03
2.777419233681717361e-03
2.375101348352392193e-03
4.417154130328187003e-03
5.135429681864628511e-03
5.939258690319753828e-03
2.230438139611413094e-03
4.908619639204678253e-03
5.883028480658171466e-03
8.968383713285510428e-03
1.457433568756853065e-02
1.419690149660079656e-02
1.220780927902922683e-02
1.234840097313084743e-02
1.495935244974277642e-02
1.626006986750321362e-02
8.352739303302408880e-03
5.243159661644999914e-03
6.450055718726855486e-03
5.313237358689250345e-03
5.779768083159527239e-03
6.249813731192710442e-03
4.252068001675214128e-03
4.274187586855437114e-03
2.161842318178238721e-03
2.274730952670182306e-03
3.020312619033638409e-03
4.636657885301409196e-03
9.209741303313447730e-03
1.614717728861902318e-02
2.353369659742769737e-02
2.407362493331071177e-02
2.641251432333896476e-02
2.532491866231508307e-02
3.219992027015165792e-02
3.302632737385415018e-02
3.130058572497231018e-02
2.248296631424134134e-02
2.276944933184743905e-02
2.270562758452432731e-02
2.066616424318943462e-02
4.123557493073473461e-03
1.848284545184116640e-02
1.398302821508693936e-02
1.632002399771633264e-02
1.509995951950783739e-02
1.088501670858635188e-02
1.305039679693936229e-02
1.619876632415061593e-02
1.164286160815136695e-02
7.979969105018691611e-03
7.441124576478599581e-03
1.198377607449159846e-02
1.431165191671115652e-02
1.213314912582637295e-02
6.631456379249261318e-03
2.318086086233293961e-03
2.040710609204713852e-03
1.059677429607388480e-03
7.933034556997719481e-04
4.262783900142410503e-04
3.898139460134302740e-04
3.318872946462186673e-04
2.547146772823423119e-04
1.196606983847195378e-05
-3.740022917460892433e-05
-2.540503116043973638e-04
-8.278364516792293716e-04
beta3
7.539677534619309597e-03
7.659270285741277134e-03
7.723722230742465639e-03
7.141142098655772416e-03
7.170238677110971244e-03
7.864282036992908953e-03
7.842374346806540997e-03
7.817742660593152149e-03
7.936509994387146855e-03
8.232967577401845843e-03
8.813482029945869656e-03
1.007373796012026729e-02
1.136850515177101686e-02
1.172295578246270939e-02
1.250935342676377099e-02
1.183355242281478731e-02
1.073911694190186200e-02
9.970387325023564312e-03
9.869455315805505946e-03
1.028284999437637653e-02
1.069044521313569987e-02
1.112863300148006669e-02
1.112117812186343840e-02
1.090779782343921991e-02
1.066489789279373608e-02
1.017958834278602336e-02
1.027592985075689511e-02
1.027702198414631035e-02
1.078973082677442581e-02
1.082393766133055157e-02
1.013402756989910738e-02
9.177150641366250278e-03
8.232907138133970654e-03
7.566998214135671995e-03
6.697275170414406474e-03
5.982203572419424534e-03
5.288568499847079094e-03
4.626665446136185578e-03
4.619186871252949078e-03
4.369772441533470442e-03
4.337129870059613229e-03
4.552345970887371543e-03
4.321327544327005152e-03
4.383441546053807279e-03
4.817540977747010456e-03
5.302214791359328300e-03
4.778594830788395267e-03
4.916198827568235390e-03
5.255974499710498737e-03
5.300542731568750991e-03
5.847026595191534906e-03
6.280599885455557391e-03
6.668539456007529717e-03
6.312311350010873720e-03
6.259106079213307312e-03
6.099377889447400725e-03
6.089140240277285746e-03
5.699208434759794016e-03
5.535958469449366211e-03
5.457269528366512704e-03
5.540124436341274314e-03
5.416671590147272702e-03
5.859253588272135896e-03
6.080926490747565367e-03
6.279916881395973538e-03
7.407036496753718544e-03
7.925755681892094479e-03
8.398686018691181240e-03
8.730361297422030431e-03
8.785881285096577148e-03
8.856010443932933046e-03
7.785346624272165492e-03
6.567216702078567878e-03
5.391126662953977730e-03
5.456947276184833870e-03
5.151130109014205073e-03
5.022744894751215820e-03
5.325532391299673228e-03
5.844013461059161668e-03
6.263837564470371017e-03
6.954710306540682827e-03
7.839330744489451247e-03
8.328520237738341880e-03
8.944130889942947249e-03
9.519111058182918791e-03
9.528313283860875837e-03
9.937440572573955772e-03
1.045658007190473221e-02
1.018739158665757719e-02
1.033242823877811647e-02
1.101195303341506206e-02
1.078677123803066171e-02
1.097805073818031163e-02
1.111494981109095032e-02
1.098131419583450556e-02
1.083954336079434588e-02
1.059622500867823600e-02
1.043379239851485382e-02
1.047344607637903588e-02
1.022783528039723430e-02
1.014319324656078741e-02
1.038769476603631191e-02
1.110932279079389698e-02
1.096291153544842571e-02
1.043900498141657300e-02
9.949656357810074403e-03
1.010572884879854146e-02
1.008038054289231954e-02
9.744245706659399736e-03
9.466168100547754649e-03
9.257906811621287313e-03
7.965225693843185420e-03
7.759701883277782437e-03
8.313352006637787089e-03
9.239737701630510239e-03
9.781801656804277323e-03
1.093750915030864204e-02
1.163837792402201005e-02
1.279810585541922216e-02
1.413082088062208100e-02
1.524393699866665765e-02
1.710461215779604180e-02
1.644095654531992079e-02
1.620409593440017698e-02
1.609082475844461624e-02
1.639166618343235876e-02
1.559980191540487338e-02
1.444151458439368180e-02
1.302837045386613310e-02
1.212265583329154989e-02
1.094947461318368682e-02
9.903357864786618836e-03
9.033086509200269690e-03
8.611999473235914387e-03
8.069402423396080173e-03
7.848599893102940067e-03
7.838904769749225135e-03
7.785578368095611747e-03
7.877154637772713908e-03
7.777773227263353947e-03
7.793043884742103730e-03
7.890338549816137276e-03
7.598878109959799829e-03
7.279302837826970643e-03
6.975987846792841909e-03
6.858632288068640045e-03
7.022788952011483829e-03
7.140598036400623572e-03
6.570359133666429929e-03
5.953345605023226475e-03
6.041014281258884171e-03
5.659014101456565776e-03
5.218249806212589201e-03
5.419678395044347750e-03
4.810883494461971541e-03
4.725041232269531870e-03
4.504684511492016395e-03
4.306166810807596571e-03
4.173722366851194757e-03
3.956268797020535272e-03
4.059256046037988327e-03
4.456039159137411762e-03
4.748839364505477376e-03
5.251212011537432361e-03
5.640183732744452789e-03
4.829881864449411637e-03
4.596904374856075615e-03
4.021493992788983951e-03
3.485281308497327306e-03
2.926320345383294497e-03
2.456016630426381339e-03
2.244763150305223876e-03
2.096976658963376015e-03
1.982691902540099482e-03
1.875853055381333009e-03
1.473908569105317895e-03
1.299330390298892180e-03
9.574432633170947872e-04
9.660855973993094821e-04
beta4
-1.308433477270671413e-02
-1.326486297283884647e-02
-1.350796836847862822e-02
-1.311312385140630393e-02
-1.316095357385738823e-02
-1.366507946987769936e-02
-1.363592785930797628e-02
-1.350377446493098398e-02
-1.341640338399327503e-02
-1.356447199543756033e-02
-1.415388817335333158e-02
-1.428784264989109258e-02
-1.514865737270081752e-02
-1.376888112506366793e-02
-1.377489329150113559e-02
-1.435179353930505705e-02
-1.390821449498378694e-02
-1.361507514319006476e-02
-1.330379557796238302e-02
-1.295082817675062559e-02
-1.270209212174510174e-02
-1.195745963036792293e-02
-1.093923683587343446e-02
-9.662046795786517067e-03
-8.979890716731615818e-03
-8.425507969225002822e-03
-8.078584852555092261e-03
-7.764265621338910239e-03
-8.224743800621076018e-03
-8.798841967430531472e-03
-1.005862602754029750e-02
-1.094377037860961438e-02
-1.132046042098060028e-02
-1.185245548564698055e-02
-1.289197657726626547e-02
-1.359189303005635049e-02
-1.394811941030578255e-02
-1.405393080392296733e-02
-1.333880398042071314e-02
-1.255813505041009082e-02
-1.181501717283819225e-02
-1.147397343521632321e-02
-1.127602606777537708e-02
-1.074363614830196531e-02
-1.083943409431106092e-02
-1.097133019415542921e-02
-8.945049398563265780e-03
-8.550999217971349403e-03
-8.145527397425501859e-03
-7.863523851084620181e-03
-8.009355709691922537e-03
-7.656365172034612296e-03
-7.389822996871598174e-03
-6.202407855209653154e-03
-6.709034742391396626e-03
-7.030878092926701010e-03
-7.868983634359489818e-03
-8.804281330615667395e-03
-8.951472317339087548e-03
-8.894804348084688755e-03
-9.474943798357443950e-03
-1.053262705739111543e-02
-1.100413615541432841e-02
-1.120501815500313247e-02
-1.165077957643680974e-02
-1.271927715332751320e-02
-1.233520959292704403e-02
-1.279600490698258597e-02
-1.353519714372277555e-02
-1.313195896755641259e-02
-1.280398641224687190e-02
-1.281302575845860020e-02
-1.340100607451716330e-02
-1.340148782671141126e-02
-1.333979754489740543e-02
-1.316655854971428286e-02
-1.298765856097043939e-02
-1.261816705179157408e-02
-1.185759089484575771e-02
-1.071070318034831811e-02
-9.735060202798863013e-03
-9.281388473573973230e-03
-8.899783223718669978e-03
-8.348299068961548275e-03
-7.424939848918813909e-03
-6.711489351582398781e-03
-6.361262346411013062e-03
-5.894441864487610233e-03
-5.741795946421358009e-03
-5.463031861206613105e-03
-5.237944195789749451e-03
-5.547008119545940828e-03
-5.550674455179066547e-03
-5.664174375584845461e-03
-5.958770347518775427e-03
-6.303652162631434228e-03
-6.793369382740778797e-03
-7.202767873384067002e-03
-7.460924218504134779e-03
-8.074484694367618787e-03
-9.058252806229925846e-03
-9.596363585423695747e-03
-9.745531353184955226e-03
-9.313243760407537847e-03
-9.329666305179250274e-03
-9.166697934574126114e-03
-9.187352043076569413e-03
-9.187292324890574194e-03
-8.338411550983308024e-03
-7.434108748130642541e-03
-6.653099605672200753e-03
-6.111419020667024395e-03
-6.136490826330827202e-03
-5.367245766754994221e-03
-4.838505589740888825e-03
-4.022802402860315221e-03
-3.695219159692268978e-03
-3.420024199804795779e-03
-3.552317023471529989e-03
-3.485861180595590386e-03
-3.430605988952661715e-03
-3.390707331110233598e-03
-3.036160843435895332e-03
-3.498598964397919495e-03
-4.048359762457509094e-03
-4.965774340629736279e-03
-5.067748466829205892e-03
-4.746921424263915099e-03
-4.540802746345597336e-03
-4.340381251096159416e-03
-4.469672286549620024e-03
-4.284258067376317189e-03
-4.117290314107711208e-03
-3.952455159551502770e-03
-3.696983672808676433e-03
-3.401709212809848459e-03
-3.209393396332989486e-03
-2.900040597839820614e-03
-2.349314559667807674e-03
-2.476613214727448400e-03
-2.557212845228901740e-03
-2.541353262645980153e-03
-2.539370409839820930e-03
-2.515405090394912113e-03
-2.376737998099553387e-03
-2.442464227590455256e-03
-2.340551511037240479e-03
-2.272551635550437189e-03
-2.197854066219502057e-03
-2.108067151600021092e-03
-1.686549362164987747e-03
-1.605697245603862665e-03
-1.119441437360420982e-03
-5.845999373497584584e-04
-4.305645689426345745e-04
-3.198111046215317932e-04
-3.448715736034881248e-04
-4.047834156689372894e-04
-4.927870467188891299e-04
-5.381232179782736123e-04
-5.871117595749373143e-04
-8.087269432991220364e-04
-9.451473078651120071e-04
-4.127282516313575790e-04
-8.910211391143901252e-05
-1.038035665959580536e-04
-8.932701424091948601e-05
-1.088135216685373911e-04
-1.899768583712399300e-04
-3.047968951008796744e-04
-3.546256255489232219e-04
-3.656313097621047975e-04
-3.584914548154428016e-04
-3.848156681292929878e-04
-3.189801608562107963e-04
-3.367598244253834899e-04
-5.147469053636507565e-04
-7.135477730982455000e-04
-9.717407435918842644e-04
beta5
-1.376267815254138965e-04
-1.971998707342024668e-04
-2.279831884110183025e-04
-3.153609961668637227e-04
-2.478779928140237808e-04
-2.131448582192058431e-04
-2.422524764272548361e-04
-2.950040786376853085e-04
-2.338649648118153158e-04
-4.130905214782736663e-04
-5.462831180491129661e-04
-5.557009199166808170e-04
-6.225405849180829215e-04
-9.108470706164266623e-04
-1.484376059098675314e-03
-1.418298979842378587e-03
-1.147282749551458347e-03
-6.972076186116404634e-04
-7.070391057892276565e-04
-6.854657294894205954e-04
-8.209662821123177865e-04
-8.410059264335565266e-04
-8.470866790861255897e-04
-7.791907118409018961e-04
-7.270208739782792759e-04
-5.509162953417790637e-04
-6.144854422873143127e-04
-7.634917929843586639e-04
-1.186433638333859921e-03
-8.067184442302997860e-04
-4.710689319970776004e-04
-1.829138733868962679e-04
1.049022073576937171e-08
5.366539431875993115e-05
1.407832939072044655e-04
1.726224772098252465e-04
1.713494074490889833e-04
1.059020766667189567e-04
1.644555848778306664e-04
2.150356910955107106e-04
2.849974819437766575e-04
5.185925716276176475e-04
8.003917656851633998e-04
7.142307956969590026e-04
1.175257958119200596e-03
1.569587751652083349e-03
9.815009964905239449e-04
2.122473219983374987e-03
3.735947540948610871e-03
5.163097799638220395e-03
7.125619007057485375e-03
9.140839904208830635e-03
1.128422079993189955e-02
1.057129950405696212e-02
1.025109390555337813e-02
9.724262769828503905e-03
9.037513994907896142e-03
7.795086734212612264e-03
6.373095494150562978e-03
5.552577905847943043e-03
2.658541991167512157e-03
-2.443104754231516631e-04
-1.685637537285579989e-03
-3.387782738800453747e-03
-5.350304022561270731e-03
-7.210144017634145808e-03
-7.237030034158344755e-03
-9.332893132395218144e-03
-1.101724375419502883e-02
-1.130325161635406875e-02
-1.075497867757138626e-02
-1.049176104693831657e-02
-1.142819684170797920e-02
-1.103119883502523893e-02
-1.236362982434948549e-02
-1.316376757768644018e-02
-1.436982145434226310e-02
-1.339813925768014273e-02
-1.322244324077251516e-02
-1.309234370255277918e-02
-1.176097779552666422e-02
-1.118913421958738288e-02
-1.037752902998574644e-02
-8.176208218015960233e-03
-7.697386405719340574e-03
-6.789257559955189786e-03
-5.617893135937825771e-03
-5.789421374065784748e-03
-3.607101261954876337e-03
-2.012391013356172598e-03
-6.815159280054535655e-04
3.945512279126018066e-04
2.098368041822314470e-03
3.563159201589591579e-03
5.109593601095145828e-03
6.385036667979436704e-03
7.298078182700496602e-03
8.011397463347950249e-03
9.186594366214800855e-03
8.072707315663465999e-03
6.597598026915948294e-03
5.741061649109607638e-03
5.158847726346001833e-03
3.977701455938602998e-03
2.235580790629465575e-03
1.078628585524956957e-03
4.228231729527225243e-04
1.206308097324496184e-04
1.664224983985551740e-04
2.038076261799334483e-04
3.222908169184215597e-04
2.752768006186217175e-04
2.899360517729530819e-04
4.502948785313930962e-04
7.503313795332387359e-04
1.520720138870456078e-03
1.207526321955157845e-03
8.782955139422211031e-04
6.684218803629268617e-04
5.126465808485562757e-04
4.559485929530009011e-04
5.307104077294778855e-04
4.026575403783946502e-04
2.720874223826191818e-04
1.561109429576085835e-04
7.883074087606504901e-06
-1.881213721572122977e-04
-4.132642193198708778e-05
-9.032261096212923986e-06
-8.593612086078006849e-06
3.330660008593944079e-06
5.622821155243746475e-05
1.891589381980244037e-04
2.278192706930115530e-04
3.918328313781590773e-04
5.888610025313958680e-04
8.305263273216201628e-04
9.712988077519343465e-04
9.999122151934892663e-04
1.220709890231022089e-03
1.515333605064928067e-03
1.669331239963230519e-03
2.068341586365785370e-03
1.827143379057351519e-03
1.562994138111743238e-03
9.042904784797238093e-04
1.188881256548958865e-03
1.584251143620116079e-03
1.679863741287963060e-03
1.322717730397287086e-03
7.758225120088821369e-04
5.756185379976138695e-04
4.709759197408300421e-04
8.859856376708517454e-05
7.488682063852317400e-05
-3.604203612474126480e-05
-2.918394851882027204e-04
-5.349147687986248543e-04
-1.403002226073300036e-03
-2.595346572659507165e-03
-2.111397146114398892e-03
-1.603928087786856251e-03
-1.273112029288776988e-03
-2.279622004371705500e-03
-2.930627872660782063e-03
-3.240993464415720463e-03
-3.617491204599397776e-03
-4.483859274307536516e-03
-3.640161320404372569e-03
-3.290579030527001139e-03
-2.806426409702969353e-03
-2.251480338929560780e-03
-2.043894301985183480e-03
-1.596237580581374776e-03
-1.554031279794655749e-03
-1.305282616547299816e-03
-1.124014473673705296e-03
-9.546349499364172823e-04
-5.958838082688652088e-04
