5.780286145304268331e-04
5.367485455412397645e-04
1.211924120271529148e-06
9.167463235103782840e-04
6.371724422444904629e-04
2.213189998751321184e-03
7.955613202493406859e-04
5.879312087053743590e-04
2.292462799303293848e-04
9.550269804505362567e-05
-7.848097456353151291e-05
4.086219595351445535e-04
-1.350292226143247852e-04
3.091324885477517268e-04
7.891915069765117292e-04
6.129563065159910869e-04
4.828435733437922003e-04
2.587005612384581056e-04
2.234353459568259490e-04
4.378493125829826930e-04
1.334271465152574599e-03
1.698648040637800339e-04
4.320652357115328466e-06
-3.858442774158811614e-05
6.231128260454077417e-04
6.144137243260413802e-04
1.023743312979671612e-03
1.617412974873190783e-03
2.486202271307354911e-03
1.069121772658566602e-03
1.181437744102291311e-03
1.300432339145508138e-03
9.869175577702591490e-04
7.984553530535170836e-04
1.046829183607050342e-03
7.777473411208619914e-04
1.497052643806899737e-03
2.289785946213684139e-03
1.388301359925721594e-03
2.882033889674049266e-03
5.508859804395581893e-03
1.448896831700739176e-03
1.156863080792875590e-03
2.901672953061209051e-03
2.650586829690909207e-03
5.324392712401335680e-03
1.343867804489767663e-02
1.918868324775391959e-02
1.817543777459076915e-02
2.540805017635617419e-02
2.810189888252370011e-02
8.398007480179435144e-03
6.409082561983340913e-03
6.203294886434792578e-03
2.027771515746937606e-03
6.682127834564331433e-04
4.937098543033690938e-05
7.055055459677378590e-04
9.061071026732606983e-04
6.837220910665828743e-04
6.413076179016050224e-04
8.364139367388235971e-05
2.438259825797282519e-04
2.490027974425540599e-04
9.665703317553722077e-05
3.532851888138087751e-04
5.616955615175562699e-05
2.369645143693317854e-04
1.584064534613521954e-04
1.706090265851193928e-04
1.588468680556084087e-04
3.309529057511471109e-05
2.490811185694139537e-04
-7.297290915433507323e-05
5.367269740740448098e-05
-1.959909292350679874e-04
-6.008241784216211386e-04
-1.195273644851018021e-03
-1.191675164411673624e-03
-3.713464953824365065e-04
-1.968910549610648156e-04
-3.347525808054131052e-04
-4.591840547778394503e-04
-4.387415419255127447e-04
-3.297952562358329761e-05
-4.986589541075698824e-04
-9.313397645575607030e-04
-3.470217522990318095e-04
1.584321489012985418e-05
1.667003049117923884e-04
4.125381134786696574e-04
1.943710964027421662e-04
-4.396279486883688538e-05
-1.017860067767550024e-03
-1.434332686673326675e-03
-2.495098250794064616e-03
-6.649560196098860563e-04
-1.123206525810993155e-04
-4.327158015901724059e-04
-2.724716277224271932e-04
-1.167364777039969938e-04
-1.095772749197678028e-04
-4.135576272031103013e-04
-1.344882253668800689e-04
-6.691253355934114464e-05
-4.525552930905582045e-05
2.435527848544797897e-04
3.285068977684230812e-04
3.479913177527733215e-05
-1.281580200288919616e-05
-7.140062954306511281e-05
3.332877942199071760e-05
4.335001467473920361e-05
1.589678922357832061e-04
-7.574635338982127443e-06
8.778957712487949275e-04
4.743925904674286620e-04
2.594328961206460366e-04
4.363383770725789127e-05
-2.226836026338650061e-04
-9.152300329059599704e-05
9.894951362066442286e-05
-2.313163160172240730e-04
6.329527826218885403e-05
8.646662595896884409e-05
4.968601377505649794e-04
2.525782487197896571e-04
1.764096775636855082e-04
-8.580780147708664347e-05
3.316902693255112107e-04
3.752885994295676033e-04
3.082244945846676089e-04
2.281281449091637650e-04
1.014461588794104974e-03
5.447600737924459310e-04
3.548152617839886620e-04
3.253191649434510621e-04
2.858557134038561243e-04
8.649385075579957326e-04
5.784687669186816148e-04
-4.494047306097976322e-04
-9.191846602654746734e-05
-8.344693133653384074e-05
3.547290614435688707e-06
2.091275065939272675e-04
2.506937110232908836e-04
6.507870112059501507e-05
-4.221186879472526850e-05
1.900730400411563387e-04
4.915967984146784475e-05
6.772797770979783105e-05
1.069755313906989926e-04
4.789165883380287064e-04
7.088820106836964206e-04
1.950113204307256506e-03
6.786738920588604538e-04
6.559421738125827779e-04
2.718335054090710102e-04
8.624112186288708602e-04
2.917218153610861078e-03
1.151717011423074527e-03
9.473480839077689543e-04
7.511206405565847488e-04
7.762458482946979195e-05
-1.449447502828464713e-04
-3.488298892466222371e-04
-3.539971133769684503e-04
-2.395533691845430321e-04
8.758326112805935254e-05
-3.086432037350178353e-04
-5.730963023353601330e-04
-2.576425738317446919e-04
-5.186434260419964422e-04
-4.970474924794728109e-04
-5.289297349908837244e-04
-3.844744232104631938e-04
-7.578107643236599560e-04
-4.530933436694894664e-04
-1.331914380734078231e-04
-5.889054972990523341e-04
-4.050837208318186435e-04
-2.181711706522159865e-04
-4.651380246047919225e-04
-3.210840917645539270e-04
-5.042671166217592080e-04
-3.245312256001802744e-04
-9.830277277872794765e-04
-4.904135912775314348e-05
-1.739037263085021026e-04
-1.625820220679070817e-04
2.182740297275950373e-05
2.372787347814275707e-04
8.603483660201064051e-04
3.545807389978551617e-04
2.324320288079756718e-04
2.691707782720829554e-04
3.874916147450693641e-04
1.124936085364752801e-03
-1.948993588244244500e-05
-6.734218373527910573e-04
-1.323684530544624871e-01
-1.133539398909706947e-03
-1.593258894575059169e-03
5.298934483339277392e-04
-6.336093095788575963e-03
-5.075447034224888840e-03
-2.417318837289402639e-03
-7.381180791498977460e-04
-4.687528609503790913e-04
-2.939632751440594501e-04
-4.622886296633509084e-04
-1.103853666532098737e-03
-7.116489771342497618e-04
-2.997143552867041609e-04
-2.654152533164543665e-04
-9.527806541490875135e-04
-9.878940602686238706e-04
-3.546736429002044920e-04
-5.805061739054215861e-04
-1.745852960718979245e-04
-3.487246276472492955e-04
4.712790490497005926e-05
-1.243725104398836197e-04
-2.829710924570537031e-04
-2.608677787977834459e-04
-1.650268811652497365e-04
-2.255056677849920474e-04
-4.505913959373777423e-04
3.783869853292177727e-04
5.788559974466354592e-04
2.949916518456049811e-04
2.708401655750313896e-04
3.566571010511711444e-04
1.424517550682539426e-04
-7.048586777255640839e-05
-3.043098246915390201e-04
-4.183246840939461786e-04
-4.188121658879792033e-04
-1.106470934147435643e-04
