1.154925519945636559e-05
1.694295333382272675e-05
1.783466386593084792e-05
1.167565445859562303e-05
2.431184697649114363e-06
4.303060771271665611e-05
2.437392684713722546e-05
5.918736010768212537e-05
3.061039672652606105e-05
6.810868779411847554e-07
1.114176475495233866e-06
6.367916230475983657e-07
1.700957480676790201e-07
1.126354910183918217e-07
1.331635137995857622e-08
3.168729395721284506e-09
9.098212447047976558e-08
2.935339324335560157e-06
1.292390049495330838e-08
1.537286682018430704e-11
1.780895658208983414e-15
2.231223344095925131e-17
1.758394302182571716e-16
4.031609866555264772e-11
6.391252728746127979e-09
2.917307791811359287e-09
4.130696541717617989e-08
6.951322003086929434e-09
1.148338346072692271e-10
3.806708720010652292e-10
6.075888567841615187e-12
2.410666853981756083e-11
7.533972947633788852e-11
3.430543703787015367e-08
1.393208259532216057e-06
1.336748449134985689e-05
8.610635151702876743e-06
1.722996605694411722e-05
3.267024643908480895e-06
2.516043254200750069e-05
3.004604382017115837e-05
9.730522109106122107e-06
4.030074826327630181e-05
4.338538626151148311e-05
4.316849638638286179e-05
1.113440833224641456e-04
3.258278190721960229e-04
1.270637820074936152e-03
1.683932963910076070e-03
4.264795880955959267e-03
4.829351910882712963e-03
1.318245849869668571e-04
1.801252821997376726e-04
8.299217355963699335e-05
2.050554715285111772e-05
2.859437402414896682e-06
2.257388860353005653e-07
1.188315765759557981e-06
7.379511703473472438e-09
2.235490148599269956e-08
7.744117326444609220e-10
1.698646699653667651e-09
4.449962495114597453e-10
1.251549966469108870e-13
2.894376176161377068e-19
5.872871835796601190e-17
1.244331231933555922e-17
8.143680933197345405e-20
7.940802015196372483e-27
9.938467620576564371e-17
2.914856825110860768e-22
2.966200839368437808e-26
5.817477444900008576e-27
4.904374849009486217e-26
3.043605068749487782e-14
1.437910257770200109e-11
3.589072888895745129e-12
1.463333285060817735e-10
1.724267899532708234e-10
2.754184828714214870e-12
2.551190321395296566e-10
1.152248227609475889e-14
1.855515896245026191e-13
4.354810024076074914e-12
3.265898971440331008e-11
2.871316320248792056e-09
2.047338051346435935e-10
2.339561725646652028e-09
3.591826441676882309e-09
2.249517816747593691e-12
7.179213701811412225e-11
3.474471680115206547e-10
8.214503015769644132e-12
9.017959770933113249e-10
2.258041229991624145e-08
1.624313535254196198e-09
1.633484334299054549e-07
5.019560971788071789e-08
7.315637003170763504e-08
2.741206495165639898e-07
5.378579201862880607e-07
5.499781860761974854e-07
1.907474581152474362e-06
5.133181974892696789e-06
3.439000137935604886e-05
2.541009596568264472e-05
4.164449071717857834e-05
3.883465974078626794e-05
1.522849497324967085e-05
5.910144158418885419e-05
7.554149378713355401e-04
6.164433389291262399e-04
7.064442520798166298e-04
7.705818260871221564e-05
2.990427290173844924e-05
6.823049194097493750e-05
1.455216039533711551e-05
1.208173875891234943e-05
6.453495219050834177e-05
8.243026764568611308e-06
4.325729217886080001e-05
3.585799896724719952e-05
1.885596158834358829e-06
1.070998234207421158e-06
7.277085294358070875e-07
1.148806795459378425e-05
3.583884595489469662e-06
8.200515569636200650e-07
1.651668893394552103e-06
1.095562527647603122e-06
7.031859980829921667e-06
1.776919100186631134e-06
8.052622303342328897e-08
9.472046244123407240e-09
4.008651155273259201e-10
3.677982247641096303e-12
2.777333003911323886e-13
6.152806507687759074e-17
3.042583587835662187e-28
-1.553328391022601113e-70
-2.328439374396263661e-23
-1.530598558372026809e-14
-4.029140059732795137e-06
-4.355975166624517743e-09
-3.269022485777216168e-09
-1.796057211103459408e-07
-1.993553487551461016e-06
-4.354006224399984254e-09
-6.627930244658256574e-10
-9.474320880164457780e-09
-9.324449555032637834e-08
-4.745763890874468168e-08
-2.843753650374096643e-08
-8.946212027924095055e-08
-7.301779042101098315e-12
-1.236742027238166762e-19
-7.885807386808954392e-46
1.169092546175205286e-33
2.125614723072167528e-49
2.259870093148714788e-43
5.628538839329394124e-86
3.235694393603630604e-47
1.211560157202973578e-64
