-8.128691299805689344e-03
-1.582435125403764548e-02
-1.004371711722080660e-02
-6.249857790882487260e-03
-5.114434069772274064e-03
-4.205170923287401656e-03
-3.561350758222156087e-03
-3.147989705769640555e-03
-2.656575970850309863e-03
-2.380956371865472921e-03
-2.249667531446083221e-03
-1.683785603499647968e-03
-9.474574796776506465e-04
1.315328062650424068e-03
2.711773239828372661e-03
2.285846870698393391e-03
2.441560246857421828e-03
2.508300569551045415e-03
2.512335405233490949e-03
2.531068892850404321e-03
2.483584821669156811e-03
2.498951481251105063e-03
2.688437840638635210e-03
2.370461655347050420e-03
1.954488578540341821e-03
1.664491289681270221e-03
8.956135603378181020e-04
3.384556168234791594e-04
1.520022614073077052e-04
-3.412726320916983566e-03
-3.542674723071908768e-03
-3.641063207841218567e-03
-4.457746188139765330e-03
-4.484567064394762159e-03
-5.310792716687391668e-03
-5.797068268483456660e-03
-5.627465592426761191e-03
-8.072809081887679164e-03
-8.952797030846225065e-03
-8.538731226263033408e-03
-1.117062254408172396e-02
-7.635708952296133174e-03
-7.554950819604603317e-03
-7.456163047549144336e-03
-6.643836453192816793e-03
-6.549182067318091820e-03
-6.177613911409498421e-03
-5.750109537885066992e-03
-7.321765332817081230e-03
-6.093346284005206857e-03
-5.642363570000574584e-03
-5.565549956206863186e-03
-3.011844772261948900e-03
-3.128463980442953551e-03
3.743099367822196044e-03
3.827909525615247072e-03
4.389167658118469685e-03
4.662449073606235624e-03
5.049671063732858768e-03
5.098695240905782612e-03
7.282275152327637863e-03
8.449004937797542289e-03
8.102986640568231660e-03
8.183200975175804540e-03
8.308569221572919758e-03
8.529516184646980873e-03
1.780174450118897052e-03
1.494466212092607216e-03
7.292238033482075985e-04
3.063361797214349345e-04
2.762528719653396109e-04
1.435617236262506011e-06
-6.279812859513944460e-03
-6.214377724615373876e-03
-6.227974383683516219e-03
-5.950498371697646866e-03
-5.506902042216560260e-03
-6.174187687464166574e-03
-6.253545612179586648e-03
-5.880204765522616638e-03
-5.739439396162522751e-03
-5.747183394270681533e-03
-6.253557868306242745e-03
-5.946625192315199877e-03
-9.889383218596576024e-04
-1.696402706402846223e-03
-2.560342815886408521e-03
-2.799380142562139361e-03
-3.097851557731810812e-03
-2.315559544569132430e-03
-2.469763029422855465e-03
-2.792622396945196577e-03
-2.246331766988812154e-03
-9.350410095781396674e-04
-6.607412191851089717e-06
-1.346596945385161086e-04
9.969518199633878135e-04
1.666204143318892467e-03
2.557877450759003541e-03
2.181788922222269080e-03
1.967317867642464062e-03
1.486488898782385541e-03
1.677828495763815549e-03
1.834956651710578082e-03
-1.416726585463393628e-04
-1.277974051749149751e-03
-1.334633173737172218e-03
-1.272211218916154607e-03
-1.871025565685731883e-03
-1.834981868573802360e-03
-1.831691091604453281e-03
-1.548533927171924897e-03
-1.471827333122892540e-03
-1.285195647910691071e-03
-1.362042198729894460e-03
