beta2
7.197768334500106654e-03
7.215587707274156645e-03
7.306953640088110699e-03
7.368162624544680878e-03
7.372336866269158136e-03
7.256488289798244604e-03
7.002909995578183132e-03
6.722975145954713551e-03
6.487582167538625752e-03
6.311074391150185876e-03
6.423667493228550976e-03
6.602279160814171835e-03
6.634229890441507155e-03
6.591886549148091509e-03
6.664557260172229887e-03
6.993472890152160892e-03
7.395537692351288050e-03
7.576785806046339861e-03
7.753327390562570962e-03
7.834107443284030886e-03
8.396143682763951288e-03
8.638935743062202410e-03
8.865639258364973324e-03
9.022099140386569127e-03
9.173224886767783123e-03
8.775768852937973485e-03
8.783087661231852444e-03
8.788837609348254878e-03
8.607495908106038013e-03
8.516857065467694707e-03
8.381311106549153844e-03
8.454860719155018328e-03
8.820613229410956962e-03
8.853886836385160830e-03
8.899486734324248832e-03
9.028830107392079446e-03
8.900615045397221314e-03
8.897771470729847962e-03
8.725887489856726242e-03
8.496661064433193994e-03
8.404334331533636765e-03
8.162472952410456534e-03
8.032499683478485850e-03
8.026891552594658807e-03
7.873213146462172685e-03
7.819961217966887868e-03
7.586482834735537063e-03
7.718414337619631735e-03
7.926982034130815313e-03
8.112233261956662903e-03
8.066864159753661667e-03
8.497125393368776258e-03
8.821904650757604258e-03
8.894113913127355345e-03
8.872843487466284401e-03
8.717733954714285138e-03
8.862344528103766744e-03
9.164347793226917949e-03
8.987897500700295361e-03
8.898345599848315329e-03
8.730159758871069639e-03
8.551036647569681612e-03
8.507722460998689423e-03
8.536653942991516419e-03
8.558966745807302517e-03
8.502633299916757120e-03
8.716924048461279287e-03
8.623172751343017445e-03
8.738042414089170623e-03
8.784542625768347948e-03
9.216823807981071662e-03
9.755763354742834695e-03
1.014452613854627955e-02
1.059524516770958026e-02
1.106255420071097784e-02
1.139282645132312470e-02
1.186937976901366286e-02
1.158011510462807724e-02
1.114788821947293278e-02
1.075393914138979973e-02
1.036851872657252802e-02
1.071715212853621008e-02
1.055177378309349497e-02
1.046421339948409857e-02
1.041477874592521349e-02
1.013904708950264140e-02
9.872911300495976900e-03
1.021651348075391236e-02
1.014793576603273580e-02
1.011203592022303678e-02
1.029026438015913196e-02
1.045631900032945039e-02
1.046801159234096723e-02
1.031541465429350324e-02
1.026042672144804671e-02
1.023976188916060973e-02
1.004520901678391219e-02
9.976028145131026620e-03
9.668200365651920258e-03
9.525288869973565220e-03
9.304616319452740231e-03
9.093148737362903924e-03
9.146023965905341474e-03
9.205725005557864604e-03
9.063730767332470878e-03
9.058528504075997675e-03
8.913986358691668860e-03
9.180008331367102078e-03
9.244436110016013633e-03
9.117648300565285233e-03
8.822644048325670868e-03
8.676435296917195394e-03
8.531571533438515528e-03
8.392920719394070250e-03
8.280166595726459744e-03
8.343410846857282973e-03
8.381962324286977226e-03
8.374990832989433198e-03
8.470796059308116632e-03
8.550684725938742514e-03
8.410166586518313253e-03
beta3
1.583728185931232404e-07
2.250833784609003515e-07
3.361831047755033642e-07
2.707460212478201133e-07
3.418779311679083473e-07
4.376864442557861244e-07
3.088854301122402309e-07
2.709526251089568331e-07
3.025794863821148682e-07
1.562725552300987893e-07
1.447037741825297212e-07
1.418330573266494601e-07
5.570220551403713167e-08
3.981232553081584836e-08
5.235518347101926921e-08
1.219911915169009842e-08
9.531149215700740711e-09
5.469270653803408174e-09
1.010354651090799314e-09
1.613704669700663747e-10
1.499672699622610617e-10
7.202454229606812832e-11
7.201468729250087754e-11
3.076152834795580805e-11
3.217659471085173824e-11
3.949131993283162583e-11
3.272910485727597592e-11
1.217888422020724598e-11
8.651014868857447948e-12
1.442053719328677690e-12
5.951379938786696806e-13
6.895698960027108222e-15
9.965068508694412179e-18
3.121915333647020924e-19
8.520548581208730992e-21
9.918260141477745647e-21
-1.334557847034256608e-39
-4.756759098626965243e-29
-5.585172852839600344e-29
7.185148305034389030e-44
1.654320422759916074e-23
-2.200713576047095141e-40
-5.042121195634304105e-42
-3.724783547530051182e-29
-3.115150723841485368e-29
2.829676432271649170e-23
2.586395413076758144e-50
1.925600525355740324e-39
-1.468427839629895199e-29
-1.090511688442462316e-15
-1.395854021535633574e-16
-8.241446302060770351e-19
-2.037822469781009388e-20
-8.634549047512422124e-20
-2.747065707515719503e-16
-2.646668444221825553e-16
-1.201918180820868000e-13
-2.205438209829431105e-13
-6.682179574280861237e-13
-4.565896023025172819e-12
-2.885862434746570617e-11
-5.851221940204870193e-11
-2.643113066152779365e-10
-4.658844817050514209e-10
-1.352488091886747611e-09
-1.964569556563724308e-09
-1.238494533136800040e-09
-6.106597761681202341e-10
-1.874891056815948446e-10
-1.296055258175882390e-10
-7.147341429930457026e-11
-7.961409810995662512e-11
-2.621704715247232413e-11
-1.747803968493567420e-11
-4.479009366894573862e-12
-5.874527355847389728e-13
-1.614847732869908560e-13
-3.841518488785490288e-16
-1.753378288713534269e-18
-7.531601546103175045e-40
-4.004343333434990949e-34
1.113526718674020383e-33
-1.826155023443821339e-49
-7.583466991054140805e-34
-5.092390838112077584e-29
-2.947086059202960180e-29
-1.068128070601905611e-29
-7.584654192275691079e-50
-6.020631533233682191e-40
-8.166156415083328281e-21
-2.740411521109076475e-20
-5.445288499510503482e-20
-1.995054578221304160e-20
-1.167817166746565016e-19
-7.802431036473204345e-22
-6.113104097249442750e-19
-6.893226101377700587e-18
-6.225666210181867688e-20
-3.521627090767234313e-19
-2.839383178782681394e-29
-1.602168489698402065e-29
-7.240083033801914394e-61
4.741711061631886351e-21
6.888278709006460900e-19
1.164479464616128360e-19
4.243838422907923413e-18
3.512995264055938166e-19
2.330468423860226464e-19
6.302643176404616174e-18
1.528833903506491036e-17
5.140002149100989641e-17
2.711090391667822232e-17
4.152381026382081004e-17
6.336145252365034261e-19
8.744789124333751483e-18
9.705254014075945442e-16
7.891840030578520669e-15
3.484280574913055009e-14
6.434135218075142449e-14
1.557442524878078222e-13
2.244460910400571411e-13
beta4
-4.488617074879826842e-09
-8.151728111343207303e-09
-9.438330093842719860e-09
-1.015823332867856752e-08
-5.418596939234999691e-09
-6.647272407899552393e-09
-3.071745856423697887e-09
-2.051856970585189680e-09
-4.385011978500458932e-09
-2.715156183424833278e-09
-1.801602236330545443e-09
-4.900849049961683541e-10
-2.849477878930979935e-10
-1.363829685667329538e-10
-1.751638601617299377e-10
-1.357914693464196137e-10
-1.272061779105762924e-10
-1.125182004422692891e-10
-6.020542788269404253e-11
-3.507656997968412169e-11
-2.187883035337024864e-11
-4.453631156792675575e-11
-8.559477154523858208e-12
-6.744472933778257462e-11
-1.908185485086548478e-10
-1.478628206843901036e-10
-1.813456009834104659e-10
-3.993806689286329892e-10
-2.896007827089930072e-10
-2.551678672083164925e-10
-2.443940563276636996e-10
-2.251317916384390209e-10
-2.071690156764590255e-10
-8.684978830299203105e-10
-1.677591062561726618e-09
-1.460844687910172953e-09
-2.325128705263472053e-09
-2.034379591437413871e-09
-4.694139182392737125e-10
-4.055660491955226091e-10
-9.064977280015574560e-11
-2.253364356196037844e-10
-2.723342178927920386e-10
-3.161520158785335053e-10
-3.080631297564644351e-10
-4.118352514268573284e-10
-6.265593420300388577e-11
-2.534662667622575920e-11
-8.420622643828441835e-11
-2.952544719364033411e-11
-9.736494407333417341e-12
-1.636095312650601383e-10
-1.007161703746082813e-09
-9.980019600157914064e-10
-3.636225926950850683e-10
-5.485204090670558680e-11
-9.264727084192514463e-11
-7.460373378213751978e-10
-5.861556912570827154e-10
-1.373969590233145711e-10
-4.410260965027187810e-12
-2.363753617647473023e-13
-5.521823980122489129e-15
-5.453128683554753163e-19
1.806321673751549304e-23
1.092606061378310680e-17
-4.933340340343873709e-21
-2.455398534465665626e-20
-1.109451572743616549e-17
-1.190213733764239412e-17
-1.498898393998384051e-16
-6.278742635621490516e-16
-3.298768808682666753e-16
-6.051817619784821233e-24
1.575541333295186431e-28
2.388366000112721574e-18
5.303877287231178103e-15
4.304007577005221255e-14
1.135346807385911416e-12
1.116517192722674363e-11
5.351298944818196995e-11
3.864906277614370290e-11
9.903491764740072033e-11
2.177940508535390622e-10
8.948945435517402383e-11
4.659727608438093708e-11
3.963095407870656281e-11
3.955584431574627362e-11
2.388929849591405083e-11
1.756954696438198479e-11
7.042514103197944460e-12
2.893259280860412393e-12
1.247003797959436154e-11
1.325029347741161283e-12
3.013294159981873552e-13
7.082849903195557235e-13
2.446371273299100611e-13
1.546425032274504047e-13
4.375585383670952774e-13
1.134648440834304589e-12
1.048938877480103085e-12
3.555729225045553290e-12
1.483481120977166932e-12
2.876732260859271599e-12
5.801328336258666988e-12
1.184087239877990858e-12
7.939424491897395812e-13
7.327957179918183069e-13
8.516595645080723973e-13
1.326436746306698435e-13
6.732203897201635225e-13
7.444643179387243475e-13
1.071821577592678149e-12
3.876194357105608440e-13
3.111416597874716876e-13
4.385392346683075012e-13
1.225643202456369117e-13
7.398939378447071657e-13
2.633605255818845042e-13
6.092551994995753455e-13
4.641286220918799252e-13
beta5
-4.124940721757568108e-04
-4.176922940339082221e-04
-4.847018808162298830e-04
-5.431224848991176527e-04
-6.490372695752979430e-04
-6.975664501874633125e-04
-7.038577394158534225e-04
-8.833433119267147934e-04
-1.006710284305296606e-03
-8.675151069990789943e-04
-8.721549852222548922e-04
-8.554819803312907044e-04
-9.312499400716653560e-04
-9.808441192335445088e-04
-1.018694791962677622e-03
-8.750993689895804860e-04
-7.449118210616965073e-04
-7.470421445973272293e-04
-7.141367909328362419e-04
-7.606220859042137246e-04
-7.227175473982272230e-04
-7.610699026629235342e-04
-7.003378309485156026e-04
-8.264084472702503976e-04
-9.773478720886959008e-04
-1.065908006476719728e-03
-1.182241128269205478e-03
-1.314395502175258077e-03
-1.399088072667855395e-03
-1.348248989609194745e-03
-1.237741183059049791e-03
-1.206174560147573252e-03
-1.253587486697756333e-03
-1.078425754125994333e-03
-1.001677119010840758e-03
-7.989240462812842621e-04
-7.154087714783181375e-04
-7.069625695189205201e-04
-6.870417078272769316e-04
-6.644934967552204499e-04
-6.059931592518367442e-04
-6.111651471500306526e-04
-6.403079506761546677e-04
-8.147622200412736300e-04
-8.034023348429842216e-04
-6.985060677200099349e-04
-8.920676033650749934e-04
-6.972821905726146784e-04
-5.745145483191876163e-04
-7.366895179956797768e-04
-7.878709817369679552e-04
-5.367893240083173277e-04
-3.631181741578976864e-04
-5.046959477556130225e-04
-6.349554319868489427e-04
-7.908641878740643510e-04
-1.047486241442897609e-03
-1.126911147118991440e-03
-1.366297463427033985e-03
-1.379267406737940630e-03
-1.050384613431288531e-03
-8.614167118984154825e-04
-7.074051294938428752e-04
-6.103745860863414672e-04
-5.441070893321774517e-04
-4.113345862350498323e-04
-6.106148499224407951e-04
-5.854661328901255343e-04
-6.855663108505075272e-04
-6.763990670879528686e-04
-1.017403184814071439e-03
-1.394622216744371458e-03
-1.471012233963776578e-03
-1.733601373536383227e-03
-2.146619565354032470e-03
-2.301737039660642706e-03
-2.690488797162621931e-03
-2.605830198020769439e-03
-2.359116750815432907e-03
-2.267204536349234217e-03
-2.224074410116878321e-03
-2.834518486624646241e-03
-2.088721933432327073e-03
-1.786336196470889384e-03
-1.406584247383791623e-03
-1.147940734565433074e-03
-8.251144713351736375e-04
-9.711784626354159292e-04
-7.545171305948241390e-04
-5.928240707801053430e-04
-4.848628136483636034e-04
-3.538524578910903729e-04
-2.431959182231955088e-04
-1.771193906866927372e-04
-9.862577512605023074e-05
-4.287054423811568896e-05
-3.086153724349617892e-05
-9.259138434308765826e-06
-3.086255082462380414e-13
3.669435862394306708e-05
1.152858412243301764e-04
2.210646775681458331e-04
4.117848700600660944e-04
6.091274485142358398e-04
6.056655108765907286e-04
6.546469637124618761e-04
7.101608105109400923e-04
6.249905913934773391e-04
6.432264872884952507e-04
5.676027282668384948e-04
4.684922810848041273e-04
4.748455140616724595e-04
4.493665653670844001e-04
4.615621249623960590e-04
4.405843932953389455e-04
3.407172493466880834e-04
3.998400246608960944e-04
4.150763361644780984e-04
4.896642004180060907e-04
5.819143282146716943e-04
5.324288953500976029e-04
