beta2
8.709305461050463951e-03
8.697616259941405234e-03
8.759013202902891926e-03
8.820792881109373873e-03
8.846638359456336642e-03
8.925607990947947296e-03
8.972227668153373928e-03
9.049394311880301633e-03
8.998532418171594632e-03
8.976205690471826537e-03
8.901092947616730949e-03
8.865379508063923886e-03
8.920669305243678418e-03
8.998111071882201190e-03
8.983259888276994010e-03
8.900597865338880088e-03
8.633137373157434569e-03
8.460388164382392356e-03
8.449973370227955444e-03
8.360420627481610426e-03
8.353789234128487784e-03
8.479176079546419526e-03
8.608792454181305939e-03
8.751693541426987938e-03
8.880121871306448367e-03
8.799461559316984829e-03
8.899314668019363966e-03
8.942062759765327662e-03
9.067570224501003348e-03
9.094606257335102750e-03
9.085959638883436829e-03
9.086103885835732780e-03
9.253778224349314130e-03
9.378491443741868855e-03
9.387604793699173139e-03
9.443283314962911887e-03
9.511271225400710211e-03
9.375165497634252790e-03
9.320823798041475566e-03
9.453173538589463437e-03
9.671316044663032935e-03
9.731199412904624826e-03
9.723743887267759234e-03
9.808160213074790246e-03
9.808351499219870179e-03
9.833637847083026226e-03
9.880003041258753407e-03
1.009001320945246069e-02
1.022682847682286275e-02
1.029355162901710030e-02
1.031187879344676664e-02
1.068299436453594778e-02
1.097466241217790080e-02
1.115902129653501169e-02
1.143797536057573373e-02
1.162930042255401301e-02
1.207487164771089277e-02
1.241428205529390011e-02
1.268912762592001864e-02
1.297944414284797794e-02
1.333228316754947809e-02
1.362703304846176085e-02
1.379892383223341526e-02
1.367454275151281512e-02
1.352919815739329207e-02
1.324655399618923646e-02
1.297968283847015028e-02
1.311036911483745918e-02
1.314172890586254652e-02
1.318086003349681380e-02
1.308439441848304255e-02
1.307884201743072031e-02
1.302988654198122820e-02
1.290759792173186774e-02
1.269181761961538785e-02
1.244493393951391288e-02
1.223416955982439477e-02
1.205036496363716750e-02
1.182365477241060538e-02
1.151458716856999451e-02
1.125556992390875505e-02
1.124262149664066734e-02
1.136156077044674084e-02
1.129127984085296840e-02
1.113226001953128950e-02
1.098703626846809014e-02
1.078947962312154854e-02
1.057061448792488353e-02
1.055140285637920158e-02
1.054534705504309340e-02
1.046417137284714333e-02
1.037366391789016490e-02
1.035314731127727483e-02
1.056002610666176116e-02
1.072694452321368286e-02
1.078913450642024138e-02
1.072983658265374944e-02
1.080031272142582821e-02
1.088977492417306930e-02
1.096241766297154432e-02
1.096037356207067714e-02
1.096985914870504501e-02
1.092905594249867461e-02
1.087314523712395314e-02
1.081743179386062542e-02
1.085935578135963087e-02
1.085119419109019726e-02
1.082461375254754540e-02
1.090494942659716443e-02
1.104851613103906456e-02
1.117502117116420633e-02
1.129711761664421027e-02
1.111193254842118491e-02
1.090988020215864426e-02
1.072671060914938586e-02
1.057286299857891632e-02
1.040765073550482984e-02
1.038594819281355407e-02
1.039194178745122231e-02
1.036743146722583081e-02
1.033243027291398837e-02
1.028466172050745975e-02
1.029534037869763233e-02
1.032346443610138512e-02
1.027125482749357589e-02
1.017884698565061502e-02
1.011667992133903626e-02
9.962429357240343286e-03
9.775329182751134674e-03
9.731348632456528897e-03
9.661361467804791686e-03
9.618490118395307820e-03
9.471194355265270814e-03
9.367402955337278403e-03
9.214261394736942418e-03
9.250546520247881349e-03
9.241136546630817489e-03
9.261774771582777233e-03
9.445603767904511144e-03
9.638281720080188464e-03
9.779866017439034498e-03
1.000617457100252440e-02
1.031813227934334776e-02
1.060611421681756719e-02
1.062519297403474033e-02
1.063817634005437968e-02
1.069826264655560077e-02
1.050336444166099364e-02
1.026922147363481218e-02
1.022966172880530530e-02
1.025414622005990997e-02
1.033285096310138963e-02
1.010409857657399227e-02
1.032451113370207174e-02
1.015529314265594882e-02
1.003327105024431551e-02
1.012448360200314881e-02
1.034284596802562475e-02
1.045750343011485339e-02
1.053143195198541840e-02
1.071032009766178031e-02
1.092714473234174775e-02
1.097991943510168156e-02
1.100926113348323077e-02
1.090467217710918216e-02
1.081788284079617142e-02
1.100222139472107306e-02
1.118170142912773904e-02
1.111091204560614443e-02
1.093717380734498222e-02
1.083972205422204828e-02
1.083001182014087932e-02
1.071538457454511081e-02
1.049831603656834270e-02
1.060872498284561212e-02
1.055589124136037220e-02
1.075625798156897538e-02
1.071897850153565555e-02
1.066440271516154448e-02
1.076208633719085914e-02
1.085267515234775680e-02
1.083292324986279836e-02
1.082787003695112257e-02
1.081130995345268297e-02
1.077743450988058113e-02
1.079811170159814329e-02
1.099003173872358310e-02
1.112978100354704812e-02
1.105786949177779005e-02
1.123056669210936373e-02
1.139175201191047065e-02
1.159153932892345237e-02
1.179840255078428400e-02
1.160708624789343751e-02
1.148404042380528692e-02
1.139119178951413305e-02
1.109751451511794065e-02
1.107830283831704593e-02
1.104726341824436089e-02
1.093946088517985457e-02
1.086468455757249804e-02
1.081982298674841712e-02
1.070795503773939658e-02
1.056952272771471968e-02
1.042347447781327707e-02
1.033476431231125647e-02
1.039548844756870219e-02
1.054747992968471139e-02
1.071582790495528847e-02
1.086468368361431271e-02
1.084877256115138883e-02
1.092827302612255774e-02
1.096860912969237212e-02
1.115542922202862955e-02
1.135542155474274055e-02
1.154346860244681756e-02
1.161469623051767167e-02
1.134308596740889533e-02
1.108382414605968425e-02
1.083504130960061262e-02
1.045513116777845031e-02
1.016831849752663358e-02
9.950399999785378147e-03
9.924432294909347335e-03
9.833981153679890314e-03
9.664445511075689388e-03
9.590647566164300225e-03
9.516726131129377847e-03
9.505802993733374062e-03
9.412972463156978400e-03
9.337296326052211409e-03
9.261332774849672864e-03
9.168560821536414496e-03
9.145926886885593146e-03
9.086449372791904899e-03
9.229884417200712177e-03
9.346486425476021806e-03
9.201677514364863322e-03
9.086397522757177353e-03
beta3
-2.194096447313941076e-03
-2.480573286897155578e-03
-2.795076869170430578e-03
-2.964129230270949687e-03
-3.335002520554899638e-03
-3.275787775412195880e-03
-3.293970047868544429e-03
-3.272888112994863305e-03
-3.231293982454322856e-03
-3.265559039734903211e-03
-3.301284325417318775e-03
-3.409407697909618701e-03
-3.558749521728673659e-03
-3.560132523158026589e-03
-3.629713806845488114e-03
-3.445228865972318425e-03
-3.506719741940405536e-03
-3.516934509326877754e-03
-3.728591153041947888e-03
-3.622123402563253228e-03
-3.414743739788303131e-03
-3.208696462345217264e-03
-3.056681247438254676e-03
-2.845586081424446821e-03
-2.637020172874184054e-03
-2.447512106153384472e-03
-2.315929657687867699e-03
-2.186385952033656228e-03
-2.000326860297375192e-03
-1.728527231678411149e-03
-1.593307022414617224e-03
-1.444306340612876681e-03
-1.309168179985211291e-03
-1.204203054009071131e-03
-1.115751101114322973e-03
-1.029031960365228227e-03
-9.192609488760064996e-04
-1.027074163785650623e-03
-1.254052766626887264e-03
-1.218295979916185403e-03
-1.325590380766636725e-03
-1.504614746188885025e-03
-1.672517527330914279e-03
-1.790218080574879772e-03
-1.896351869226584269e-03
-1.969599475655823585e-03
-2.084994896799221859e-03
-2.017034050901188660e-03
-1.908343750108745362e-03
-2.141254332698315499e-03
-2.252002375685951442e-03
-2.010559102994755390e-03
-1.851082858345292400e-03
-1.978761456716379881e-03
-2.123090639874989152e-03
-2.212722515420553326e-03
-2.343563283077877875e-03
-2.569667359076554386e-03
-2.845765869258583183e-03
-3.000540374159488873e-03
-3.092209039342783215e-03
-3.208955742851002813e-03
-3.201492844942589212e-03
-3.254889730799365860e-03
-3.447142508668943599e-03
-2.926182659716878610e-03
-2.454313424871868658e-03
-2.226942991918918081e-03
-2.022503133931282445e-03
-1.954026943968639567e-03
-1.904308377832389029e-03
-1.682659441919623269e-03
-1.430099764005664069e-03
-1.248441767168466648e-03
-1.155234765931008930e-03
-1.029080625974879495e-03
-9.507231565723207531e-04
-8.707101526594137730e-04
-8.678813342324091448e-04
-7.774922451315511955e-04
-7.589169702306562291e-04
-7.543687879047946288e-04
-7.157404556595884856e-04
-6.752215090815806477e-04
-6.488021649623074583e-04
-6.038912917339882671e-04
-5.775773253494693874e-04
-5.701736078666724611e-04
-4.770133579660857910e-04
-3.858062575948324941e-04
-3.588895873269567485e-04
-3.366956641790501111e-04
-3.293536639581971272e-04
-2.752704328541647687e-04
-2.025431370388766270e-04
-1.401641143638131736e-04
-9.888403830298563122e-05
-7.742270969807911810e-05
-7.868382416816263624e-05
-7.502187531972463318e-05
-7.306450937215105686e-05
-4.944240418842781585e-05
-4.447215959073005280e-05
-3.209458732101425917e-05
-2.783759603308639608e-05
-2.190028597962093555e-05
-2.534768384613171326e-06
-2.837064230554946724e-06
-1.163589231910887090e-08
8.433179491929046310e-06
2.140782590384044206e-05
3.738924328573134056e-05
9.244774207186886932e-06
-4.942870121115656367e-11
-1.171647226115472035e-05
-3.893143027721994491e-05
-4.822548023330679526e-05
-6.139886787743456130e-05
-6.096054805438632350e-05
-7.856735798461552463e-05
-9.702746554726168857e-05
-1.602862996891688430e-04
-1.453017227297898843e-04
-1.308209442320179029e-04
-1.390825394862206781e-04
-1.441439209044308156e-04
-1.451481205350930830e-04
-1.758828576047423561e-04
-1.673628037991286037e-04
-1.346657748685526354e-04
-1.334321985161952958e-04
-1.236374768176368426e-04
-1.127424232156961433e-04
-1.071964276455388758e-04
-1.033988462053250513e-04
-1.108111553986198145e-04
-1.256001392117397008e-04
-1.521200292911812431e-04
-1.259755736549725497e-04
-1.201836975492992174e-04
-9.686757744527344774e-05
-7.244166554924532015e-05
-3.881901900323468413e-05
-2.024443467882128261e-05
-6.623827961770265613e-06
1.455174085421524644e-06
9.612907436993887476e-06
4.745845565070789125e-05
6.525612140457232187e-05
8.730576898950293961e-05
5.683669016460901190e-05
4.231576054709970842e-05
2.914065578080962844e-05
3.832263775420006666e-05
1.918998254470740832e-05
1.891165188780855413e-05
3.944986263859127733e-05
6.439777716302512358e-05
9.434691516875662104e-05
1.049360922960266695e-04
8.451528581324884099e-05
8.253136316967205576e-05
8.190564426371184728e-05
7.588938570461683684e-05
4.842326123979645818e-05
3.095129665076181883e-05
1.121318038323501707e-05
9.526785477571097606e-08
-1.747945067041482728e-06
-1.932647290696089634e-05
-2.474114067217306694e-05
-2.502762274699313260e-05
-2.096236534372310228e-05
-2.623473450301796054e-05
-2.403753743238042545e-05
-4.293185976056338138e-05
-4.575796859450986456e-05
-6.478430525794364619e-05
-7.543251689152427131e-05
-8.611926907666064487e-05
-9.811778215687795752e-05
-1.195274627940064280e-04
-1.071601523101587452e-04
-1.145695925673220815e-04
-1.298331267329697015e-04
-1.267567620988674154e-04
-1.114888789466995082e-04
-1.008077048121237428e-04
-1.362444926243837416e-04
-1.110921200588572510e-04
-1.303417537189013290e-04
-1.471195693626478477e-04
-1.633266569870074820e-04
-1.421339634041869280e-04
-1.174180031470102196e-04
-9.962981492715869067e-05
-1.034525845995703294e-04
-6.946188717122246301e-05
-5.875391124496634319e-05
-5.468818942688025749e-05
-4.383118256013035751e-05
-2.703813489244889643e-05
-1.872714536274657128e-05
-1.663928732961891699e-05
-1.867633204888359641e-05
-2.716100017405194140e-05
-1.053103848783289683e-05
-8.584107856651064484e-06
-2.318694999567205464e-05
-2.729054130959877658e-05
-4.299389420575864694e-05
-4.474183258935996138e-05
-5.695610037153989099e-05
-7.483789054927848751e-05
-1.073088854499766012e-04
-1.271083056327007783e-04
-1.508188487328604053e-04
-1.631638093930529566e-04
-2.530889199349560656e-04
-2.895462353625116074e-04
-2.928436895457520823e-04
-2.563430686291303415e-04
-1.767308361418532350e-04
-1.113592048775530896e-04
-7.331595296118908469e-05
-9.134207671719353190e-05
-1.398061207055919749e-04
-1.824746787379310543e-04
-1.964384945852449161e-04
-2.585463976484824074e-04
-2.710168101612336813e-04
-2.783770411566009219e-04
-2.708129100216083570e-04
-3.499104163674222456e-04
-3.717809757824004050e-04
-4.014743845973518755e-04
-4.635400693727186397e-04
-5.066307557014367502e-04
-5.342211685384619206e-04
beta4
-2.923976105130313315e-03
-2.820389864440490078e-03
-2.637918483935827122e-03
-2.550974220427262070e-03
-2.470110151120756721e-03
-2.581141086269160556e-03
-2.716245832242210421e-03
-2.857260175712850875e-03
-2.795505621654686274e-03
-2.573779837837802606e-03
-2.360801782605098393e-03
-2.165833953350765773e-03
-2.127721984146322548e-03
-2.535692804070829864e-03
-2.709438381838552307e-03
-2.857399948194489989e-03
-2.779525046796928883e-03
-2.738104341018465088e-03
-2.608386868201693562e-03
-2.506520106669780142e-03
-2.364941460330964064e-03
-2.457739758095298793e-03
-2.585478283529310702e-03
-2.715068629593469975e-03
-2.638984398387792842e-03
-2.543630581341572387e-03
-2.319014221664712945e-03
-2.125586732243887108e-03
-2.178213132557909552e-03
-2.015782699170140004e-03
-1.929481184298757496e-03
-1.841136879547448490e-03
-1.989912088316648196e-03
-2.140890551804718132e-03
-2.096936605968035931e-03
-2.167830633060970763e-03
-2.265155424117849814e-03
-2.183587348434504194e-03
-2.205034545167072757e-03
-2.007706757258668692e-03
-2.064423211037181780e-03
-1.824226448695760207e-03
-1.514810352364952869e-03
-1.211984585167408170e-03
-1.001318962097604449e-03
-6.525209066946815410e-04
-3.458943437508269761e-04
-5.318718638000358980e-04
-5.612358709881179897e-04
-3.121731239778445456e-04
-1.611041420315441266e-04
-7.050374036352007219e-04
-1.240614575351119521e-03
-1.177752171119943311e-03
-1.686565716332006845e-03
-2.103803614795929887e-03
-3.201431061081958743e-03
-4.099594543428040222e-03
-4.661279533739520406e-03
-4.724539254385842074e-03
-4.995200112565496842e-03
-5.165423068422592828e-03
-4.930595679443349096e-03
-4.191705541953586606e-03
-3.740763176080244383e-03
-3.699584845518802227e-03
-3.978826333814950919e-03
-4.668626475309980983e-03
-5.472785770982922446e-03
-5.655392566406508038e-03
-5.929566561314938804e-03
-6.175714009795255435e-03
-6.099515288474976343e-03
-5.491881255550353988e-03
-5.007924363814574356e-03
-4.505159641510530361e-03
-3.906854263406930351e-03
-3.397970931227168884e-03
-3.052326950227204384e-03
-3.153537547986722499e-03
-3.208996959788795733e-03
-3.733083888015949724e-03
-4.390542869678523523e-03
-4.530417779790713896e-03
-4.789326636894696704e-03
-4.955230927130620244e-03
-4.981363037330674079e-03
-5.015053765657402282e-03
-5.043876206010083213e-03
-5.053033175568823546e-03
-4.855699223430469218e-03
-4.651165806355947799e-03
-4.639084009642240915e-03
-4.384402772133567938e-03
-4.171262454655651035e-03
-4.114589910386915253e-03
-4.289478138195544632e-03
-4.477285566739381238e-03
-4.654639294427853104e-03
-4.883725427047505216e-03
-5.101027249987526505e-03
-5.205494291465467827e-03
-5.021047996388335391e-03
-4.996835176494025810e-03
-4.879818435861831179e-03
-4.955557642864280229e-03
-4.950991821924920558e-03
-5.031192342288093138e-03
-5.262362563274603638e-03
-5.323010343248482136e-03
-5.286445886030866591e-03
-5.342843230650621764e-03
-5.017090042355723187e-03
-4.915446364668316775e-03
-4.775611338555130030e-03
-4.712397613102085707e-03
-4.732757570776948038e-03
-4.589368755328815039e-03
-4.490756613618083690e-03
-4.465510656740431794e-03
-4.454230162282257072e-03
-4.588135933055166246e-03
-4.771821874535581848e-03
-5.010000876695728730e-03
-5.170762407480390330e-03
-5.024622872537735062e-03
-5.085028155026895952e-03
-4.930811165285634359e-03
-4.747748027211591906e-03
-4.520405197887296736e-03
-4.327751448387265158e-03
-4.180104990069962237e-03
-4.077171493846525399e-03
-4.011251708785540208e-03
-3.947081581842781274e-03
-4.056992842316126287e-03
-4.129476218645004859e-03
-4.193902940225717815e-03
-3.917777951130671510e-03
-3.886280641430686980e-03
-3.815313980978901273e-03
-3.903097221835162556e-03
-4.005095045823890004e-03
-4.085806702124909415e-03
-3.799699482893216865e-03
-3.596781267391697175e-03
-3.439671690610877561e-03
-3.229814673994879128e-03
-3.036915736222327300e-03
-2.760416835481865460e-03
-2.953582705615462062e-03
-3.062072638083137427e-03
-2.921239081819649100e-03
-2.629741648231278227e-03
-2.865796027554244358e-03
-3.250590022255748276e-03
-3.144680664564690996e-03
-2.845290552991053441e-03
-2.572430192356099481e-03
-2.420046285195917579e-03
-2.277815544995192946e-03
-2.121186720697870037e-03
-2.084616020364879561e-03
-2.170732720939435624e-03
-2.389361797907428066e-03
-2.392407506457681389e-03
-2.389261641080537776e-03
-2.355155718764523863e-03
-2.268786976781245364e-03
-2.334350626727237608e-03
-2.381756028317103500e-03
-2.230671419896739383e-03
-2.046376236875951504e-03
-2.093448383679683000e-03
-2.049467990587122875e-03
-2.149631182551323821e-03
-2.379222739644530800e-03
-2.369724808237150086e-03
-2.392849100750554445e-03
-2.240673999168302233e-03
-2.130552663476146386e-03
-2.120183146041895034e-03
-2.189029859617957000e-03
-2.323039682799378069e-03
-2.508371603802947436e-03
-2.700272086144782802e-03
-2.779477536893320416e-03
-2.836561632441348454e-03
-2.975210805949602896e-03
-3.142512566375319123e-03
-3.384483199716723824e-03
-3.407727005601505522e-03
-3.437766039379873580e-03
-3.528928370629485622e-03
-3.589230981650767295e-03
-3.602591150567088351e-03
-3.620878682554648769e-03
-3.598330576963607377e-03
-3.583487905953714608e-03
-3.698201276842445588e-03
-3.714487540734500402e-03
-3.926152879723827233e-03
-3.961268612929648436e-03
-4.174498653961401101e-03
-4.430563460613573534e-03
-4.642056062289245250e-03
-4.887079367737853092e-03
-5.098488159247708748e-03
-5.346490147226153761e-03
-5.594697358370944937e-03
-5.979552803778598324e-03
-6.077269874793914117e-03
-6.171657539424672996e-03
-6.149776160149158719e-03
-6.214320207776587342e-03
-6.230367271564918666e-03
-6.387178391042583163e-03
-6.504960921067007990e-03
-5.936527516622041624e-03
-5.519103564271524501e-03
-5.075460239802100440e-03
-4.752786894403502813e-03
-4.373061138489840391e-03
-4.199812478541271529e-03
-4.187178504627579907e-03
-3.878656183869910908e-03
-4.151682497679692017e-03
-4.316861849345939896e-03
-4.311400799751181900e-03
-4.204156949701594835e-03
-4.172641980611260099e-03
-4.211231298330599115e-03
-4.353815753566778884e-03
-4.390700399480251814e-03
-4.184610683657868230e-03
-4.244097603242241376e-03
-4.286646627893958041e-03
-4.238462685468241328e-03
-4.327544725039855419e-03
beta5
4.789637540719900188e-04
5.142488288550052739e-04
5.149436771173352030e-04
5.192190406456717415e-04
4.932912617239501064e-04
4.319553386010657314e-04
3.966253933523120447e-04
3.390240965784180587e-04
2.208596201425337409e-04
1.525128838143377345e-04
9.393202454529049074e-05
4.645163769138109760e-05
2.337495694219427517e-05
2.923425924289880693e-05
2.842370572571040630e-05
1.318108774120036077e-05
2.477807575036802682e-05
5.428198592842267483e-05
1.078820263012939554e-04
1.493787957921232572e-04
1.813652455024720393e-04
2.555675091349840109e-04
3.523824179633941347e-04
4.488215409512250217e-04
5.476025570669895487e-04
7.000243645475770667e-04
9.569107633270913663e-04
1.167017716939229999e-03
1.357517997857532639e-03
1.295402505413040598e-03
1.370140791293623667e-03
1.430501148752209807e-03
1.512455068551583036e-03
1.611381987513222074e-03
1.722187442772890858e-03
1.957785016724028059e-03
2.227718392649539678e-03
2.508999670071562511e-03
2.801446000491434121e-03
2.287063936286253159e-03
2.203130735036010115e-03
1.905904989124982589e-03
1.726923638982750826e-03
1.341782336298065481e-03
1.124251813719479975e-03
8.925241224687862057e-04
6.694070521948405818e-04
8.376406927679559125e-04
1.035694497602172555e-03
8.547936977440253855e-04
7.852532392230693846e-04
1.401820479390703152e-03
1.934571999952834674e-03
1.711001291322638510e-03
1.593611010749530592e-03
1.451086226893318456e-03
1.238936567456515314e-03
8.612892872984546661e-04
4.444459465253497617e-04
2.916990951099036498e-04
-6.943352062753894820e-05
-4.666020228222720560e-04
-5.963627589120238477e-04
-3.772252395394711790e-04
-2.625441851129031137e-04
-1.484702556003721324e-04
-1.216230816073948572e-04
-6.066179610082554456e-04
-9.881373386452978278e-04
-1.119973187995254582e-03
-1.141825996979007989e-03
-1.207327469354118298e-03
-1.267082825835025035e-03
-8.304397917467407422e-04
-4.327566097012499518e-04
1.260710421011748409e-05
4.132118870189375472e-04
8.008176816198753429e-04
1.238337625868569589e-03
1.528969193665930763e-03
1.804600894296047543e-03
1.911241723470594352e-03
1.523222034700347271e-03
1.714894508734919869e-03
1.924588325761208019e-03
2.159127754333569835e-03
2.278569136639557995e-03
2.523266548242389124e-03
2.267234613791560029e-03
2.027371980979623955e-03
1.822649569722788448e-03
1.688876281410948976e-03
1.508903108354105443e-03
1.501740129583649472e-03
1.542255999570652132e-03
1.865466449846108366e-03
1.957339446842246145e-03
2.007664552132744189e-03
2.034420630575648446e-03
1.996613942843662032e-03
1.889556513581415378e-03
1.856084258260737915e-03
1.772775257233887057e-03
1.727659775917270851e-03
1.665884013977412615e-03
1.590347404408037641e-03
1.495806850714367139e-03
1.418448907731675738e-03
1.282271224731883251e-03
1.265640483095098381e-03
1.262843257202511931e-03
1.235535430639214454e-03
1.201915475925568501e-03
1.173182857940349884e-03
1.120284014701688254e-03
1.074693011364046252e-03
1.004614146648799035e-03
9.815021385377034266e-04
1.001290679732734458e-03
1.008203585278746092e-03
9.891873003324408702e-04
8.918146803470549484e-04
8.371072921894578706e-04
8.011959268425343506e-04
6.383590941038080977e-04
5.876251955461488661e-04
4.954320729129017050e-04
5.494579676988819040e-04
5.979249740673384019e-04
6.146063486071092884e-04
6.588034372519385555e-04
7.253199953501496180e-04
7.724050513520588782e-04
8.449128680980146598e-04
8.826026729203588841e-04
9.581849691864597653e-04
1.017838312888407534e-03
1.091659819836107454e-03
1.072219456148117232e-03
1.066212063267412552e-03
1.003037824743841823e-03
1.136297335994050813e-03
1.278654743421719095e-03
1.483783925588287676e-03
1.366908729863885487e-03
1.268581403332693161e-03
1.142776254574265609e-03
1.069822281563813284e-03
9.768537353630844106e-04
7.091566553973866014e-04
6.726134994336724435e-04
5.767417893777400124e-04
5.191009504381261918e-04
3.695118886937118208e-04
4.028457984568790473e-04
3.225095516930062862e-04
2.649980703290303187e-04
1.901967939590819712e-04
1.629116385743356479e-04
2.430995713194672512e-04
1.828166588607790105e-04
1.500889957053707106e-04
1.660667520248004835e-04
1.673573467515543942e-04
2.524425453961003725e-04
3.269833135963319364e-04
4.320929673675436228e-04
5.460528314050331396e-04
4.926869300567499228e-04
3.621991833931675203e-04
2.906281454670364976e-04
2.496577683836674827e-04
2.382504426359659028e-04
1.987121954203624323e-04
2.042060984686769678e-04
1.940860069986639891e-04
2.171444043171441975e-04
2.064902609027660359e-04
1.802041646855511098e-04
1.322989058833134166e-04
8.725579690265739224e-05
3.687082013948554443e-05
2.507041208750039661e-05
1.604020127890991323e-05
1.743389120983382330e-05
5.226022431419789712e-06
-7.313595673681269900e-06
-2.683099252075617366e-05
-7.475531133549979175e-05
-1.372220587704601731e-04
-1.730938382584617803e-04
-1.894298119986029781e-04
-2.031467435115009523e-04
-2.159181478054445348e-04
-2.139369199221874906e-04
-2.612768084002662803e-04
-2.478008011673480185e-04
-2.577625596124354687e-04
-2.733679925423138004e-04
-2.362098712782672270e-04
-2.160747529988453703e-04
-2.059345810361408696e-04
-2.125975667501622877e-04
-1.957937850193952058e-04
-2.008973207886971307e-04
-1.646595598962049439e-04
-1.224515090254589468e-04
-8.747014796022636104e-05
-4.967620658441899485e-05
-1.807532562547136247e-05
-2.149161071969771862e-06
7.504535220168693139e-07
6.635484689493733049e-06
1.814377006055931709e-05
2.429234669114518355e-05
4.567504058899485124e-05
9.004504366608616437e-05
8.786688969439117325e-05
5.457639094840918508e-05
4.071237624212548713e-05
1.969775025414683810e-05
6.768751920552248086e-06
1.945592493046172862e-06
1.028730813786132190e-06
-9.913162122616343511e-12
-4.225572360615332633e-08
-6.388797977552126887e-07
-7.984311720990361507e-08
-8.167137450512685137e-07
-1.824235715182264658e-06
-6.608945302494124830e-08
1.512601122719004525e-06
2.090450577965041905e-05
1.674267440779999110e-05
1.597313035810269916e-07
-2.606898485591952668e-06
-9.971183112254954450e-06
-2.912323547206146634e-11
1.668246276918919062e-06
