1.511273636161767839e-03
1.026422386416037764e-03
1.545677905230266038e-03
1.034725193526599921e-03
1.634011880605269361e-03
1.758531141151548809e-03
3.034362436344211714e-03
2.228416279955178388e-03
2.751695957656387533e-03
1.695444639187823491e-03
1.350474803395657671e-03
1.807543976934448482e-03
1.913903780175383934e-03
3.501949973769593900e-03
3.566565787262131193e-03
3.467395334788694883e-03
3.379917680430851498e-03
2.358395736642338817e-03
1.792824325665030904e-03
1.612835803886059245e-03
1.927764900493476657e-03
1.713708467833092563e-03
1.843296986847303004e-03
2.078805936052985099e-03
2.127996302450415461e-03
1.977634902537482066e-03
2.158559217754142407e-03
2.614123627899861760e-03
2.402194132435011599e-03
2.257453716731802791e-03
2.331309978067924987e-03
3.639602628494215467e-03
1.625740758265138263e-03
1.745965987249829560e-03
1.924537641087509503e-03
2.043660088314615698e-03
2.085422395895526401e-03
3.232867886606835203e-03
2.032657943220146299e-03
2.310150136956556303e-03
2.224704166002553808e-03
1.735896969813259440e-03
1.649114916029395051e-03
1.699991318256156327e-03
1.587846997360108960e-03
1.687125100428044826e-03
2.184484863073423485e-03
3.086123718118566860e-03
3.377695672362780472e-03
3.827400790249147703e-03
3.030812468120557858e-03
2.781563174856209724e-03
2.541110827874277882e-03
2.200970461330260461e-03
1.389247354174340601e-03
6.622210263582430090e-04
5.699952815892290461e-04
1.092547653726294804e-03
2.725184718512267332e-04
1.969804373104993374e-04
1.654931150697967724e-04
7.996674967215365961e-05
7.215056393583714738e-05
5.853806534722776555e-05
-8.363270369930692972e-05
-1.762000480261021655e-04
-5.575285309477073011e-04
-1.758237096706436484e-04
-2.494215174273355117e-04
-3.775733511416757659e-04
-3.793319570580913646e-04
-2.470015583769662485e-04
-6.346618902742013789e-04
-4.907605753547281862e-04
-4.451937073047970120e-04
-5.419296339818312474e-04
-7.316548807359381582e-04
-9.885339786753391100e-04
-7.476817598382514947e-04
-3.936354853113817743e-04
-4.698520581788838434e-04
-5.306941506486895525e-04
-3.989216368409858682e-04
-3.658882502745695463e-04
-2.282483207213983466e-04
2.406589681117119026e-05
-1.543038595746613439e-04
6.187822475432769049e-05
1.526544293897269598e-04
-5.111338128608444850e-04
-3.909424677929235095e-04
-6.640618726584503542e-04
-1.532458079159176824e-03
-5.171272262906542218e-04
-2.718409431345511691e-04
-2.290226235485548891e-04
-3.185152851598269672e-04
-4.441442445466619411e-04
-3.792598770462337157e-04
-4.913024024172374382e-04
-4.462293645977416187e-04
-5.531657246899229731e-04
-1.514070978068394460e-03
-9.869952097587776814e-04
-1.774248240848460504e-03
-4.087923738098227754e-04
-4.028543249946858962e-05
-1.365357065711961032e-04
-5.332264422290704546e-04
-3.014570457427060476e-04
-4.515190816168949896e-04
-2.162400797554439718e-05
-1.216582914442009461e-04
-1.973407837124161487e-04
-3.035330757859526366e-04
-5.935771063440162471e-04
-2.114015583153510953e-04
-4.923579786757624087e-04
-7.474397075939318231e-04
-2.188230906576099123e-03
-1.163697911499591946e-03
-1.092901194836106088e-03
-1.001091576402726073e-03
-7.838911736064526660e-04
-7.781780932526497722e-04
-8.507039159521697595e-04
-7.240634458974815318e-04
-5.196141386147940704e-04
4.584508413278739081e-04
1.356538291762883399e-03
1.418299410967191520e-03
1.757783248866903172e-03
1.200562990704164392e-03
1.546656214092175180e-03
1.478782878117976219e-03
1.312231412171124345e-03
1.303428106307231819e-03
1.237096170467894387e-03
9.651840950837025290e-04
1.322226527524320797e-03
2.478671639294496246e-03
2.043883035477188272e-03
1.415741013185111514e-03
9.728843956333086979e-04
1.156868162051211991e-03
8.228586035565437070e-04
8.666441370137881921e-04
1.182302471885703131e-03
9.683350917044688524e-04
8.306388834687126544e-04
8.603017449881992249e-04
5.872901337614878578e-04
5.016440348104512711e-04
3.875350188698333713e-04
4.926935063345590183e-04
5.694013878862320098e-04
8.435187864975990596e-04
5.236288970540361369e-04
3.389804300845896431e-04
3.829239510612542389e-04
1.266034312252624014e-04
1.931297536266582849e-04
7.681022322473190318e-05
-2.025643632001272211e-04
-2.239512725187348032e-04
-3.023748036412742435e-04
-4.203332079100110955e-04
-4.909345989631444356e-04
-3.250625492911056957e-04
-9.841075097922584447e-04
-1.455077120457029700e-03
-1.193249615219557115e-03
-2.008192888123526334e-03
-1.362781529347348915e-03
-7.953697001907264518e-04
-2.782331844520814475e-04
-1.932887318912796949e-05
-1.822325449595226099e-05
-4.404416833115755285e-04
-8.105611077824149719e-05
-2.812970657619879374e-04
-4.885521204011332441e-04
-6.514795234424524155e-04
-4.006628081910916126e-04
-9.410863772293534622e-05
-9.010690904943415144e-05
-7.242495380438604934e-04
-9.389950265948598636e-04
-9.031017529141454302e-04
-9.436857963720658281e-04
-9.634674380684199414e-04
-5.292186753409418342e-04
-2.809223455670612586e-04
-6.793311897606544875e-04
-6.200312628610777938e-04
-9.273185086584412144e-04
-9.146426218029501823e-04
-6.249428910760051591e-04
-3.989893235591215914e-04
-6.258998903678577490e-04
-9.461267534401851748e-04
-1.204950447223351005e-03
-1.802141438846437214e-03
-2.675722594027513980e-03
-2.792870587061911918e-03
-3.094328778140429184e-03
-1.532460209937584923e-03
-1.301661257075377876e-03
-2.013762295984694323e-03
-9.890053647568950931e-04
-5.032546031485860515e-04
-3.296146125049961503e-04
-2.913891946246943698e-04
-2.812816951763604119e-04
-2.212230028031053424e-04
-3.352316640755893481e-04
-2.674952840255226372e-04
-3.141234333272542069e-04
-1.339861168712193004e-04
2.156528264322035970e-05
-1.883064440618145100e-04
8.461733786061682307e-05
2.000765932095392296e-04
9.220917331840701426e-05
1.846357352607182461e-04
-1.080533228970369795e-04
2.891619366519169077e-04
1.523914222758915825e-03
4.591480254217436920e-04
4.410286791146536111e-04
4.490339130676597240e-04
6.146627035101125559e-04
7.194425935422887105e-04
5.082460474070478636e-04
7.617628898095003083e-04
1.164048218777538396e-03
1.446772922517806752e-03
7.162148492824950896e-04
4.871945846307516718e-04
