beta2
9.946176583182673309e-03
1.004696062736637995e-02
1.020131825689109956e-02
1.026183383279821899e-02
1.038083583896751150e-02
1.051594432462541265e-02
1.069377401079421759e-02
1.074779137323487663e-02
1.080743551900459516e-02
1.085380136467922405e-02
1.072601492236055672e-02
1.061865995590432002e-02
1.046135610923277365e-02
1.024883155142968481e-02
1.026482062230543897e-02
1.021434983713626066e-02
1.015683213446207100e-02
1.017553213822961281e-02
1.016256943850833011e-02
1.023163800411036259e-02
1.027001081086833557e-02
1.018115258911126385e-02
1.024252012094972047e-02
1.026261492280796002e-02
1.031296729381096094e-02
1.026951986116574761e-02
1.035210638306795911e-02
1.044389499803295013e-02
1.049837298976507086e-02
1.054996299867007672e-02
1.053967338823246641e-02
1.027854848275767258e-02
1.035503355512695789e-02
1.026850144313889122e-02
1.040952000119932733e-02
1.040907104946183978e-02
1.038428724014461152e-02
1.033476058120774352e-02
1.027264728406838447e-02
1.023314300020633158e-02
1.023952910326815166e-02
1.022098857538557282e-02
1.029541311135574559e-02
1.035784343891531234e-02
1.043684506327841391e-02
1.039643605279313814e-02
1.044771202914435149e-02
1.030321033840273307e-02
1.024694320782595057e-02
1.024391122047116007e-02
1.033235645240569364e-02
1.053953359046596976e-02
1.078189732670910631e-02
1.102065426089255014e-02
1.133237503058463942e-02
1.146018789083261616e-02
1.179625717768852458e-02
1.202957566081889335e-02
1.206769528854635502e-02
1.206850085244346935e-02
1.215562313556776616e-02
1.218172587791715479e-02
1.223093615936263374e-02
1.215027429962595336e-02
1.205541558429439400e-02
1.188558950513983643e-02
1.171452655133306889e-02
1.159979143212618372e-02
1.138058902294330696e-02
1.118185033815724191e-02
1.119804381723762607e-02
1.116723185555558093e-02
1.110110854160857759e-02
1.096591997334917662e-02
1.078396813839127902e-02
1.077509425891859732e-02
1.082358985331306235e-02
1.050467110114878221e-02
1.013853448395788878e-02
9.726678572369553549e-03
9.694510418629863346e-03
9.832152073781156784e-03
9.845388946290209442e-03
9.835253041872576985e-03
9.851169742140897245e-03
9.970101888202220417e-03
1.012678461388925866e-02
1.012167520706811971e-02
1.006371878564123884e-02
1.006148856316357344e-02
1.016491566804125432e-02
1.011351318992454937e-02
9.999404126694654699e-03
9.991782319545415569e-03
9.948450029244215731e-03
9.826500483532289026e-03
9.821332103408554615e-03
9.864837352072429802e-03
9.943715950054346497e-03
1.001447594888525694e-02
1.012321678340515584e-02
1.006395749980123003e-02
9.901787276383647307e-03
9.784691750703686589e-03
9.656932959174278214e-03
9.516442465826859681e-03
9.616527436075231194e-03
9.495985551803249117e-03
9.335662348777659311e-03
9.215757126345206635e-03
9.079834278232574302e-03
9.092399356331028193e-03
9.084025517069877279e-03
9.089963751375332995e-03
9.248212688885364130e-03
9.361090653053849575e-03
9.483427935897095068e-03
9.708138701695193107e-03
9.710358261250259804e-03
9.694920434926555808e-03
9.596143843967400860e-03
9.594604448193697066e-03
9.622302913786804149e-03
9.631045873266658175e-03
9.591115478264022887e-03
9.567816770290882983e-03
9.518828754445280566e-03
9.534487632784168290e-03
9.466551719747095389e-03
9.557969498003134751e-03
9.535606355126385186e-03
9.554288503743424768e-03
9.595880958559944302e-03
9.739260267773209440e-03
9.881455428299315211e-03
9.895610262441449645e-03
9.696139577189510916e-03
9.515131067297011302e-03
9.465572431993685837e-03
9.446934897359558769e-03
9.427430348143941291e-03
9.409215270612270726e-03
9.494777349786024181e-03
9.471248387452630563e-03
9.539155980948888641e-03
9.704202506841180451e-03
9.895441365883449886e-03
1.002047512899084669e-02
1.003868782009197450e-02
1.012114122706925246e-02
1.018657837540886194e-02
1.031314592964346216e-02
1.039497829696535425e-02
1.016017742330169518e-02
1.007900813556482367e-02
1.009994196016952318e-02
1.016494133762116739e-02
1.036407445238742009e-02
1.061380818404585730e-02
beta3
9.838186975761105998e-16
1.448653437662493666e-14
1.390454020705139698e-15
6.866185687586448939e-16
9.378135193413194904e-17
5.655049435276937866e-16
5.285795148979601427e-16
1.396932069886507197e-16
5.017250249523470606e-16
3.524242829354563606e-15
7.196980816973438403e-15
8.355089980891534950e-15
7.293044535366463291e-14
1.536171330617121072e-13
3.355745783443000199e-13
1.258880907126771768e-12
5.888205317664896892e-13
2.595929265571520134e-12
2.432407672606259672e-12
7.827526126121412608e-12
7.515687052437572191e-12
2.388742121356561210e-11
2.256221340158940391e-12
3.226318757978628774e-12
2.230802897481492119e-12
2.280004533501662337e-12
2.571242247760492041e-12
6.026072096654805660e-12
4.787891627401029495e-13
2.017416370590683885e-12
2.324725083816706018e-12
5.187190221750104674e-13
2.253704541971783551e-13
2.524401730307938437e-13
3.048955013501630009e-13
2.665151862137425364e-13
1.006620586935149785e-13
4.169408842457105132e-13
4.396094090915015097e-13
1.682416632421631654e-13
4.931628447868544559e-13
1.061444930089807487e-12
3.732529214214309504e-13
2.872214963688719098e-13
9.632808653502305388e-13
7.441850128747550563e-13
9.642731647795911213e-12
2.102696568623780877e-11
8.785465559728709464e-12
1.631494987696875609e-11
1.287543950377303657e-11
4.222292417004971377e-13
5.867692550765313187e-13
9.182065382076156563e-14
1.626441143136321689e-13
1.404357344787716019e-13
7.099785067402968849e-14
7.506060660944468663e-15
2.038741082865549737e-15
3.276839121479735006e-16
4.640575899757306264e-16
9.247716880650176090e-17
3.912687268640151766e-17
1.994639170857733547e-17
3.631740865480328175e-18
8.476386674576742818e-18
1.143513492992352902e-17
5.160692913350487105e-17
1.520651343758504535e-16
1.295570343140077996e-15
1.246079025688924164e-15
6.454121514050038480e-16
2.731180881024909957e-15
2.110695399429987453e-14
1.051316733760237885e-14
7.620851224849235023e-15
2.860735272661377355e-16
2.347224019683209606e-15
3.177748597062565457e-16
1.215653703838415398e-15
8.295350145022258855e-16
4.195202798421328204e-16
3.919732756574223943e-17
8.185425154147547639e-17
5.846744151852940087e-18
1.951500104302956213e-18
3.092837794691390293e-19
1.082122451694476868e-18
2.826461279137548575e-18
2.306841267253268160e-19
6.107543951805056203e-19
9.985685023403965640e-20
3.250795235237125457e-20
3.487353042965564801e-23
9.108269080894232710e-27
-2.913634690032467969e-21
5.497932572326932817e-23
2.592083031406315878e-20
2.567870360166343167e-19
1.239816176816833987e-19
4.134089009766944313e-24
-7.447712982319034274e-24
-5.319555222654927932e-27
-9.890924737944640246e-20
-7.266882958285252615e-18
-7.776647994869138084e-18
-1.035089545527061248e-16
-1.186526322062215967e-15
-1.758264151477703063e-16
-6.684396947838542091e-16
-1.123921406421509673e-15
-4.736348019847879318e-16
-2.268604432801167485e-16
-3.932870106922395185e-16
-1.048264048512051210e-15
-1.966068437955635707e-15
-4.139364220814959585e-16
-3.195226985162497858e-16
-9.730945305790522041e-17
-2.039159273970454792e-16
-4.843029017362833170e-16
-3.247319786351916410e-16
-4.204420339255002404e-17
-2.489485716924769069e-17
-2.366779733670540454e-17
-5.436962836869070643e-18
-2.944256926326955024e-18
-3.987284080441361989e-17
-1.020385574530112693e-16
-1.539097023382786946e-17
-1.884383352806808975e-18
-2.368411640624127046e-18
-3.303708313371559219e-17
-4.461030115974310851e-18
-2.265173695442321438e-18
-1.582124214535829657e-18
-1.023455193355938488e-18
-2.495157117092049177e-18
-1.845960983845254763e-18
-6.071389647796228733e-18
-1.212761414275144029e-18
-2.331006018621572153e-19
-2.417475463344597878e-17
-1.061349054399011868e-16
-7.785391107143534923e-18
-4.172714174443854029e-19
-2.280452701493230269e-21
-8.679462127947207136e-20
-5.696695329078918767e-18
-9.426203208394141877e-18
-2.767878984006676809e-17
-9.402235959332365360e-18
-8.172050192765871665e-18
-4.859261084762984967e-17
-1.036955263263472952e-16
-2.363850199530059998e-17
-7.831338616762611002e-20
-5.539948045705079123e-18
-2.347227530258053355e-19
beta4
-2.008961340186481495e-03
-2.139040281233036030e-03
-2.271834309259811689e-03
-2.122255069403944372e-03
-1.942648254200459237e-03
-1.996768069952823375e-03
-1.965756180045742565e-03
-1.946756520160082549e-03
-1.864855870803381558e-03
-1.946228829643520701e-03
-2.019664152675498987e-03
-2.078451987428574059e-03
-2.073242909849120838e-03
-1.883679092356029157e-03
-1.933980188289741511e-03
-2.000746536948986003e-03
-1.989834142402932549e-03
-1.944913722866562118e-03
-1.966652664542899599e-03
-1.998927919277060893e-03
-2.017433007309798500e-03
-2.016537901630075392e-03
-1.993508413740919735e-03
-1.934531061523869517e-03
-1.960587428016882534e-03
-1.910813110079726939e-03
-1.912255522580955797e-03
-1.891329624611275649e-03
-1.839021245093552370e-03
-1.800263539248756839e-03
-1.796272367208240394e-03
-1.633466337864387160e-03
-1.773988330534050214e-03
-1.874550819306540148e-03
-2.065297800358045256e-03
-2.209312147553096645e-03
-2.260374088215907993e-03
-2.344445105150734163e-03
-2.389641986938737840e-03
-2.411073489781764313e-03
-2.468305178553505813e-03
-2.497273164879874885e-03
-2.627239178349121025e-03
-2.692604303959372780e-03
-2.851061846833679789e-03
-2.895923103689102343e-03
-3.325140980167725930e-03
-3.263794124744302978e-03
-3.291182659138911989e-03
-2.923837789737812349e-03
-2.102808215209037504e-03
-1.761201435284037546e-03
-1.443280116033970970e-03
-1.255625629822933404e-03
-1.198984938296948329e-03
-1.205327529506125539e-03
-1.283948334950026299e-03
-1.279324016709280747e-03
-9.845638409254238443e-04
-9.750162981689792976e-04
-1.155268694460002184e-03
-1.210109431604271864e-03
-1.292694327577950057e-03
-1.257819366993457840e-03
-1.199960812284725942e-03
-1.284424652229609670e-03
-1.294452008943314811e-03
-1.352601620110404582e-03
-1.429938292757506994e-03
-1.444688611355793208e-03
-1.445072257172344988e-03
-1.498208524783307960e-03
-1.420391946800679539e-03
-1.098952665567422618e-03
-8.401747482288010301e-04
-7.825313786234876440e-04
-7.057210975105185141e-04
-5.559457813821773496e-04
-4.417561484339197408e-04
-4.235371396422553131e-04
-3.860252379687957830e-04
-5.435432001551695211e-04
-6.686398973899979840e-04
-7.255569524369810935e-04
-8.131288197730045632e-04
-8.319357504135028308e-04
-8.790242806001850743e-04
-9.972400100338679827e-04
-1.100136452187241466e-03
-1.080326040998630648e-03
-1.200766903501771692e-03
-1.520297089981903754e-03
-1.764058937960410935e-03
-1.925262289696858366e-03
-2.168243328409247966e-03
-2.597478301799626375e-03
-2.796560298293077323e-03
-2.974128203952249548e-03
-3.179760957744021902e-03
-3.361225144727498886e-03
-3.625234221533847438e-03
-4.306133796017182908e-03
-4.665908787868476917e-03
-4.906395220441084684e-03
-5.173217586108452490e-03
-5.423616998152736707e-03
-5.435524779561202655e-03
-5.456307364057813927e-03
-5.491511959782780297e-03
-5.250666863457246862e-03
-4.889001595075066070e-03
-4.538214934358656034e-03
-4.132797951382998977e-03
-4.033324338321086014e-03
-4.006894684428916747e-03
-3.935044242690938915e-03
-4.020225574121075000e-03
-4.027335455051096573e-03
-3.699827151851158968e-03
-3.346681658191882729e-03
-3.040943229812366564e-03
-2.779677726309906245e-03
-2.564062871105594540e-03
-2.685354597357285204e-03
-2.693763886363462721e-03
-3.027521586082135979e-03
-2.998712703867998340e-03
-3.027946746822390497e-03
-3.044472090799873153e-03
-3.001043338415656722e-03
-2.988424528315393978e-03
-3.032794878635868604e-03
-3.057635474640634475e-03
-3.144972223731264636e-03
-3.206507464242256116e-03
-3.278490654792866853e-03
-3.319690462578686434e-03
-3.351041570776489356e-03
-3.136130222989330554e-03
-2.944864727599492103e-03
-2.816995057538469738e-03
-2.748597989340170744e-03
-2.695812844400942952e-03
-2.628988498505373771e-03
-2.594480093322007377e-03
-2.531315661573827532e-03
-2.554150667718761616e-03
-2.592738361401073811e-03
-2.613681343955790142e-03
-2.577302266456948151e-03
-2.503392131707596335e-03
-2.341176629117363607e-03
-2.164305595230501221e-03
-2.072583446795750808e-03
-1.865275290225150342e-03
-1.818434200790270978e-03
-1.692796025044746543e-03
-1.483288012364493251e-03
-1.241746008528396908e-03
beta5
7.002574625564206557e-21
6.733331528024499368e-20
7.603943080844714213e-21
1.122368169815201498e-20
4.054687655880316198e-19
3.011962382893044287e-19
5.477611613960802156e-19
3.716585296872077937e-19
1.204037115027905771e-20
4.662432830269667067e-20
6.236271751296761482e-20
1.354736312199413318e-19
1.349937334281214833e-19
2.123128723655600991e-17
8.649370533967349690e-17
5.161624653134927712e-16
9.047810220746751363e-17
1.319243846690763755e-17
4.792838728601484932e-16
8.195539973604758927e-16
2.581353705197725966e-16
1.315618941499999498e-16
1.132617886462467101e-16
4.910225960780907934e-17
1.646210529724220080e-16
1.751419171625188430e-16
2.506835531330209051e-16
1.965679857451289072e-15
7.680782366344230530e-15
1.378708843262590737e-14
3.141547525076128776e-14
3.749393001672338324e-14
4.268845752423757437e-13
1.389056384289296832e-11
4.446336695512916689e-11
8.504753497874165058e-11
8.971968562945940506e-11
6.632918360787567624e-11
1.424888671281331098e-10
3.375120977213525418e-10
3.010816573923158695e-10
3.714634463876985334e-10
1.106658730484774482e-09
8.848910381481279097e-10
2.028182680314266456e-09
8.509654868740389480e-10
2.632982801801400648e-09
3.121948243284011232e-09
4.687253059345420036e-09
3.757862506592610104e-09
1.382971822393753235e-09
1.924754240577110124e-09
2.378214621868503091e-09
2.236341120598182462e-09
4.230091704540240468e-09
4.555426638943187204e-09
3.760680798930045735e-09
5.838671416375884521e-09
5.299927298949183133e-09
5.131398591087383103e-09
1.065375283147413712e-09
4.329932541525381538e-10
5.536653455614783064e-12
2.878629620184790620e-12
1.976552169946137430e-12
1.976566909560801720e-13
1.100786127068941263e-12
1.786526288363707361e-13
5.400337228400702423e-14
3.065857561665846948e-13
2.753381672976946604e-14
1.758967084064251514e-16
1.724646293784218821e-16
4.880760710027131612e-16
1.011253708580170412e-15
4.070766767322355101e-17
9.888360571180875184e-18
1.475808963365900177e-18
1.119269823540768665e-18
8.336834966094689019e-19
1.296566826297453446e-20
3.090011654814823631e-25
6.343921257916627036e-37
-2.439198316333581600e-38
-5.943654486154252172e-23
-1.975394154188987701e-20
-5.478836953237647324e-20
-2.384956319044166632e-19
-3.965931109968548233e-19
-1.739321656984194185e-19
-4.159674072585746431e-20
-1.442224140976846413e-19
-3.442192512493172023e-19
-2.212651195448273714e-19
-6.809354620778829710e-19
-1.000252097558052779e-19
-2.516406794243216804e-23
-4.901335784005580807e-22
-5.122178188897219461e-22
-1.931874513219832748e-28
1.427578000801693238e-25
-1.095108046370354902e-23
-2.953104953400204528e-22
-1.962721809047549061e-21
-2.092601189566438368e-19
-9.082176155648422147e-19
-5.811603320263381824e-17
-8.741660043217995586e-18
-1.841422220352149949e-20
-8.809892046634294889e-20
-4.470741097466200408e-20
-9.878449277592661267e-20
-7.776132773948499969e-24
-3.217472233668104706e-51
1.936152207032920331e-51
-1.696611386233934815e-26
-2.796964639954738298e-51
1.601812817891691805e-50
-1.267959921887127161e-28
1.420606349388281427e-50
2.521672329578008686e-19
3.209650458195852976e-19
7.695628634711276400e-19
6.636290942080394675e-19
5.599456062241633911e-18
2.968559258109613364e-17
1.084099261986830677e-18
6.097368519596519381e-21
6.346935329353067241e-22
1.352954670296273668e-21
6.209309840598198427e-22
6.311309860505336191e-22
4.351122282090207787e-23
6.022409897132543374e-21
2.230796500133171975e-21
7.730843521156396873e-25
3.944720423490877086e-23
5.313216913673249761e-24
2.182493494538179256e-22
4.114645063405657384e-31
6.313780857651834141e-28
-1.272507364036311421e-51
9.507230172742721185e-36
1.448916039819983962e-29
5.344944376514154232e-21
2.109476163805653428e-19
3.310776644840555875e-19
1.671472452426616004e-17
3.510657374229272051e-18
2.531920430309043397e-19
2.086238525563806852e-19
1.843263506586653207e-19
7.987768212927919398e-19
1.261130597580228196e-21
2.181650746850553429e-20
-7.551658144946275081e-51
-2.776571210750435582e-22
-6.762275867870654601e-20
-4.446579438756057977e-17
