-7.317967431797394545e-14
-4.042824294932460278e-14
-3.295386250859032734e-12
-1.781347356113112466e-08
-1.825779113747776720e-07
-2.180576370371167584e-07
-1.431501500951518857e-08
-1.611495015401179335e-06
-1.397368447894026285e-05
-2.542046857031735708e-05
-5.950487796971906673e-05
-9.200228953425281940e-05
-8.034170826011584798e-05
-1.915569559878707546e-05
-3.134536306493297507e-05
-4.408341688830965142e-05
-8.161548990084480950e-05
-6.405584193575938727e-05
-7.085501532188366635e-05
-1.254456634209160650e-04
-2.256899051632227230e-04
-1.620727951241862760e-04
-9.819607980295031943e-05
-6.974430267899788829e-05
-1.497750348698891705e-04
-1.274658516582073361e-04
-9.087974139517776204e-05
-9.366515837197356750e-05
-1.489376759235383051e-04
-3.649441075574064706e-04
-3.880621765550691204e-04
-3.493480086048315046e-04
-2.380775272982662259e-04
-1.544735736969156262e-04
-6.816892349276298924e-05
-5.547548374740827391e-05
-2.405221316780251108e-05
-4.624397495082608638e-06
-2.042143073355530404e-06
-3.477203190138842256e-11
-1.391092406274867265e-10
-9.350531627223490033e-12
-8.714760941093733026e-16
-2.737521918344591884e-31
1.715800838464995545e-13
-4.531573402950118356e-20
-1.813316655289434380e-23
-1.200337419151037328e-15
-2.580736619419427424e-14
-4.256421826090626810e-18
-1.627011765838627583e-13
-4.171246767239357539e-07
-2.454056137665912272e-06
-2.538388608391206199e-05
-3.600233558932715912e-05
-4.048709652110049308e-05
-4.970131724160737751e-05
-9.507705317836782151e-05
-8.533651874221813709e-05
-1.203013690382430108e-04
-1.252234092175268793e-04
-2.124174654965987419e-04
-2.567273652334421197e-04
-2.994153319308382084e-04
-3.621039426524697664e-04
-3.594284674464940169e-04
-3.340674127813251918e-04
-4.284018178860049281e-04
-3.300108567093039142e-04
-4.481155589242825227e-04
-2.267216046557655475e-04
-2.990754089007949430e-04
-4.328891178066803132e-04
-2.035189975572377946e-04
-8.971167475734653654e-05
-1.014537959878750384e-04
-1.106101876912623800e-04
-7.791772707697110526e-05
-9.147097311226678193e-05
-7.325160054355103908e-05
-3.929357662088686008e-05
-8.877569660470630800e-05
-5.096066056351665962e-05
-2.791102440867953272e-05
-3.356521006113509335e-05
-5.644199267373757614e-06
-3.741556590778855126e-07
-1.074974567366343141e-33
1.367701653485345623e-08
2.574110941804468944e-07
4.661155334457276155e-06
7.423010502060584134e-07
1.889065053825528067e-05
9.322575389959957058e-05
1.009123283379568381e-04
1.528666705541224108e-04
5.387300914483934139e-04
5.640508082279785439e-04
5.011573825621290154e-04
6.776721790329438919e-04
5.907614051276319396e-04
8.237643399279853326e-04
1.136357311703062398e-03
1.498356746330381994e-03
1.925978265783632581e-03
1.434799734548146757e-03
2.203921218210117255e-03
2.098152392500289044e-03
2.268768614809087321e-03
2.625233846996487090e-03
2.413257920381480046e-03
3.037499354780617139e-03
3.898608104757788836e-03
5.416829621893787944e-03
6.649055430663875291e-03
6.984135446877154027e-03
8.023360666194325613e-03
6.778142658021259898e-03
7.256997634972004937e-03
8.730227656599656716e-03
8.432725522832685422e-03
7.105022987879626092e-03
6.804953309628528416e-03
5.280758042085925003e-03
4.045916029365161440e-03
3.451753958098569778e-03
3.822643608770725371e-03
4.849859989447763073e-03
5.134440515112480979e-03
5.915136595009074655e-03
5.047894084948511585e-03
5.774169461745458712e-03
4.695414310010535656e-03
3.206564896992397315e-03
2.860104831026619512e-03
2.532448806034956305e-03
2.092224448729742333e-03
1.859827557628523746e-03
9.700910237080396202e-04
1.096514415432472316e-03
1.023252579664193918e-03
1.134299456147788883e-03
9.767192091112372482e-04
6.900692140503416564e-04
6.620421925161771009e-04
4.132452421770099098e-04
3.601353258224148724e-04
2.532367414234289443e-04
1.461071387845952008e-04
5.258384318066548747e-05
6.592617966080041591e-05
1.340969396969065897e-05
1.763680994584388562e-05
2.178673025170496929e-05
2.276168581922144874e-05
7.098020547633172449e-05
5.878801513334990252e-05
5.410782906712619206e-05
4.205972193819089455e-05
4.055535873314496949e-05
2.385382705340171298e-05
3.592169402628585375e-05
7.546236998460797713e-05
2.502711985369231651e-04
2.214026732765825354e-04
2.548627997880425567e-04
2.534334664676127571e-04
5.177700773810237599e-04
5.934255070665546156e-04
6.790167904780961255e-04
9.146117274873230563e-04
6.828115959290942307e-04
6.213208650226540591e-04
4.189783013631605268e-04
4.965816060773712952e-04
4.988327825521858636e-04
3.226048465118162541e-04
3.210675492311997124e-04
1.405294500108418727e-04
1.091917321348753273e-04
1.539697877558283989e-04
3.974700701469374811e-05
1.543539461593016680e-05
9.221655311698631440e-06
4.043557013374355048e-07
1.286387503814111915e-06
2.754308758433807758e-07
9.642901053125299828e-07
7.071954900111050566e-08
2.249323674419150538e-28
-1.264077899005328336e-09
-4.298064889179509170e-11
-6.206558852293730237e-09
-2.487107957086664429e-06
-9.378866056901186100e-06
-4.688657247795757429e-05
-6.635990070794032668e-05
-2.742540885848323206e-05
-2.873299283959590206e-05
-6.714354271645764816e-05
-6.362701525574440047e-05
-3.935444750521059138e-05
-6.812606293120892760e-05
-7.732008575099278487e-05
-2.086368299344593450e-04
-2.473844852791398045e-04
-1.376963612056467503e-04
-1.097577507483938849e-04
-8.609202664581839311e-05
-5.676576119871090502e-05
-4.596381700976685412e-05
-8.383974643514383257e-05
-2.415664929474788136e-04
-1.856377755497917574e-04
-9.844398282355174262e-05
-1.320197839153698844e-04
-1.541489369177969282e-04
-2.291871675842376921e-04
-3.198817658106534395e-04
-4.235314921663944931e-04
-3.592945766061185573e-04
-2.036419494922878104e-04
-2.015492277607276814e-04
-3.914437691645820689e-04
-5.975572963596364551e-04
-5.343332503950006408e-04
-4.705200840813679409e-04
-2.445906032371682670e-04
-1.827311167665869552e-04
-1.052822966234797655e-04
-1.865269152244326540e-04
-1.987093414060837264e-04
-1.959049870925836962e-04
-3.221679005928846035e-04
-6.615368944317631412e-04
-5.614194944263254695e-04
-5.328790613212911354e-04
-5.440735390901389095e-04
-4.558943721364892496e-04
