3.803813813504370168e-04
3.384856490503085303e-04
3.284774873153572085e-04
-9.636619716424055330e-06
3.280438628529076979e-04
5.314891373905732087e-04
4.908336925648915279e-03
-6.968240712234109258e-04
-6.252612769253811749e-04
-3.394086302281636153e-05
1.298074892855620845e-04
6.040881737086668292e-04
5.299887066207457573e-04
4.897096445603360505e-04
6.318463987841411609e-04
9.944388057355280433e-04
6.943282589651787523e-04
1.506434810031365840e-03
1.518154190667544328e-03
1.493690784164181931e-03
1.577204954220296331e-03
9.708594074924788023e-04
1.243520250113234723e-03
1.131680096675740472e-03
3.635174461782037219e-03
1.013389893352856490e-03
2.239498998258974971e-03
1.774665874737263232e-03
1.734988007839750792e-03
1.597571346725041794e-03
1.301140565690250611e-03
1.342127806210282812e-03
8.876865201896471606e-04
6.217653762720738633e-04
9.821550979690987261e-04
4.502665386633305220e-04
4.897590603976921487e-04
5.135150183617829926e-04
2.937667432486129300e-04
8.871865471909756761e-04
7.209969100391339005e-04
1.718837039652836430e-04
3.058071918510040042e-04
8.928096418605318977e-04
-4.337579576274846354e-04
2.681493154648933812e-04
1.272827281857666576e-03
1.685901249646666090e-04
1.006813610574203025e-03
3.584792707125305199e-03
5.542872396399538097e-03
1.058820332305343212e-03
5.614147853354164780e-04
4.189088445742257224e-04
1.074132284005766599e-03
3.984954751246754011e-04
-5.277487597577206201e-05
5.829509497914945248e-04
-6.514467856354420612e-05
1.348216107794882404e-04
3.203343496754914969e-04
-7.547823284402718986e-04
-1.320825036035461154e-03
-3.923639236353654997e-03
-8.255849269262116943e-03
-2.112597622268922934e-03
-7.489204497387850915e-04
-7.210896862617093049e-04
1.427218439028320597e-04
-3.240648791217999808e-04
-1.411597498842831358e-04
-2.269954033065709918e-04
-2.279895902856555621e-04
-2.398081620537227275e-04
-1.370538537040472235e-04
-6.130598762866593370e-04
-1.102348034475492946e-03
-1.233826089127731604e-03
-1.541016105966564603e-03
-8.069666337646079577e-04
-1.268528754058640719e-03
-1.607611578028318245e-03
-2.379611506998517180e-03
-1.274045582227704108e-03
-4.196221245158444414e-04
-2.439037497286198025e-04
-9.959332949246912838e-04
-5.363534203729725894e-04
-9.395146776031694470e-04
-5.350228541449817549e-04
-4.195552305516485228e-04
-8.358900439819569057e-04
-3.351270190914237054e-04
-1.104181412711315513e-03
-1.634173110812544736e-03
-2.628900119553134306e-03
-8.611313078498871896e-04
-6.897328384659740354e-04
-6.367504332787480041e-04
-5.067667847386416553e-04
-5.086170157232845985e-04
-3.756805113829496932e-04
-1.633952123879474534e-03
-4.353636497182216325e-04
-5.422972736598330370e-04
-4.938316853019428200e-04
-2.753266563011213587e-04
-2.367630396677442104e-04
-2.688186772298593635e-04
6.005181220491803180e-05
-4.332653998014550779e-04
-4.519244638094891114e-05
-2.773046944580266271e-05
1.123706251509343007e-03
1.409674174990155641e-04
1.829110499464011114e-04
5.527197211627581097e-04
2.554935258814263789e-04
3.448337883354161623e-04
3.974167097522927905e-04
4.162667030835736086e-05
3.421712988075716771e-04
5.087248468398138795e-04
8.257089882701933040e-04
7.980763584969038146e-04
3.201922369830481618e-04
3.915046589143451623e-04
6.167191064297474499e-04
7.533269542790236575e-04
9.728147585342647105e-04
7.336171147326804890e-04
1.461497149258043611e-03
1.216538116101571363e-03
1.045413315677363618e-03
8.440888932101817078e-04
1.670241914765805465e-03
1.203940866173340649e-03
3.359328763281336540e-03
9.650521648320705076e-04
1.760938843047049574e-03
4.321148735538950627e-04
6.770743531972045048e-04
8.525190868059429007e-04
1.451413140454931461e-03
2.803828246777862864e-03
1.005937253524823030e-03
8.973665859187279509e-04
1.530154022532712607e-03
5.401651755085341410e-04
3.726977235145234797e-04
-6.214191507995390964e-05
-1.905813087105355931e-04
-6.047998782221359585e-05
3.579214089177296782e-04
5.207794169312611856e-04
6.871253469283212676e-04
-1.502049603000876807e-07
-1.104721714653854374e-04
-1.240795166309006600e-04
-2.326261679158188482e-05
-8.680994994799863399e-04
-4.245135980652101006e-04
-5.245524162725195757e-05
5.022927245992004600e-05
1.724612377725362464e-05
8.803544074408315698e-06
-6.724140607511739243e-04
-4.861703069876709225e-04
9.435825137774744360e-07
-4.191686482171023726e-04
-3.935981094883493170e-04
-3.312877090745421798e-04
-3.083166344360632489e-04
-4.017594741794585701e-04
-4.348067062397864845e-05
-4.267488793221227932e-05
1.810394621052983618e-04
2.680779299704179222e-04
4.606301154884153662e-05
-3.131584346175479640e-04
-8.967471243467877882e-05
-8.022426412976577125e-05
-1.127655025769429617e-04
-1.281229724696739786e-04
1.476132444395687900e-04
3.305259877058262368e-05
1.430393375286313708e-04
-2.406569433146124115e-04
-6.731690312235851783e-05
-2.228831792568224937e-04
-1.126478942545625084e-03
-7.537054360641646166e-04
-1.152635204083209694e-03
-1.424574526139439157e-03
-7.989771595120015663e-04
-5.145756264778212838e-03
-1.924572595212274261e-03
-8.943454970314327788e-04
-5.922829592602795725e-04
-1.163755150133349804e-03
-9.554762493120719886e-04
-9.140448240970930078e-04
-1.237055484704168871e-03
-1.710984299676971418e-03
-9.964690586947392171e-04
-6.562348016036492412e-04
-1.003619652280782855e-03
-3.965697763535319621e-04
-9.009066189494025108e-04
-4.024752571426025785e-04
-2.711141371035042020e-04
-3.023035709856820440e-04
-1.814764655222123534e-04
-2.727976998347038298e-04
-5.682839861884357580e-04
-5.772689083337251064e-04
-4.316512334458853079e-04
-4.384802913488228780e-04
-3.451977624214358758e-04
-1.442975423238182582e-06
-8.938894283300201132e-05
2.543755056882631717e-04
-1.711757253619056857e-04
-3.797355555407897171e-04
-7.322925474399158289e-04
