2.834232407644253129e-10
3.685118208794538151e-08
4.281483341412490941e-08
3.447161574130138622e-07
2.875661460694839350e-08
2.641030045310171008e-06
3.277826557157780289e-07
9.723628383555796447e-07
4.963084598448667634e-07
8.220452088031411533e-06
5.006648396398762849e-07
1.453585078088068577e-06
3.160092681323132541e-06
3.595897222208745804e-06
6.769479830162026012e-07
1.339271826944893318e-06
3.365068187022791205e-06
3.920690726845006875e-05
4.233823949795959793e-06
2.663852287151891912e-06
7.150328330576128969e-06
6.882146999858700039e-07
4.219212077367450367e-06
6.475111409093826606e-05
2.545955815248779862e-05
1.223962305975903850e-05
2.885687544607002324e-05
3.718653461298331063e-05
3.435009068028312845e-05
8.848794359201915142e-06
2.803901664509482841e-05
6.160881757960609434e-06
6.692832062944505422e-06
1.025652874344517399e-05
2.077595861006394443e-05
5.059836097784995281e-05
6.374824595881147943e-06
1.560058946356762110e-05
2.675406592571293594e-05
3.614530324760069878e-04
1.106918705946151283e-03
8.731954325595178311e-04
1.100109445259441453e-03
2.232127635722471826e-04
6.619652070572676350e-04
2.720270541910110428e-04
1.056682400921983307e-03
2.092119001293286235e-02
2.864532989516994921e-02
1.736356937519274724e-02
1.852103407835970286e-02
8.760352345317468092e-03
5.151795857562606676e-03
7.938705337857246414e-03
1.160766348654353533e-02
1.359217994097477100e-03
1.326281482553782207e-04
1.383049861378964486e-04
5.545873557430910125e-05
2.373786398397955599e-06
1.499401700841984014e-06
6.624900400628126658e-07
1.722243771923043635e-07
3.429498229275200560e-07
5.121875105635071469e-07
9.318178122178272736e-07
2.886880512657122739e-07
3.313006865100307867e-07
1.042888230043216549e-06
2.299968302418794797e-07
1.276327606348722822e-07
9.291958813457569660e-07
2.856644429556073359e-08
4.544163038932997061e-06
2.588601177637733449e-07
5.315307752566498725e-07
1.016716957226139494e-07
2.087582220118209472e-08
4.015006209826359017e-10
3.307018142070239769e-08
2.790614800165946103e-09
1.760840109442931417e-08
4.072868115827877303e-09
1.378638796663838291e-08
4.916612711975361812e-09
2.699428009003450517e-09
3.352545990710428507e-10
3.941509209188483981e-13
2.779470776053664636e-13
8.764591704168159125e-10
5.486066203463640389e-12
1.793753663520214718e-16
6.226958825876476463e-15
3.715441004308306345e-15
4.018150276805394195e-23
2.205359978661847090e-27
5.961430088940523155e-32
1.254815200047601477e-27
7.381225925253626757e-25
5.550624064019938995e-17
4.852835925708381227e-18
2.634456122751715067e-14
5.302093180533913640e-16
1.534534084851253085e-13
3.639411535038877061e-11
7.302671718118169726e-13
3.340185346884781346e-10
9.735108926701207326e-10
9.657903058955198403e-10
1.514507914868568127e-09
5.081977839550509720e-08
4.860282019694292546e-06
3.127676031849170873e-07
3.398190688508108832e-06
9.269832182051688298e-06
1.640272570262079818e-04
8.631418915898212546e-06
2.569017473461983684e-07
8.674726189211086707e-06
5.660585874792311087e-07
1.417555591688361167e-07
1.832135386576714464e-08
6.434210349367270320e-08
1.350828757334142134e-07
2.587470991114413481e-08
6.358881302940969394e-10
1.597534086020310600e-09
7.762637352060701593e-08
1.627454158947331733e-08
3.202488442624268224e-08
8.590601744652452476e-07
1.516131069037181912e-05
1.755729820836918307e-10
4.453073819693782091e-12
3.464562204457314015e-12
9.914306899227735191e-11
5.943072954117400679e-11
7.123900333767421965e-11
2.987334846911553291e-13
1.923850305182303479e-11
6.152280391967998807e-11
1.141746966486592843e-12
6.057558442588950368e-19
1.780657778013922620e-21
-3.645879493076499765e-38
-7.929215708369902690e-32
-5.155356878531968837e-30
-4.478969026128102905e-19
-2.731981436163472736e-14
-1.862672321201646230e-11
-1.832342260620260761e-08
-7.522996579829287748e-10
-2.247745693553203399e-07
-5.501214059768712479e-04
-2.013682316783151787e-07
-2.390430349237413906e-06
-1.211923368409977503e-07
-1.289203656062005780e-06
-3.731152832638817801e-06
-3.522568213950546461e-07
-4.364599647062255921e-04
-1.118351557876502589e-06
-2.580206541651490514e-06
-1.686410019627910488e-07
-4.402282627970453646e-07
-3.919903331712135970e-08
-4.953700752722481874e-05
-2.750229611051872611e-06
-6.425161602839933710e-07
-1.724683760768411074e-06
-1.537077139158184933e-06
-1.417496512239536928e-06
-5.095489364911166601e-06
-6.836774345819321761e-07
-3.991687434260047784e-07
-7.313004565268441735e-07
-2.814331269410236572e-08
-1.630301408449775454e-07
-1.995347470270432015e-06
-3.895276108969662930e-06
-1.495743703691096469e-07
-6.248021175683027662e-07
-2.073590433249034738e-06
-5.568082899935589615e-07
-2.867345032221965713e-08
-1.662573211365780847e-07
-4.947843098993258510e-07
-9.375650272910604361e-06
-3.396973361665911865e-07
-2.532506984891762562e-07
-5.490841848226515442e-05
-8.307650592514325623e-07
-4.329150937414386724e-07
-1.045849766482578549e-08
-8.849376143169942543e-08
-8.871569768906502207e-07
-1.024784052557810472e-03
-1.344051444686190832e-07
-1.072420466465773425e-07
-7.367961282968109094e-09
-2.870242375017241068e-08
-1.509622730854770980e-10
-3.772967611196506316e-11
-4.602371160931307243e-09
-8.173460677287447866e-10
-4.585742669645987905e-08
-4.151761778982259692e-07
-3.021286820650111349e-09
-3.492467662912129832e-09
-4.634776348192025358e-11
-3.628980810845419225e-10
-9.382326662080402295e-12
-3.442153704986975528e-13
-4.074941919236402553e-09
-2.053447716270657275e-13
-2.123149511180153410e-10
-1.468823818181569939e-09
-1.002706663369357017e-08
-1.104092764138985417e-08
-1.211077813729663791e-09
-9.310627692805216021e-08
-3.255808096356459822e-10
-2.899888068276849160e-08
-5.248852234931371155e-09
-3.738378202538347550e-09
-1.345285042683943840e-08
-7.442494519471846714e-09
-1.569965915744545485e-09
-6.649471062742982837e-13
-1.232850384932782369e-11
-1.097719292369807264e-09
-2.081890241472970074e-11
