1.422838714304939741e-04
2.997347758160604425e-04
9.002025224304676049e-04
8.672671979762019631e-04
1.307617434175953938e-03
2.344191435609551278e-03
5.223946117631485427e-03
5.799579304664542745e-03
6.074758717711487011e-03
5.575943137162110534e-03
5.093550311119006933e-03
4.729461055005479246e-03
4.732912237640641250e-03
4.734429166432873627e-03
4.591405575711700326e-03
4.540273407367380332e-03
4.284923736803587270e-03
3.662630312780664702e-03
1.788298879537077299e-03
9.698252270775653073e-04
2.812733308973937025e-04
1.912989690479871281e-04
1.714092167424409419e-04
1.375541068269769973e-04
1.418741764674790883e-04
1.043571207505641875e-04
7.290220482045097882e-05
6.586599598648269413e-05
7.762521841896392156e-05
7.567245386773048435e-05
7.489113893675230593e-05
7.428091371224311492e-05
7.318797521716887615e-05
7.279865242541808308e-05
7.033668645210117457e-05
4.381852655446443178e-05
2.419028499292561480e-05
2.209160523413673959e-05
2.147527724714893822e-05
1.560521904246142579e-05
3.445715211176619616e-06
4.367835541038561909e-07
3.440322697347886041e-07
4.782141579188422137e-07
1.519409807291902919e-06
1.368491818289587301e-06
1.542465983999583377e-06
1.736069291053035144e-05
5.239964011993299316e-04
1.558628750512772859e-03
2.635959709544110751e-03
3.592244442398143372e-03
4.607235716609700722e-03
5.097290539360592627e-03
5.121069664600294731e-03
5.122761462005887521e-03
5.122572761041399754e-03
5.125203674781381863e-03
5.125324180273759141e-03
5.109505953346433343e-03
4.602847757444288902e-03
3.568077864349990681e-03
2.489402228886976581e-03
1.458313141101178411e-03
3.681105514757687484e-04
-1.315231510028832195e-04
-1.588362786641184276e-04
-1.625798516708947949e-04
-1.647697209222717164e-04
-1.712031934292627131e-04
-2.253212052690519796e-04
-2.429669871197069153e-04
-2.609910470091757629e-04
-2.610296793430608338e-04
-2.597085027486101456e-04
-1.849040861718410694e-04
-1.067640022075485256e-04
-2.313909831786142469e-06
8.987796319929565252e-05
