-3.934650736952761130e-01
-3.887584648237668583e-01
-3.103699728545307179e-01
-3.420372506912733868e-01
-2.866412664494684126e-01
-2.425922578612906555e-01
-4.261195429551314917e-01
-3.844951678999761757e-01
-5.281566157215696888e-01
-4.527326228169196720e-01
-4.427573511841249587e-01
-4.397274959902574554e-01
-2.330432228111253001e-01
-2.082857848905868003e-01
-3.646394424364381853e-02
-3.667817172130676678e-02
-3.615621157157135335e-02
-4.319595191958458535e-02
-2.809581948877676316e-03
-1.135285114909239355e-02
-1.947153979581877151e-02
-1.722678360409056475e-02
-2.052214589987321619e-02
-1.640537014852228373e-02
-1.308532513274962734e-02
-1.128671944269483453e-02
-9.640155886408633204e-03
-1.251577114563181235e-02
2.462386952494146925e-03
-6.441691449541622934e-03
-1.995764610265333278e-02
-2.387722547953107302e-02
-4.179552746224671905e-02
-5.279441578043268107e-02
-8.992012656783408830e-02
-1.569372889987467046e-01
-1.379958480401228260e-01
-1.327530774025005855e-01
-1.516547766563954014e-01
-3.426415379780996529e-01
-1.446918785273616281e+00
-1.387490098739246891e+00
-1.549428362661542602e+00
-1.548453745426380479e+00
-1.516565316097265859e+00
-1.315854959398874868e+00
-2.099229732389229497e-01
-5.572928681873720036e-01
-1.553545759313707419e+00
-7.418228920403451276e+00
-2.150305474596544286e+01
-2.673007718798344001e+01
-2.674533645860219622e+01
-2.638025384305124987e+01
-2.522389698153233439e+01
-1.938704500184202573e+01
-5.288945057074710299e+00
-5.691984399885244988e-02
-4.741411538148696675e-02
-5.566255963438312970e-02
-1.184931218348178605e-01
-8.980192331487873991e-02
-9.417912793240036662e-02
-1.027722137246583206e-01
-8.085239571447459805e-02
-7.084898206653088282e-02
-1.348373145801003668e-02
-4.842526344435429259e-02
-6.540169039016641150e-02
-1.076367409137881231e-01
-9.991837286252924777e-02
-1.495275534088098324e+00
-1.503838426602178480e+00
-1.486379112943637004e+00
-1.475968487669484963e+00
-1.437015251289844420e+00
-1.583072718748804286e+00
-2.023185342024801658e-01
-1.958104163148380039e-01
-1.774646030378840278e-01
-1.737482939556450612e-01
