1.065603478212531936e-02
1.193430909614907019e-02
1.399850887052745199e-02
7.743506908051998872e-03
6.624331840898348145e-03
5.243570439576075541e-03
7.949053742673186165e-03
8.949153326210297979e-03
1.294094617219789661e-02
8.848544287472814504e-03
6.183086096062334266e-03
4.959718426091177211e-03
2.280515956705165929e-03
4.094977595213892575e-03
2.820438342640806118e-03
3.760058433786623959e-03
3.001890095447923117e-03
4.222773947005389883e-03
3.629031705973245585e-03
2.337327042437371480e-03
-3.913639493595050581e-04
-5.421819902269115789e-03
-7.725550171554437622e-03
-1.098060764333211314e-02
-9.560127366581953889e-03
-7.427414166699448754e-03
-9.290624320512660614e-03
-1.348496962981076720e-02
-2.011074800545649757e-02
-2.027907478586046114e-02
-1.505279503654960785e-02
-7.921952358386254167e-03
-9.799566836223058686e-03
-1.866771329585954764e-02
-1.481349078772445371e-02
-1.437614510949946495e-02
-8.273901703700545923e-03
-1.771837786118325231e-03
-4.454614244239343888e-04
5.175904850634405197e-03
1.238625525279920571e-02
1.464475144656799191e-02
1.594032551200803491e-02
1.041362687261543699e-02
1.172927747221728240e-02
1.436851281571468499e-02
1.772481652639327360e-02
1.717516139058215818e-02
1.020471678743608938e-02
4.249995466933891193e-03
3.037576335985450564e-03
2.244653849229126356e-03
1.349356305197947550e-03
4.414501569970143168e-04
2.014846308680782474e-04
3.164756883656784841e-06
-4.817054472156712575e-04
-8.915758857964092246e-07
-8.252354796764872335e-06
8.842920730817538204e-04
-1.666266340992964945e-05
-2.035438470301834731e-04
-2.542024592024430714e-03
-1.036878980462676431e-02
-8.393316900959936488e-03
-6.876589520607637521e-03
-4.066053862538956086e-03
1.357111598149755675e-03
1.009837970664036536e-02
2.038984357556293189e-02
3.976572830494713023e-02
5.174208575242240926e-02
5.448129073753309182e-02
4.954268015600413189e-02
5.462280630145065902e-02
5.508505186875546633e-02
5.560633861048257243e-02
5.550696702693003193e-02
5.368512045077010464e-02
5.179332833576789918e-02
