-1.534054726657346490e-01
-4.002030060720706550e-01
-2.538574344565491248e-01
-1.889469751136308995e-01
-1.542875400055296053e-01
-1.312370798109234737e-01
-1.120508686514000846e-01
-9.730693846745600006e-02
-8.670277359883055146e-02
-7.816542990688267467e-02
-7.221244391787327854e-02
-6.648305566977789904e-02
-5.319193021423571782e-02
6.324617407596581095e-04
-4.438282498968546159e-03
-4.948120860114350698e-03
-7.506987312782200002e-03
-9.931783707065997349e-03
-1.473488013887289116e-02
-2.202484974461431377e-02
-2.124871544792622524e-02
-1.919232096680162022e-02
-1.531332051797545772e-02
-1.586909724121438742e-02
-1.768230108730516406e-02
-1.971789738801608960e-02
-2.014919889438217607e-02
-2.104382876273146533e-02
-2.741050402394514321e-02
-4.924584782466517874e-02
-5.677239847490556796e-02
-8.119995216262630711e-02
-9.599229848108738195e-02
-1.053411403871191837e-01
-1.083931769983813020e-01
-1.118689913645916773e-01
-1.214035686946542542e-01
-1.233393460342869924e-01
-1.256046270190067926e-01
-1.281287049402151379e-01
-1.189384041131523739e-01
-9.406676928353042977e-02
-8.338843329506573365e-02
-5.587209002983237888e-02
-4.917380428029462930e-02
-4.984749063713480449e-02
-5.980828176198006024e-02
-7.560779519478112720e-02
-1.925779981305983934e-01
-2.538694763746048855e-01
-3.813992150166081729e-01
-4.621636854976233777e-01
-5.744129835465243694e-01
-5.927839956561821166e-01
-1.022393348141473979e+00
-1.021796982032334267e+00
-1.016971040078476163e+00
-1.021529297893925436e+00
-1.015819423924214426e+00
-1.001748054975317714e+00
-8.838693072489552938e-01
-8.324789380925229354e-01
-7.246784161868667917e-01
-6.590278191803987662e-01
-5.516251563353238296e-01
-5.393089326572958475e-01
-1.122054726224358950e-01
-1.129293007538622606e-01
-1.153687290521072106e-01
-1.060008832029258330e-01
-1.012918012159312320e-01
-9.469240924283128802e-02
-8.416801701790595225e-02
-7.050568190816032532e-02
-4.681882117515379776e-02
-2.877806518928154381e-02
-2.541716802351300444e-02
-1.957040492948215749e-02
-1.586601235651597178e-02
-1.211945226362747159e-02
-6.410784002173319784e-03
-2.323001151993739962e-03
-3.022979909677668119e-03
-4.534088443643554539e-03
-5.088331634855143039e-03
-4.954584861239613204e-03
-5.176431038828549318e-03
-9.303963435350346214e-03
-8.273234024896799002e-03
-8.746744677674561305e-03
-9.568015893292878063e-03
-9.037889196817690957e-03
-9.437872631148697469e-03
-1.040169012986186248e-02
-1.227884524481014962e-02
-1.100807944023677286e-02
-1.100944142088582968e-02
-1.025443776507056065e-02
-9.409159274136951259e-03
-5.018719424966534663e-03
-3.947505816087301493e-03
-3.703613414387509680e-03
-2.933926698532673873e-03
-3.977269158270612184e-03
-4.463822188971484396e-03
-4.624110213426965189e-03
-2.699521310459071510e-03
-4.307846033062616604e-03
-5.135025912704546149e-03
-6.904283313555473894e-03
-8.138191808930652846e-03
-8.832169726350182215e-03
-1.240594647818996088e-02
-1.115903469812788706e-02
-8.573139782996886532e-03
-4.021898052250235701e-03
-5.817415377887580862e-03
-6.838305622803728112e-03
-6.392026833412858995e-03
-5.027448154248171860e-03
-4.106274927128269157e-03
-2.107186984105651611e-03
-9.616963621740504641e-04
-2.400415245378664106e-05
3.985918692396710900e-03
4.000849268941363869e-03
1.640668558269160575e-03
-2.926695443276717840e-03
-9.118590573766422814e-04
3.553313333405541783e-04
4.704154815814179879e-04
7.099712390362354630e-04
7.622024499056023750e-04
2.067776757783701955e-04
8.887352647712540559e-05
-1.357626186657644163e-04
-3.509749960441032202e-03
-8.440673759984066230e-03
-9.125238504421680566e-03
-1.155747771281134990e-02
-1.319651477600134772e-02
-1.238365008001877932e-02
-1.237081928887429939e-02
-1.279808668165681451e-02
-1.288932126933240753e-02
-1.319715018734962664e-02
-1.300622871786909739e-02
-1.271964825543176608e-02
-9.324641974751203197e-03
-4.688238228814380591e-03
-4.736186654779458820e-03
-3.231582690252140372e-03
-2.125063402279376863e-03
-2.343888107698204656e-03
-1.950744109164694344e-03
-1.063126030017415595e-03
-4.064282503183504311e-04
-2.153160251866607369e-04
-1.897856324925930845e-03
-2.932119900606476506e-03
-3.078887602240291694e-03
-1.114236909946324412e-02
-1.123392712622294648e-02
-1.003656612604578689e-02
-1.426784542305304000e-02
-1.490577963765352988e-02
-1.610681212251003497e-02
-1.889207915936585644e-02
-1.982930284484553732e-02
-2.013101721870786190e-02
-1.870256288934287262e-02
-1.784290176800855734e-02
-1.778963528169190400e-02
-1.002618855918414355e-02
-9.551643334158798140e-03
-3.714642113307153881e-02
-3.902819208477201901e-02
-4.570917915107696600e-02
-4.509567920857635026e-02
-5.133742274122279209e-02
-5.147172584556836822e-02
-5.144251137250227535e-02
-5.130331097033571236e-02
-5.235476764875354738e-02
-5.254989604281826848e-02
-5.612437025885837899e-02
-6.077839053338775915e-02
-3.581792483091186113e-02
-2.981641473686311508e-02
-3.410951961185651471e-02
-4.108377077402301097e-02
-4.273043962611338537e-02
-5.034986393459636722e-02
-5.313701814833981379e-02
-1.790189290275077116e-01
-1.860724895219976194e-01
-1.935476481442091889e-01
-1.886974939883239999e-01
-1.840046827307777189e-01
-1.809431100247219648e-01
-1.811188928386036900e-01
-1.698462874228501285e-01
-1.626147834915227242e-01
-1.523142842048285928e-01
-1.452134776940443295e-01
-1.420692104286841728e-01
-1.424999396320858480e-02
-6.015860752392634785e-03
1.754080709744522794e-03
5.211310018130802663e-03
6.875696591099436476e-03
6.556627545262799957e-03
7.422197161991109932e-03
7.051068747543512948e-03
6.219306903895009155e-03
7.532754324005452688e-03
8.338607866369786292e-03
8.110559492353563993e-03
6.214807548847013120e-03
6.184648344945135878e-03
5.835107186634454386e-03
1.571443171246348107e-03
1.742993736813779613e-04
3.432152033118562959e-04
1.794873343133525118e-04
3.115425549946987372e-04
-2.057034443478160618e-04
-1.868779195275236836e-03
