-1.839895675924143177e+02
-2.843240647477029270e+01
-1.008932199235367193e+02
-1.457413787481910816e+01
-1.136593950370265915e+01
-4.175428723519718943e+00
-1.648904634933778257e-01
-2.725502811081250698e-01
-5.029812575144466003e+00
-1.288347087010233416e+01
-2.502911759604854458e-01
-3.337566478096628542e-01
-2.715679684454570975e+01
-2.359016668653406867e+00
-1.488809655675712484e+01
-4.749213395054691089e-01
-3.121645744034159398e-01
-3.703374441000681361e-01
-4.287711372161761680e+00
-3.821548265830703173e+00
-3.171492886713172155e+01
-5.656926349779860885e+01
-1.538377843140841605e+02
-7.606799605211540438e+01
-5.097452139520436987e+01
-8.879471696077622767e+00
-1.038693308263497261e+00
-1.527089554694868623e+00
-1.915838781225613019e+01
-6.299925836471108598e-01
-5.522011125260021247e-01
-3.551101097080161528e-01
-1.042953359390872770e+01
-9.884400197823158862e+01
-1.744083921402503279e+02
-5.589551861755820283e+01
-4.392235780600856287e+01
-2.607324369901882832e+01
-2.950170410511377384e+01
-4.527672927733377861e+01
-3.062500149342179068e+00
-1.542390113827116949e+01
-6.910357109192246128e+01
-3.108428896391234542e+00
-1.160088419575434386e+02
-1.316714308631740948e+01
-1.711142544984896041e+00
-1.273222553222616238e+00
-5.820907252588681331e+02
-2.037320577963471351e+03
-2.155660040534059135e+03
-2.683107357356127523e+03
-2.630243548214513794e+03
-4.067220699237952431e+03
-4.363692126081020433e+03
-5.991710708849200273e+03
-4.608130712328606023e+03
-1.156563914207768539e+04
-3.380257990204702946e+04
-6.219636313295003447e+02
-5.712594508901952395e+02
-5.102036543580192074e+02
-2.856649659492138653e+02
-1.051496577301485189e+02
-5.170465946818063685e+01
-3.581347698110864952e-02
-5.416671013631384202e-02
9.989158703913026544e-03
7.413934048456347937e-04
-1.077436093667636860e-02
8.591656009130756513e-03
2.119012908877016335e-02
-4.382846984790709777e-01
-4.343887554637592130e-01
-6.199295562347720279e-02
-4.394504649673169026e-03
-1.186059997987439375e-03
-1.999406877670644941e-02
6.955251566362420689e-04
-5.357926177976146676e-02
-2.064250740922654037e-01
-2.218482126879924299e-01
-3.566970793165517017e-01
-5.243606727683785412e-02
-5.396284341224302089e-02
-4.847472456409451097e-02
-6.456725485767516037e-01
-5.340147620059169098e-01
-1.308902033018825295e-01
-1.715541338027624929e-02
-4.137870939833209610e-02
-5.049510947790925020e-02
-5.796647595096181965e-02
-8.071433694955221227e-01
-8.023402615175008468e-02
-9.362417744417476928e-02
-9.531479267447288961e-02
-1.238648824088898620e-01
-3.354094566032982394e-01
-5.156532835420445382e-01
-1.572390156783331494e-01
-1.697172999707554364e-01
-3.075894323542230357e-01
-1.278438051519169560e-01
-1.137440198549079934e-01
-1.615148286196050054e-01
-2.547657974350970300e-01
-2.331161321680141063e-01
-3.178594968008246480e-01
-5.938192496088356975e-01
-1.778663083395504607e+00
-3.045494079121259245e-01
3.691919432475540726e-03
-8.329821933399981712e-03
-1.966367166669832564e-02
-9.471793574924296591e-03
2.863319332274346079e-03
-1.218595744426476529e-01
-2.918031203733334467e-01
-4.591100205129942935e-02
-4.106007957375787214e-03
-1.999353623231850952e-01
-1.059507985342182101e-01
-1.040719008758199523e-03
1.716160713964443767e-03
-3.806752204786574556e-02
-4.216546352886580973e-01
-2.896648936087581339e-01
-8.506185721541038164e-03
-1.094845034967297098e-01
-2.670757968422951545e-01
-8.313767918165171356e-02
-5.704214819621156174e-02
-2.923046361243249874e-02
-3.559972122687894702e-02
-1.043587107636201883e-01
-2.343992420207188787e-01
-3.604848581547102637e-01
-1.994257615730528344e-01
-4.271651268569640614e-01
-4.201060528144485162e-01
-4.130831750047319617e-01
-4.869924902940450662e-01
-5.026851673091762285e-01
-3.381720560903678785e-01
-1.443313433349521779e-02
-4.320795220653108476e-02
-1.182582094800045322e-02
-7.298631398009565452e-02
-3.790559742964946799e-02
-6.454397209562746929e-02
-1.259439731702174659e-01
-1.980563343544709254e-01
-4.956286764101734410e-01
-7.357988381132239963e-01
-1.675873342180752290e-01
-3.134542275312402621e-02
-5.895507509654199924e-02
-1.807967458175019082e-01
-6.739265506513869575e-01
-3.398381398199005338e-02
-9.322903619129706276e-03
-2.745803268830617760e-01
-9.892022363598999002e-01
-4.220816390699550502e-01
-1.653011903095805424e-01
-4.507083521061222009e-01
-2.237748245531352431e-01
-9.576413171545092862e-01
-1.177010297409471634e-01
-2.438306262560304208e-02
-3.224845063044309845e-02
-4.506474664672634189e-02
-3.248181034280768764e-01
-2.054877452965866297e-02
-1.295763566402520668e-02
-1.576458542372939295e-02
-1.920626316580985593e-01
-2.226823853194869265e-02
-3.012318625130169097e-02
-1.526010866468755639e-03
1.586832094215271868e-02
-2.342121672346347550e-01
-4.896139630334198078e-01
-3.671676962601341104e-02
-1.054606112537960882e+01
-5.763015269273234764e-02
-6.299843633329219213e-03
-4.593980100314161603e-03
-3.144875917881169176e-03
-2.191900197023248162e-02
-8.167941470963652195e-02
-3.000035598518728530e-02
-5.640370525933653678e-02
-6.948179422990938270e-02
-4.377473911772739035e-02
-6.528076176292688104e-02
-1.007831592625658967e-02
-8.029562461080108626e-02
-1.832722056762942434e-02
-7.772682392089597103e-02
-1.049661695657557875e-01
-4.955283523493253517e-02
-1.057769197252633603e-01
-1.150134023255217595e-02
-7.179394729202054348e-02
-1.601359407577434071e-02
-2.914416881772695020e-02
-5.047057708435331164e-02
-1.180825338192145885e-01
-2.189204068598183395e-01
-4.588834974232593455e-01
-4.348819831723828994e-03
-8.952662372498146597e-04
-1.854664069169242174e-02
1.701576904769041317e-04
-1.084637661375978217e-02
-3.039304055850425984e-02
-1.590793217662456530e-02
-4.021196139656835200e-02
-3.286077048935155953e-01
-3.944916848504384510e-02
-7.779032289436581538e-01
-9.625376210687659750e-02
-8.434793808944177074e-02
-1.044737747152143514e-01
-5.965174064153934141e-01
-2.194746912514857207e-01
-1.300584440701226530e-01
-1.438258942132278340e-01
-5.147828370494831773e+00
-3.347670952026938762e-01
-3.446684524790539772e-01
-4.361978498290060013e-01
-5.911515881623793933e-02
-9.245728487326288630e-03
-4.765369694745109842e-04
-2.298892185802391998e-03
3.343604433251914617e-04
