beta2
9.369419022979186620e-03
9.422496353123577945e-03
9.490017248537964412e-03
9.564177854918431282e-03
9.684499390634619329e-03
9.774512010744994261e-03
1.010257003625584030e-02
1.043195205558277230e-02
1.072214955617365253e-02
1.094663789471902321e-02
1.103172331201509801e-02
1.113075024527026419e-02
1.109957117909532269e-02
1.109527751665497289e-02
1.107253070284973905e-02
1.100733888131905786e-02
1.105820200996262062e-02
1.114534926634232898e-02
1.100904045752538335e-02
1.088013485505198372e-02
1.068573349820348475e-02
1.051317651153138924e-02
1.045769432851358094e-02
1.041150544829350100e-02
1.036399113752571252e-02
1.039996718435337759e-02
1.052988565013801905e-02
1.063206835368563086e-02
1.068906687976070580e-02
1.076727603770722894e-02
1.084484634829783849e-02
1.079339435197148103e-02
1.086530003287440246e-02
1.070823690884006862e-02
1.062813769837346253e-02
1.063211739513200693e-02
1.067989138510920880e-02
1.078656982256498420e-02
1.088781401908185675e-02
1.087510461960340333e-02
1.084167244024424048e-02
1.071501010968474096e-02
1.054514641986867632e-02
1.035666408880006953e-02
1.017303994033715367e-02
1.000523167919558504e-02
9.883114423184314115e-03
9.739256174348273620e-03
9.763188420646263382e-03
9.732243005729328267e-03
9.623469192090297608e-03
9.631655903847423372e-03
9.658458274418735973e-03
9.754026062531149371e-03
9.792528301229262017e-03
9.846947501436002087e-03
9.751441369768083789e-03
9.717918966127796557e-03
9.733018757915469499e-03
9.664777455502825826e-03
9.655561104913569156e-03
9.438053801460226377e-03
9.313819868707667524e-03
9.351793607790395008e-03
9.392487207208685684e-03
9.380227550758298005e-03
9.338360127552285117e-03
9.303191898733097209e-03
9.337219742827897184e-03
9.383227031463534096e-03
9.362529673675673916e-03
9.306114989931361589e-03
9.214366902963077449e-03
9.125272932221626526e-03
9.025920927468933028e-03
9.052110207393571431e-03
9.105561858641066098e-03
8.912911803115090847e-03
8.971318617594013084e-03
9.048835577570520788e-03
9.064422445434910242e-03
9.127493430991260454e-03
9.204696309236926055e-03
9.316728064177664734e-03
9.449774495668016375e-03
9.576967215823101176e-03
9.735603232128749174e-03
9.797812609080004675e-03
9.724518296855833022e-03
9.685015542486959811e-03
9.651012604440879772e-03
9.706762576589145208e-03
9.832508147902697254e-03
9.808875233270545127e-03
9.830066481391222175e-03
9.789918127115132540e-03
9.778637150812688472e-03
9.692784740436440755e-03
9.589484325699799278e-03
9.493032390785704350e-03
9.420985850479228485e-03
9.358293281957079379e-03
9.208564715460401673e-03
9.055484171654118800e-03
8.943824617762059781e-03
8.805244700969340130e-03
8.573165951095489470e-03
8.425250455144119022e-03
8.388476396870611640e-03
8.373474129259095289e-03
8.239918683281027834e-03
8.142358025260667403e-03
8.132051300620123796e-03
8.130254940340014141e-03
8.222823527378957109e-03
8.275058562390552597e-03
8.307334200007491024e-03
8.415081787339323549e-03
8.440102118057676156e-03
8.464991040878815792e-03
8.623465400017075316e-03
8.770364388946976300e-03
8.872868086812892713e-03
9.010345895953234679e-03
9.002025616695018273e-03
9.037627098885094024e-03
9.063888491680403836e-03
9.245919682229340741e-03
9.375560643867835581e-03
9.531008486842157401e-03
9.615228499273143631e-03
9.673947846754633872e-03
9.781984983656902971e-03
9.882941240254100590e-03
9.973354720221519823e-03
9.907244760888479773e-03
9.817129185777949407e-03
9.889371900237430707e-03
9.857392685869797999e-03
9.833854475704907269e-03
9.841934405175317008e-03
9.749477663102454339e-03
9.764397270771869516e-03
9.755251766209243128e-03
9.946435278389273438e-03
1.018771379911062591e-02
1.038703303206544269e-02
1.039852591925180189e-02
1.040379000780680338e-02
1.037564074256937079e-02
1.031049450600913381e-02
1.020029699873954004e-02
1.014652993379550408e-02
1.031909527385168127e-02
1.038029358569651610e-02
1.051671348776119300e-02
1.068052375411550695e-02
1.069799918540796993e-02
1.070481768091750135e-02
1.056327481560893899e-02
1.026179343381686780e-02
9.973061436907636884e-03
9.904843922250970017e-03
9.837702995400635433e-03
9.742188987943956394e-03
9.717614913802311016e-03
9.700517768219577008e-03
9.537813586070149896e-03
9.349338766521364183e-03
9.261422419101255493e-03
9.221055157991348006e-03
9.249510391026807138e-03
8.949937789544898034e-03
8.796632045197422603e-03
8.894465830687659988e-03
8.944790622180894685e-03
8.889860652478268760e-03
9.019145867928462720e-03
9.137677767421692465e-03
9.134098421163600739e-03
9.178199448138010808e-03
9.353231217272661713e-03
9.526411796635575469e-03
9.676098665591312264e-03
9.846511409672789247e-03
9.920983057575494257e-03
1.008351429801115917e-02
1.025262165842513902e-02
1.000173884055572879e-02
9.873882583147863823e-03
9.757117881478889060e-03
9.675857947912480661e-03
9.539029214322515549e-03
9.425259468753794528e-03
9.417956945547766717e-03
9.462513363809958375e-03
9.305957225688311907e-03
9.229809010775882200e-03
9.161354600855233649e-03
9.195610580178275109e-03
9.268936984686436745e-03
9.425061331132644077e-03
9.603107512691012523e-03
9.795783201134829893e-03
9.700233471934336174e-03
9.597845611629227114e-03
9.688657163033374820e-03
9.674031363952340090e-03
9.606655386031368732e-03
9.526035282725647119e-03
9.608939390365119071e-03
9.676389929299328979e-03
9.879987689545162086e-03
1.016238967767269658e-02
1.031631671185706187e-02
1.049130814452763766e-02
1.061029079654198480e-02
1.054629075834243208e-02
1.047148801422240552e-02
1.041110448001037261e-02
1.026261604468055484e-02
1.016586853514497499e-02
1.009682293334077108e-02
1.021035616301019591e-02
1.026921170713768032e-02
1.039619803033520196e-02
1.048310701566025974e-02
1.054367238393867645e-02
1.064004838765305640e-02
1.057846193676097168e-02
1.053266045911733020e-02
1.049470433705743978e-02
1.049814119773639920e-02
1.042338908333424394e-02
1.030388598811176476e-02
1.038016687045713836e-02
1.036529403010857595e-02
1.032621014381277479e-02
1.027305191832774203e-02
beta3
-1.792950504001852700e-04
-2.132024770578174128e-04
-2.525926544727778895e-04
-3.409524621181341756e-04
-3.359280727028656323e-04
-3.935757250673468867e-04
-4.163884109498610666e-04
-4.218732755454866193e-04
-4.643907632458848600e-04
-4.642657325110192360e-04
-3.959706524741792781e-04
-3.925541046720619617e-04
-3.689490535992410742e-04
-3.628137590530202783e-04
-3.649752378392048953e-04
-3.256199675237607350e-04
-2.881412314291441909e-04
-2.462105575307373053e-04
-1.784408148312189159e-04
-1.139187821230181543e-04
-6.890397158277088900e-05
-4.285819425690948323e-05
-3.624464918635331579e-05
-3.873022303058346646e-05
-3.410643365195310719e-05
-2.951706904581044292e-05
-2.216174097269625929e-05
-1.529777776465071751e-05
-2.041165120910527444e-05
-3.979242559219022077e-05
-4.036597451093329090e-05
-4.270004186924147345e-05
-6.519294558143966830e-05
-5.128404209321800922e-05
-4.791174958883031313e-05
-4.706806688998745627e-05
-5.227714078275482617e-05
-3.387537869757602075e-05
-1.824728513358372253e-05
-2.385332621333229703e-05
-1.740390822362121757e-05
-1.784001204689746121e-05
-1.880836297362130336e-05
-1.699342483478330376e-05
-2.121480457432382198e-05
-2.937552823034760826e-05
-3.251496336850242402e-05
-1.985863057759842303e-05
-1.822657936199797686e-05
-6.628493349219800109e-05
-9.293918515453051415e-05
-1.086887148821116242e-04
-1.264734587885899572e-04
-1.177519800319466053e-04
-1.049782646227729775e-04
-9.464741225790789588e-05
-8.987241098312026685e-05
-7.417590799811620310e-05
-6.684681811524559618e-05
-7.380501025245662797e-05
-8.228294704210971421e-05
-7.636997172792817134e-05
-8.224335211179122681e-05
-7.759689420664034104e-05
-1.037863358379797118e-04
-9.134760315007337504e-05
-9.471525224177796505e-05
-8.826001474362138856e-05
-1.037993978074472346e-04
-1.121430440080198982e-04
-1.052045537950394667e-04
-1.226700745081911372e-04
-1.169191902129882604e-04
-1.215527197839733954e-04
-1.432763501072228235e-04
-2.014300547677239399e-04
-2.813334530128274846e-04
-3.114707564488940813e-04
-2.476003084020317237e-04
-2.378941660828865347e-04
-2.099762485239135357e-04
-2.075204637125881223e-04
-2.221861215593773137e-04
-2.003440669383749597e-04
-2.045802303757815173e-04
-2.232308867778726115e-04
-2.081351058224037084e-04
-1.977543369393233567e-04
-2.305493920963317257e-04
-2.713100724452666666e-04
-2.790390406562422848e-04
-2.714383450853932972e-04
-2.593340039184358417e-04
-2.706986388263691798e-04
-2.733708496372996908e-04
-3.057396339247057731e-04
-3.154334782778863170e-04
-3.095437036877343989e-04
-2.999187093684744262e-04
-2.748923504304208432e-04
-3.045106690539669289e-04
-3.176414888032035510e-04
-3.290343132349654934e-04
-3.504249812497949642e-04
-3.500406012500453324e-04
-3.417942022689297150e-04
-3.623803200062630076e-04
-3.919272382752879858e-04
-3.769202990311721550e-04
-4.053610453581250493e-04
-4.472881690132024177e-04
-4.841858427676557788e-04
-5.374219921322140065e-04
-5.860848335602412930e-04
-5.872072067025702795e-04
-6.310980666022292327e-04
-6.594543470347661229e-04
-6.744068067642727989e-04
-7.027803097128357442e-04
-7.856756749176944336e-04
-6.057042505770320918e-04
-5.231317084397840798e-04
-4.636810328094604109e-04
-4.623242731416751989e-04
-4.882389570404932922e-04
-5.281750491897265962e-04
-5.280270342715215250e-04
-5.413371374161624582e-04
-5.132425563811346490e-04
-4.636548407815911351e-04
-5.043572656570961300e-04
-4.964641482803151731e-04
-4.996910668829259794e-04
-5.181650037607364156e-04
-5.374477893235745252e-04
-5.296409242112463294e-04
-5.299873612225054591e-04
-5.555739150291647043e-04
-5.824522072572436071e-04
-6.339778079769270956e-04
-7.239535009328351960e-04
-8.184655654775789243e-04
-8.414322336591117295e-04
-9.417914239812047277e-04
-1.012251420939503342e-03
-1.113867198295406726e-03
-1.225424802657249825e-03
-1.273170088479124752e-03
-1.333772238350743652e-03
-1.412330460480682934e-03
-1.295852999472532630e-03
-1.250805090126321569e-03
-1.225126692375220084e-03
-1.205629896205868360e-03
-1.233408581908498891e-03
-1.089512345841639994e-03
-1.022995443807537446e-03
-9.666675572499696311e-04
-9.104106732454328790e-04
-9.529198566754119122e-04
-9.701335202677117010e-04
-8.710589663067892178e-04
-7.502396916855641690e-04
-6.704158277553329704e-04
-6.214346633940316840e-04
-4.643238987906118617e-04
-3.071437402303024656e-04
-3.153822231723937700e-04
-3.420444062482405666e-04
-3.230863692006994076e-04
-3.186159748159955686e-04
-2.681276330650105726e-04
-2.189506033235975521e-04
-1.514222529616658978e-04
-1.089344734740134522e-04
-5.569964848280683763e-05
-3.501349251555110030e-05
-9.289501297772114261e-06
-9.446744915714568952e-06
-2.857651809274857711e-06
-3.188002578859871896e-06
-4.985833028424962078e-07
-4.720020563774397721e-07
-7.553544370210186981e-07
-6.849921916963853334e-07
-3.356408629755015443e-07
-5.485915584636029212e-08
-7.484673438903672998e-09
-2.522462070718582559e-07
-3.741536933535135428e-07
-2.243943616005851783e-06
-5.850382523095731823e-06
-7.915235303585814648e-06
-1.684618842115906092e-05
-2.971243016614258430e-05
-3.924082363148961329e-05
-5.378544522620804105e-05
-6.431735665631861535e-05
-7.648132705278016413e-05
-9.066989613160827250e-05
-9.412686775307532771e-05
-1.068275439694390042e-04
-1.079766123572534843e-04
-1.158272764237813670e-04
-1.260550450759594023e-04
-1.271370603894130739e-04
-1.475097214401803686e-04
-1.291190308103735344e-04
-1.170781826401518693e-04
-1.372359253826611067e-04
-1.426941475761572538e-04
-1.447651671754786882e-04
-1.030095139632248333e-04
-8.366539848275045136e-05
-6.557551731626492034e-05
-5.886432472048834980e-05
-7.057976573511088811e-05
-7.139984986798676128e-05
-6.160218324849530054e-05
-1.097582859686438948e-04
-1.412395510597374811e-04
-1.475271596697113436e-04
-1.906382446967594098e-04
-2.188704681666063631e-04
-2.948469119552225761e-04
-3.389602178726985817e-04
-3.991118997465541249e-04
-3.970238267032447977e-04
-4.013435936549829427e-04
-4.453245966756354214e-04
-4.673971037207552215e-04
-4.413209428653984238e-04
-4.197012835306401270e-04
-4.169113147544194209e-04
-3.377134848666482527e-04
-2.595092005636108565e-04
-2.232387968223206428e-04
-1.948844073432721361e-04
-1.788642596905356099e-04
beta4
2.056274984613117897e-03
2.250556644186730779e-03
2.516954422856456514e-03
2.752077755694543743e-03
2.963012026338965842e-03
3.169319415023021461e-03
3.070699296563068025e-03
3.081477243099543968e-03
3.073219569610757297e-03
2.830271221859844821e-03
2.539037989359153695e-03
2.309488520770896190e-03
2.150218388957583337e-03
2.209267649329597037e-03
2.234259263625785856e-03
2.307705969342245533e-03
2.174972143681085102e-03
2.120478606663960246e-03
2.072837274096061937e-03
2.025052301200093354e-03
1.958793461358172491e-03
1.912884001927493867e-03
1.890541566788856223e-03
1.875407692318778637e-03
1.804194820513636052e-03
1.710268513757523534e-03
1.699487986164129917e-03
1.644750376708390121e-03
1.700723261772943504e-03
1.794724823530333049e-03
1.893072126924458774e-03
2.103803562610103046e-03
2.163179080491222511e-03
2.394817579809086633e-03
2.553832359550479471e-03
2.660886890237171200e-03
2.602329991993045447e-03
2.503001676377322564e-03
2.464949544512645609e-03
2.330805703851245980e-03
2.235810739048024569e-03
2.307185664763057760e-03
2.412967394865407102e-03
2.531961289059444890e-03
2.667391635104256805e-03
2.833312193423083263e-03
2.804865064298316807e-03
2.786090399888798905e-03
2.777820410783378956e-03
3.265281524577859536e-03
3.522422528439609225e-03
3.451942977820927471e-03
3.393175228902693685e-03
3.000716514073522093e-03
2.969836248874793173e-03
2.922799444061491801e-03
3.165847919336750669e-03
3.342092979797817165e-03
3.345843447913450074e-03
2.975199932069757733e-03
2.589868626955101061e-03
2.653264233873969032e-03
2.721856758894007459e-03
2.566003947820189382e-03
2.362592728720172043e-03
2.094127912471819772e-03
2.099976914378259667e-03
2.050598483447133285e-03
1.965757080471751492e-03
1.899928903739324642e-03
1.786618047483986161e-03
1.659154805839398172e-03
1.742085522277427891e-03
1.903729782551831333e-03
2.054014137896730766e-03
1.931588575361626540e-03
1.836713836522197232e-03
1.845321815649016020e-03
1.961477128049783983e-03
2.098879223952907110e-03
2.257727925968364656e-03
2.376320626674741955e-03
2.510870833543539429e-03
2.580357297586223161e-03
2.683615633248937968e-03
2.737440341692623687e-03
2.702599709599040091e-03
2.646097700459489055e-03
2.605913803770050149e-03
2.589891376139739562e-03
2.460138081214950298e-03
2.554107464624698863e-03
2.535960812462495148e-03
2.504485646280685956e-03
2.445621646539069931e-03
2.375574350620161465e-03
2.310558521419268756e-03
2.255246284559879379e-03
2.161515359245741365e-03
2.045170569132248942e-03
1.947145299674134418e-03
1.890504955673423960e-03
2.050418960317165230e-03
2.191382147862871652e-03
2.377295772432151851e-03
2.553269771216718897e-03
2.681390460899018679e-03
2.801413309984537164e-03
2.634656942319594727e-03
2.538837223416246826e-03
2.618870628620352959e-03
2.719032590724178040e-03
2.750431595764805774e-03
2.662326083566790656e-03
2.524078169939046254e-03
2.475425038504392231e-03
2.340927829544676032e-03
2.257447280616754325e-03
2.289246672924652622e-03
2.304324199441763407e-03
2.371187029673240722e-03
2.449031480701400511e-03
2.635768098970724116e-03
2.717449255609813083e-03
2.985121042745204380e-03
3.197031258288481233e-03
3.322296597845901447e-03
3.173807490241055060e-03
3.079248360282512732e-03
2.992093496459269017e-03
2.918175603468558827e-03
2.640838546891206319e-03
2.372279872656783348e-03
2.140032575381049275e-03
1.907054519648995750e-03
1.786594084294136631e-03
1.674427106483000402e-03
1.637783386467386165e-03
1.549683708705880706e-03
1.392761165558259549e-03
1.243908936409876455e-03
1.215787719884780550e-03
1.251029568198818581e-03
1.263639320739136200e-03
1.185630048279149142e-03
1.089837918150784318e-03
1.007600516712969276e-03
9.403009038025697108e-04
8.574223342305282818e-04
7.629952670150077967e-04
8.911527210942100409e-04
9.851274236585899017e-04
1.070221564131763111e-03
1.202126979328846509e-03
1.244669279251540191e-03
1.205932375316130008e-03
1.166208200584838628e-03
1.025542763783395418e-03
9.018790715553243447e-04
7.576723421272647026e-04
5.875037334258932219e-04
3.481896150181253450e-04
2.404156960998622217e-04
8.402149361548124046e-05
-2.125284912285506974e-05
-7.044790298979692071e-05
-1.260919355944530354e-04
-1.950772283291401707e-04
-2.874989063077463712e-04
-3.167046321205091572e-04
-3.339870337561762930e-04
-2.607652426552614861e-04
-2.968838314752151328e-04
-2.421376837294469096e-04
-1.988888457933050600e-04
-1.276381453605573448e-04
-5.953688504192946050e-05
-7.683077854566514628e-05
-6.189959665234680362e-05
-1.030912733862106214e-04
-1.369709066097732147e-04
-1.103495989979264924e-04
-6.813460051360799210e-05
-3.076430452916525038e-05
-6.037641264641238018e-06
1.978669412346968377e-05
6.659497326130440044e-05
1.235210169852661924e-04
1.722375862172239040e-04
1.912107853672964045e-04
2.231345123867323221e-04
2.817300908411993644e-04
3.679875432929667796e-04
4.317522531293695523e-04
5.291444273295487551e-04
6.312570319201236393e-04
7.175210827914160197e-04
8.666791487748851802e-04
9.978869351762783418e-04
1.201280212286343768e-03
1.471614700706854297e-03
1.545757629835654151e-03
1.529341459335281650e-03
1.509789231096561254e-03
1.431674053050078620e-03
1.378114512833109907e-03
1.340799494230453161e-03
1.264778323452408343e-03
1.168810606407747529e-03
1.065683667802040224e-03
1.013144078114872320e-03
9.656629046598139100e-04
8.658599674888454046e-04
7.942048782391319863e-04
7.325313481205740582e-04
6.953809822852661474e-04
6.341926342994040188e-04
5.768406129462390255e-04
4.766654091534067703e-04
4.715761349171806440e-04
4.622534576671665689e-04
4.608861466346310105e-04
4.526386243213845195e-04
4.038077384235404721e-04
3.615384136876210043e-04
2.552775186073025443e-04
1.844751568327333759e-04
1.517075355052798251e-04
1.428682882906771260e-04
1.628453389814237180e-04
1.872890232480584690e-04
1.487495612773681651e-04
1.029730718329183213e-04
2.276621403875069070e-05
6.094177993112732939e-05
3.338528327814022296e-05
3.328094304297923042e-05
4.458218254814918499e-05
3.576877140752505687e-05
beta5
4.941588441805283980e-08
4.931411028031089234e-08
5.288675150255821906e-08
1.319260421937355790e-07
4.380322438491491490e-07
8.702835322376593752e-07
2.049838506143371309e-06
2.812674009950683770e-06
4.370653457858652940e-06
3.681550267182516698e-06
5.200880228225216215e-06
6.767880327491301482e-06
1.210079187738938137e-05
9.757332294719093060e-06
1.085801791269488023e-05
1.102827365499667347e-05
5.309968826290363084e-06
3.457267638120828875e-06
1.186136927614171495e-06
2.470595981069835577e-07
1.696862601998272186e-09
1.485672151954254165e-22
-5.111823724705315441e-10
-1.742328912881912317e-07
-2.834097087440209185e-06
-4.469311142036576262e-06
-8.027995484079479825e-06
-1.418883989076911615e-05
-2.478306866736363452e-05
-3.860939154538912455e-05
-5.338042095436888382e-05
-7.270775237179841460e-05
-9.657303201464868879e-05
-1.051129146671672215e-04
-1.134344073638806228e-04
-1.057856596106442938e-04
-8.607834298637813452e-05
-9.613606945339957699e-05
-8.303445882149877082e-05
-6.474922848275537954e-05
-5.028989538166810688e-05
-4.582957072785791579e-05
-3.964759574845629233e-05
-3.393738554557925797e-05
-3.789183349448382697e-05
-3.476791523560763256e-05
-3.016296078330985865e-05
-2.597596903219879724e-05
-2.350676845708743435e-05
-3.868563385435547729e-05
-5.510506842318279799e-05
-5.705676051356656849e-05
-6.075217333068972330e-05
-4.636706303798128676e-05
-3.573985184023028921e-05
-2.786133943040441382e-05
-2.271324148265327499e-05
-2.153220432389974548e-05
-8.390505408582239961e-06
-1.021158206975410481e-05
-1.367532922887079466e-05
-4.329120356993872379e-06
-3.092834459620794699e-06
-8.927880355273941143e-06
-9.108847510435090023e-06
-1.059701770896428666e-05
-8.400862125075980594e-06
-9.993903737350536584e-06
-1.123427723356897665e-05
-1.741925630566621558e-05
-1.581900025704730515e-05
-1.822824698489143060e-05
-1.217734639573836722e-05
-1.052180708040007659e-05
-6.809273194565575895e-06
-8.038541331976540360e-06
-1.177661424971013586e-05
-1.072240443527155466e-05
-1.217117050320561034e-05
-1.583714681880561193e-05
-1.368824121877450479e-05
-1.767914702717219701e-05
-1.700946576676236021e-05
-2.711532370893540332e-05
-3.789554827239581568e-05
-4.560984070949171122e-05
-6.240492396165383095e-05
-5.214202224099265406e-05
-4.328005449231376358e-05
-3.110491280141737069e-05
-2.479428254968082989e-05
-1.892810764957934025e-05
-1.639104290453699184e-05
-1.429205760057563201e-05
-1.218700372217335049e-05
-1.043560725799115819e-05
-7.098005179621390886e-06
-5.440307193577071236e-06
-4.417686280338342506e-06
-2.643056710563047398e-06
-1.126379722745179197e-06
-6.542127558913742959e-07
-1.413872081326052812e-06
-1.051846929658723245e-06
-5.332285196751633898e-08
-3.230903469979072774e-09
-9.966390285235762982e-17
2.492654300510418661e-19
5.238402987467214879e-16
2.056040884897562514e-13
5.992946463518290332e-10
1.056323619263170262e-08
9.148665092398268586e-09
1.155710318103008536e-08
1.502890091473336879e-08
5.798577708348379123e-08
1.226452738026387511e-08
2.434652859007609401e-08
2.620458987903872251e-08
1.738758947027206823e-08
7.175890736758430170e-08
4.663093228690065968e-07
6.168983066718493493e-07
8.044342169997162523e-07
4.876871025773953783e-07
5.521195968098501202e-07
7.452960339070380246e-07
9.070551586915043266e-09
3.035100954456934526e-16
-2.669155010439820510e-12
-1.562774298035346471e-09
-5.905566279811035677e-08
-3.673147491972986895e-07
-1.892574854994465746e-06
-6.829309402170697468e-06
-1.025703128076537577e-05
-2.123511018041573082e-05
-2.351252143095396811e-05
-3.086593739041355183e-05
-3.853321875977919046e-05
-4.469140115037776369e-05
-8.354495168404828362e-05
-1.251396392496854351e-04
-1.686689703415975917e-04
-1.656171443667144754e-04
-1.762974908946781337e-04
-1.634703305697831136e-04
-1.645456206170458095e-04
-1.616496524235781990e-04
-1.387555970137810857e-04
-1.802012302782620399e-04
-2.001938384628409995e-04
-2.218264094840772345e-04
-2.690058880226292842e-04
-2.839363372582880151e-04
-3.837935357884237220e-04
-5.224698308109439280e-04
-6.490863394167419986e-04
-7.844375073320322038e-04
-8.185934349388744678e-04
-6.916168673918954377e-04
-5.452468537524965322e-04
-5.058419847320474614e-04
-4.210497757319681903e-04
-3.485856428855688876e-04
-2.993948137121654925e-04
-2.528527931792229561e-04
-2.470387521002643800e-04
-2.739483603519977939e-04
-2.746142172880878694e-04
-2.774032847975752393e-04
-2.590914342560545402e-04
-2.553279708114010666e-04
-2.309123613538966759e-04
-2.198789432348510493e-04
-1.977991557070846987e-04
-1.731038718492550893e-04
-1.451528368323333094e-04
-1.331865308113053736e-04
-1.161687654182918345e-04
-1.187916662402408276e-04
-8.757216642287402476e-05
-8.204358252812823330e-05
-8.334166181801976687e-05
-8.714934645270640983e-05
-7.465797916581857650e-05
-6.814721022668695301e-05
-4.383255321014307629e-05
-4.599359332034561813e-05
-4.666698851485596598e-05
-6.839385556297438308e-05
-6.982563661939096859e-05
-6.298455686650392365e-05
-7.343071690987083041e-05
-6.876088007845272644e-05
-8.296852947925186113e-05
-7.748136084745797867e-05
-8.292788298821745607e-05
-8.025541557578929936e-05
-8.839989632004144088e-05
-9.107391486500178955e-05
-9.568335880013840251e-05
-1.151991711619247140e-04
-1.145971601627705793e-04
-1.290919484818610461e-04
-1.291403470229807995e-04
-1.210599311545442115e-04
-1.181164642443952240e-04
-1.185553875846122513e-04
-1.195306482880837675e-04
-1.119473131461657539e-04
-1.108230028797187541e-04
-8.308413004179038470e-05
-7.897573406102234377e-05
-7.299234263449138520e-05
-5.867104047196019601e-05
-4.451910621457218372e-05
-4.289507181910287879e-05
-3.497791672133813653e-05
-3.892952233841086610e-05
-4.906392678403925680e-05
-5.789569137931468003e-05
-7.773075740097799781e-05
-8.470557034094962183e-05
-8.938967216095324714e-05
-1.077054470195325280e-04
-1.192150088268353295e-04
-1.303931883592627811e-04
-1.535163124584332575e-04
-1.535425948916530297e-04
-1.876922784921293596e-04
-1.608172477460146233e-04
-1.164220409665728034e-04
-7.158349275485483216e-05
-8.843253388595939094e-05
-9.807999819506956407e-05
-8.362293300674295709e-05
-6.801157974199638985e-05
-6.726760029865505499e-05
