-1.301321861885413878e-01
-3.143896206505702312e-02
-9.379801539485272538e-03
-2.898698498691737869e-04
7.797281853906266099e-04
-7.449942120761308701e-04
1.505395333690229829e-04
8.856807356734712694e-04
1.129427832216821186e-03
1.196708236584312010e-02
4.152468013800734992e-02
2.994203090373048423e-03
1.072509767451361104e-02
1.903988916482886665e-02
1.622007328190123695e-03
7.596780853177494824e-03
-5.807200509277930258e-05
4.698432409658589819e-03
5.756225580497763370e-04
1.224642811944716587e-02
3.173598537057651194e-04
-4.114135475117209131e-03
-3.301138820601999882e-04
-4.010699870489437859e-03
1.129545757992392920e-05
-1.960045724214347449e-04
-1.409947317005569951e-04
2.203875288698117980e-04
4.808604297153812530e-05
4.189514922660990122e-04
6.913654831083890055e-04
2.843001453190657779e-02
8.047391275118814325e-04
6.988734009087481771e-04
6.479558467236823729e-03
-1.670404244891838478e-04
1.102395593785932470e-03
1.523179266315632246e-03
5.178430887631215633e-04
3.602067529969901869e-04
4.487099418769236662e-04
-7.016836992462911586e-03
4.178398875254696679e-03
4.518106887165718524e-03
-2.821402118888135212e-03
1.458730101543673089e-03
4.024378660186787621e-04
1.082109803576156669e-04
5.183377066061661646e-04
1.010397155592958340e-03
2.775603388710679172e-04
-2.040529456088776283e-01
-2.004645863239797889e-04
-2.375807234792496388e-03
4.773872917106137745e-03
-5.157802501324723621e-02
5.981838921103428078e-04
1.128530920438342283e-03
-3.948557747568778864e-01
9.873299148959030751e-04
5.483530354506207507e-04
9.187380191866368695e-04
9.245143328136403403e-04
3.912003731931396077e-04
5.215268539299564975e-04
8.443654143800510218e-04
1.574974590333843259e-03
1.597733513572676192e-03
2.238960051489286267e-03
5.211053430739630158e-04
7.640909871164873295e-04
1.268391294627091827e-03
8.694533904805195126e-03
-2.049785390652656802e-04
-2.225576087151639459e-01
-4.014188530337621822e-04
-6.807466403894945131e-03
8.348406145926850087e-04
1.240549460934111759e-04
1.960156771908554228e-03
9.485517543712498802e-04
9.291732890669584285e-05
4.064443396935007590e-04
-6.516720653564807568e-05
8.565570428465915957e-04
3.071763666534288451e-02
3.228915188163227791e-03
5.642534776384889803e-03
1.954980007375013620e-03
-1.814682789184342520e-04
-7.253505976526563540e-05
-7.170918028828459235e-04
5.285866877940845416e-04
3.008865930263006925e-04
1.677351999280070035e-03
-8.628165954313924899e-03
1.426249824365086053e-03
7.180875484291915234e-06
5.491231532149053185e-03
8.322930366542111418e-04
9.022971344443365071e-05
5.537301553311985321e-04
6.727285895402818679e-04
1.399384613266879164e-03
7.198670544343325518e-03
2.875822133757459636e-03
1.959227442334226230e-04
1.632983222294333075e-03
9.698846100032937345e-03
1.084844020297337768e-03
-2.791956559356815700e-04
4.671597360447094795e-04
3.480471962774900124e-04
9.500471226572081542e-04
-2.399506835675753024e-03
2.836875695741172235e-04
1.160575557894405647e-03
-1.062201961718953338e-04
5.826505417996542813e-04
8.692326977422894577e-04
4.045658096463597355e-04
6.820888196294229997e-04
1.840424633461523480e-03
1.645672151580105389e-03
6.914264025775226181e-05
1.746347217942183976e-04
9.159272226576952065e-04
1.594125382227201335e-04
-3.939911978537003856e-04
-6.431738118860419637e-06
-6.849593233660565897e-03
7.450361782905516204e-04
4.622207720259557538e-04
-4.914462021483815678e-04
-1.558331640365214887e-03
-6.909076113680032508e-04
-5.596642185524535601e-04
-2.029511342512257260e-02
1.412802173247449484e-03
-1.441612513961704478e-01
5.070029456748431163e-04
3.073424299561785156e-04
1.808109616596661334e-03
2.502469447195586772e-03
2.317865898016326781e-03
1.695190556747864022e-03
2.405697708707789980e-03
4.737306438005148800e-03
6.644444345937519300e-03
-7.321761373876593728e-04
-4.726600438602070425e-04
-5.845849280703443963e-04
-2.749116937644922008e-03
2.000800247854318402e-04
1.826631622917580854e-04
-2.073285385540749298e-03
-1.291455107260406883e-03
5.396478559896924088e-04
-2.226508692935845620e-04
-1.146736304266318283e-03
-5.855504619314181626e-03
2.759275117903546570e-03
-1.672827748414903830e-03
-8.093661421077406708e-04
-1.054290290338766485e-02
-7.038308957790065205e-03
4.624599964565844802e-04
-1.095445382068909292e-03
-8.605636662267233949e-03
-4.112745511905384517e-03
4.856718207937499353e-04
1.382878851571627161e-03
7.515531854698941821e-04
-9.868990966076928318e-04
1.358532125325849927e-03
-4.544786734119716717e-03
-6.556965018800327283e-02
2.143678319889594404e-03
3.266759902096443816e-04
3.113740766743189163e-04
1.863027602031356092e-04
3.161475249876804648e-04
2.912999848075539908e-04
-1.963067812823009333e-05
8.916989457234086695e-04
2.652159424159606055e-04
-9.028831321033372161e-04
-1.022839789301606926e-02
-4.302766862686115829e-02
2.354627228525710270e-03
6.758414892142763442e-04
7.678588646350216268e-04
-3.341114345796172141e-02
-1.276915079327761151e-03
-3.698160176774224761e-02
-8.994622345486724679e-02
-1.121823030466045793e-03
-1.047084028052571678e-04
-4.568588570109079140e-04
-9.659509916118621002e-04
-2.582424251677464290e-03
-2.849436824514968024e-04
-8.100267801219283869e-05
-2.312449809347372708e-04
1.961888328747099812e-04
-5.473721853019068110e-04
-2.189346169171690545e-03
-3.854815553867626393e-02
-8.126229985412182846e-04
-6.060353250735237571e-04
3.725690173697573503e-03
-3.807749412635643349e-04
-5.742549777307826833e-04
-3.508191268533079367e-03
-6.890513144851847334e-04
-5.605130838398157374e-04
-4.329841785199887495e-04
-5.121029655602110610e-04
-4.090226386734569365e-04
-4.460852244744492102e-04
-7.042578765605728413e-04
-1.037060313837008269e-03
-1.221245917596012120e-03
-1.656938466384684288e-03
-2.189336380613053287e-03
-1.131193859391819599e-03
-2.462400214068706343e-03
-4.696373333584475361e-03
-1.022436287166117539e-03
-1.109651234179170106e-03
-2.555468321996133291e-03
-2.300239831225409613e-03
-2.739848143327890118e-02
-4.202574071358061865e-04
-2.979974879215661464e-04
3.959930585316624014e-04
-2.405964980046306010e-04
-4.663387721717965621e-04
-5.684109495308674841e-03
