1.830033718167017966e-19
1.362348466277396169e-31
1.983159033236775975e-23
5.637583381390138280e-23
6.933289523731025117e-25
7.600956210563744557e-25
1.306357552060005317e-23
-2.806946444042967023e-67
-1.290014813427342761e-21
-9.688770494463638745e-18
-1.284590422378969644e-14
-2.026445461214822891e-10
-4.468170942187613069e-10
-1.149600728985779115e-11
-2.402259530618619336e-10
-3.692751350536447795e-13
-1.845311286880135442e-12
-1.795637277586610994e-14
-1.306965788877292904e-11
-6.867144791998361668e-11
-1.094853999753125446e-10
-1.505151465679410593e-12
-1.145116901667080843e-12
-6.391570955574608639e-14
-1.409020120950844866e-10
-1.398182097208020661e-09
-2.526494583969524328e-10
-1.775080425126212929e-07
-1.109429104576098668e-04
-2.198788831303520618e-04
-2.937110363337836318e-04
-6.890266089046120880e-04
-6.038030195757333842e-06
-2.202506263710555654e-07
-7.068747187665435798e-07
-8.683516790254037284e-09
-3.049220661162711375e-07
-5.369581425236710368e-10
-4.359228745021688045e-05
-1.330196595004712911e-09
-1.405020887524467802e-14
-1.001213254347656005e-20
-2.591927335855386485e-25
-1.637692141179967423e-36
2.892073072846087120e-67
1.430925186219193256e-46
2.537297486899184047e-23
2.054669593849793065e-16
3.679534839251070245e-18
7.158425120071031930e-16
1.777618520832763806e-09
2.829010015062562233e-36
9.406046963804562152e-53
-1.515177447887204358e-33
-7.075518894378508011e-17
-4.420273162690548722e-13
-1.081320597839188217e-14
-9.600405206529402207e-13
-4.257894845638977833e-11
-1.414356228996618062e-07
-4.010313584501190988e-10
-1.166594974884951827e-10
-2.327702957161560060e-12
-2.942635984134431679e-11
-1.061280391871671508e-10
-8.374866809217134045e-09
-1.107872980156152219e-10
-7.058213911538712913e-10
-3.275937016216387000e-08
-8.291788612308552911e-09
-2.678464747694235805e-06
-7.775813682621349039e-08
-1.596845083992335268e-07
-2.425231794075695644e-07
-1.028020866363883377e-07
-2.268887049513978016e-08
-6.504488803961662212e-07
-5.301361443510007615e-08
-3.942824393270508103e-09
-2.396796637059003916e-08
-2.099470932385745989e-07
-2.833309142906211713e-06
-7.143160209816461448e-07
-1.589023700386215405e-08
-2.741871635282779993e-08
-3.585259169215721677e-08
-2.943579912727402828e-07
-2.656661002875921538e-06
-2.743493501664294594e-06
-5.242477213419616574e-08
-7.642117714102868289e-08
-4.698335215177826973e-07
-3.053140151987976053e-07
-7.305714584310773591e-07
-4.241611249899973472e-07
-6.226764140848289497e-07
-2.643887207442412163e-06
-7.439980947933552646e-07
-8.204539555967635814e-07
-2.084568003544295292e-08
-6.396319964725837209e-07
-5.851205519076809576e-07
-4.330604357095234789e-07
-2.972878646091847900e-07
-3.287270709600232565e-08
-2.247837267080460241e-09
-9.259273755066447051e-12
-3.349473151862412159e-12
-5.736122100956175752e-13
