-4.945987358743189421e-05
-6.903366087822231990e-05
-1.354344218588292325e-04
-2.856303914264147060e-04
-2.859969221888294813e-04
-2.756165761054803903e-04
-2.727374058367268016e-04
-2.631325948724095383e-04
-2.296858863585474111e-04
-1.074883521209441493e-04
-5.959301411329097700e-05
-2.231405616476712234e-05
-1.695062171320891163e-05
-1.181735813302389839e-05
-1.299111272355013742e-06
-1.499123408628234352e-06
-1.696072788882772995e-06
-2.604817004701237281e-06
-3.588220959179869263e-06
-4.173575149256554110e-06
-5.121695692422226932e-06
-7.414685068669019623e-06
-7.571457926030158930e-06
-8.949775168332035197e-06
-8.480479086474717180e-06
-9.088524360367521406e-06
-7.516669790639024804e-06
-4.565318458558292946e-06
-4.205916869432588126e-06
-1.914184594878475281e-06
-1.424375052961489966e-06
-2.017610137185414076e-07
-8.451992894312317920e-08
-3.735396457858651423e-08
-2.786378399370569936e-08
-2.568493471738678928e-08
-6.790593401522366842e-10
5.498044856463979803e-09
4.912635027172436283e-08
1.189276965769771440e-06
3.279802555861741652e-06
1.297951090695270746e-05
5.474211925980394209e-05
9.495585012615602319e-05
1.950184027943338387e-04
3.920395947127352804e-04
5.859181675008913546e-04
9.263513981940058256e-04
1.217559207452991853e-03
1.424674655567232566e-03
1.546554529311028282e-03
1.579494516681851464e-03
1.526479006979892215e-03
1.394667402875817601e-03
1.206473500993533558e-03
1.206142517350057000e-03
1.028561757089567789e-03
8.098112139265672320e-04
6.906651552350241913e-04
4.787369290144740243e-04
3.366967341270720566e-04
8.987063583617176446e-05
4.554954409773236422e-05
3.320795726628624053e-05
9.400431619839322677e-06
3.007324156867684828e-06
2.710678694181997044e-07
9.341262739884768555e-08
9.270059740673945216e-09
-7.661739542291473023e-11
-1.734230363887482349e-07
-3.433952911882432081e-07
-3.646262673862762081e-07
-3.753330910269519027e-07
-3.984180960507210926e-07
-5.532020977613287116e-07
-1.079898984644218474e-06
-1.006452688224929307e-06
-1.054707268007090449e-06
-1.062529099276519821e-06
-1.191741561587031579e-06
-1.466754256501491741e-06
-1.074305139994586442e-06
-9.877939589475026922e-07
-9.390253304859323317e-07
-1.054806797515088817e-06
-9.333793951308001378e-07
-5.113371445678949742e-07
-2.102618838686468519e-07
-2.012288952930492306e-07
-1.807050472899067018e-07
-4.668610053566436780e-08
-1.581603558679837832e-08
-7.914822664662059863e-09
-1.400232287534345095e-09
-2.193815174484020338e-10
7.464756539215925249e-08
1.205129987913820593e-06
6.297624202652932783e-06
2.401341045249853282e-05
5.048907613031558371e-05
7.152676672388082939e-05
8.660458089100498845e-05
1.291690300079092395e-04
1.923904533569393031e-04
2.124277659563162540e-04
2.701348305244377960e-04
3.194672914016870508e-04
3.728812843582814790e-04
4.014599461078753183e-04
3.998770020065217190e-04
4.818440213303434600e-04
5.181613163170473721e-04
5.277166804854926214e-04
6.088702016574364800e-04
6.872214530861327523e-04
7.500568344518664674e-04
8.528902066527536399e-04
9.602941116479321018e-04
1.095164399514492702e-03
1.122674996925852571e-03
1.155932046599463144e-03
1.212939231506930497e-03
1.226948157753137651e-03
1.258177963894376505e-03
1.156390057658015494e-03
1.109090566995873288e-03
1.073854545480730201e-03
1.074682787444737652e-03
1.100568869550332465e-03
1.063677866426549715e-03
1.432814506854941834e-03
1.592942373830757118e-03
1.690060953118520696e-03
1.692862842681359210e-03
1.711969510349925115e-03
1.741873970827871772e-03
1.489352566806512526e-03
1.325261561899201100e-03
1.217111911013634426e-03
1.075924875045795176e-03
8.325485564336143661e-04
6.028706299415452496e-04
3.837982302669609627e-04
2.627313605055938447e-04
1.258929249257151534e-04
8.088062954113470172e-05
4.606903752436409784e-05
2.487044483343844314e-05
1.437102068185671462e-05
9.470504867709227649e-06
8.694437943927528422e-06
4.690098048874254796e-06
1.322842298341760830e-06
5.216775810661346616e-08
6.818563482193337087e-10
2.697785642576756181e-09
3.529232360972502587e-09
7.323498962260890283e-09
7.418819407314308630e-09
7.956016172541926947e-09
8.731855290333718143e-09
4.030350934778155095e-08
1.732340186033979097e-07
3.246764916687597718e-07
5.612406467789651438e-07
1.146554241333152549e-06
1.928398503075016420e-06
5.355078800400445785e-06
7.556118386292604093e-06
8.626097878066041056e-06
1.012689308224216638e-05
1.058777147548902563e-05
1.174485507826188891e-05
9.668173788479583517e-06
8.882203521032948544e-06
8.683317694607644034e-06
1.031472927833595721e-05
1.119727713011151038e-05
1.090136127670249108e-05
1.090668442770345711e-05
1.036239504709049067e-05
9.594352208265650130e-06
6.560072545782232305e-06
4.741550509555738731e-06
3.097738709661080971e-06
1.709176538301131328e-06
7.046270449715965020e-07
4.463394637959794353e-07
1.117528451883962361e-07
8.859513613661874078e-10
8.769050127643858318e-10
-1.206327720220807321e-10
-1.924715389636244468e-10
-2.059676010272333371e-09
-3.964951495562939859e-07
-3.357815541805742002e-06
-4.475254424074914991e-06
-4.551870853575961684e-06
-4.622423876738962336e-06
-4.642862015755159527e-06
-4.254862759958498063e-06
-1.352345263287871061e-06
-5.187292208273092719e-07
-1.119311358929885619e-06
-3.310129877803198290e-06
-3.716072501062088755e-06
-4.140147920026283165e-06
-4.656838937443101712e-06
-4.693950406653460678e-06
-4.256571266279527429e-06
-2.262941807918158836e-06
-4.180779831628654362e-06
-9.037129872029431209e-06
-8.746320891873213981e-06
-8.699133236288264935e-06
-8.659189124118244922e-06
-1.021367807043961900e-05
-8.586393311958191252e-06
-3.717814659953245508e-06
-3.734769284580304153e-06
-3.546949517234789727e-06
-3.425706532553618254e-06
-1.709525395348365388e-06
-1.003661807256154270e-06
-5.963470622228249865e-07
-2.946131750890497305e-07
-2.086775596187665934e-07
-1.300452223692784746e-07
-2.392349082303086504e-08
-1.098584693977784750e-08
-1.785549741671852108e-11
-1.270361877038155215e-07
-1.587472416862895905e-06
-1.929988994388040532e-05
-1.083250806079043342e-04
-2.902997957219151642e-04
-4.675818578740740324e-04
-5.868543085590077063e-04
