1.826162469890575613e-20
4.716503962137504315e-20
2.033229891712511295e-16
1.525206590810995317e-16
1.224592609303716132e-16
1.020493976318120128e-16
1.021298007626313482e-16
1.021174228629263595e-16
4.716499581692711591e-19
4.527051563951528549e-19
8.376043515182517423e-20
8.374691198283000312e-20
3.001770466423173392e-22
9.943038656205515092e-28
-3.760238516455429370e-31
-3.760232159542987337e-31
7.807425867476832608e-27
2.928899471816105835e-16
2.928899498164147337e-16
2.929398939306222794e-16
2.929398966191080198e-16
2.929398968950916484e-16
2.931371832196119645e-16
3.195498721249873305e-17
3.039125612983324386e-12
1.745620105359145957e-11
2.912706273026357364e-11
4.235052028028289735e-11
3.615841866594927296e-10
3.632297668128691759e-10
4.684512343883081584e-09
6.634316725809505923e-09
6.907881032875954965e-09
7.702553142861709465e-09
5.899678617565961440e-06
5.901649494068391697e-06
5.897419593795297753e-06
5.895497646846233204e-06
5.895212445083647092e-06
5.894424889733675186e-06
2.129593315251161261e-09
1.570712012669561497e-10
6.264980363490578223e-11
2.037529528277475855e-11
2.034188912562548604e-11
1.671561859257629577e-15
3.106406807223557212e-19
2.042337520019295759e-21
5.317653972877975114e-22
5.317652985858875185e-22
5.317652985858875185e-22
5.317652985858805596e-22
5.283543585470898862e-22
5.283543585470898862e-22
0.000000000000000000e+00
0.000000000000000000e+00
-5.147715892230901356e-21
-5.148348378255670607e-21
-1.426801181175399835e-19
-1.428431848558842344e-19
-7.420728739853823906e-19
-1.445407289119084119e-12
-1.447230261776799821e-12
-3.174929628474870106e-12
-3.174930759913549728e-12
-3.174930774630623998e-12
-3.174930175929460388e-12
-1.729523652382876086e-12
-1.727700690422642556e-12
-1.323723940037752145e-18
-5.475349047362377004e-20
-3.987334976588628263e-20
-3.934482452793161847e-20
-1.584519873859262195e-20
5.283534954718346343e-22
5.285682408621018006e-22
8.891369603225196041e-22
1.047405373100184351e-11
1.081618207016796149e-11
1.081618279493725688e-11
1.081618288913842034e-11
1.081618289012058100e-11
1.081618290839444183e-11
3.443087481559590099e-13
2.180974363052942212e-15
2.180258252249240811e-15
2.238914515323652574e-15
2.377672217140886687e-15
2.431048945336788902e-15
4.003206718730051109e-16
3.997558560174185795e-16
4.001606645821973804e-16
3.414102019037425151e-16
2.026515177113605844e-16
1.492561550857076278e-16
4.145543263875404739e-19
4.139969700757042563e-19
5.299141121633433564e-22
5.283548259812240943e-22
5.283548259796052035e-22
5.283548259171937886e-22
5.283547883677101535e-22
5.283547883677101535e-22
0.000000000000000000e+00
0.000000000000000000e+00
0.000000000000000000e+00
0.000000000000000000e+00
0.000000000000000000e+00
5.283550057008946531e-22
5.283550057008946531e-22
5.283550067249230774e-22
5.283550067350507606e-22
5.283550067350508546e-22
5.283639419457136699e-22
5.283639419457136699e-22
5.283639419457136699e-22
5.283639419457134818e-22
-1.348909126879006611e-21
-1.589687014493474221e-21
-3.801473897897765685e-21
-3.038207280698787028e-20
-3.038207290471765660e-20
-5.159576034119008029e-19
-5.589304764885846669e-19
-5.589262048987903463e-19
-3.225292753873985285e-17
-1.912165749841227587e-15
-1.912202042899867891e-15
-1.911717868809059275e-15
-1.911673018667106308e-15
