2.107696203287373095e-03
2.562233208450874315e-03
2.327569975795623809e-03
1.889971671349128472e-03
1.739864342806627089e-03
1.571796749151839825e-03
1.976218267143170504e-03
1.879107150445069249e-03
2.613703089068324104e-03
2.799083033327067621e-03
2.743772657291997097e-03
2.316077150800568366e-03
1.764491549999199372e-03
1.870221829959413298e-03
7.900154118525250973e-04
7.369715039537245646e-04
5.554947308620114457e-04
7.251363724197237804e-04
4.795096155540047741e-04
3.766682299054044262e-04
1.720253571535461791e-04
2.437457882394934434e-04
4.339033154853832834e-04
5.152026159458629765e-04
8.503445351242801221e-04
1.696977150779979985e-03
2.825665733306270515e-03
2.514442706687738255e-03
3.605460055491760928e-03
4.814620676815544939e-03
6.421314508162529432e-03
7.721497491929183929e-03
7.809287850161618881e-03
7.548470019622276726e-03
8.948084159342607063e-03
1.084123613184254792e-02
1.262015407200127795e-02
1.501478872400368800e-02
1.542171808670285763e-02
1.516294699837719001e-02
1.546999864871892970e-02
1.582817333462141832e-02
1.499882058289336677e-02
1.436838546755629491e-02
1.535418096142293631e-02
1.636803303343203203e-02
1.718883549068957184e-02
2.042741744022383288e-02
2.163630662891418560e-02
2.026387874680238288e-02
1.800879904393726944e-02
1.574521017729385575e-02
1.412422438609581624e-02
1.371644042689733334e-02
1.288949522942213141e-02
1.250261182553718403e-02
1.312471490980324750e-02
1.143029180086974593e-02
1.100652845152365333e-02
9.235370074670023327e-03
8.231833952384054465e-03
8.057042240732045779e-03
6.296488548279783812e-03
4.433851313250860085e-03
3.291592636022160588e-03
3.221380795251156410e-03
2.588620965487738179e-03
1.494792798356255233e-03
1.165018278939861747e-03
5.493715805794549501e-04
2.898776022606146057e-04
1.492412631657995259e-04
1.748821005536195050e-04
1.160901444671320318e-04
9.306790050036718048e-05
3.748016425818212885e-07
-8.873661704737013456e-05
-9.203119885647492032e-05
-2.654159316097669426e-04
-4.659229587374265954e-04
-5.146665663541744908e-04
-3.685323387441568851e-04
-4.362459295985496484e-04
-3.648518530089316309e-04
-6.992595235038300558e-04
-8.400754236848568613e-04
-1.055814852299029501e-03
-1.066055861303782850e-03
-1.278142352683239290e-03
-1.020531414809566122e-03
-8.724880763412287341e-04
-1.219036492119610852e-03
-1.201954400202933163e-03
-1.229064642594385019e-03
-1.060228956942987823e-03
-9.388885203264169628e-04
-1.213481277024922944e-03
-1.332773755224114353e-03
-1.580735835850969381e-03
-1.744575099470511634e-03
-2.074399144349683456e-03
-2.997987967324136291e-03
-3.375080448033448803e-03
-4.104910103224627439e-03
-4.331119193032552210e-03
-4.135214086033425079e-03
-4.733506592422984105e-03
-3.985593907767138316e-03
-2.887540541141792906e-03
-2.338190572406770827e-03
-1.341141550064651284e-03
-7.154232748861748823e-04
-2.837188803739939982e-04
-8.926959780473554563e-06
8.096342033686278672e-05
1.282134280287013637e-04
1.361650087598679343e-04
2.822382204458872700e-04
6.404738621156409392e-04
7.385935813342646428e-04
7.887417255848289035e-04
9.584905019763244327e-04
9.204195268941353213e-04
7.247659198902257774e-04
3.227693273360625380e-04
3.704941442282767491e-04
5.660652652634081718e-04
5.588812640458637373e-04
5.621608863667763335e-04
7.653691201725702558e-04
7.451560884030174019e-04
4.755740802095152287e-04
5.485567522498346459e-04
3.778468137782925148e-04
4.801088668701125627e-04
2.665488096827167848e-04
2.269421808615494206e-04
1.020119998990191834e-04
4.958517433344682851e-05
4.440170248895505183e-05
1.086226200311972607e-05
2.869604554021419580e-05
1.002789054890111787e-05
3.826856876272679811e-06
1.283059623882095041e-06
-4.817654899717186324e-08
-4.481019862179911543e-05
-1.313886068086716390e-04
-2.807753042937285960e-04
-3.822009682478750181e-04
-2.683103206778168857e-04
-1.974163025107848767e-04
-2.482299203888978928e-04
-2.284827643626753527e-04
-2.797290507573301334e-04
-2.247022814351093661e-04
-9.832535658864754416e-05
-1.160230676431047510e-04
-1.135658078469686832e-04
-1.262404519443137440e-04
-1.929194876621322476e-04
-2.507987727292693451e-04
-3.806138090851166359e-04
-4.428634590309450279e-04
-8.267783988873050405e-04
-9.935281878942262522e-04
-8.104312017817900818e-04
-9.587476815011665085e-04
-9.314457134926580053e-04
-1.166188580745300667e-03
-1.209645013641340089e-03
-1.167910579752974663e-03
-7.072135612518428999e-04
-5.614551711587886232e-04
-5.689635762089032033e-04
-6.873524586127003483e-04
-7.347824095689379142e-04
-5.955415327106185598e-04
-8.615580601392693310e-04
-9.677463366818830166e-04
-1.960305351133889620e-03
-2.350585088453242648e-03
-3.461537034187399647e-03
-3.848925651338193886e-03
-3.237278994226864583e-03
-2.987787206229187368e-03
-2.781478753558889756e-03
-2.530283808245356852e-03
-2.122464510217329011e-03
-2.039535200062282151e-03
-2.303088735130443942e-03
-3.079363590873086462e-03
-3.389480914945957810e-03
-3.429687812055161669e-03
-2.423250323200507646e-03
-2.457460926300565618e-03
-1.808582054494378179e-03
-1.347485259066446076e-03
-1.348613495021561744e-03
-1.261452394787298268e-03
-8.863877136352311861e-04
-1.256063033240769700e-03
-1.777256112451274482e-03
-1.159608157023296615e-03
-1.843737844076838179e-03
-2.462243896944465993e-03
-2.277349438327827720e-03
-2.589781580937926004e-03
-2.789654515455150703e-03
-2.589939510598231534e-03
-1.969895177562501314e-03
-1.733716683935890290e-03
-2.293810529204510801e-03
-2.637756199076908385e-03
-2.788847069269809621e-03
-2.656385846945159661e-03
-1.599361725573460787e-03
-1.354225400447868575e-03
-1.704338672667444869e-03
-1.852512090736385588e-03
-1.597478432578088633e-03
-1.551036905732624312e-03
-1.327270361168875808e-03
-1.411614635405395671e-03
-2.077412827826583593e-03
-1.568721655031137321e-03
-1.330774791889451861e-03
-1.268823912091073978e-03
-1.342666604554310431e-03
-1.263765399758504104e-03
-1.367067064323095483e-03
-1.553866590839595883e-03
-1.863839316872240633e-03
-1.934381208745837013e-03
-2.106918783968212555e-03
-2.054855235405858398e-03
-1.704738105157626443e-03
-1.209359200914941713e-03
-1.265073990614751492e-03
