2.875169581893311215e-03
3.074413187717331929e-03
3.450534870107506338e-03
3.659985582243297127e-03
3.968465881610102643e-03
4.373904440995576501e-03
4.837939571997526035e-03
5.322368297460572731e-03
5.781515895270433400e-03
6.297430223469647863e-03
6.722361225934923162e-03
6.958094376113809106e-03
7.452113501719735862e-03
7.959158685393446023e-03
8.385927349239898770e-03
8.736959470451164875e-03
8.994653267022131859e-03
8.999832885035178101e-03
8.889807072952646966e-03
8.624949430649862803e-03
8.292518985606041684e-03
7.844276650877841928e-03
7.427621614638321712e-03
7.162230514377305839e-03
6.969754136406166624e-03
6.697082402189274107e-03
6.353456268433404358e-03
6.061847408808256760e-03
5.773386607444011033e-03
5.695471058893693435e-03
5.651819720009489297e-03
5.692450330578622576e-03
5.732171362027616533e-03
5.802345469789342396e-03
5.745006995819095137e-03
5.534576632856710865e-03
5.324732365718668446e-03
5.114473021498357370e-03
4.978228263512578418e-03
4.970267317873022610e-03
5.003075018179381668e-03
4.901086312951757201e-03
4.705643282989846639e-03
4.527406003483444748e-03
4.378896198331420041e-03
4.216939218079536478e-03
4.193845371688468930e-03
4.359426810514282873e-03
4.543576673563861495e-03
4.794160013356438786e-03
5.005605327854482055e-03
5.077857088427784917e-03
5.050529816812522783e-03
5.070342485869977316e-03
5.225970063095631939e-03
5.338803395404232398e-03
5.431938837742970351e-03
5.576452287584673061e-03
5.691606055108270473e-03
5.672029330935406122e-03
5.522071380233491318e-03
5.206909445660954337e-03
4.910752036499627105e-03
4.635464588783434932e-03
4.429864537939380044e-03
4.219506316710926186e-03
3.960812887315139086e-03
3.700674097567769553e-03
3.424314169171987967e-03
3.068991001198723492e-03
2.671748059033343583e-03
2.316101909398586914e-03
2.048847383511792544e-03
1.925939596496287903e-03
1.794663129418847545e-03
1.671347559450176616e-03
1.530789933620673457e-03
1.427285187138695741e-03
1.280790273230974271e-03
1.146789850172438147e-03
1.012481081248085488e-03
8.917178763978736390e-04
7.954647799566604135e-04
7.344372090164974715e-04
6.714115102545224582e-04
5.981130827880707214e-04
5.555960970157672709e-04
5.327781118435263299e-04
5.162692233658970403e-04
4.983479160402384594e-04
5.158618752921694190e-04
5.105742933701719810e-04
5.243951366834246524e-04
5.607957345750107367e-04
6.102260674943791804e-04
6.585311624459543262e-04
7.275576133866012637e-04
7.712373913776280352e-04
8.113992762663583972e-04
8.236960760865135638e-04
8.621592898873310824e-04
8.863441790697340400e-04
9.051184278335069064e-04
9.476100088655086849e-04
9.592265391057484131e-04
9.452497707205484738e-04
9.211506074527747419e-04
8.843102215349247586e-04
8.474876941722466611e-04
8.381947659674131995e-04
8.265330235855372328e-04
8.286589190040558181e-04
8.857129930815214013e-04
1.013846724083235966e-03
1.167403594163417485e-03
1.315603157442471645e-03
1.481973636555147930e-03
1.716343786850825113e-03
1.998341756957770169e-03
2.245907555896502553e-03
2.497319752219234398e-03
2.738299623561344515e-03
2.887953180815297158e-03
2.984863460129155623e-03
2.952027823376649276e-03
2.851246770276630229e-03
2.707293370753921860e-03
2.600928413340498294e-03
2.524836176703679821e-03
2.410897220099710980e-03
2.305802131579432705e-03
2.232459239820844613e-03
2.219089767661663447e-03
2.326696375372462339e-03
2.528776883420205419e-03
2.728519582098560756e-03
2.989537072151788894e-03
3.198657125903141361e-03
3.415613035959722682e-03
3.598707866373721930e-03
3.741718766741271383e-03
3.775050010643112106e-03
3.714134541783226801e-03
3.733373638158453498e-03
3.707372931252649658e-03
3.515430824396763038e-03
3.217611096292678687e-03
2.917154501545079267e-03
2.588808155116591615e-03
2.306930203005707301e-03
2.031504626852840851e-03
1.749280551389839145e-03
1.486237655344602214e-03
1.296421591209402690e-03
1.154016324508499178e-03
9.242348856223445716e-04
6.647524225930951823e-04
4.483389311707273333e-04
3.301039453528411410e-04
2.609928111975879815e-04
2.151874991764604324e-04
1.770289735803007964e-04
1.285471175135652724e-04
3.727561156229474755e-05
-7.608813905937865710e-05
-1.969090542950627167e-04
-3.063634096075770036e-04
-3.829121765130148801e-04
-4.507765412041090975e-04
-4.853806018519837145e-04
-5.039603359696377639e-04
-5.163637475533016394e-04
-5.195017374187920573e-04
-5.164570376768732370e-04
-5.023702829111540607e-04
-4.477129484069862042e-04
-3.721179234490520232e-04
-3.114190089120293797e-04
-2.674322265615868845e-04
-2.446084523873288778e-04
-2.265775642806404117e-04
-2.282166162723384161e-04
-2.422842132116289347e-04
-2.662208376797725617e-04
-2.862641790100324329e-04
-3.189528151107028434e-04
-3.737651280918763766e-04
-4.413035492072029764e-04
-5.183078581520643522e-04
-5.571497614556990058e-04
-5.836101092801306576e-04
-6.284993806269044804e-04
-7.090184125471115512e-04
-8.423983399553194905e-04
-9.590179736231121965e-04
-1.017501383096921673e-03
-1.035911695537988352e-03
-1.023086088664578808e-03
-9.911425916770183388e-04
-9.429107134707160297e-04
-8.738871155270436101e-04
-8.156536510223246503e-04
-7.714833047257146047e-04
-7.196856366254194464e-04
-6.522621385245805023e-04
-5.283146077536975170e-04
-4.288260507911699254e-04
-4.109801001133285146e-04
-4.080452544839616278e-04
-4.269538448543992119e-04
-4.379567661898981271e-04
-4.620968405251897073e-04
-5.150429630591344538e-04
-6.071495157405803122e-04
-7.533001077117602341e-04
-9.032167021227739635e-04
-9.724859118754909529e-04
-1.025385883789288249e-03
-1.073199924826248293e-03
-1.100080095994781159e-03
-1.193738313017237958e-03
-1.312551810324698309e-03
-1.464693639301148029e-03
-1.554496282316556030e-03
-1.610429699649889050e-03
-1.580895753503215248e-03
-1.488791802542932009e-03
-1.358293306292726642e-03
-1.289679281194030689e-03
-1.263537547361666966e-03
-1.226434074300848231e-03
-1.184435721488141758e-03
-1.126532569856581161e-03
-1.068990623930940248e-03
-9.982074167214193949e-04
-9.995213994436139959e-04
-9.984237127082585313e-04
-1.060352382669198712e-03
-1.103283925211360691e-03
