beta2
9.559222927220913796e-03
9.621101389956972921e-03
9.691400446552299666e-03
9.727111731589637919e-03
9.811928669403047892e-03
9.898987145196182919e-03
1.001792919922477043e-02
1.009736386100873289e-02
1.022296455253869293e-02
1.036922504319089458e-02
1.042577689129967067e-02
1.052646392274458192e-02
1.060535300299357553e-02
1.066348382818613910e-02
1.075560388513277683e-02
1.084171724008849841e-02
1.089657498624311410e-02
1.092462923975425979e-02
1.103126099869028431e-02
1.109714138755336921e-02
1.111249480586353269e-02
1.111185682982018114e-02
1.107982110334189765e-02
1.106799425961597222e-02
1.107011512066742587e-02
1.100410498309637233e-02
1.101489659073261185e-02
1.105055624528274855e-02
1.107100724563636271e-02
1.115144351504632897e-02
1.121158239370341481e-02
1.123374019477798094e-02
1.128307868225294358e-02
1.128814853915906594e-02
1.125134088704418320e-02
1.116123051320164206e-02
1.111911150522829420e-02
1.104828127858766690e-02
1.099912363956601080e-02
1.096319308628980818e-02
1.098973266140914999e-02
1.097940549151089212e-02
1.099096084721964614e-02
1.099507225661798884e-02
1.100554660031821327e-02
1.096075253780257053e-02
1.101588607818478581e-02
1.102829353694263249e-02
1.100415555894354927e-02
1.097692374927481188e-02
1.092210269097489486e-02
1.090779212723033340e-02
1.088643621430147347e-02
1.088121376578960603e-02
1.091248934049843244e-02
1.089757438524350391e-02
1.084151185235249573e-02
1.078696041906235248e-02
1.086504902204386488e-02
1.095742352053161520e-02
1.101353039000820683e-02
1.099187395631161593e-02
1.098470803119181924e-02
1.088337608391584319e-02
1.077619895088410135e-02
1.072205979819347565e-02
1.061666231588670115e-02
1.057972658165039909e-02
1.047519493442214400e-02
1.038179995239699172e-02
1.030401822893310324e-02
1.023781266902871849e-02
1.017391697143917029e-02
1.009590192966491017e-02
1.004285257105356523e-02
9.973975606963135510e-03
9.868473029679577374e-03
9.813245961962327457e-03
9.811523385849327261e-03
9.808878458174926859e-03
9.911126516002351228e-03
9.938899190012045332e-03
9.955114598862425945e-03
9.938939166882630044e-03
9.928046853851794223e-03
9.946226151536905272e-03
1.000120913954167731e-02
1.018516456802042586e-02
1.027171932099884416e-02
1.033543399636991170e-02
1.040071161347655426e-02
1.044811595495612547e-02
1.048036082610351652e-02
1.046282424825117907e-02
1.045553658737490010e-02
1.049145998969414594e-02
1.052363517654450811e-02
1.059468271904796463e-02
1.064767374374275127e-02
1.068713889753177687e-02
1.073507809471120102e-02
1.071937944693916733e-02
1.073602103752266911e-02
1.076188043361579402e-02
1.074642443906016591e-02
1.075985208889096434e-02
1.081885268019403858e-02
1.084908182688816905e-02
1.083285096889475066e-02
1.079244562419207076e-02
1.076287625622452705e-02
1.074990381394549249e-02
1.070720612274352404e-02
1.066596167614395838e-02
1.060057822764058459e-02
1.055120128303088829e-02
1.052862439871538741e-02
1.053829021804853980e-02
1.042942498142802703e-02
1.034606823591562551e-02
1.024760065706934939e-02
1.016874171281559325e-02
1.009196804171872200e-02
1.002215428213364123e-02
9.995830945846578830e-03
9.957950989004380263e-03
9.928594767849506855e-03
9.925897031093918604e-03
9.894026801038516977e-03
9.880075917853239909e-03
9.840584383994044337e-03
9.826216769132721518e-03
9.757134292900676575e-03
9.715001102466706145e-03
9.676364203644479550e-03
9.651675618578476820e-03
9.687856689985977973e-03
9.695418930297398930e-03
9.786893568548881220e-03
9.848627360882497919e-03
9.908285063605777945e-03
9.931106800808336618e-03
9.938700874472326113e-03
9.942632265263207092e-03
9.923532972354516882e-03
9.851589906978448080e-03
9.812970882192292160e-03
9.740863074655579240e-03
9.662293959875074140e-03
9.603215174172688440e-03
9.536813209786557805e-03
9.455812454383384288e-03
9.650883382682965902e-03
9.531794005650282009e-03
9.517274035011433903e-03
9.480738931675010417e-03
9.390549447076467632e-03
9.446100853569413744e-03
9.436549703436582226e-03
9.331636133726214921e-03
9.358363857577317937e-03
9.384856461037132530e-03
9.358748332496070674e-03
9.378158566479683628e-03
9.371783226262319494e-03
9.446239548172304795e-03
9.556203922999533668e-03
9.630565409681645164e-03
9.623509391512140992e-03
9.686046581988159293e-03
9.666062487117051127e-03
9.649168304599038334e-03
9.668839415701423190e-03
9.544888646572227686e-03
9.574463510889027335e-03
9.552754958550206330e-03
9.719298982972645468e-03
9.807102811389559541e-03
9.892951809421821757e-03
9.766737585392017140e-03
9.623212785198552791e-03
9.580533267286276897e-03
9.531470005759917069e-03
9.548490215220637942e-03
9.525497210111918273e-03
9.543973957240953904e-03
9.504260224740285895e-03
9.533645461867280846e-03
9.490979156268123523e-03
9.420310137278221224e-03
9.361803189429831334e-03
9.291157242342622941e-03
9.212135734986082181e-03
9.272670485618209057e-03
9.385951531671680656e-03
9.515069458781477349e-03
9.480948424600661381e-03
9.423917054378762315e-03
9.400673829791829014e-03
9.432871535690784057e-03
9.487652359057938828e-03
9.586078418256774314e-03
9.661698533671044670e-03
9.731349764742484865e-03
9.635884579257436230e-03
9.602207003218385384e-03
9.628533993732760893e-03
9.640194331317920515e-03
9.660720592105275645e-03
9.645336859725617967e-03
9.840165808042681053e-03
1.000863961331719190e-02
1.003718042392719514e-02
9.942275527560750711e-03
9.943854088065173444e-03
1.001072723284011923e-02
9.974689745118208578e-03
9.872771456341716823e-03
9.791790334735867365e-03
9.711011298826838570e-03
9.595216452774795249e-03
9.491545762318052970e-03
9.422565495207976122e-03
9.491205843738460129e-03
9.527360223279083065e-03
9.502332446939765198e-03
9.427201650729303412e-03
9.350272093654507510e-03
9.363130350002656088e-03
9.463435943488186092e-03
9.499660081109846319e-03
9.554417523458565500e-03
9.625378029625972220e-03
9.705705222038884042e-03
9.797683255700904634e-03
9.737170529901816723e-03
9.773460568106552560e-03
9.768242345543947519e-03
9.761602642499759425e-03
beta3
5.512830721942888965e-03
5.976967447125487373e-03
6.262469798139679023e-03
5.671430507396687908e-03
5.913127933234489479e-03
5.565171264758162276e-03
5.540935314281573293e-03
5.212794481221850323e-03
4.626717417042402157e-03
4.214770898372389996e-03
4.409584918019918143e-03
3.976779321303485285e-03
3.826381330747612684e-03
3.811485928600223064e-03
3.715648560020210541e-03
4.188272196964737751e-03
4.139934314211253866e-03
4.101420621560949997e-03
4.147916505936413180e-03
4.225039144821301530e-03
4.294893452562982897e-03
4.121284681307877534e-03
4.780775665191781126e-03
4.891969683979984114e-03
5.260211043489111497e-03
5.649252973197084124e-03
6.001048668653819959e-03
6.344238119722173455e-03
6.804047507566243075e-03
6.517693462175887589e-03
5.943010961969931970e-03
5.409419041480408030e-03
4.980871324986473059e-03
4.777529663985297277e-03
4.498218463761281122e-03
4.615962988131218706e-03
4.567216498175818984e-03
4.388202463090757482e-03
4.226783039230960944e-03
4.486544751160130920e-03
4.166334420963595415e-03
3.862162509648551373e-03
3.194343948648896078e-03
2.956927937934836822e-03
2.789184532647102747e-03
2.962831397595780056e-03
4.007395087126188610e-03
4.501041509394169970e-03
4.823739533055844755e-03
3.814284885637483739e-03
3.499553378859349573e-03
3.467093104920061439e-03
3.646498701816395984e-03
4.137913748171436271e-03
4.796050924694143791e-03
5.650450502174490797e-03
6.502199851402341163e-03
7.111046866669101275e-03
7.975753147810508981e-03
8.156242020012447608e-03
8.715317533836086650e-03
9.855887225457354850e-03
1.123494759965207312e-02
1.328539523138079492e-02
1.420756087618858278e-02
1.381597510950096849e-02
1.274630318694166230e-02
1.117218694096027212e-02
8.385936172090340326e-03
6.747799632731938529e-03
5.190172261436130398e-03
4.759243602292862960e-03
4.432097696996512882e-03
4.153030655201715195e-03
4.088818521187104899e-03
4.837868080759474138e-03
5.037301998704885389e-03
4.805309485683840164e-03
5.156282365987042635e-03
5.112173006548911824e-03
4.665664498255339687e-03
4.632508191256270828e-03
4.508671278546327182e-03
4.412240594353084543e-03
4.299150573693266350e-03
4.347773966196417234e-03
4.512517312774223799e-03
4.961270774690211549e-03
4.400621057032014921e-03
3.918376449972081621e-03
4.285242027713529259e-03
4.185733555128817555e-03
4.110992089973107902e-03
3.718440188481466485e-03
3.499780294437856119e-03
3.197064572768073751e-03
3.393543693936617103e-03
3.500980405013987516e-03
3.768716987772579088e-03
3.816132331138911288e-03
3.761630264286676927e-03
3.324066263032318669e-03
3.176233791721683099e-03
2.966543405081214536e-03
2.503920391580434501e-03
2.024244402601035539e-03
2.073229206903393941e-03
2.090121971240265202e-03
2.022085509764170400e-03
1.968200741828064933e-03
2.137771757836017146e-03
2.135663043552876034e-03
2.053418928830365482e-03
1.954156124804124796e-03
1.742177073260079779e-03
1.716386805611278942e-03
1.679753297403202084e-03
1.743668691271024014e-03
1.686981549813380095e-03
1.621303144896994296e-03
1.665723104772069739e-03
1.824943634773541767e-03
1.778919685562608318e-03
1.676609076844010884e-03
1.712097165651978127e-03
1.915622084082188765e-03
1.682464971793712610e-03
1.525640564338335810e-03
1.486138614704902777e-03
1.552937829018111648e-03
1.482023537690039475e-03
1.405542781794476455e-03
1.362813277254542070e-03
1.271362960616697355e-03
1.192261323816928799e-03
9.585374263419246289e-04
7.606960441895460612e-04
6.065049359108354906e-04
6.908269439279212483e-04
7.696200474647414951e-04
9.347888905189385197e-04
1.110041696771189553e-03
1.281431653900723909e-03
1.459984180104027503e-03
1.600346895486636769e-03
1.636737530791939569e-03
1.689497974236027445e-03
1.813637373296920824e-03
1.780726410103496788e-03
1.711751879484214259e-03
1.798680427297262010e-03
1.946195721410085705e-03
1.960715306322191598e-03
1.641888747522269112e-03
1.646170661683929622e-03
1.962248625648910054e-03
2.108598549437861250e-03
2.442555294674303521e-03
2.830019250423761613e-03
2.778522697244969510e-03
2.230155527628167877e-03
1.986979608316166799e-03
1.658907964928509103e-03
1.393171250281778715e-03
1.078456206117211829e-03
1.253602836701844889e-03
1.321306159305675595e-03
1.079920314564540703e-03
8.870862899154532272e-04
8.077573377229402014e-04
7.081629741896124704e-04
7.163829236784791891e-04
7.563449837432614873e-04
5.678992699743698643e-04
4.514868956449718911e-04
2.667542021015742058e-04
2.448969581877161097e-04
1.943766201775564827e-04
2.097339548987747499e-04
1.317100339314957944e-04
1.317580965959260766e-04
1.521593733452386945e-04
2.018862356588329676e-04
2.902735830039641332e-04
3.040021864662242369e-04
3.652034054885845834e-04
3.362406274586611662e-04
4.308964686314320025e-04
4.465975450361464442e-04
4.756654273461639968e-04
5.186737104436139716e-04
6.226602718106669966e-04
7.406506331080600419e-04
7.316867208071755040e-04
7.289103304254172105e-04
8.324858482667376637e-04
9.207336996466193623e-04
9.859372671347245952e-04
6.637827249201712224e-04
4.880215160137012730e-04
3.387283205368730316e-04
2.891090920799451358e-04
2.137398345822799747e-04
9.873854496627310615e-05
1.013254167609333706e-05
-9.023076728541515790e-05
-2.222385009440446099e-04
-3.472711163223829488e-04
-5.058176909181841957e-04
-6.034929424492554246e-04
-5.490224187628264200e-04
-5.016467377068963441e-04
-6.904196635116120317e-04
-7.899888199385857093e-04
-7.408621704861352011e-04
-7.583411804704256543e-04
-7.692290304482901197e-04
-7.919663326025120059e-04
-7.041430393248971362e-04
-5.579315260859635381e-04
-4.163288583319446796e-04
-2.756874660796799961e-04
-1.790333346716522264e-04
-7.847543441322896423e-05
-4.428614662088725467e-05
-7.765525369068086324e-05
-1.058295868150699038e-04
-1.074344958373585189e-04
-9.947557123817158450e-05
-7.223459079488302658e-05
-7.068475076402603707e-05
-5.049530122593290653e-05
-3.422537725891468507e-05
-6.803622205502086594e-05
-9.196145748001862568e-05
-1.060482327969012342e-04
-1.543476546435011015e-05
6.697381871703609875e-05
7.203815504809348155e-05
beta4
4.940716027219849945e-21
-1.602838717729492495e-22
-1.227275979260889603e-23
8.234550345616875741e-29
5.898103988733550981e-21
1.560054314815396741e-20
5.944358590232783796e-20
8.315220247697431050e-21
3.816010703318656502e-22
1.458986589557166239e-27
2.759888035494387909e-21
9.268792656773879172e-27
1.421651448812878315e-24
-8.162289428750296497e-23
-5.515150438364619512e-29
-8.923403044343801464e-21
-1.859236831490994816e-20
-1.813423160124640150e-19
-4.581168396996356708e-19
-9.436360741039763093e-19
-9.367508840942128864e-19
-2.351349341966993792e-18
-2.385600669101190160e-19
-2.154470314203341290e-18
-3.591613760070220109e-18
-4.606576388340074852e-21
-1.820901378701778851e-20
-1.253636854989996305e-20
-1.385960653918560814e-21
5.347710571858888635e-23
-1.609535473824237022e-21
6.980382802678545462e-23
-1.446985601689399778e-33
2.737909189148823299e-24
3.291083729997384047e-31
1.514170369178809421e-21
4.057012777991262721e-20
2.248159168794742834e-20
5.108374875784727326e-18
2.076235665433544401e-17
7.059244897368957172e-18
6.319235846574181002e-18
1.136860609298956908e-17
9.740399688423934627e-17
1.259330379642019087e-15
6.110063172285904483e-16
1.879536011451346069e-17
2.663061318452781505e-17
3.495105693503313502e-17
6.601665155756821152e-17
2.445252831910288290e-17
2.125460003972580879e-15
8.135189593140967273e-16
2.678176631637793845e-15
1.046555863619122351e-16
6.135570640966928957e-18
6.146054271626565071e-18
1.104404263687822359e-16
4.231113605574741355e-16
3.298713405663266746e-17
4.255039807095293472e-20
2.248963059252228582e-20
-1.591513897359932583e-21
-5.047057156531672903e-21
-8.478196304290650414e-21
-7.991546146956128606e-20
-7.521617785619289797e-20
-6.493701972118056578e-20
-9.815865882662689377e-20
-5.481641664838169503e-20
-1.608667897973545037e-19
-1.225284732878179723e-18
-3.327027459804410473e-18
-1.257782448417182390e-17
-1.519067628909857025e-15
-1.008387669638943717e-15
-2.387638417579533282e-14
-5.226299420677568418e-14
-7.078336388941437587e-14
-9.583610500570490253e-14
-9.862383794106011585e-14
-5.245582397704542142e-14
-1.087031305694388387e-13
-6.494282545416086879e-15
-3.035702852560163546e-15
-1.417825942374976341e-16
-7.449449345833720178e-17
-4.961888216848907504e-18
-1.486529716078051779e-19
-4.978052612108499783e-20
-2.193634556042346112e-19
-1.642836569404255856e-18
-1.475742043688306464e-19
-4.922369720511086493e-20
-4.392847370040342531e-19
-1.607558891849807461e-18
-2.664817402800607944e-19
-9.018579417103361342e-19
-8.677651896843925023e-19
-1.749488453154963610e-19
-2.324761606152686150e-19
-1.427541842450984422e-19
-5.929125415759824400e-19
-3.764160437847746416e-19
-6.750743067526456823e-20
-6.342102312018086941e-19
-1.860084409518782847e-18
-4.521599611783043319e-17
-6.936636760588054769e-17
-4.407029426980403797e-16
-9.223992386376315949e-16
-5.515165578707155829e-16
-6.498216567751930952e-16
-5.403956378968251007e-16
-2.006948361506093538e-15
-4.559251832897394347e-15
-1.139960806626127600e-14
-3.139869316568098422e-14
-3.624305766765744176e-14
-2.752107210757542101e-13
-1.402412359613611090e-13
-1.086296171936158745e-13
-5.881365831938257716e-13
-1.892177471551568317e-13
-2.654985211659706921e-13
-8.554665589009243551e-14
-3.851989097673714282e-13
-3.382687371713842352e-13
-2.075242414250933582e-13
-3.802842012911103141e-13
-9.500112286519743420e-13
-5.694488076479367291e-13
-1.482700902970058277e-12
-2.077123329829169111e-12
-9.057648686819762623e-13
-2.277338758390017175e-12
-5.530095178328847087e-12
-4.712576044798756002e-12
-3.188114411651291645e-12
-1.739480901830390843e-12
-1.304718880414416394e-12
-8.245960331274442949e-13
-2.763854552362287155e-13
-6.904698132003031812e-14
-2.961590383910884276e-14
-1.317169574264916671e-15
-3.044298162253896916e-16
-2.115520497837582689e-16
-9.669568778974296362e-18
-1.018545822417139339e-18
-1.609911205199449520e-19
-2.137111153612042706e-23
7.013604617704562834e-33
-8.938597054057936883e-24
-9.799147932733953541e-23
-1.377283316068577132e-20
-9.042006358037139059e-20
-7.232013271200383039e-20
-2.110867591521724549e-20
-5.286285601746838414e-19
-1.644093967395951203e-19
-1.108296959991799484e-18
-8.499855639427141911e-20
-1.147823734260079146e-19
-2.248282702704605029e-19
-3.367919214405393523e-20
-2.337531866377875178e-20
-1.223176774816829399e-21
1.293364708144812186e-19
6.396275614135211504e-17
1.431162401705201811e-16
4.123265286941321553e-14
3.089865014543137010e-13
2.656881560164335560e-13
8.954308193542890825e-13
1.625906913440704407e-12
5.737924151991889510e-12
7.625947026900876530e-12
1.658667669192144584e-11
1.612038025103561373e-11
1.981914193696923945e-11
3.935217796108527728e-11
3.245612902693792989e-11
5.707038319765443046e-11
3.181274049807871136e-11
8.155984682097562279e-11
9.142040341771203035e-11
5.623457525322613905e-11
1.436382253074796329e-11
1.752274385929252793e-11
1.626144863452205323e-11
1.003856008737148291e-11
8.236132675216385172e-12
6.233060496533717399e-12
2.452281523128311407e-12
4.509552292424223567e-12
4.397269346344287734e-12
1.522652213468903798e-12
5.193949610916635222e-12
1.011838678488773235e-11
1.891826464475474683e-11
7.651798578621913059e-12
1.617574638828011043e-11
2.640864905716315108e-11
1.705030829184203673e-11
4.957990624818009681e-12
1.335729281286184500e-11
1.517283832965814851e-11
2.410949136097758506e-11
1.581159671495754423e-11
4.530186736165518970e-11
2.946910783496817967e-11
5.358674532694362258e-11
1.728832863551993411e-10
1.199631506892889722e-10
6.545289809767666296e-11
5.680002976436348053e-11
7.822449802986004498e-11
3.464432880652878206e-11
5.732062026323558118e-12
3.761439810104100909e-12
8.158315953026844300e-13
1.404142888892662275e-13
3.840885085872995205e-14
2.299006717689559130e-17
1.049666122269457799e-18
9.204930418432982226e-21
4.953609747835143036e-23
1.176391945619100122e-20
2.174351900738395305e-23
-2.751574414559467024e-23
-9.822227830026417221e-24
-1.045996842817983649e-19
-2.729568609099859255e-20
-2.270144899900373875e-18
-4.792789191548952660e-20
-4.493387587899821775e-20
-1.244287379924820110e-19
-4.626468928752005033e-19
beta5
1.926251154294482194e-22
2.802904691278797504e-22
-6.525371233485829410e-27
-1.249572309583260665e-21
-4.647801409500374614e-22
-4.695848752182718344e-20
-1.991968651458320653e-20
-1.488524764909323389e-21
-4.346301120882285707e-21
-4.099058716730322663e-21
-4.331886574582978873e-22
-5.646318561742912236e-21
-1.792327880173940361e-20
-1.513424278872113629e-20
-5.623647622198259312e-20
-2.324618414915762971e-20
-2.633930396157138162e-19
-5.051219832652819034e-20
-2.673259092753186759e-19
-2.325325403530003430e-20
-7.211123581070468983e-20
-2.621354010842986517e-20
-6.836859818486730117e-21
-3.449656402711261535e-20
-3.284570782056300776e-20
-1.623450400128537175e-20
-1.968620734470769507e-20
-1.201523709171847128e-21
-1.494145050408436691e-20
-8.728652507961048546e-21
-8.015742356808292012e-21
-2.430145068356747754e-20
-1.978799310160303246e-20
-1.450116530509166802e-20
-2.221825032910357162e-20
-1.170278764277622141e-19
-2.303169657551981952e-20
-2.888719617413628517e-20
-1.901431278607780156e-20
-6.492133581521131672e-20
-6.657082200249115362e-20
-2.306070840391900107e-21
-5.981572296280587560e-20
-2.362601501556247151e-20
-1.036037592753376255e-20
-3.886905939980197175e-21
-6.075073553743362393e-21
-2.799968768080645428e-22
-1.971940664528507746e-21
-2.260397599596511880e-23
-3.183017918678193888e-21
-1.352711306600579848e-23
-4.600688841365181526e-21
-9.295068005094706182e-22
-2.405782511389856595e-23
-1.783472962730558622e-20
-6.883202057029171620e-21
-6.991268117926480086e-21
-2.306904942057177252e-20
-8.228258698002120503e-21
-1.891810272357975916e-19
-4.060414594107808973e-20
-1.209755326794203911e-19
-1.329341175576544196e-20
-3.282687233736341586e-21
-4.766765179459318827e-20
-4.598301224736804900e-20
-3.034187191675417438e-21
-6.871402853574672742e-21
-1.444066472838443418e-19
-1.705391568011640538e-21
-5.606939032034767335e-22
-5.766556761320865850e-21
-5.739506238027892236e-22
-1.045231468037073076e-21
-6.840584723271402714e-22
-4.957231767842381208e-22
-1.653764573366491447e-23
2.984290710265426155e-40
1.773287979064170764e-23
7.266083806987251682e-26
4.937559184087213223e-37
2.912272015260912220e-33
-5.974673289361718863e-44
3.724241819212897507e-22
4.002845600859135536e-24
6.790019549343975789e-23
8.329654444049142044e-22
2.065355302815721873e-20
2.732200859352379332e-20
5.964269922462275155e-20
1.845923552068593698e-20
2.064683439318982742e-20
3.985811573351618756e-20
1.889857312877597434e-19
7.548571172352662426e-19
3.510350198909398282e-18
1.118063242314309119e-18
3.494632471329724192e-18
2.569954757292830654e-18
1.545930752742250378e-17
1.538142063747197084e-17
5.546848549935326087e-17
2.596077915990734327e-18
7.509038665246477450e-18
4.246845451329069159e-18
1.527783876275439830e-18
1.295354441937957981e-18
2.437170893333835974e-18
6.715009681829388249e-19
4.553740358308921220e-18
3.111786911428439438e-18
2.670648325206835851e-19
1.928220835999149304e-18
1.279720583208445913e-17
5.743062143463810345e-18
5.966668938093174911e-18
1.693163797158463551e-17
1.859701741055570003e-17
6.189917945123088504e-18
4.103289204689094370e-18
4.814826189032624438e-18
7.834409093154401759e-18
1.932082433280805019e-17
3.937913876336905323e-17
3.905780361286904361e-17
6.330633368600065811e-17
3.388698903821401770e-17
2.616626056097752509e-16
5.933103719027194906e-16
2.392902686129796335e-16
1.198419916504575494e-16
3.211935426655351167e-16
2.087111657864596724e-15
1.118894437594611159e-15
1.976809948060751637e-14
5.089748975992533461e-15
2.901681081795783052e-14
9.090444014333800973e-15
7.124339531704048618e-15
1.864108029119950040e-14
1.970666823942347119e-14
1.404565070418953105e-14
2.764025911084136607e-14
1.584363517034408111e-14
3.254331465594696107e-15
2.042180333410567237e-14
3.832349919391606860e-15
5.001378907342753820e-15
3.221211233273304086e-15
7.356972733128696418e-17
7.344156463342640563e-16
3.043919027204391480e-16
8.413518314152984269e-16
1.104018273887313326e-15
3.616332493553005930e-16
1.222229795984604887e-15
4.707438730379196425e-16
1.646374920573003387e-16
9.095089917987529901e-15
2.342145315570990600e-15
1.394805872908164947e-15
5.199819156346852505e-15
1.780897749142011034e-15
6.012258705034351575e-15
1.338489022167434979e-14
2.945882032496918399e-15
9.900024946922770542e-16
1.211460340916519904e-16
2.192918831275227188e-16
4.658374164963194158e-16
8.708715646213827604e-17
3.564773925630198322e-17
7.683468576909226618e-18
1.018508466426997293e-18
4.500740272739749572e-19
1.040194604889807022e-19
4.531093412562400974e-20
8.657792397672653383e-20
6.333835023096192137e-23
9.355282931543526159e-20
2.636146140315912810e-20
6.787184908792018357e-20
6.392876719821541818e-20
1.108179209570702841e-19
1.494963647241265291e-19
1.108387472930296265e-20
7.668539243133379707e-21
2.349227922274437588e-20
4.630040628443261435e-22
3.996133621604482751e-21
4.973394933022672589e-21
3.610585474744966833e-23
2.786759813835378172e-21
1.316056387646083393e-24
1.384404070332633113e-22
1.345797157697548257e-23
1.839099100385665158e-21
-7.633641368029292614e-21
-1.587245724452368412e-21
-2.073096784691863911e-23
-6.451114027140069527e-21
-2.017879170774938884e-20
-1.264595592612198065e-20
-1.867904612400886742e-20
-6.805558979837515794e-23
5.208815335458849578e-35
2.009571944223510532e-41
-2.992791111274794365e-24
2.238623529283737640e-28
4.486709977396132386e-22
2.554058642136340568e-27
1.719475541680252835e-42
5.914730165951655398e-34
3.910965744492262102e-23
3.648958378697877999e-32
2.172024809603176467e-22
4.227046926126525104e-30
2.288972301750271613e-24
2.774212636421802090e-21
1.385509647266654421e-20
6.513652484758934056e-20
8.953731152810183701e-20
2.648852694362844228e-19
5.414412232783590731e-19
2.531386268637742955e-18
1.291720107160010072e-17
2.747329255885799511e-17
6.887572292693179609e-17
4.511936750046835856e-17
1.536247005333095432e-17
4.285368769516128183e-16
1.281436872218695597e-16
8.718107315980635277e-17
1.295185704418204762e-16
5.294454994266107578e-17
1.026374004250001768e-17
4.096539452538383644e-18
8.484253944946258422e-18
