5.495544546404595825e-03
5.767252952045603433e-03
5.839768326156580432e-03
5.450308625749595431e-03
5.337082447585321174e-03
5.202844058696423461e-03
4.921868419394673753e-03
6.375561274146451275e-03
8.032276063839589517e-03
1.121601920268971986e-02
1.364940317520789946e-02
1.402664278960855625e-02
1.513705570118711354e-02
1.340023445568821331e-02
1.138443583395206543e-02
8.063092613371155085e-03
5.169792471935863096e-03
5.018305848633633666e-03
3.705235668443156161e-03
3.130763001486967182e-03
2.625209684357873632e-03
2.215072963245977994e-03
2.487030890712677543e-03
2.055961201261302575e-03
2.571117273048202038e-03
2.902893093367355654e-03
3.384596867238021112e-03
3.837608066434990486e-03
2.796805615008649340e-03
1.826768952534245372e-03
4.108283146072560089e-04
-5.497124276773887814e-04
-1.282768796585932953e-03
-1.935366785744296880e-03
-1.507917362660578979e-03
-1.196006959319662446e-03
-3.879115167225351008e-04
1.237755017267546656e-03
1.847460873460267427e-03
2.299727082387628945e-03
2.870552446585825784e-03
3.054494971078387886e-03
1.820624186671821083e-03
3.941333587708772263e-04
-3.999547780838250718e-04
-1.763728887943266004e-03
-2.442797073529816808e-03
-2.513387156409355692e-03
-1.327036431491574213e-03
-5.139848245172860342e-04
4.632255743533002690e-04
2.318875542309032072e-03
3.453748852062755396e-03
5.868121329974845639e-03
9.611143151810616972e-03
1.296797538693980623e-02
1.386057019471020196e-02
1.253878005009724517e-02
1.175623066378279381e-02
9.930730436826185059e-03
7.093436258074615336e-03
4.928750563399079097e-03
