4.272186046225727972e-03
2.734210111881377366e-03
2.121572063662694862e-03
-6.872059672181790070e-04
-5.224390412546383537e-04
-3.290994828942865299e-04
8.851858091855063912e-04
-1.299058506324660654e-03
-5.341835208949556948e-03
-1.090221114329425686e-02
-7.304652241887897753e-03
-4.158542965773913413e-03
-2.852312301225177257e-03
-2.494142920782366126e-03
-1.280963257364694857e-03
-7.233753407209819785e-04
-3.573487811905707353e-04
-1.759205093508700850e-04
2.015121093517666803e-05
2.342595057334859675e-04
7.599103608299447336e-04
2.319177998299014429e-04
4.759513611843711593e-04
-2.757059178692170440e-05
2.191356828957033594e-04
3.220965922044036396e-05
-9.185860198386779725e-05
-3.423848798285116212e-05
1.395186280384327600e-03
-2.458386067300298377e-04
-9.270019641512216668e-05
-1.918919440066696783e-04
4.978545413045039271e-05
1.064895868341774463e-04
2.008231968021553186e-03
3.571047746502084151e-04
1.259066479234695205e-03
1.526458214939780712e-02
2.210323893812356309e-03
3.229492404809880101e-03
1.343344914347191933e-03
1.470474800627458471e-03
1.829858322466927905e-03
2.798643208403252085e-03
2.374095624918961308e-03
2.295868990958711310e-03
3.313828011982072885e-03
3.687844484328598946e-03
2.681161332493892276e-03
2.059867468816954390e-03
2.071525555974285115e-03
1.729812299926977845e-03
1.639946473364600537e-03
1.773499964288837143e-03
9.900616519772002886e-04
8.451281180240090805e-04
-2.050135383103891676e-05
-5.160572318895146390e-04
6.514397405366132267e-04
5.479778356112705549e-04
3.147093549206247216e-04
-2.200695836954471972e-05
1.816315847789496795e-04
-3.021264766491051686e-04
-4.205115734222839800e-04
-4.239534144282371955e-04
2.071308007270421437e-05
-1.342298403019891563e-04
-3.851981737651321734e-04
3.832500074024119133e-05
-9.118305725179302835e-04
-4.356298031072333710e-04
-7.656154122964929339e-04
-8.150053445755478117e-07
7.235317576347118258e-04
-2.808324670734092029e-04
-1.126203038591942459e-03
-5.308795053114925703e-04
-6.179946254902436579e-04
6.740743348161608913e-04
-2.089087565402090053e-04
-1.474530907686472363e-04
-2.918372496923523837e-04
8.187130981174912025e-05
2.092945111887859342e-05
-1.176050556001093247e-04
-1.221806858568167059e-04
2.301656662214754509e-04
-1.797236521583354051e-04
-2.327612321380539810e-04
2.910369787499018143e-03
-3.020243167399744386e-04
2.029989600996391923e-04
2.110680142302118905e-04
-5.164460542374243882e-04
1.486118819422159714e-04
3.179099486102359979e-04
3.087276193076556822e-04
2.510951420519037759e-04
4.174575967965124209e-04
2.169403664174159062e-04
4.329621181082417801e-04
4.759847643594976134e-04
1.485916324046518454e-03
2.305194411528366499e-03
1.213547377675883339e-03
1.526379411989381646e-03
2.039258486895948429e-03
1.301031448288626508e-03
2.514327953535475200e-03
1.252348002132173911e-03
1.685509103197253443e-03
1.301012246983918605e-03
1.520326111655331694e-03
1.206504890943985208e-03
1.443944768566289994e-03
2.106218016468856206e-03
1.267642808874664762e-03
1.834098690799847381e-03
1.018421216740108756e-03
8.136582753276962784e-04
7.756291952200290631e-04
8.190049599312805356e-04
3.658934129967128935e-04
6.458922951420195636e-04
5.291697020042299355e-04
4.513931015991441567e-04
9.003975351617539338e-04
5.653929125495085707e-04
1.638623260334253146e-03
5.568260202437355730e-04
1.040311605293659306e-03
9.654453459013932455e-04
2.891851469036715904e-04
2.675322829129892182e-04
1.749678801786538863e-04
1.024060802096856901e-04
-8.273453739098879314e-07
-3.763486364470215858e-04
3.729148745286730172e-05
2.641005572769070976e-04
2.614013519422429539e-04
3.720452173686163177e-04
3.547079786424565733e-04
5.620427840773614247e-04
-3.170108108634186214e-04
7.528309866720370560e-04
1.320323173765263662e-03
1.049853689638501151e-03
6.120624847639229279e-04
4.890588487919207607e-05
-5.309253143684994564e-04
5.010429997410515996e-04
-8.166566877888325289e-04
5.764798837495374931e-04
8.169129919121913145e-04
3.231652477051386680e-04
-1.555435543988890044e-04
-2.917307240509840998e-05
4.462693665915274852e-04
8.827985289710299965e-05
-3.288946506169259884e-04
-1.921904371196047690e-05
-1.293786880050368736e-04
-2.662080734856489181e-04
-4.416312359832858100e-04
-3.838411362375795943e-04
-1.001707083873858064e-03
-2.300865188421679112e-04
-5.392529491445438236e-04
-1.022708533582194698e-03
-7.011280614426844632e-04
-9.574368379664366770e-04
-8.564770217821994361e-04
-3.048958975707514616e-04
-3.120037875670172859e-04
-3.220358212398766965e-04
-1.537363027468023385e-04
-5.774701353437304303e-04
-4.486858601828245911e-04
-6.419840002051267801e-04
-1.455150229386339240e-03
-9.433457798065240972e-04
-8.877123873827752996e-04
-6.353663230691058116e-04
-7.724626976587475229e-04
-3.354195079926014945e-03
-1.477498362474937918e-03
-1.349442624672384308e-03
-1.358356430814252995e-03
-5.202870498698492288e-03
-1.028043293290269210e-03
-7.083085507282176367e-04
-8.267475562224168304e-04
-9.845304081324030444e-04
-1.978538655053233182e-03
-7.013343431868782930e-03
-9.884750037643396953e-04
-4.300989559724078030e-04
-6.085798478183679621e-04
-6.203394747448394127e-05
3.012024950474205174e-04
-1.448914483559503405e-04
-7.815930006547871199e-04
-1.050227087000664850e-03
-1.013392617389825574e-03
-1.113311715385419814e-03
-2.345902893277919919e-04
-3.579217501616681666e-04
-1.029353573692968641e-04
-4.289645502113498679e-06
-9.472398140297899204e-05
-1.154443202502692029e-04
8.441795917483240299e-05
4.210753995328364238e-04
6.479549917548423771e-04
4.634125255640631500e-04
8.656615074598132838e-05
9.906544092466850891e-06
2.362569845858102438e-04
-3.888755035029136308e-05
-2.651372035262332806e-04
-3.826005258740428549e-04
-4.217772279677182946e-04
-7.974025878458255176e-04
-9.429704950153670277e-04
-6.985597105190750715e-04
-5.880309220938114822e-04
-6.318058592875535869e-04
-6.990329344246304843e-04
-9.376766406969062537e-04
-5.852116976650733682e-04
-9.162738706973087410e-04
-6.405452491534596509e-04
-5.992126683076403563e-04
-1.249530340786464801e-03
-7.782319097437250107e-04
-1.015843304093418846e-03
-7.501699822211922589e-04
