beta2
9.288587928900818302e-03
9.363158919543472514e-03
9.428942192410916245e-03
9.583620414970930174e-03
9.841796901292321903e-03
1.005449027900830877e-02
1.014503052509379763e-02
1.010424270558117274e-02
9.952805562964916336e-03
9.804945453444510045e-03
9.723569024792096810e-03
9.638922775483579550e-03
9.626542112954300512e-03
9.568172997001449936e-03
9.536556487273039479e-03
9.552109435439146146e-03
9.698643295044129600e-03
9.846891918340604927e-03
9.693008986008451455e-03
9.646715041357403764e-03
9.613834368635498784e-03
9.712523574792932685e-03
9.877208014499032351e-03
1.002387239196098068e-02
1.019551412116016798e-02
1.019831046744259541e-02
1.014527837603980062e-02
1.011928656256375070e-02
1.003972041184057751e-02
9.905336384571396258e-03
9.822496303822404740e-03
9.817962343917820828e-03
9.687113761732750461e-03
9.749309338178812484e-03
9.813504791884447576e-03
9.740146934985023305e-03
9.674271104210672989e-03
9.608925405196148267e-03
9.386386343587675707e-03
9.188978341500318031e-03
9.076185747572821857e-03
9.078490737365267627e-03
9.156587110989766742e-03
9.249987259068786702e-03
9.350324545388871353e-03
9.324500149637288127e-03
9.301433087011892059e-03
9.247392638604801096e-03
9.237125242790104537e-03
9.195200684072504099e-03
9.158095476294765558e-03
9.175800030442986255e-03
9.235752211165810382e-03
9.334455368986249724e-03
9.394094777508011501e-03
9.382878984576794104e-03
9.533948169255363619e-03
9.650896523541261512e-03
9.665467927231601031e-03
9.747327358446574580e-03
9.880880693998742026e-03
9.972741333108594772e-03
1.018392985139515705e-02
1.017194095303333018e-02
1.014365697786375441e-02
1.017214336505068914e-02
1.013674006027181704e-02
1.029916525163328614e-02
1.018753706975045886e-02
1.008379824849446951e-02
9.954397349372803502e-03
9.838752762945390112e-03
9.733755611698445553e-03
9.543706765517207674e-03
9.591138317520713635e-03
9.645114809841412451e-03
9.779193735715101948e-03
9.620957636517492653e-03
9.339285364343578866e-03
9.044934389267320768e-03
9.040553877329059879e-03
9.181060627681519176e-03
9.410782641670813187e-03
9.410715498685131436e-03
9.404655869748812513e-03
9.457298239731520492e-03
9.538328970403395224e-03
9.761705135960920335e-03
9.946400834188427742e-03
1.012765887965320216e-02
1.028047838623647944e-02
1.034902975374299428e-02
1.032959516080840523e-02
1.021488711639410157e-02
1.009701097336111394e-02
1.009191987958742501e-02
1.017361090056114088e-02
1.020184206819185063e-02
1.028185663132242036e-02
1.027688366900988796e-02
1.028309926929566603e-02
1.038483337190522666e-02
1.046992749618700161e-02
1.059420906196181789e-02
1.066229915377349229e-02
1.081578948181036171e-02
1.092163636545895322e-02
1.110175955089130403e-02
1.120835231674386853e-02
1.128990847624654001e-02
1.135638273125473552e-02
1.140812140374842729e-02
1.134816742207158530e-02
1.130612678541977750e-02
1.129001549697166221e-02
1.137723631621852596e-02
1.144816628066751621e-02
1.149708477884510763e-02
1.154804607566061597e-02
1.157856193629763428e-02
1.163183454350916364e-02
1.165910298964186950e-02
1.173289373417294064e-02
1.180254612516461188e-02
1.181744158876668095e-02
1.182112189597272350e-02
1.179929920155261755e-02
1.178534409435941926e-02
1.174042226050276555e-02
1.166478636998287757e-02
1.151078826154004753e-02
1.136996073044629386e-02
1.123622242528641429e-02
1.110123356457683175e-02
1.098327878113069568e-02
1.063500448488039277e-02
1.045844235140808154e-02
1.029947212415165993e-02
1.022672796219859306e-02
1.014821859266035534e-02
1.004698586135634349e-02
9.961508874476193709e-03
9.954428376428237080e-03
9.957518809332748660e-03
1.003532545970356980e-02
9.994464231573799845e-03
9.962864167005387045e-03
9.834318497542803711e-03
9.666950689190496881e-03
9.472077940690666609e-03
9.300852428793311699e-03
9.172839094246090438e-03
9.120850123345652927e-03
9.236932742661928264e-03
9.241998759330617014e-03
9.203336485243608645e-03
9.099495322115786280e-03
9.289715824404364691e-03
9.297392399285949599e-03
9.340102995375052647e-03
9.495881361599064346e-03
9.692979955880422563e-03
9.915937539989811214e-03
1.013038052713415363e-02
1.026303973609465209e-02
1.049048953806966736e-02
1.062865829462546902e-02
1.076012131297385439e-02
1.071525750019363711e-02
1.075565327078551250e-02
1.072447418226196193e-02
1.069308123823188919e-02
1.064081995596374147e-02
1.059367960778453965e-02
1.067891524527840932e-02
1.085125442222386813e-02
1.075741603443423205e-02
1.085384572510305831e-02
1.091290160879223627e-02
1.107610869062390646e-02
1.119486370104611633e-02
1.130695890305155604e-02
1.142652081015949408e-02
1.157138018641802775e-02
1.166246454150348874e-02
1.179078328747895470e-02
1.192524303691245256e-02
1.177587828191152541e-02
1.188745850325819906e-02
1.184648458234495612e-02
1.180364517767769003e-02
1.182459880984863820e-02
1.184681662392275854e-02
1.175145246912036312e-02
1.162285363871991099e-02
1.157433801845559641e-02
1.134174184301866596e-02
1.125440523862387965e-02
1.118604074440100390e-02
1.098457650960960735e-02
1.082001123043975152e-02
1.063131411960345669e-02
1.043083677252732919e-02
1.026598314728870663e-02
1.028635917949320862e-02
1.029304506751340699e-02
1.036616822296854146e-02
1.042509202934590457e-02
1.047013734416675675e-02
1.046585330237936873e-02
1.049061202931151141e-02
1.063104958674426434e-02
1.063868194569899707e-02
1.048468357999184433e-02
1.049891885290833368e-02
1.049098821823192876e-02
1.040792643526577098e-02
1.040929561598114700e-02
1.037790801298871593e-02
1.031676796454763026e-02
1.018478495334455836e-02
1.001519928608259752e-02
9.860469213645202402e-03
9.843925203584388828e-03
9.719914674186414666e-03
9.622704471755229652e-03
9.634490729172821843e-03
9.612722585009267351e-03
9.604833741272788064e-03
9.671573290216794322e-03
9.771810834738391821e-03
9.838413074052896473e-03
9.935860867579433126e-03
9.983882518385014948e-03
1.002222222263765214e-02
1.005965237013588601e-02
9.853383908600160668e-03
9.788283650652894463e-03
9.702887408180588605e-03
beta3
8.275628670078763027e-04
9.312891805552204810e-04
9.249919094774274042e-04
1.155547009316103702e-03
1.608926292197303352e-03
1.859887073081482444e-03
2.017322599998340286e-03
1.920682668296330546e-03
1.963165241935281927e-03
2.131745471989045931e-03
2.185902439824075581e-03
2.285329816865077756e-03
2.397025028700999153e-03
2.202611127633827270e-03
2.134138841321437698e-03
1.710017312462001893e-03
1.454673210885924902e-03
1.232015334596382652e-03
1.303120131113635850e-03
1.114332893848815707e-03
1.010769048359391265e-03
9.244301580384164030e-04
7.716055054040648134e-04
7.181755870572861800e-04
6.417918819855274268e-04
5.869835468875966378e-04
5.303392869749452235e-04
4.986015879426678506e-04
3.588112673593165476e-04
2.750745125905386347e-04
2.761806662228646382e-04
2.997230905492991818e-04
3.096550045260166488e-04
3.020128636536762931e-04
2.412026460612961892e-04
2.431663194912191887e-04
2.070082017139311290e-04
1.407494849662725342e-04
1.848264988079289031e-04
2.674161618186489506e-04
2.437620799018878556e-04
2.737751750548065612e-04
2.528446119816952532e-04
2.285941599892820633e-04
1.854807128811749282e-04
2.253736437444370006e-04
2.977392146800672242e-04
3.806045214815963391e-04
4.639300636376591461e-04
2.845052221143840694e-04
2.460423510849778488e-04
2.679869100027629280e-04
2.620366770853726286e-04
2.923706203725536966e-04
3.208059697436048776e-04
3.855174292815504540e-04
4.127416830226368735e-04
3.668274550211201917e-04
3.060087236776930491e-04
3.275093516653674241e-04
4.096059605222874189e-04
5.149378960937359227e-04
5.254609754950530622e-04
6.212325657471017178e-04
7.227092184753595300e-04
8.044936374874786956e-04
8.492002088141803982e-04
9.092653196811359764e-04
7.901678577839231412e-04
6.557790350742850535e-04
5.775060395066553085e-04
5.611860665386460972e-04
5.498017384571530011e-04
4.457745010371018000e-04
5.382430176111932009e-04
5.273732848702265092e-04
6.901712080364652818e-04
1.030918576584667623e-03
1.249348612958216904e-03
1.549397615742023008e-03
1.721881087085601510e-03
1.674076142797379209e-03
1.756552732624953308e-03
1.883128016479852177e-03
2.046295129359617694e-03
2.273263078075841992e-03
2.516491787756057474e-03
2.907435186057602365e-03
3.311391257587607394e-03
3.652768300708168683e-03
4.163458432015564037e-03
4.144556876261552662e-03
4.185089235996126630e-03
4.304078526881695635e-03
4.044228553834575829e-03
3.683337079294502023e-03
3.584928999847115071e-03
3.546086109651084596e-03
3.420846918048676966e-03
3.126846097431737123e-03
2.883530887119426997e-03
2.991109846053234024e-03
3.185191734090277692e-03
3.219147277357157968e-03
3.129778380265936955e-03
3.058280845440310234e-03
2.890411103323754782e-03
2.770489951383330735e-03
2.527364568634812240e-03
2.381360350916873585e-03
2.360258216441035728e-03
2.044015702700413637e-03
1.575986854584705658e-03
1.420675705431441276e-03
1.298080986337611913e-03
1.298291090322166875e-03
1.318410426354669346e-03
1.310107539865681264e-03
1.311116420012675655e-03
1.402069860653902458e-03
1.261675802330446735e-03
1.102529917072389044e-03
1.144816726404593050e-03
1.235215594286113820e-03
1.207523870366424609e-03
1.169610279509592735e-03
1.035758723884875991e-03
9.727464237441222836e-04
1.016177371580565848e-03
1.037860102413156555e-03
9.356110735413434090e-04
8.356230427570041737e-04
7.864022507068581160e-04
7.386235413931554507e-04
6.029492664438044960e-04
7.092295909909601855e-04
8.302081498344922837e-04
8.760053418160072608e-04
9.928837142888209764e-04
1.211927502457343757e-03
1.414688345852682314e-03
1.548233130876454844e-03
1.838926893647856078e-03
2.160599955319338853e-03
2.440907069702477269e-03
2.772836378840206912e-03
3.180463497393820269e-03
3.546631050564663309e-03
3.889075751365003285e-03
4.411541716914277669e-03
4.323395838574657472e-03
4.307969746884043362e-03
4.453639823902491926e-03
4.630783316813304185e-03
4.490284399046454503e-03
3.860320133755170552e-03
3.276955518538200891e-03
2.886913080372336890e-03
2.551297937276132688e-03
2.314178425858302249e-03
1.894271082250398221e-03
1.629053013129013383e-03
1.413869494849360163e-03
1.157617218117747713e-03
8.632909385992926449e-04
8.403666072363696372e-04
9.007096988086334350e-04
8.827344187204322779e-04
8.362393315263763529e-04
8.711456881619775248e-04
8.474710459644628447e-04
1.012204865637238160e-03
1.106845297879802386e-03
1.266406689621346875e-03
1.429501806187678586e-03
1.716566743367078929e-03
1.766724676014969813e-03
1.945354950869770342e-03
1.699399459500403747e-03
1.629386089045940789e-03
1.641575532401791642e-03
1.636360432814183263e-03
1.656619424268372621e-03
1.658289403827447467e-03
1.655362175548865658e-03
1.663172957038885295e-03
1.720301800058243649e-03
1.425563821469705544e-03
1.333006530164193874e-03
1.240977877884733970e-03
1.140480888461381428e-03
1.066992879505111432e-03
9.206770868162908721e-04
9.293089538055152553e-04
8.676542499185290521e-04
8.841301641321710775e-04
9.138126049458878287e-04
9.871059188581612735e-04
9.931291583299384999e-04
8.828082417209259444e-04
8.428535933054134410e-04
7.666989299261404425e-04
7.199710721095602074e-04
6.327021239198916697e-04
5.648410734352693214e-04
5.282842486702158877e-04
5.214025982963068316e-04
4.860511759211128945e-04
4.198167158824155695e-04
4.282870744699482347e-04
4.303585824596643100e-04
4.102349221765058283e-04
3.063518874225107554e-04
3.092104743740262552e-04
3.332935759407165818e-04
3.394984503079974685e-04
3.420468817083189162e-04
3.600591277807606663e-04
3.682767456315503814e-04
3.079045927735170243e-04
2.977245279470967635e-04
2.831410490530336535e-04
2.653944936463472834e-04
2.537328735794420771e-04
2.185984839629121954e-04
1.917039656158555489e-04
1.345719670995120410e-04
1.592421121082083818e-04
1.838950024557347261e-04
2.007620463033122043e-04
1.872443271605811086e-04
1.768055800951159168e-04
1.735773944521733529e-04
1.693341782780349012e-04
2.292454119171100048e-04
2.822688910559965816e-04
2.554978647839526015e-04
2.408309106804384047e-04
1.830928979833690209e-04
beta4
-8.447741377613923134e-05
-3.945985954641217827e-05
-4.963200082221955938e-05
-2.929022588902818205e-04
-6.502662938254800441e-04
-1.041883051022225899e-03
-1.150586547224961842e-03
-1.273779277429957103e-03
-1.020301095344858461e-03
-1.231442568938609025e-03
-1.431261345507346770e-03
-1.843926746258313029e-03
-2.633120164717299774e-03
-1.606560008559759171e-03
-1.133515811271675576e-03
-7.722533670479422591e-04
-7.494483722608155955e-04
-6.694584487414154995e-04
-5.285488921066075485e-04
-5.123886129429638687e-04
-3.606562541338318145e-04
-5.813701592181207828e-04
-4.757636759156732903e-04
-6.262892244078908498e-04
-1.327861787136580367e-03
-1.578001577988967985e-03
-2.346828308899887895e-03
-3.352140563883236092e-03
-2.890093076953427834e-03
-2.926235459800362836e-03
-2.664362953578450124e-03
-3.020351476880482264e-03
-2.281015271383838965e-03
-2.867036714144237993e-03
-3.278726838293059137e-03
-3.017260922491503232e-03
-3.366148344378966546e-03
-4.292281998180972995e-03
-2.907785330457306021e-03
-1.627370850026953935e-03
-1.303363042750694135e-03
-1.734140232465568830e-03
-1.799556037806914182e-03
-2.174261277134828356e-03
-2.628459080681067386e-03
-2.103411578382017536e-03
-2.280894229425671060e-03
-3.099637141638033472e-03
-4.294279852533906122e-03
-1.876790708062498966e-03
-9.104626054718291525e-04
-1.186503257103036120e-03
-1.253242461768348283e-03
-1.535939307204592982e-03
-1.568032639547735103e-03
-1.428745750946073048e-03
-4.242192885803311442e-03
-4.231431119594375109e-03
-4.083089233130777519e-03
-2.136587880569300324e-03
-1.825372597862633768e-03
-1.628844460970955803e-03
-2.418120366375716389e-03
-2.194871099172544891e-03
-2.374645772872558368e-03
-1.860474038924750557e-03
-1.507994624251475079e-03
-1.832406936447280362e-03
-1.592605094919440339e-03
-1.800559150030063647e-03
-1.885724638683657908e-03
-1.872694994133261657e-03
-2.124662321725423898e-03
-1.778849707905258816e-03
-1.135405156440564417e-03
-6.158307419822498831e-04
-1.151741415134524809e-03
-6.055263431685693016e-04
-7.296401314168026115e-04
-6.453437723610597025e-04
-5.050474897335422439e-04
-1.070633569343631790e-03
-2.175035987965377553e-03
-1.889306283500605472e-03
-1.912992269847475172e-03
-1.624849942460033451e-03
-1.270198731810535291e-03
-1.149631488921358611e-03
-1.007490708866608199e-03
-9.508454776501096446e-04
-7.309710792203791361e-04
-1.379399173472000556e-03
-1.319481159789229543e-03
-1.555000707708936551e-03
-2.220990160819006493e-03
-2.199826460557970445e-03
-2.075943955878434798e-03
-2.045707753067029649e-03
-2.115428308363049431e-03
-2.270649865291368523e-03
-2.648748898528002250e-03
-2.231982667582322298e-03
-2.128160428079610422e-03
-1.790614536988288305e-03
-1.494312028702106908e-03
-1.651207832215809959e-03
-2.011693906476989986e-03
-2.339990669256469813e-03
-1.885067171336492989e-03
-1.751689869433151192e-03
-2.257335824617080419e-03
-2.420620698673174066e-03
-2.602301143971705224e-03
-2.063861025747160214e-03
-1.546036084987271759e-03
-1.545950738596927037e-03
-1.663990488781751141e-03
-1.790125623953553154e-03
-1.947925284467520810e-03
-2.030046868460236645e-03
-2.403520142280722062e-03
-2.961077163223585149e-03
-3.834832147970709294e-03
-4.666545123024272435e-03
-5.339116605523988243e-03
-5.656471915820088757e-03
-5.598350941230022942e-03
-5.467085294069830986e-03
-5.315412848657166504e-03
-5.335985601631419717e-03
-5.708244074590340320e-03
-6.341518890172657789e-03
-6.734140923854931363e-03
-7.328487582708190576e-03
-8.208465350289516002e-03
-7.440023706792468772e-03
-7.160770327835002530e-03
-6.234242166395190243e-03
-4.331818616500131627e-03
-3.386911830734558662e-03
-2.653684150267316723e-03
-2.273131834830107237e-03
-1.875952088316743416e-03
-1.523303892728140050e-03
-1.463809369090636470e-03
-1.166189895459172725e-03
-1.225158103821812321e-03
-1.039034972323792973e-03
-9.749192001651831290e-04
-6.426551672143539142e-04
-8.180325690066011721e-04
-7.527781120052643923e-04
-1.015619479539128615e-03
-9.082940494440849225e-04
-1.711234957475773859e-03
-1.939463137478488874e-03
-3.536801968421782443e-03
-2.102513557858963315e-03
-2.213417306622591542e-03
-1.975899610280408818e-03
-1.576991157972732361e-03
-1.786459639574865515e-03
-1.668146594860926701e-03
-2.220204092194074351e-03
-3.330344990303049906e-03
-2.884589111679300259e-03
-2.812158296743501231e-03
-2.992779790131868452e-03
-3.100685521235597378e-03
-2.429333301447996439e-03
-2.516999079308717812e-03
-1.991699153448180798e-03
-1.895983810087639937e-03
-2.024898501953375368e-03
-2.232707558234523285e-03
-2.398528031058527743e-03
-1.927693552734452680e-03
-2.199553295724631340e-03
-2.202728588205036912e-03
-1.823090325411494276e-03
-1.697439242463831370e-03
-1.541145916129969904e-03
-1.355157132785104373e-03
-1.227284634376067229e-03
-1.447637636116230753e-03
-1.629338417219729825e-03
-1.655383287969093738e-03
-2.414915718202141105e-03
-3.307140136400167282e-03
-3.853070788012416710e-03
-4.832533572107024916e-03
-4.288822645892462204e-03
-3.741317695883609063e-03
-3.426464228682021395e-03
-3.221398338746761861e-03
-3.157838064592814221e-03
-3.206785623828284360e-03
-3.012636502665355480e-03
-2.749737730411734929e-03
-2.759161655379012770e-03
-2.944852665052941944e-03
-3.134776685866665254e-03
-2.842677752667467032e-03
-3.063567569069940589e-03
-2.951790524070053122e-03
-2.766724489965948809e-03
-2.914135901109709409e-03
-3.020389125928654717e-03
-3.607621309159641122e-03
-4.278245706238771422e-03
-5.182741998302211120e-03
-4.774331678066427373e-03
-3.881438198649057349e-03
-3.715982695611612201e-03
-3.757483158816157104e-03
-4.247520282544499370e-03
-5.191426642519302373e-03
-6.388787618363468875e-03
-6.004817589438821504e-03
-4.442096053219810915e-03
-3.271368232726262933e-03
-2.570597974942419317e-03
-2.063090092183414177e-03
-1.491065051475556425e-03
-1.091361308228714581e-03
-1.038229271383931058e-03
-1.581849178424946881e-03
-1.388498561659960457e-03
-1.402662859782267350e-03
-1.596969025273036434e-03
-1.624215887306970554e-03
-1.730165791164821896e-03
-2.045699334617411685e-03
-2.374324825263038601e-03
-2.398396193028709024e-03
-2.557981270596684786e-03
-2.368126303865442268e-03
-2.223106355402662895e-03
-2.273126969646681837e-03
beta5
8.969142925368777633e-05
8.176544476635918667e-05
1.068372501198583174e-04
9.676185686378563160e-05
1.246889859824574598e-04
1.971637205007891131e-04
3.284635427298439520e-04
4.242009699113582165e-04
3.434310920809224756e-04
4.064609164252634558e-04
5.125914816142591738e-04
5.773942356664019289e-04
8.199747473715947397e-04
5.284802539287426250e-04
4.155172918112367544e-04
6.427657161337614524e-04
7.607278421681383908e-04
1.061358740386780623e-03
8.700029292338059324e-04
7.020686389167755254e-04
7.314342137306490549e-04
8.081209280154786527e-04
1.194212890004975151e-03
1.068033434627292189e-03
9.410506318731162462e-04
1.126064175073156898e-03
1.112324088021344375e-03
1.030647649316905569e-03
1.410778521627997859e-03
1.791498314721392052e-03
1.899130499304905323e-03
2.036007530299865052e-03
2.813004477651710744e-03
2.021660854920364313e-03
2.010186270914572203e-03
1.350810265150722590e-03
1.064505371414585814e-03
5.713000742783736624e-04
8.278742343198707259e-04
3.198755151382133457e-04
3.305896683065332711e-04
6.755084080215876651e-04
7.108894456422628141e-04
8.022334722334685444e-04
1.223378050882948254e-03
9.795040271453692507e-04
1.000369443407904662e-03
1.766439701158054433e-03
5.971530748019327102e-03
1.352227870587632266e-03
4.576654725639135680e-04
3.960811749445337449e-04
4.190711149778523527e-04
7.373133933039666176e-04
1.521331629191227230e-03
3.149386737075120235e-03
4.451758069255275230e-03
1.747949558939912527e-03
5.777274035678674853e-04
7.954497367954704943e-04
4.340440604826747159e-04
4.865780706850054722e-04
1.009055467252043583e-04
1.507127961414380431e-04
1.135954892095669661e-04
5.958142838504130480e-05
1.481416256786847693e-04
2.500089706576104093e-05
7.108807612916863720e-05
6.518701999453345181e-05
8.972315324868981510e-05
7.515270488642729146e-05
3.149356628606589598e-05
1.558987555973671900e-04
1.727446509561603248e-04
2.481798853063368220e-04
1.353044514232657836e-04
2.081085522968063319e-04
6.467825202776699475e-04
1.129198764026867691e-03
8.873036210107764247e-04
5.475691502163804875e-04
1.136311026761058956e-04
3.864478048592697758e-04
5.841698800296173718e-04
5.175157841607342518e-04
6.010857722430161792e-04
4.738219932495215054e-04
5.716184185648481202e-04
7.427669644288861003e-04
7.861728778564317736e-04
1.114514888538833265e-03
1.403764652411162040e-03
1.776313713035965625e-03
2.132849608997131399e-03
1.515906574912034670e-03
1.414097875962922433e-03
1.455504294924552054e-03
1.628526725909427118e-03
1.404020110017796703e-03
1.233799514787957104e-03
1.715450342498657348e-03
2.141766210016893442e-03
2.765135620196482874e-03
2.719811304577459538e-03
2.160456955725815597e-03
1.830995687700151357e-03
1.295638821987609487e-03
1.430204579263059852e-03
1.309573913910541286e-03
1.300414871797914845e-03
1.214798837878867640e-03
1.149933487689596724e-03
1.484904437710063288e-03
1.712785199877479674e-03
1.634284879838319559e-03
1.389352522998428801e-03
1.216078244979333905e-03
1.212690667914667142e-03
1.246004598452172141e-03
1.162108133737895562e-03
8.064895828936817501e-04
6.039374365501261549e-04
5.083541014037887187e-04
3.134236266212217189e-04
1.585810555557302958e-04
9.942954184518223396e-05
4.571323955389951796e-05
2.367682208883009029e-05
5.597195886100828332e-06
8.761699199069386887e-06
2.888467242442578875e-06
9.108562981380664856e-07
2.624033739002287210e-08
5.397873292843209260e-09
1.543126713959038872e-09
1.171581944206359577e-09
-2.390927141800733248e-17
-1.726461270877686610e-08
-9.333965411913732039e-07
-4.871134415774497120e-06
-1.673726688980363214e-05
-3.459635577786730970e-05
-4.618810206071815205e-05
-1.380268612062418414e-04
-3.678281647376682522e-05
-4.116806976973382329e-05
-4.359901019265314561e-05
-7.639613799130507386e-05
-1.389532057295862896e-04
-8.659948558808423032e-05
-1.121719965829858878e-04
-7.120223535412399381e-05
-1.109154431041696259e-04
-1.469002953148618586e-04
-4.764906415445704653e-05
-1.107799232331269562e-05
-2.337386475054352599e-05
-1.395939984498881746e-07
6.663030397962008676e-18
-2.234732181816450148e-09
-8.273263023867736608e-16
2.651576671683999316e-16
1.014160854911480512e-08
5.029602621520984731e-07
2.427128236193162008e-06
4.580240043218707601e-06
3.381767968317629625e-05
1.260274590630433548e-05
4.701880528894336690e-06
1.467711131660502295e-06
2.123350258637646033e-06
7.193827422887115184e-07
9.664912612416283664e-07
2.343549998172982323e-06
3.468204428760469213e-06
2.391509961112418130e-06
4.210816543294260055e-06
3.757494885818841994e-06
4.422092734590211273e-07
3.188750275916468163e-07
3.482080396512745005e-08
8.215677583915635572e-12
2.384995821006555617e-15
-5.137417937194250292e-13
-1.490501289337447844e-07
-2.942547749297413049e-07
-4.871746773188038382e-06
-3.726378729349772768e-06
-1.408833633297544689e-05
-1.278069270246665362e-05
-8.383956506991112502e-06
-1.191009170640820709e-05
-6.697018459040915654e-06
-2.810474427848842327e-06
-2.260302679939445029e-05
-2.574494926396206200e-05
-2.784027059429210177e-05
-2.003456877157295586e-05
-9.205548183245477957e-06
-5.047480706820041453e-07
-2.604011160958720139e-08
-6.175818393350809335e-14
1.853100055199151837e-08
1.092715214805633189e-07
2.734813996231024536e-07
2.109709427227811942e-06
1.878815199409659319e-06
1.129369932439279422e-05
4.345054973056198763e-05
7.196248459803131258e-05
1.359787260493172168e-04
1.545034608525234685e-04
1.285034398317264862e-04
2.218000434721328462e-04
4.076719827634123368e-04
7.281885889979281771e-04
1.257068208641594093e-03
1.546162832564093636e-03
1.196393780976076583e-03
6.477483103107676068e-04
3.800817211306385971e-04
1.930741965641800278e-04
1.143127761593536385e-04
6.782537466224985534e-05
3.720517028258907538e-05
4.425839253375976438e-05
5.830004276063588723e-05
4.403784815177802969e-05
3.893107888068216167e-05
2.490816914078003528e-05
2.654858123864237130e-05
1.099392700195299074e-05
1.745263476082971565e-05
1.309582065514894832e-05
1.445129609289926125e-06
1.270173906635283530e-06
5.035418154949447378e-06
6.228195195388770731e-06
