6.556950841124438087e-03
5.993041660791262153e-03
5.422603070166170415e-03
4.864841252234879641e-03
4.536022206834859800e-03
4.392785990989849822e-03
3.705329764578392613e-03
3.456143718756746891e-03
3.310092686238329338e-03
3.410256351352254980e-03
3.653878698802612290e-03
3.730195324467140607e-03
4.038018120376774510e-03
3.980764849786225246e-03
4.094482097563258670e-03
4.080144786117761123e-03
3.902066985676271114e-03
3.834955816009204353e-03
3.797089798727413656e-03
3.990510962862103481e-03
4.211748913218023305e-03
4.365140310617832663e-03
4.625390728534837549e-03
4.905694870010485903e-03
5.049490672018055147e-03
4.879385406694526119e-03
5.030595198597907769e-03
5.333538038113456482e-03
5.671295449127838895e-03
5.807596165833583783e-03
6.083329433298582077e-03
6.490257133179882197e-03
6.249752911917728741e-03
6.000047800258830229e-03
5.609281472320842843e-03
5.321084105578196589e-03
4.944236381273848721e-03
4.588193239658017349e-03
4.318410491992645366e-03
4.123383212861226471e-03
3.870398761969017550e-03
3.489544388879169123e-03
3.219970879701657823e-03
2.906389244078373072e-03
2.809600963032690257e-03
2.655716163569415197e-03
2.804670002809869084e-03
3.314016762589497983e-03
3.708967079009077572e-03
4.281161321145989483e-03
4.597985977221955012e-03
4.640314753722358382e-03
4.486976256722302429e-03
4.098729766918269082e-03
3.484032141522193458e-03
2.746029764668830950e-03
2.266024799889477300e-03
1.993962516451290752e-03
1.564681824348417927e-03
1.145366033185045733e-03
9.864096645055013459e-04
8.472394668734800453e-04
6.280086628016993706e-04
4.310538078187956153e-04
3.665854752519102553e-04
4.018334696170331268e-04
4.048353028261670108e-04
4.714868896738914883e-04
4.951879518358230647e-04
5.587423562965344696e-04
5.603392511572555593e-04
5.052976212968812763e-04
4.444365691012872391e-04
3.385947717401385413e-04
2.594562343558577222e-04
1.518142980828136206e-04
1.102151803858775143e-04
6.402719186968320242e-05
6.704638042659157688e-05
6.063831256651859781e-05
5.602271823558414610e-05
5.182768794774203703e-05
3.337104094644156632e-05
2.804205275449321450e-05
1.315222715973705588e-05
4.592003360108313224e-06
2.468908047756263368e-07
-2.536233900937621962e-06
-3.489633761784913647e-06
-3.507375751971572939e-06
-4.063185500412371887e-06
-1.643298159947132714e-05
-3.276866793437769720e-05
-6.250900799335705525e-05
-8.943862280129757404e-05
-1.246238563492053084e-04
-1.821135818624111408e-04
-1.938204633293813832e-04
-1.958466033831142872e-04
-1.707960099147701725e-04
-1.550142704220644648e-04
-1.199345902107871792e-04
-6.188904966329229426e-05
-3.771043571165521500e-05
-1.919867044015623693e-05
-1.192248629514090704e-05
4.455872251291094210e-07
4.075336121132780700e-06
3.806607817209769898e-05
1.632216228285387040e-04
3.661333227226878061e-04
8.801947538376233421e-04
1.419275144545124358e-03
2.025924296177622052e-03
2.455647415111325126e-03
2.659434063461338631e-03
2.782775164063462387e-03
2.393603020697931006e-03
1.875231513183399411e-03
1.268969186352152242e-03
8.110664824577383004e-04
4.936953308037401360e-04
1.825012107894965954e-04
9.023876435926719050e-05
8.774264971355372428e-05
1.061958060875183447e-04
1.450090623824964466e-04
2.483125357411155774e-04
3.029431612853843701e-04
3.076222930447386657e-04
3.599893332085121723e-04
4.137630833639783612e-04
3.873650686588823197e-04
2.819900338301489979e-04
2.381050310818984869e-04
2.131817343717605636e-04
1.699005442659122424e-04
1.328367449258181061e-04
1.592268088593644122e-04
2.194644918464114974e-04
2.818426252301320747e-04
3.171558152420212513e-04
3.235563358783162796e-04
3.223324639270001043e-04
2.951795778362267982e-04
2.876132479153221543e-04
2.794932196280253633e-04
2.806432048710065150e-04
3.906032168358320594e-04
5.425195710970022499e-04
6.498448271457880681e-04
7.024580002862446495e-04
6.875430494205090129e-04
6.904513966238264673e-04
6.294578184241940173e-04
6.156666900351742472e-04
8.414095559313789418e-04
1.013964219306596982e-03
1.121865566301408429e-03
1.115498956161337096e-03
1.066631625751284515e-03
9.083406949969044216e-04
5.764073234209846812e-04
2.928051688023282210e-04
1.204043360009343183e-04
7.460694139103405201e-05
3.509311000886114219e-05
-2.217093538039147216e-05
-8.705354686124477275e-05
-1.515340615419644122e-04
-2.172998528272344313e-04
-2.833664538364389263e-04
-3.696499861775504807e-04
