1.595460085339263151e-03
1.492647919948749497e-03
1.209058416744138598e-03
9.555377727227346582e-04
8.023857516680664090e-04
8.622456161004737885e-04
6.027508879192343275e-04
1.119527606196799507e-03
8.229856990303601079e-04
2.533177145073913232e-04
-2.972179061848220696e-04
1.033884033335574505e-05
7.761111426534873198e-06
1.861675063593743335e-05
-9.965448735173999654e-05
1.541981577614890970e-04
3.673590376990741591e-04
1.168849538088051997e-03
7.723141629825965677e-04
6.676778497990923259e-05
-3.812716606662537220e-04
-2.823816847338280679e-05
6.565464969251065715e-04
7.003134627719850543e-04
1.278106668618922805e-03
7.877412687880787140e-04
9.424044242378929554e-04
1.814248404826710424e-03
2.752272664100476052e-03
3.351068622253964083e-03
3.409230578399654200e-03
4.517704530265810418e-03
3.115533539111381596e-03
2.702376129296839551e-03
3.455418702438308939e-03
4.405906591099075301e-03
5.574864504777987326e-03
8.477454695100918383e-03
8.669259427034607668e-03
1.266350635832751495e-02
1.506523839342725421e-02
1.749421744168563886e-02
1.832121747562301395e-02
1.112194840332535184e-02
1.179162098387467016e-02
1.342843860189302067e-02
1.605643601989959271e-02
1.591515502869319393e-02
1.162270427436420603e-02
8.489439905549574228e-03
8.069062850873382278e-03
6.470307305875775024e-03
5.802225321281424472e-03
6.226636177610708929e-03
8.285304307958677936e-03
9.984562199378448424e-03
7.482728553319813701e-03
6.245319262318811682e-03
6.236955121990427932e-03
4.241702138827315935e-03
3.493726452435412869e-03
3.184064771122726775e-03
3.657993344673791686e-03
3.302972793716539048e-03
3.367190508388673981e-03
3.712506247056781249e-03
3.286232499484047914e-03
1.964892687190214222e-03
1.812308931013441793e-03
1.369624099416947172e-03
6.958666449255881481e-04
8.284589164657530204e-04
7.768884693170854039e-04
7.455535116483105610e-04
1.137467264364781881e-03
9.740992027077148433e-04
7.688949732550757078e-04
8.134485705532226501e-04
6.490297618540369655e-04
1.604440548838385926e-03
1.385131978029983555e-03
1.630052233330229377e-03
1.362657422202187248e-03
1.571090571605579305e-03
2.505386832002025506e-03
2.162115826751303312e-03
1.849715169920735725e-03
2.489827953141148485e-03
2.164084780564247065e-03
2.709852537436698450e-03
5.097195036419143420e-03
3.627782944389697489e-03
3.165682325096045961e-03
2.036659578400699857e-03
2.015788026670738229e-03
2.271476195290089359e-03
2.003760925493362766e-03
2.843587472784681481e-03
3.036958677994204808e-03
3.782881304582723717e-03
3.401992957373900592e-03
3.443438519227946283e-03
3.632945572469356479e-03
4.969704792254422791e-03
6.130914875757761777e-03
5.047935614640047981e-03
4.968504526376913734e-03
4.872068756085954494e-03
5.482554860060775796e-03
8.050226623518876023e-03
7.789667691125546668e-03
9.885386132969952236e-03
6.668117972149889550e-03
5.631836374945243563e-03
6.396545602174692931e-03
8.066069953139983970e-03
7.666369082220085909e-03
6.993408557368246611e-03
8.381023632259633135e-03
6.102467058569397904e-03
3.538262365047704222e-03
2.946539514375844625e-03
2.713612765516665911e-03
3.304476646080460166e-03
3.881596627835460882e-03
2.739715461242483649e-03
2.467204608362672923e-03
2.766967077207543261e-03
4.867788263331450024e-03
6.198471551533555474e-03
3.029419154640233987e-03
2.124130761701588637e-03
2.084632235084141281e-03
2.037683891963421728e-03
2.847256837308140623e-03
3.473567831694552525e-03
4.149091910698816422e-03
4.214568991054936167e-03
2.934569067681855065e-03
3.288058598305612906e-03
4.207191099119047921e-03
2.420394487208984719e-03
2.408788239924609942e-03
2.612289861238822290e-03
2.559881895990447163e-03
2.668119382206272754e-03
3.550235258512283738e-03
2.571395169929693338e-03
2.255006160543932686e-03
1.223850745929787190e-03
7.805568914690508807e-04
7.838499556484569437e-04
7.454995929450277661e-04
1.286691103819968041e-05
1.069485689600611867e-03
1.625206236666425956e-03
1.648581076148778130e-03
1.138698874649094091e-03
8.465780941418729654e-04
5.856171595648003653e-04
4.318334751595293008e-04
5.019649921632621725e-04
7.554829364748252320e-04
1.032922529494022332e-03
4.706046033399525520e-04
7.152003674941967860e-04
8.495475190853559464e-04
3.903859396969644306e-04
4.826679823322250497e-04
5.238380525752717133e-04
4.536552479277698594e-04
4.622192412514684965e-04
1.696867738946358220e-04
2.159519140265412013e-04
9.145691752034981444e-04
8.816930983243295977e-04
3.640335475679212784e-04
8.741253357618827173e-04
6.651185223362363541e-04
8.865251715288337666e-04
9.161220423664962788e-04
8.945513127383577200e-04
7.027962109115389912e-04
5.086778612318609144e-04
5.989169450860838380e-04
7.420664564836930693e-04
1.223355590546109544e-04
1.286062754952920471e-04
-3.740447568845493647e-04
-6.101479387586434232e-04
-4.262100156462700871e-04
5.075394412488576498e-04
1.200347326646919194e-03
1.091801012776339548e-03
6.040505968231585669e-04
2.391274943789037843e-04
-1.536331810306921705e-04
3.109074336255296042e-04
1.016101290487811479e-03
5.252796738051250004e-04
4.062022694802975989e-04
6.053067294177012694e-04
4.328774424046412102e-04
-1.774235947536821883e-04
-1.141197231322486981e-04
1.272269173534320728e-04
7.999205251463177872e-04
1.054557839708153725e-03
5.177655956363786532e-04
1.107292096732410448e-03
7.929303583769910192e-04
5.360905739508377288e-04
2.055416552422633639e-04
1.720429530157156501e-04
5.535098748826152359e-04
1.184974427975589960e-03
1.050743021878536992e-03
7.339789544565822766e-04
6.031577370493421304e-04
7.698807218740446115e-04
5.016528592520828975e-04
4.236304759811620178e-04
5.951785972010858105e-04
3.455551441390957270e-04
4.362930076613298278e-04
2.030355130425550911e-04
6.150893305005669968e-04
1.057052185542129135e-03
5.474632459048326153e-04
4.651801816319943721e-04
7.186803144097988387e-04
8.755138369836914115e-04
6.418552784263076034e-04
9.776514191861319404e-04
1.121432811154294022e-03
7.722812626275779840e-04
1.117399001013609375e-03
1.619339907133053808e-03
1.542734628225266328e-03
