4.288972232845312421e-04
3.147029979846260742e-04
2.948816642119030736e-04
2.375309612474914734e-04
2.019483842890900500e-04
1.923411009952886639e-04
1.278819694654202048e-04
1.948891594570130610e-04
1.568893841449783681e-04
1.468626414560011810e-04
1.371866580873411560e-04
1.134306122099055088e-04
1.082607797624028103e-04
8.047347686666598402e-06
3.877152372115675413e-06
4.391925837002451162e-06
5.393047257161437363e-06
2.979988507161775518e-05
6.104775386486879123e-05
8.395342548789643585e-05
2.053380071156092406e-04
2.284179452732732765e-04
2.653637405358467961e-04
2.603718029079391005e-04
2.461378645331309075e-04
2.238313925248809719e-04
1.021292269916288057e-04
7.765887478612596405e-05
3.945290989622107981e-05
1.974333712600931961e-05
8.755108704124755733e-07
6.444557341125885442e-08
1.216732781465048134e-08
1.408540701083651057e-09
9.404061946847726295e-11
-3.700384670478242159e-07
-3.700491999852296691e-07
-3.700702144052085048e-07
-3.700702144264280036e-07
-3.513996646991320301e-07
-3.194818424849617897e-07
6.229535866591847445e-08
6.507141468459543430e-08
2.742023472058250860e-07
1.515031902360917773e-06
3.189061381959199251e-06
4.789866917193546852e-06
1.184003091925871029e-05
5.455918744259250478e-05
1.283216558842443838e-04
1.442202611260795248e-04
1.530847650867851045e-04
1.545077363101156245e-04
1.502390224614573997e-04
1.142442636821750114e-04
4.673758453060754790e-05
4.208940673758361918e-05
3.591855933835271804e-05
5.543987321460818119e-05
5.421726440365601246e-05
5.032361790744034223e-05
5.161335790145916980e-05
4.514774557307635387e-05
4.162728153077860886e-05
1.945418585511799175e-05
1.858000837266808990e-05
1.644351291062846098e-05
8.695283144292412973e-06
2.680919383907849634e-06
1.815095107648324662e-06
1.427899852536907941e-06
7.317376963667276458e-07
3.556416220970030944e-08
2.914692287130392312e-08
1.786607555663863336e-08
1.779780331366232061e-08
1.080277051173415470e-09
8.715864514146944228e-10
1.305369770791327815e-11
-3.150445164859814520e-08
-1.232362761026993049e-07
-1.267955194778912456e-07
-1.271873838533829934e-07
-1.279839080438958945e-07
-1.283463872178653486e-07
-1.129551941353205248e-07
-3.043735886324465971e-08
-2.709448580779216739e-08
-4.152657791008454398e-08
-4.073010993884565397e-08
-4.036740586551517984e-08
-2.425434713999058914e-08
-1.504042584229986363e-08
-1.482405552147125496e-08
-9.893405483400652189e-14
2.177076775931748687e-12
6.899539802100755982e-07
8.289732845309372901e-07
8.624424561514221221e-07
8.734696962720693729e-07
8.736807236458600293e-07
8.736785038698407336e-07
1.837267009737988245e-07
4.470743926829488907e-08
1.123826764781014974e-08
2.110275260735968962e-10
6.720923402829944219e-17
3.595748420415088014e-13
2.982670230092698916e-10
1.218099425857904773e-09
3.108017489050552138e-09
3.697546682374484413e-09
3.956542773963616026e-09
7.387464205497779986e-09
9.055868600495960585e-09
