-8.807804342882932140e-04
-2.164799567965971800e-03
-1.528363315046454450e-03
-1.316452986497508105e-03
-1.118903169116900256e-03
-9.595440468105078356e-04
-8.412770484756394935e-04
-7.917916898369745668e-04
-7.922738488324248358e-04
-8.276901350465314241e-04
-9.677070224406537696e-04
-1.041858096482128817e-03
-1.071716865235927078e-03
-8.762908972198764660e-04
-8.777757464747868409e-04
-8.750676631261812338e-04
-8.792441185350347065e-04
-9.812501350349167595e-04
-1.004250334532303486e-03
-9.946776583721194265e-04
-9.465929282354351368e-04
-8.806774745835364892e-04
-7.097110680465058439e-04
-5.864759424863345665e-04
-5.178072044322699517e-04
-4.931188172479473390e-04
-1.071075626408267813e-03
-1.083613581252704586e-03
-1.136031477449895829e-03
-1.057875586342858169e-03
-8.359426580453318753e-03
-2.252939966790073675e-02
-3.727263238005616014e-02
-5.167871416363409298e-02
-6.615224819221464381e-02
-7.955425184664720317e-02
-9.198384164293328669e-02
-1.052641772354438593e-01
-1.181147423611719621e-01
-1.307523079751209683e-01
-1.439177462436218580e-01
-1.564783473972271299e-01
-1.619124482434896872e-01
-1.602893701568917362e-01
-1.589653142938491914e-01
-1.573429503388483752e-01
-1.559970646976981123e-01
-1.551261537636477450e-01
-1.553627216961682156e-01
-1.558023365231636925e-01
-1.552717941423874537e-01
-1.552418528877526349e-01
-1.548497475060015560e-01
-1.556879082607055820e-01
-1.566775917988445788e-01
-1.570691702097326281e-01
-1.565923269543220975e-01
-1.564729405309028543e-01
-1.570991879095347266e-01
-1.571084596901146935e-01
-1.572931662992175239e-01
-1.560245440673301009e-01
-1.569180591539361125e-01
-1.577865245871815647e-01
-1.570386410666729238e-01
-1.568735708899396952e-01
-1.547143566416100402e-01
-1.522977803552394704e-01
-1.514168424901213839e-01
-1.545109665318168679e-01
-1.540272630449606162e-01
-1.436650345197159895e-01
-1.309158938175395137e-01
-1.184145756504502017e-01
-1.046421548010259689e-01
-9.113482883522655564e-02
-7.911922871936981350e-02
-6.589577122869695602e-02
-5.431336326401006720e-02
-4.384970010621602743e-02
-3.179303844445385135e-02
-1.608546912040495491e-02
-2.806292194562328649e-03
-6.126911369750334809e-04
-5.141138647330335126e-04
-5.495295790272134275e-04
-5.235391456166407645e-04
-5.303318673728470373e-04
-5.281520731683352629e-04
-5.383641413130852002e-04
-5.632327473607370892e-04
-4.917481631344883079e-04
-5.070995244735155118e-04
-4.620117846241027421e-04
-4.627547736513276341e-04
-5.537410945395834739e-04
-5.221918525029474413e-04
-4.811744036218037969e-04
-4.924680437255903433e-04
-4.984126775858119468e-04
-4.208371081498372534e-04
-3.662538032489543079e-04
-2.992270435219159430e-04
-2.786736745715820310e-04
-2.387435551007222522e-04
-2.204486056313741669e-04
-2.297758960477811006e-04
-1.469130863302358281e-04
-1.702873659451428995e-04
-1.755908197914859612e-04
-1.643700779918655971e-04
-1.696182918727022915e-04
-1.698605800967786404e-04
-3.264192782686994171e-04
-3.650499993218085659e-04
-3.802607156541003741e-04
-4.018078865325996744e-04
-3.632419827944313815e-04
-3.127898283515480565e-04
-3.057433778211528122e-04
-2.619183577029841306e-04
-2.500841660620204440e-04
-2.183923186640627536e-04
-1.993019952163603938e-04
-1.397796257819148712e-04
4.114617340753108692e-05
7.289909334882660138e-05
7.895943753066682195e-05
8.701603906321347427e-05
6.544441010900181762e-05
6.919338223735508936e-05
4.818625712041678432e-05
5.897675495151634005e-05
1.129370138511374879e-04
1.387619766040878229e-04
2.335015979214849198e-04
2.100500101051174363e-04
1.923497351108333683e-04
1.788320609553628257e-04
2.077430850858511858e-04
1.011048657212131715e-05
1.271391013530619094e-05
-1.043099048091390105e-05
2.452115459882182674e-05
-7.468946470117091275e-06
-8.396066519542929988e-05
-1.278758435036669026e-04
-2.216473176802587815e-04
-2.503818213936177687e-04
-2.481457564036495308e-04
-2.468149628297244087e-04
-2.865540363467066853e-04
-2.823316439849779446e-05
1.107651198024649533e-07
2.796633950144760262e-04
4.372412621657851173e-04
4.063652365046115252e-04
3.832122819535083006e-04
3.798661531264192304e-04
8.623697901310600636e-04
1.239197256402900906e-03
1.272495954975443782e-03
1.326307743106595015e-03
1.322256525416585192e-03
1.271255248935326126e-03
1.233684578743618216e-03
8.885665242125930690e-04
7.103291708587117226e-04
7.401914187257180137e-04
7.899163131121194475e-04
7.755263305634388328e-04
3.172608503416885915e-04
-7.628365571396527711e-05
-1.305121480028559290e-04
-2.423565912959756380e-04
-2.875207218412561324e-04
-2.869519017891890831e-04
-2.968757369692609461e-04
-2.307992778821819566e-04
-2.174136521000967536e-04
-2.676276347175561197e-04
-2.678116351836869126e-04
-2.643379370799943981e-04
-2.702749292058001756e-04
-2.263285550886234008e-04
-2.402365627846576163e-04
-2.286271150374170023e-04
-1.656546161983315059e-04
-1.630062904075696732e-04
-1.635929308265445610e-04
-2.483368259230785613e-04
-2.883409830470298404e-04
-2.580365499906926989e-04
-2.767759969985126027e-04
-3.096102367440908419e-04
-3.471481946771555580e-04
-3.885997170147957873e-04
-3.758353703912813756e-04
-3.278094504975374184e-04
-3.644784929755012434e-04
-3.565593490176251299e-04
-3.754930522682740370e-04
-3.203765156662201569e-04
-2.783557029006364998e-04
-2.601006948423414673e-04
-2.304277591087368967e-04
-1.902487944662597727e-04
-1.233713189927750336e-04
-1.151959960441728380e-04
-1.145451969533416652e-04
-1.346990967339363238e-04
-1.150294260319714327e-04
