beta2
6.049490802962863983e-03
6.096460521049902603e-03
6.293533827260663210e-03
6.444851245925028310e-03
6.743409952823598355e-03
7.134744697500720531e-03
7.229297138055134145e-03
7.322890351468819628e-03
7.406023507486479349e-03
7.349651539582945613e-03
7.559903467072056141e-03
7.874224207294031747e-03
8.545331818565399251e-03
9.330519238756485728e-03
9.823736642219020598e-03
1.031258792047713181e-02
1.030275195682518741e-02
1.019845594813086065e-02
1.049459049719650774e-02
1.035872651090201726e-02
9.714895554539930769e-03
9.255406907117061030e-03
9.198811683324797234e-03
9.168775088321461791e-03
9.200966465033190433e-03
9.302159352490775232e-03
9.337819234010585889e-03
9.413038249119973222e-03
9.892986596771007057e-03
1.014787718505326918e-02
1.063273808831834838e-02
1.039473744353158063e-02
1.045350698561214181e-02
1.006118529633693269e-02
1.029018932035575054e-02
9.965807892406374630e-03
9.509013151016916174e-03
9.251170173229850135e-03
8.770365590467472244e-03
8.671285339064627867e-03
8.784491480268281915e-03
8.606562103838404781e-03
8.522693516174378869e-03
8.407257779839409639e-03
8.402300176887948432e-03
8.459910910805893552e-03
8.321401321973724563e-03
8.586466903330512018e-03
9.098720374725349086e-03
9.548008458372453031e-03
9.654647074277612415e-03
1.021890572613759485e-02
1.018270760403278130e-02
1.034012968267293033e-02
1.048263825380586767e-02
1.072525403346725678e-02
1.013248750792219988e-02
9.684176166981924017e-03
9.781431545168618735e-03
9.736613524024924013e-03
9.455345231092530944e-03
9.790492085678068404e-03
1.008777265596717994e-02
9.771731757079306011e-03
9.654019443172635537e-03
9.425998905670293637e-03
9.314447532800945728e-03
8.761221792124712637e-03
8.833537951628294208e-03
8.960323503663851150e-03
9.587865286742547344e-03
1.025286667742874788e-02
1.065892014632552690e-02
1.107361836344049333e-02
1.141022139491324264e-02
1.104590200250349374e-02
1.088375130596752963e-02
9.866900173202033941e-03
9.774729842162061672e-03
9.841299333434888608e-03
9.156637581225384251e-03
9.059527096880772012e-03
9.193834547393840012e-03
8.937670869800285606e-03
8.510260903686554801e-03
8.399587087478141076e-03
8.049719996486764950e-03
7.654077385810573175e-03
7.833313912993706413e-03
7.980951057595593243e-03
7.897796542338544196e-03
8.201039317656984295e-03
8.681643816513286843e-03
8.854093663791043345e-03
9.235942290490198325e-03
9.071394946246633118e-03
9.273512031419794965e-03
9.665012167166669999e-03
1.006192198846822886e-02
1.015322237423063080e-02
1.026371349396587411e-02
1.023081358362283588e-02
9.733334552837433554e-03
9.272840472414212859e-03
8.948113810143851904e-03
8.793220153500152722e-03
9.012197558389634447e-03
8.636048847684509727e-03
8.584409993003836586e-03
8.275537301995655390e-03
8.244217520450763947e-03
7.752741043036890517e-03
8.108739282890940064e-03
8.429607031126454264e-03
8.912792501379015672e-03
9.133723660198895394e-03
9.389788405377332003e-03
9.723727531522619039e-03
9.843131307490891879e-03
9.988702312116019139e-03
9.785352150496549883e-03
9.496586482047559424e-03
beta3
-3.031749575101944395e-11
-1.586753188928856496e-10
-1.745540407542345142e-10
-8.444230161019099953e-10
-1.093244631563904050e-09
-1.076562908846715208e-09
-8.054027609026989155e-10
-2.020975163927953923e-10
-5.202257868544961909e-11
-3.847266933712949166e-11
-3.495532292995938904e-12
-3.619465071175854474e-12
-1.089142940938714470e-11
-2.588134954095476861e-12
-4.348018125150989960e-12
-6.810206044336797258e-12
-2.390587222374386391e-11
-3.696403634542001686e-11
-7.746180688671044128e-11
-3.292246186876574139e-11
-1.704172985263680162e-11
-4.218266764018106754e-12
-2.320147062954448469e-11
-5.061245788172016598e-10
-2.231735999175927059e-09
-1.269152936902577955e-08
-2.951010359881937916e-08
-6.246353979545096148e-08
-8.280802848696115224e-08
-9.414504602458588078e-08
-7.479437438359898193e-08
-1.192801697248510098e-07
-1.114179141389551904e-07
-1.202306070140198149e-07
-1.583393575143808980e-07
-1.102202456578213567e-07
-1.305215758043031816e-07
-1.302980951267608036e-07
-7.053887629267231051e-08
-1.690123414200869541e-08
-8.214669974815369687e-09
-1.929422611246018953e-09
-4.021213379094101339e-09
-1.635473981482243433e-09
-1.721492679143217865e-09
-1.115321399659340826e-09
-5.096931655830796764e-09
-8.929772778178513803e-09
-1.607161514453824106e-08
-6.051062968683329743e-08
-6.481107983525734220e-08
-6.581305394445415262e-08
-4.887104040393376094e-08
-7.191885434450722233e-08
-7.211352134397694578e-08
-9.068450346323819433e-08
-3.732425556392204045e-08
-3.732301672729610636e-08
-4.675837879650805624e-08
-3.946969385580928075e-08
-8.972293267321880230e-08
-1.346709481114257800e-07
-3.279263452588786550e-07
-7.484164510566692218e-07
-6.538936353902372818e-07
-1.034935273421260805e-06
-9.684335560277831892e-07
-8.218929683611203502e-07
-1.231127197255376023e-06
-1.838516998537143711e-06
-1.381492928102907301e-06
-1.763653113966381805e-06
-1.644126636030812854e-06
-1.694253686555081811e-06
-3.382774048723654044e-06
-2.520069152587995589e-06
-1.735300558045832787e-06
-1.296582759137214715e-06
-1.267339207120732424e-06
-7.967899840141757562e-07
-5.893072530517654280e-07
-5.321064212798202513e-07
-6.531312054930414173e-07
-4.465742103061772442e-07
-3.422604792429884336e-07
-4.485822581646109494e-07
-2.494160205785749416e-07
-3.495284457422867927e-07
-1.587707480494532760e-07
-1.712098838352732265e-07
-1.806424247935409505e-07
-1.757771524682665958e-07
-1.312782121289931858e-07
-1.246094779795112403e-07
-7.889745665028326881e-08
-6.156571222370922091e-08
-1.207293333714368371e-08
-8.006757341206141734e-09
-2.781658660013783222e-09
-8.672595572923031219e-10
-7.304697784011435386e-10
-2.832393037093487996e-10
-3.115687398777187296e-10
-1.580991234923412027e-10
-5.562283103550031407e-10
-2.565209831533110137e-10
-5.071549357627496666e-10
-6.501050865656625100e-10
-1.685334643385724901e-10
-1.258282256928777294e-10
-5.080801359008601475e-11
-4.876246617249079380e-11
-6.209591936798365196e-11
-2.305880467649919188e-11
-4.754722195731370211e-12
-2.476346958432836038e-12
-1.159552577066384123e-12
-2.609521793965774988e-13
-3.580969514865890547e-14
-1.226340432056761269e-14
-5.351022879148119877e-14
-1.247079233708619215e-13
beta4
-3.792923274446372853e-12
-2.694383313931561551e-11
-1.527932621519548952e-12
-1.358749487718974903e-15
-5.545704499963960391e-26
-3.617431148421683872e-53
3.592285641760850989e-22
7.168194840125184638e-14
3.095858726484221087e-11
3.774182921527428592e-13
2.522458548676871052e-14
1.010502349492750238e-21
-4.680132064835777089e-17
-1.667755309835009761e-09
-1.620013180422938486e-07
-4.194883079309845061e-07
-7.463275397404804440e-07
-3.272473565458175515e-06
-5.889278715537039709e-06
-6.430366565721595026e-06
-1.324351501836215018e-05
-3.070799874904177161e-05
-2.287603454871206882e-05
-2.351051156913149464e-05
-2.152141702377380263e-05
-2.167079911528479574e-05
-1.667549174612311896e-05
-1.864913360018790982e-05
-4.309762871570952368e-05
-6.337519864037428636e-05
-9.968344719085345381e-05
-7.455468483337794518e-05
-1.294598324137865360e-04
-1.866309171158846668e-04
-2.358868638319419695e-04
-2.450045532110012064e-04
-1.954466608884434706e-04
-2.462018359296789215e-04
-2.073175625100886327e-04
-1.799127352723500664e-04
-1.993752464584093529e-04
-1.399227588251587481e-04
-9.392058470567719506e-05
-1.033849578665910966e-04
-7.296756190685637960e-05
-8.266831776820992715e-05
-3.118568764668431170e-05
-1.683083060639587115e-05
-1.642236308627530584e-05
-1.664762326443924733e-06
-2.763310522995506097e-06
-1.016529699043945190e-05
-2.474061152597981395e-06
-7.525555695816414722e-06
-8.213009767262713552e-06
-2.505922767058057452e-05
-4.614549990496431507e-06
-1.951969818506242055e-06
-1.098440146948298153e-06
-3.327078504360741840e-06
-1.991929486661247240e-06
-2.573405331389321844e-05
-2.503008229946963374e-05
-3.301452013772205674e-05
-3.799463556601656632e-05
-5.233391764659518753e-05
-6.835616318934476248e-05
-8.310045620246210574e-05
-1.664690176153967526e-04
-2.725703337693517574e-04
-5.173827660127571729e-04
-7.843801882011708967e-04
-7.343036740601652755e-04
-6.905130564845223754e-04
-8.768223465652450095e-04
-5.551464938857572293e-04
-5.743996832368743720e-04
-4.966714815121099852e-04
-4.409689336216034454e-04
-2.374235749778005129e-04
-1.592239037945321106e-04
-1.599100427864218177e-04
-2.359288306992227016e-04
-2.535511822336911081e-04
-2.873566915304986134e-04
-3.279769605731262545e-04
-2.518255060631439815e-04
-2.100400486522979444e-04
-2.021550347063939324e-04
-1.893790468592508993e-04
-1.344500096351601711e-04
-9.248130294846939529e-05
-3.595678386268266145e-05
-3.945812106269368398e-05
-9.685272984489303494e-06
-1.025649485104443708e-05
-3.494976421791789789e-06
-1.081177887890523704e-06
-3.474628375787928961e-07
-1.371717303895852658e-07
-1.430404706734814021e-07
-3.100684084618410801e-07
-7.803964520361010941e-08
-6.577181781792719070e-09
-4.369034192911965279e-12
-2.969141093930158730e-31
3.524502880801130950e-12
1.280421057344065097e-08
1.381158732966642702e-07
3.614806738426532420e-07
2.139961725408143583e-07
9.932219621864975101e-07
1.266984473517578430e-06
3.501895525183156108e-07
1.157773506735053745e-07
6.764392751111997076e-07
4.744794864484284398e-07
3.481906482235509119e-07
2.210954347681382818e-07
6.458804016420416394e-07
3.046264909593421789e-07
1.016700929853806643e-07
beta5
5.951976143922401411e-06
1.454059930919290931e-05
1.446945765486950646e-05
1.692239610811759087e-05
2.674209777262937101e-05
2.834173748956459403e-05
2.999614471007617581e-05
3.486686000306554143e-05
3.805135133534245690e-05
2.383786721962564211e-05
2.144516811903869857e-05
9.456112167503587942e-06
9.053090630884973121e-06
6.484895269633356225e-06
8.904625966007563800e-06
7.710569297031129554e-06
1.651876510335098194e-05
2.002807395256496684e-05
3.908398522712457947e-05
5.686237157498192296e-05
8.296599914985854161e-05
9.286146240833684489e-05
8.507131343525283548e-05
1.338330723019609178e-04
2.000712601537697993e-04
3.153684176448282332e-04
4.292535844395829292e-04
6.030668472682956457e-04
7.710373660314083326e-04
7.449093252053092754e-04
6.792541269330495870e-04
6.227307268087224146e-04
7.106061781144432446e-04
9.430482244418290959e-04
1.332728196220062588e-03
1.212230656827626048e-03
1.068948654532706800e-03
9.941783271882912928e-04
1.054317900259372619e-03
7.762379878940256321e-04
5.873322028352162679e-04
4.202324514893566814e-04
3.049313898845732330e-04
2.760405926759619847e-04
1.537206935848750111e-04
6.791385812884251924e-05
1.160432205348374927e-05
1.501312893123531540e-05
1.545224752802543437e-05
8.899521437856916582e-09
4.567195662259151993e-12
2.514171858514226071e-10
-2.239799689003481169e-09
-2.858618667618920932e-07
-4.553584710791204716e-06
-1.556307333092540779e-05
-2.482745062473801592e-05
-2.754121609467804986e-05
-3.609154126543404767e-05
-1.214255332694877691e-04
-4.049576415855643042e-05
-6.901995124513264190e-05
-7.271370028459351719e-05
-6.042264747651279933e-05
-3.764284507229269123e-05
-2.067562612395115604e-05
-2.285249739121053566e-05
-3.971073296480014089e-06
-1.290759489155200299e-05
-1.944772435862985943e-05
-5.907202111512595722e-05
-1.151556001050087945e-04
-1.222470565498423611e-04
-1.365544708660126785e-04
-1.611195277525404132e-04
-1.059138265773905321e-04
-1.038626296267517124e-04
-4.755072744698013920e-05
-2.164600134838721789e-05
-2.263282343465398868e-05
-2.748756544953223947e-06
-3.191979390643147759e-07
-9.756587717738234974e-08
-1.998659867672246489e-10
3.223807961544961394e-16
4.838744010451126788e-10
2.774902461321033289e-08
1.013546499783626945e-06
5.554113765969399021e-08
2.307084972819346054e-08
3.748250532962628262e-09
6.067276448183837973e-10
1.575197781851204527e-11
1.826824529611761225e-18
-1.482623484563738852e-21
1.406943736464932943e-11
2.664920993026807553e-07
8.387645525615201547e-06
3.498100875200359369e-05
3.357679179994885448e-05
3.977801880530714904e-05
4.576049065268945307e-05
3.738650445107590643e-05
2.000967846697268145e-05
1.819351493160952535e-05
1.311832580258738817e-05
2.287293540505274262e-05
4.698589755043796939e-05
7.346233577375490599e-05
8.240185354717762510e-05
8.980758829618287569e-05
7.054848938234175530e-05
1.033970202123956402e-04
7.528077675530392789e-05
7.681090375039517680e-05
1.696286794049214376e-04
1.357506844085892297e-04
1.318368467063201041e-04
1.383564849866457207e-04
1.400159868444920627e-04
1.077008012401593599e-04
7.916607136048411182e-05
