2.168834803199065056e-04
1.599078346072647407e-04
1.561370926334952614e-04
1.668205346113267845e-04
1.925791300379252119e-04
2.394381037330588387e-04
2.779784196768977944e-04
3.282617984937711512e-04
3.531346162255713408e-04
3.575034621679964281e-04
3.445864727118820321e-04
2.991740550795915824e-04
2.619490554454616260e-04
2.334024148232094595e-04
2.282412391976875214e-04
2.099571328108028377e-04
1.916088640777198428e-04
2.076383762819409423e-04
2.135599501434903543e-04
2.156604852949064522e-04
1.917137114748679923e-04
2.003018924167937617e-04
2.103766075889390607e-04
1.750355049698754106e-04
1.394752358810271559e-04
1.014949258035391247e-04
8.647341534264120424e-05
6.708997813719600291e-05
4.386983680603867000e-05
4.177631860810031907e-05
4.658204333171496133e-05
8.570885261719096086e-05
1.026369394069839353e-04
1.146206166131437881e-04
1.432378462614070308e-04
1.438218207957171779e-04
1.510746590340074716e-04
1.154277104033112414e-04
1.102322670767045404e-04
1.053820832255402984e-04
9.071402900643385069e-05
9.618314474528467072e-05
8.638171177165875493e-05
1.061466223613923579e-04
9.936615432853893178e-05
9.123763853476693898e-05
8.007411725331318477e-05
6.702888841417296677e-05
7.073212826331887030e-05
6.947508528059032345e-05
7.420373349303606512e-05
9.338619351382864905e-05
9.642851998565253732e-05
1.039713666084770942e-04
1.204001057432069416e-04
1.846812530704407046e-04
2.769928619344867228e-04
3.140664101184118310e-04
3.722689718498217899e-04
4.122965998260902571e-04
4.060362501591223937e-04
3.272516612179915754e-04
2.258440245614493655e-04
1.694076123475642560e-04
1.037871551629583698e-04
5.547739772264698253e-05
3.595055393481398610e-05
2.994982919925230538e-05
2.816301725925509880e-05
2.523769201474112994e-05
2.429035135206835652e-05
2.579998327964812114e-05
2.428519826677827195e-05
2.096368305615706540e-05
1.711470420304094802e-05
1.442697747413609906e-05
1.229193290307022033e-05
6.703332578745439882e-06
3.906388893400473614e-06
2.744622808290010202e-06
2.301228012347066729e-06
6.563451299478498626e-07
4.705584596900197416e-07
1.430919885035677621e-07
2.903740669490012661e-08
1.642965438928011768e-08
1.528292847799994441e-09
2.628805691371271973e-10
1.153423909664084956e-10
2.494470133499816406e-12
2.454745133687170578e-12
1.506136601868318416e-12
3.596925930524417176e-16
2.531145897855400740e-16
2.847699305468150537e-11
3.878135001862166126e-10
3.745248435288099381e-09
3.897772902135498239e-09
4.368715297688956978e-09
5.446389873798823124e-09
1.075129740724456225e-08
2.830063028772840111e-08
6.678650280473595452e-08
1.182952305604721344e-07
1.328663052886643167e-07
1.359896418509636402e-07
1.339583190283713751e-07
1.167528397611774478e-07
7.490987216775676713e-08
2.325054863453796951e-08
8.208545574431132576e-09
4.007540305719817544e-09
7.060071445299242438e-10
3.496005090477973551e-12
4.031159733629212979e-12
1.508676042040727965e-11
9.561840541895003848e-10
1.241592887691296829e-09
2.758932771442029585e-09
1.586313314276380391e-08
7.704456843276511451e-08
7.296230672613196164e-07
1.452775911628427355e-06
3.296521757901888232e-06
4.640212777747317826e-06
8.950738205168053995e-06
1.921068043844773751e-05
3.124613329408994347e-05
3.420046008403131589e-05
3.267698804490665063e-05
3.195218493332236033e-05
2.789009384306417440e-05
1.761010996270471245e-05
5.094507227730125621e-06
1.675801328954800801e-06
1.606249866954645536e-06
1.582295398195640586e-06
3.177701169521016727e-06
5.203899952286829168e-06
7.271475483289102370e-06
1.330647074551363449e-05
2.608125153377950230e-05
3.255580567873309571e-05
3.383192707816662386e-05
3.747086815321250513e-05
4.004831127381915925e-05
3.594851684025904883e-05
2.868614958923585451e-05
2.992934009238467499e-05
4.071929324064137162e-05
4.365545949615897824e-05
4.426140553891784473e-05
4.922942485964103840e-05
5.599545042800492767e-05
5.110186734555749493e-05
3.925252039476832995e-05
4.184859947625079509e-05
4.911383885241538209e-05
5.083411402785254396e-05
4.357529663367542931e-05
4.853192922231575166e-05
4.957363902910111374e-05
3.987350689011195205e-05
3.040134572657032322e-05
2.249022092184830627e-05
1.731598555250205167e-05
8.954942648849261629e-06
5.839720709028706603e-06
4.301327009307319481e-06
1.084842498530350808e-06
1.127571312947580363e-07
1.636099085858384309e-08
1.584217761183575241e-10
-2.349677668533594333e-12
-2.639840221159945996e-12
-2.675988619388740146e-12
-8.857516238099334617e-11
-1.040796330698345735e-10
-1.527411291033835103e-09
-1.548316728585148711e-09
-1.802854736764685337e-09
-4.063712283619346600e-09
-3.980356165194152393e-09
-3.962813209421338686e-09
-2.539470787022359613e-09
-2.518245601783342576e-09
-2.263436755840525013e-09
-2.543060587634198146e-12
-5.251223974535924412e-18
-4.330911489118092813e-20
-3.888398197483264513e-20
-3.888398203531321299e-20
-3.888398203462260460e-20
-3.888398203462260460e-20
-3.888395438513119113e-20
-3.888391456462581520e-20
3.992663783682124285e-19
1.539867497012441481e-11
1.541060286740415375e-11
2.069825854820068009e-11
1.218891823302094828e-09
1.648788360144091952e-09
1.653177990329123599e-09
1.639760708653604518e-09
1.639748780757601274e-09
1.634461125076804657e-09
4.362675603229105507e-10
6.370979391224026118e-12
1.981191650697428474e-12
-2.395317953557164740e-14
-2.540914625165889856e-14
-2.540915088930198645e-14
-2.540915370572169970e-14
-2.536506402910520818e-14
-2.520794668467961867e-14
-1.456011790490428554e-15
-3.909482692450433516e-20
-3.445718307106835353e-20
-3.164076335758443201e-20
-3.162785280658178457e-20
-3.162785376218320436e-20
-3.163896889914705649e-20
-4.009566457891026019e-20
-2.641146186242055509e-16
-2.641700693566400992e-16
-2.641700693930009663e-16
-2.641889153096596152e-16
-2.712343670681416711e-16
-2.712467144736541261e-16
-7.195392123500592326e-18
-5.987102579938782253e-17
-6.120217163646662278e-17
-6.118332571885234282e-17
-5.395535548287900784e-17
-5.387284170763254689e-17
2.354865304178959980e-16
2.882177528820136221e-16
2.895488987556341358e-16
2.895488987556341358e-16
