7.724448567549369125e-04
9.494966284698398403e-04
9.985657001402566211e-04
1.099294912183025955e-03
1.247446868661527836e-03
1.336945012312510360e-03
1.542823101244467912e-03
1.688055145810680308e-03
1.863104662941475129e-03
2.114224619420635928e-03
2.403880725757414835e-03
2.846551593329846742e-03
3.354158129398470984e-03
3.970980688724234584e-03
4.610269911555643640e-03
5.035740327398508832e-03
5.330993616027214499e-03
5.340071203956605998e-03
5.295817178169097937e-03
5.285833103126360948e-03
5.285279891518289246e-03
5.414967391377594093e-03
5.555017973413188363e-03
5.991706128016718175e-03
6.214159026118006544e-03
6.166305130750926976e-03
5.975319210021257967e-03
5.754496790163266852e-03
5.562910756109088438e-03
5.042941459419498541e-03
4.583032271881042757e-03
4.119812243814325974e-03
3.653793168169344133e-03
3.146123277891561560e-03
2.543132372374380494e-03
2.126492739614324005e-03
1.750820219107013936e-03
1.529719257783092963e-03
1.367709324869034390e-03
1.326804115317546532e-03
1.360469351737101686e-03
1.379011095928271051e-03
1.433254987221216359e-03
1.413567416656582839e-03
1.393040552551576229e-03
1.252787230988402665e-03
1.118053085948577828e-03
9.938050948908761385e-04
9.618929109436225077e-04
1.018654763345338025e-03
1.106880447989597215e-03
1.173732717087651875e-03
1.247827368665932165e-03
1.293006544398639206e-03
1.237177093449112059e-03
1.100752700923297248e-03
9.369806450942727225e-04
8.509870793065883038e-04
7.290252782164210457e-04
6.394564608617131019e-04
5.954196155799646329e-04
5.922807145510669037e-04
6.307688725987666565e-04
6.128041727694702760e-04
6.161785703453238070e-04
6.035779761620606873e-04
5.609045015812008173e-04
5.131472193029620052e-04
4.418936179853094159e-04
3.967377643077455991e-04
3.275251336017049003e-04
2.703494963214273937e-04
2.193461828213119733e-04
1.735802744286570195e-04
1.328328062666864358e-04
8.839036594003265614e-05
7.137447429434935796e-05
5.449289342035902839e-05
5.915607875805177105e-05
6.514151161967512461e-05
6.792865723380445261e-05
7.704158133381066242e-05
9.302098857519628620e-05
1.171810565109813481e-04
1.824068058656002722e-04
2.880941827829517753e-04
3.767656880887346876e-04
4.681347682989894115e-04
5.887131992741667609e-04
6.684017615891783316e-04
6.876928892069109588e-04
6.670274341958980354e-04
6.330918629134704018e-04
5.682420562548380800e-04
4.498681554569259472e-04
3.559551419810441392e-04
2.680588314932342924e-04
1.726170908014749723e-04
1.167678171858423661e-04
9.150309084737368568e-05
1.001470368933456666e-04
1.033518533784085272e-04
1.078976359682015228e-04
1.140416190103523769e-04
1.238100155658578970e-04
1.390590324648272654e-04
1.483129929779471265e-04
1.590091275307584367e-04
1.834852108439252413e-04
2.724822943078830206e-04
4.213622668271014790e-04
6.583012865141332987e-04
8.601235031797344966e-04
1.033191241283325495e-03
1.227384630861082975e-03
1.410605487288302045e-03
1.518262976924430281e-03
1.495074232838174838e-03
1.453783943697139472e-03
1.382720248470013054e-03
1.271053969433756431e-03
1.108601612828143991e-03
9.772117990310439858e-04
9.171907884598144928e-04
9.848016321850887756e-04
1.049150297114225796e-03
1.097182558052053718e-03
1.170647584235702272e-03
1.195210812497987012e-03
1.216032292479883115e-03
1.143711153419668626e-03
1.191675546116539039e-03
1.211995042861043056e-03
1.204938175630005564e-03
1.202361137477160396e-03
1.226679431562545082e-03
1.266317264853669688e-03
1.242649614874423046e-03
1.309643785262834233e-03
1.426264345521623253e-03
1.587344835257554175e-03
1.686486932980969453e-03
1.723476202801438447e-03
1.730168016362543292e-03
1.735470944891942709e-03
1.680420147861805659e-03
1.686095549092944375e-03
1.671233053587475870e-03
1.602768379785973361e-03
1.519459149390760960e-03
1.347099427861480443e-03
1.171328769548422724e-03
9.119171191105636875e-04
6.383524912433070084e-04
4.780669746458387809e-04
3.775876211672391479e-04
3.213523110702244385e-04
2.825428064816233923e-04
2.452054032488727373e-04
2.288377786006135525e-04
2.025619386160796090e-04
1.912603739683872174e-04
2.124198168781458150e-04
2.375224840022951858e-04
2.651762697117741787e-04
3.105082060623310194e-04
3.386812350746786003e-04
3.286908117369018970e-04
3.011410861309821163e-04
2.615110725464059186e-04
2.121945756057540820e-04
1.658185322240243774e-04
1.395302814079294980e-04
1.367829364597825819e-04
1.358904217145016999e-04
1.478310288542873825e-04
1.530801494519376874e-04
1.488105186274305859e-04
1.415754632015423745e-04
1.224069164093322148e-04
9.657350069357713296e-05
6.460877852826913000e-05
4.486107610262459844e-05
2.957267646369676894e-05
2.007654600018585171e-05
1.952906630978203207e-05
1.521909459536878765e-05
1.365197796419064426e-05
1.329538428377945206e-05
1.156148278938106605e-05
7.634704636123822898e-06
1.520881104832527910e-06
4.292910029256359469e-07
3.342103607850312954e-08
-9.776080762466944673e-10
-1.701650325600530751e-06
-4.520807568936319868e-06
-8.140188673878669945e-06
-8.544861463568946728e-06
-9.832086271686802395e-06
-1.055984229276038718e-05
-9.001737270439295454e-06
-7.076256414526473314e-06
-4.601639980901129438e-06
-1.014906213874308891e-05
-1.144618937197817342e-05
-1.143117555239917038e-05
-1.143590192759117221e-05
-1.146101289140346583e-05
-1.036589818020599661e-05
-4.414249404372420991e-06
-1.830441399413420705e-06
-1.116836270276208877e-06
-9.698411080841811553e-07
-5.105378316111482717e-08
-1.403823111955985621e-09
-9.576796309373041513e-10
-4.136432369992640228e-10
2.817167361365142827e-10
3.620932482933109113e-08
1.066136895700039408e-07
7.803693627592457189e-07
8.426481357396712062e-07
8.432010700831758794e-07
8.441220570182595569e-07
8.205896127437600831e-07
9.542493796005571417e-07
1.872316090623602997e-06
2.693367799783469153e-06
3.874232553011141799e-06
6.237341282530381556e-06
1.446158790031288158e-05
1.691445531440142406e-05
1.779279410472053697e-05
1.729287077139942010e-05
1.612185175436756473e-05
1.377541770232931149e-05
5.858094823762981273e-06
3.566580353065711613e-06
