beta2
1.097504398027046926e-02
1.106226936899688297e-02
1.121001644068785053e-02
1.131067505716445293e-02
1.146823306734348971e-02
1.163746545937231758e-02
1.172326497691564100e-02
1.163977547065393053e-02
1.141104280668719245e-02
1.122766710966185619e-02
1.125055511856284940e-02
1.122250894794640103e-02
1.121735039625307642e-02
1.118947509924519274e-02
1.122516521649039728e-02
1.125871837813784485e-02
1.141634666927996908e-02
1.174423658954667007e-02
1.169193816664622528e-02
1.161593356926321138e-02
1.159020836748815217e-02
1.161797824391205824e-02
1.164538402799591976e-02
1.165123926834755151e-02
1.164715453432970879e-02
1.157455059768063357e-02
1.154763190838577896e-02
1.161021309706716104e-02
1.160332659689056189e-02
1.171114473274283141e-02
1.179452332419533671e-02
1.201585030663366097e-02
1.213234159701177470e-02
1.204978167227765268e-02
1.212715431772191585e-02
1.206452343883510775e-02
1.205324457300737187e-02
1.194022016368139621e-02
1.173528566714096902e-02
1.150276978840689135e-02
1.137505229534856339e-02
1.138870493948725138e-02
1.147816073694558209e-02
1.151369661177789258e-02
1.164206442044411413e-02
1.173779326761406616e-02
1.179565532521146751e-02
1.172075698962691398e-02
1.181629397157041642e-02
1.185489540070112577e-02
1.189288949797238579e-02
1.189130459595421491e-02
1.196021257709134478e-02
1.214269823311215496e-02
1.227220220087389332e-02
1.234385935091358161e-02
1.256279920832188701e-02
1.285451692593158474e-02
1.293465306432050287e-02
1.296261670147681733e-02
1.308619945835627282e-02
1.328147935699177176e-02
1.335696713008328353e-02
1.337428740820772316e-02
1.339468739287619919e-02
1.335447692666297086e-02
1.326628485299595830e-02
1.325570281183555826e-02
1.321899763829628531e-02
1.313681274499739829e-02
1.319261007300834634e-02
1.331373120293480837e-02
1.330345318856224202e-02
1.339729841210925490e-02
1.340129845936637205e-02
1.334342502923660176e-02
1.332390821533055783e-02
1.295723790231440714e-02
1.261270529135898044e-02
1.224751398133274230e-02
1.219894567082588019e-02
1.215789057548752328e-02
1.203201958938560773e-02
1.189960315892888733e-02
1.183502594196548727e-02
1.178836073800429950e-02
1.180597583614814011e-02
1.197962370070401739e-02
1.185162696189497045e-02
1.175539139017127074e-02
1.176485901222375577e-02
1.166422387472126551e-02
1.155650708310285504e-02
1.166866041774437986e-02
1.176671444334832263e-02
1.180211339754295638e-02
1.181371404090549374e-02
1.182149533538118420e-02
1.180115668121163759e-02
1.178672051450022421e-02
1.179084636823952287e-02
1.182317868854561999e-02
1.182166855141741219e-02
1.184488591898434293e-02
1.185141781961126899e-02
1.184427579697856260e-02
1.179578818763121761e-02
1.187051334077151091e-02
1.186964517456182144e-02
1.181826879783951650e-02
1.175498760457655348e-02
1.168250607898261781e-02
1.150129502957851144e-02
1.136999340044700380e-02
1.121760723024313108e-02
1.103532205302524064e-02
1.087017590261273037e-02
1.062517101216166500e-02
1.049361518821976744e-02
1.041004167596220990e-02
1.018021290971419385e-02
1.000746571427884278e-02
9.872686271280994505e-03
9.761985493376233031e-03
9.683688623107408744e-03
9.576285014032719783e-03
9.439616895728822343e-03
9.253633577710782682e-03
9.124441942093176536e-03
9.059379708175611251e-03
9.058568727175085253e-03
9.023138173779329460e-03
8.967551047676353138e-03
8.998272297339092451e-03
8.970458515637186325e-03
9.192973787081813036e-03
9.382493684178098287e-03
9.540938704974544562e-03
9.702081922124013852e-03
9.871583668180141172e-03
1.000091613549731508e-02
1.014186280844703997e-02
1.016352763397730501e-02
1.019352421840994533e-02
1.033286640980962158e-02
1.060421329532719274e-02
1.082185033970465421e-02
1.079218151963123526e-02
1.075378597034176535e-02
1.102221069460631100e-02
1.134561075221434887e-02
1.174077426477332028e-02
1.185533185831869410e-02
1.180877939013943133e-02
1.160187077746353476e-02
1.140652455615683708e-02
1.142304966278885787e-02
1.167325728202571120e-02
1.177299686002942006e-02
1.159144288947128523e-02
1.137060307252122510e-02
1.118393237250278095e-02
1.116187849804467502e-02
1.123023656070622558e-02
1.123926907253799262e-02
1.120138979649107185e-02
1.124411032565520926e-02
1.132903612169466542e-02
1.134463209043062859e-02
1.108490277911333526e-02
1.107054741599520706e-02
1.109003056396644371e-02
1.091871141468160958e-02
1.063253477322636739e-02
1.040135807244327304e-02
1.041836524732994880e-02
1.023101144745975320e-02
1.009528131071520465e-02
9.939176652506414439e-03
9.908007655746982681e-03
9.891918730923845299e-03
1.005777166434633670e-02
1.025656774973716240e-02
1.041088184739574936e-02
1.051495033130714178e-02
1.070726299798211399e-02
1.088967010002695607e-02
1.092907934793412895e-02
1.116962430779367028e-02
1.104307754466971395e-02
1.087481546484351386e-02
1.078876720886273559e-02
1.070527577436837519e-02
1.042344825112568457e-02
1.024619990878143649e-02
1.014653482416728175e-02
9.874200590764522015e-03
9.909194764506173286e-03
9.927900433553554088e-03
9.778511907398722280e-03
9.754694330374524130e-03
9.770367540396054581e-03
9.730144121583475525e-03
9.698123369639256169e-03
9.597273283411818234e-03
9.573173351188516561e-03
9.661836095230320193e-03
9.859814759442392385e-03
1.010518055429354689e-02
1.027367933895727455e-02
1.022319845515977724e-02
1.021513879398378878e-02
1.010082235411558470e-02
1.012829685942622480e-02
1.039414657474758280e-02
1.062829348638915164e-02
1.105310549467605936e-02
1.103920853647197622e-02
1.105044888849954395e-02
1.105701699603505936e-02
1.096000235547166593e-02
1.097574036814880083e-02
1.094841924570653241e-02
1.080086781605741134e-02
1.054245799934861415e-02
1.039135062762039027e-02
1.023383024162631202e-02
1.007317450246675121e-02
1.004973167636681423e-02
9.920760651007594008e-03
9.851452928157840641e-03
9.871470264344529150e-03
9.895358278273830993e-03
beta3
4.166948585288000537e-03
4.407404431226792305e-03
4.513290751659774017e-03
4.462614967686512682e-03
4.518943610135807420e-03
4.726042016016349448e-03
4.853517330474227745e-03
4.724550216778922174e-03
4.636380217534180614e-03
4.641544380407347167e-03
4.453463378400324482e-03
4.296312410158345703e-03
4.193829835916287191e-03
3.844068547857021866e-03
3.500614690246402552e-03
3.252011531537553519e-03
3.021655812957253426e-03
2.943389118354673966e-03
3.009606536832299707e-03
3.126065653251483643e-03
3.226633446810065961e-03
3.312961613957596686e-03
3.325489911509226654e-03
3.435971371348689983e-03
3.483530444843970127e-03
3.537065447463658835e-03
3.561587271564333693e-03
3.585927782002322310e-03
3.660762011809364815e-03
3.482682544092020535e-03
3.509854845184622128e-03
3.492631689191479875e-03
3.506353706376222519e-03
3.677767181346739897e-03
3.948549655034784209e-03
4.215453522239407183e-03
4.457822111145008301e-03
4.507970079137528160e-03
4.773531959068660555e-03
4.996303248429853627e-03
5.052194277389566480e-03
5.229539391318229619e-03
5.279472800408306805e-03
5.369803027293858395e-03
5.357912410374828134e-03
5.550341692489760281e-03
5.744113602521043818e-03
5.762805293497383699e-03
5.689328958682482798e-03
5.066932174139931327e-03
4.534417122382721800e-03
4.031749889614247989e-03
3.752817445270848710e-03
3.697518513393615279e-03
3.654265264418145656e-03
3.673322917150178418e-03
3.648288761140787081e-03
3.679837817879783035e-03
3.670058470159634229e-03
3.476513636178668425e-03
3.568128581774267921e-03
3.646584689147013350e-03
3.797149044253095643e-03
3.934176758708888416e-03
3.980480191301467505e-03
4.437928252846593327e-03
4.825296963449054663e-03
5.184023968084806172e-03
5.563681480955642508e-03
5.482744591401975467e-03
5.459992576861978641e-03
5.447562311239372360e-03
5.530576599172657391e-03
5.628620811557029889e-03
5.540345530854150907e-03
5.660151159756911243e-03
5.813679085548159250e-03
6.339850063609989844e-03
6.702862572965399487e-03
7.060431964201592525e-03
7.337782135428065622e-03
7.572722592536256653e-03
7.740251811897176301e-03
7.904111544315070570e-03
7.947757897487901443e-03
8.097440675492607182e-03
8.200272637875663517e-03
8.554157556068449700e-03
8.163323134326713054e-03
7.786546287816806938e-03
7.754116887704141231e-03
7.565421332412553337e-03
7.380322466013932228e-03
7.523828622803343386e-03
7.767214282679131554e-03
8.046812771634024447e-03
8.138563307058022805e-03
8.145541090758183153e-03
8.327106825624578171e-03
8.597718297420401529e-03
8.871434859457773270e-03
9.306029417422652383e-03
9.607285619967889656e-03
9.691126238548362914e-03
9.892712693266010257e-03
1.009043030807819930e-02
1.023589028292438106e-02
1.043931319483370687e-02
1.046419558677230341e-02
1.062220651704832292e-02
1.080599593953930106e-02
1.087755575925351825e-02
1.082999570685577728e-02
1.059132191018207284e-02
1.034648396279107783e-02
1.006942523069389618e-02
9.955865985240905727e-03
9.790125737961299923e-03
9.635769092127611721e-03
9.621893796780599251e-03
9.217928592686629174e-03
8.819994371945083511e-03
8.746345618009160328e-03
8.596144328558690678e-03
8.582542628140723759e-03
8.496856164899023803e-03
8.440236683932952205e-03
8.319189686623056426e-03
8.109798130978141187e-03
7.870132002063618543e-03
7.812098513794378529e-03
7.810340696726720405e-03
7.740466653335992611e-03
7.692866726725453713e-03
7.629597386287359853e-03
7.316797616468688481e-03
7.143147384751635798e-03
6.791622356577123494e-03
6.525873942211573263e-03
6.244978229672095565e-03
6.009933631491579803e-03
5.831143489625111725e-03
5.496251330780189438e-03
5.132653659256360482e-03
4.869325721712412791e-03
4.620208728733480458e-03
4.418461964866809109e-03
4.280959435462146356e-03
4.077026484817514347e-03
3.727102458974113422e-03
3.585886124432061811e-03
3.529018350581227762e-03
3.468479318445132683e-03
3.432976999018160207e-03
3.215006401014581638e-03
3.125516987841196921e-03
3.106041724447419945e-03
3.133320075142877366e-03
3.142952100833779766e-03
2.937648203903785518e-03
2.757897527864778403e-03
2.787285243683204281e-03
2.892999865752656462e-03
2.988177208540705818e-03
3.099169054328694897e-03
3.074862295965189243e-03
2.967248673283863145e-03
3.035346856027910413e-03
3.120946856880624926e-03
3.065527905054849823e-03
3.130571308829020478e-03
3.217121211719605692e-03
3.256061484453136225e-03
3.216308775181658634e-03
3.168535770541216438e-03
3.337873911968019212e-03
3.423217946819549946e-03
3.589713516344495824e-03
3.401198627343647758e-03
3.272971651201557475e-03
3.060601897263415076e-03
3.092396400080624740e-03
3.096105691906364706e-03
3.191065220745025431e-03
3.147039526352183973e-03
3.151950088587348112e-03
3.169958083349944632e-03
3.106813556342669352e-03
3.075268596404504267e-03
2.949969610540359791e-03
2.814993889963186054e-03
2.615742779102040588e-03
2.451304617491725790e-03
2.355064600115036252e-03
2.321647122811223464e-03
2.195610352622228475e-03
2.118430788756973070e-03
2.111875510557015105e-03
2.091457417673360866e-03
2.049554562193040691e-03
2.035144017508456506e-03
2.063614345805553103e-03
2.003230272543359350e-03
1.987027990592459339e-03
1.930396003668346464e-03
1.869809183832679168e-03
1.881465439400923333e-03
1.761440810975815549e-03
1.707868893901860492e-03
1.701615345596341547e-03
1.622207373680069386e-03
1.519486999125190581e-03
1.433428149726324267e-03
1.303207401873062625e-03
1.256979901086770386e-03
1.192352982342914734e-03
1.163168218771766342e-03
1.131708463857186752e-03
9.967967394975737333e-04
9.485746620184714976e-04
9.340252063916019455e-04
1.013267188931495869e-03
1.054321865220682417e-03
1.091057612300753814e-03
9.813626923131542334e-04
9.601808559481012821e-04
9.994076286092372623e-04
1.049405201923721449e-03
1.118894046941511927e-03
1.181639593964993679e-03
1.126417769629270687e-03
1.009520376769155016e-03
9.091528220791390141e-04
beta4
-2.042157159938160979e-03
-2.396936370514851557e-03
-2.913476529071616725e-03
-2.993427145357848047e-03
-3.271213746197696760e-03
-3.672986208009276950e-03
-3.866155349716044343e-03
-3.972917509379630778e-03
-3.826611011027253491e-03
-3.757495526418705954e-03
-3.780524584262685058e-03
-3.805227649586972755e-03
-3.939180242773956779e-03
-3.045397284529686738e-03
-2.474708949107358620e-03
-2.007420178261352939e-03
-1.901856673337534763e-03
-1.644974099464514318e-03
-1.381967705605244810e-03
-1.131740761590148588e-03
-9.442936488433875675e-04
-7.226908855909206994e-04
-4.990519914327448507e-04
-4.358456289384269721e-04
-4.315921399336347317e-04
-4.271052853020987838e-04
-3.634544004352072708e-04
-2.990133268611840523e-04
-3.097511528260677013e-04
-3.435233055125652083e-04
-4.425075533449243214e-04
-5.817267919380653303e-04
-6.400522564377398617e-04
-5.405299075529765513e-04
-6.202312134575382711e-04
-5.559948692774143494e-04
-5.422861131006194782e-04
-4.975725296171604022e-04
-3.596813798221127137e-04
-1.794754416411363258e-04
-1.651757178623948432e-04
-2.658197041846343612e-04
-4.182924154391392114e-04
-6.314711856598347137e-04
-7.199067821837808277e-04
-7.676450356477459991e-04
-8.811433925123888329e-04
-6.836538029631141801e-04
-5.644785765635349645e-04
-1.404835376092337181e-04
1.503014615353733246e-04
7.973781517440469693e-04
1.254491724547651633e-03
1.223963097830251066e-03
1.578366311287078029e-03
2.038232514055887765e-03
1.609903512585026276e-03
1.020780804373791527e-03
1.337912562286903148e-03
1.169553784133995408e-03
5.675829716769093588e-04
3.161679233301726790e-05
-9.322067727199482613e-05
-3.383918674461534881e-04
-6.467537686317339097e-04
-1.297161182871028450e-03
-1.687439714556479521e-03
-2.244484290662806907e-03
-2.948376691091789646e-03
-2.655802278159319005e-03
-2.424389502614733571e-03
-2.220147099269038742e-03
-1.735415328313538817e-03
-1.493252016681755404e-03
-1.395858728273944444e-03
-1.254583678031517303e-03
-1.204138870147890370e-03
-1.058390712709994085e-03
-9.900985947570968906e-04
-8.352911079067812166e-04
-8.036694560391730241e-04
-8.260841135300476005e-04
-7.892350354155761808e-04
-7.767031391638363862e-04
-8.080747261976345668e-04
-7.521791444682851633e-04
-7.389117540997454034e-04
-7.001289183301852813e-04
-7.072663179208518768e-04
-6.948481891077457106e-04
-7.465805680808347035e-04
-8.333335933771977583e-04
-9.592999529024257401e-04
-9.331561917514756815e-04
-8.527327771887687792e-04
-9.583232738870989470e-04
-1.145750012968495268e-03
-1.208765532621962260e-03
-1.375818712306081746e-03
-1.493491849690763281e-03
-1.730277930413574210e-03
-1.869757546669083368e-03
-1.693447144741536733e-03
-1.470235598973297902e-03
-1.335046145879412605e-03
-1.125195551482450042e-03
-8.953171992512739749e-04
-8.280726521889508578e-04
-6.121716513811027065e-04
-5.764710948158526015e-04
-5.040096782145934593e-04
-4.215058453318161263e-04
-3.041413086088792426e-04
-2.437439101089337596e-04
-2.038257356841872427e-04
-1.572370004258972316e-04
-1.348040920122933251e-04
-1.426677775826403068e-04
-1.745237241417697371e-04
-2.702209070732245269e-04
-3.586692093176307105e-04
-4.688937229978886205e-04
-6.252983087170493632e-04
-7.267104107730567230e-04
-8.214478401102247654e-04
-9.162049243851137000e-04
-1.002039747437355856e-03
-8.880002581035566570e-04
-8.927051380738117549e-04
-8.599913437027544624e-04
-7.466752054322342959e-04
-8.090340505057973860e-04
-8.362528405266612952e-04
-8.859735626195479243e-04
-9.101675885113833181e-04
-1.035311769849697142e-03
-1.192636334847223690e-03
-1.318645853165243548e-03
-1.454445046990251490e-03
-1.579134740142016085e-03
-1.786358226022354088e-03
-2.043167376937966330e-03
-2.405090837619662351e-03
-2.706105008959445914e-03
-3.368078083730157400e-03
-3.943106161475693101e-03
-4.738014264694948713e-03
-5.502777436802764460e-03
-6.356270441510063554e-03
-6.966503715837731731e-03
-7.205372310412091683e-03
-7.321275039371008542e-03
-6.178855031125182751e-03
-5.470519100865380360e-03
-5.650029992124987188e-03
-5.989782486692735511e-03
-5.278694779694392825e-03
-3.756599075104489691e-03
-2.764125770950370906e-03
-2.249057364956942758e-03
-1.777528621608318645e-03
-1.836497561355197872e-03
-1.455747454143587177e-03
-1.141102108391703557e-03
-9.099511750510565385e-04
-9.032440024859368990e-04
-8.225253492197709968e-04
-7.683620085386083784e-04
-6.134212624643018731e-04
-8.812877888029059352e-04
-8.831456246500176939e-04
-1.008760857332602519e-03
-1.193819223197197313e-03
-1.732821120926944080e-03
-2.253211181812194829e-03
-2.526694444155933722e-03
-2.661512433450222755e-03
-3.043811787372801940e-03
-3.417781813077547508e-03
-3.448153271310603132e-03
-3.485867502311705383e-03
-3.152504680031560994e-03
-2.884841182861818537e-03
-2.720387742181631582e-03
-2.902291174767038934e-03
-3.033156309189991712e-03
-3.268144305539415120e-03
-3.794299410088779016e-03
-4.248347643831291640e-03
-4.557921292595116039e-03
-4.965297833172174075e-03
-4.587813704722189939e-03
-4.281508238781588961e-03
-3.997897780587685024e-03
-3.792864310204698258e-03
-3.535668611187527295e-03
-3.327348801733997271e-03
-3.008220336730535634e-03
-2.671410864517009560e-03
-2.496692592317548316e-03
-2.107227457046485005e-03
-2.097182792972849229e-03
-1.910011630408923501e-03
-1.962252313919608891e-03
-2.035219990067491103e-03
-2.091283794051471481e-03
-2.208745508103434566e-03
-2.315693966829824278e-03
-2.305132368205629716e-03
-2.464140113111975162e-03
-2.645235389595788911e-03
-2.907463841430323308e-03
-2.980878094746765294e-03
-2.995534626904743612e-03
-3.196740022852546242e-03
-3.397042263725071586e-03
-3.347455604687799881e-03
-3.300855142087493355e-03
-2.881874502486011114e-03
-2.613381032442215271e-03
-2.263581002017330500e-03
-2.017710349734837261e-03
-1.841688129838805251e-03
-1.482066282512185720e-03
-1.502621884966823772e-03
-1.773123664916315730e-03
-1.948360300869270796e-03
-2.202345192599195357e-03
-2.169901275306829538e-03
-1.960062194157278191e-03
-1.737563663327379264e-03
-1.355100765858490916e-03
-1.181914575017333066e-03
beta5
9.576622584983037742e-17
1.257623552958260998e-14
8.586989585157248974e-16
3.180269587299485787e-17
2.498032650690938578e-14
2.203559777764425616e-13
1.151597735829412441e-13
1.084933488114194829e-12
9.949281866553547353e-13
1.892144570725804970e-12
5.101755619961382943e-12
1.236959859811122124e-12
8.884881037600709437e-13
1.945517115551989068e-13
5.027303575831259808e-13
3.437697758802006782e-13
7.653618481850823716e-13
6.292076703752109532e-13
2.807926417732506539e-13
3.669070575372871719e-13
1.021678863208542515e-13
2.133234832910834492e-15
1.552505998725592977e-16
2.992679997602916419e-16
5.965942406260129199e-17
7.623911033839908724e-17
2.396080980480026493e-17
6.690543559260854044e-17
1.518680431727428185e-25
6.476486999836483174e-26
1.612949724191211167e-30
5.884979608134841014e-25
2.388942314483171187e-19
1.839762098481932444e-18
1.059152677223145690e-15
1.172540990604910957e-18
3.069046496607246400e-18
2.831232416281672831e-17
1.344415730078495393e-17
4.101707870624240280e-18
2.602236824681939209e-15
6.814689531277407581e-15
6.806639713799452477e-13
1.149406722950617395e-12
1.297229014094644634e-12
8.932979193890200963e-12
6.527453366953303918e-11
3.451811429926905777e-11
1.862222390908712552e-11
2.361722323950606330e-11
4.004739581761287808e-12
5.892441438075167098e-13
4.771302388320995984e-13
7.890051182550779040e-13
7.185018047661997928e-12
1.139503826452590960e-11
3.705692410229148814e-11
1.543979850831931970e-10
8.644582770844064276e-11
2.318497268465110896e-10
1.237070068203706758e-11
2.549929952585749901e-14
9.598096245635960128e-16
8.058778806060786627e-26
-3.264016555277105415e-18
-6.701072102629381577e-19
-3.214871673954584589e-21
-3.629593521389018329e-16
-3.313659040453194895e-14
-1.666266379777042460e-17
-1.876900274179779348e-16
-5.456290949042036333e-14
-2.093744614152068212e-13
-2.108463540070810405e-12
-1.436346887148372059e-13
-1.880304536806841397e-13
-2.650713056176719864e-12
-5.015058989369208929e-12
-1.990923600972837325e-13
-4.404177947374980443e-13
-2.796843351296805883e-13
-1.620492913709946485e-12
-2.083987750609169046e-12
-1.328405148036322601e-11
-5.999504277052729062e-11
-1.045854083962530235e-10
-1.508105113122594000e-10
-3.886902467177433547e-10
-3.833092103674990677e-10
-1.531466387242570043e-10
-1.643221187184128783e-10
-1.467707025854029111e-10
-1.117143949541221126e-10
-2.418821938861764475e-11
-1.179411859940745255e-11
-1.476159251560626691e-12
-1.363849732281820306e-12
-7.610090090969470936e-13
-1.263222721471887180e-12
-6.222862134417659803e-14
-3.441015177447434384e-15
-4.262866757469539174e-17
-6.853451143718843700e-17
-2.339142701083868933e-18
-3.438883012956037040e-21
-2.564337984862310141e-25
6.823811963075905632e-20
9.183463633751001696e-23
7.856310098038724330e-18
5.406306212608318873e-18
6.488998380008348973e-18
3.191156106769992932e-16
6.006026315094564077e-16
3.396607304443673476e-15
2.905700918274485587e-15
3.032096798184828187e-15
5.267971960145155071e-15
4.074478457610133883e-17
1.214322142380659501e-19
1.105660615087791251e-19
3.345869137407740554e-17
-1.097019091682753134e-25
-3.297138429587703915e-18
-6.229492045453244681e-19
-2.272007764211673792e-17
-1.288177368870572252e-16
-1.052023522038937623e-14
-5.838254408808626912e-16
-6.203939462303980773e-16
-4.395518712798508828e-15
-9.675522356882891329e-15
-1.145218955522417110e-14
-2.821585787705300155e-14
-2.040545263113753566e-14
-2.414377260609196984e-14
-1.823773729253033299e-15
-2.394604220073915717e-17
-1.684620102114449217e-17
-1.563330161559405631e-17
-2.661523009975546348e-18
-8.787320326927349510e-26
-8.236157713802414403e-26
-5.308445376572866348e-18
-6.535755128161976500e-22
3.962832988074056088e-21
6.065721937684463658e-21
2.736040309893601821e-19
7.855326345020884753e-15
3.040285625992680815e-14
1.281120970256679347e-14
-2.030526806102380833e-24
-1.361970148316377256e-16
-1.386356850749742150e-13
-4.510166762817226699e-12
-6.660230803814548164e-11
-2.542254410315229830e-10
-1.076143955732495013e-09
-2.654937670232398975e-09
-1.360825654866615311e-08
-1.153594379594592510e-08
-8.568873805089303139e-09
-3.116040474690969947e-09
-2.230398819757595742e-09
-1.110408215696009727e-09
-2.562373457976474189e-10
-5.741592386996257406e-11
-2.386347136022202121e-11
-5.886594773821566301e-12
-3.220651352146829631e-13
-5.616671571455778500e-13
-1.624336974165518846e-13
-1.063576880709991480e-13
-2.215471594110953984e-13
-3.528716906177437736e-14
-7.712984014266193441e-14
-2.272822390305664531e-13
-9.116372640000598058e-14
-1.276156927575420505e-13
-2.160697778295422129e-13
-2.154296828187790103e-12
-1.008891608111761571e-11
-6.994549245829373012e-12
-4.995788979811580654e-12
-2.997379491692756790e-12
-8.749050275493080548e-13
-6.127554173278520888e-12
-4.652896405785580657e-11
-6.380190297057003372e-11
-1.537260916786235700e-10
-6.422219408839909781e-11
-1.275443415973681749e-11
-1.437352913389839256e-11
-6.615189240422778042e-13
-9.735395437943202493e-13
-1.507161063236486821e-12
-1.598713478303198503e-12
-9.855541382851395431e-13
-1.581585822192874281e-12
-3.351270534175650303e-13
-6.024985684351786023e-13
-6.762307286232835779e-13
-7.594845335937626499e-14
-4.867992640388694482e-13
-1.483537799921576472e-12
-4.535497880958987116e-13
-6.801025864623553160e-14
-2.778146578248656378e-17
1.914851527457412792e-25
-2.490113892081304472e-19
7.026474415390630936e-20
2.986597596283778821e-16
5.301172584376278885e-14
7.695314321835742923e-14
1.173710319461532883e-12
1.694295413191835141e-12
6.292999661134459863e-12
1.240893466015903119e-11
1.896199374793889271e-11
4.912620326432990557e-12
1.311492578538145083e-11
9.583127926800818434e-13
2.245948020775914767e-12
8.205010803270136221e-12
1.996626694271891246e-12
1.574952135602284794e-11
1.900459425149233716e-11
8.784305371388806432e-12
1.781093152070522817e-11
2.032983764403690423e-11
1.866145222450186348e-11
2.290697634347331486e-11
6.453958762096587478e-13
3.043322509028145394e-14
