beta2
1.064952606205506538e-02
1.075529929883172441e-02
1.083979844272942375e-02
1.083005551941098460e-02
1.068986595956558650e-02
1.052038523300439371e-02
1.039943258048482352e-02
1.015785492851239633e-02
1.015838285633539548e-02
1.017857419615023420e-02
1.010113595096230957e-02
9.909724525689011382e-03
9.637012187291259246e-03
9.368462873964554516e-03
9.602843907608359791e-03
9.805140193229661821e-03
1.003436031445743490e-02
1.003822650493125385e-02
9.764481931344897239e-03
9.517201845922208456e-03
9.418026145536426141e-03
9.243971674093734089e-03
9.316000397354994023e-03
9.393902868911981410e-03
9.462171846072101392e-03
9.554955018746848217e-03
9.596434568784143956e-03
9.574709667955750431e-03
9.826146034378910321e-03
9.944631274664331860e-03
1.011112958434204692e-02
9.764837093959659667e-03
9.545629506737346448e-03
9.151236731192563187e-03
9.176673577265637843e-03
9.254789800573605049e-03
9.175965699561881850e-03
9.325936817417970065e-03
9.262607809560716166e-03
9.421873569091767514e-03
9.677224771184347180e-03
9.851892110699315280e-03
1.004163743254215743e-02
1.026678431961508715e-02
1.038750477688796248e-02
1.050563613239978433e-02
1.083458813443600836e-02
1.077480955535632147e-02
1.094289464413221447e-02
1.113360602337951782e-02
1.132541138721836899e-02
1.131734342872409670e-02
1.127930803036325536e-02
1.142752146995485232e-02
1.174728643176819846e-02
1.172727302174628519e-02
1.185702638494314301e-02
1.172728826765355448e-02
1.165923315113971681e-02
1.165516014383176889e-02
1.166023812854685184e-02
1.149230178286938381e-02
1.125573502188554134e-02
1.115740503970459943e-02
1.113297178816478883e-02
1.108143886552487994e-02
1.100092129433203475e-02
1.078445160953690751e-02
1.119609393443034631e-02
1.168537234724951329e-02
1.163042446374676700e-02
1.167352566562807753e-02
1.184250473296250342e-02
1.185652262921912253e-02
1.169875308672551489e-02
1.146489998243821994e-02
1.120613766976951559e-02
1.046388571989568042e-02
9.947644244880626471e-03
9.457129758570239492e-03
9.268892522363569864e-03
9.377164210607347866e-03
9.534717820614170211e-03
9.504661003139751665e-03
9.719390924214945521e-03
9.948588323109717330e-03
1.017093289993156735e-02
9.972244587933703358e-03
1.016338006353033341e-02
1.027539618380548560e-02
1.038892295808740984e-02
1.033661548249744516e-02
1.017262377429579284e-02
1.010059352327196194e-02
1.003205716757124902e-02
1.005315392688297879e-02
1.016720520969931554e-02
1.035965448487273163e-02
1.052466116161926771e-02
1.044807685909545161e-02
1.032509011125497429e-02
1.011149663303661031e-02
9.925549763874844111e-03
9.727861511830479882e-03
9.654279729736224558e-03
9.434356705274709806e-03
9.336134112320506467e-03
9.142639796057748514e-03
9.024508341903658692e-03
9.015144369657966672e-03
9.221173288109679386e-03
9.258306313284322964e-03
9.238308162040079902e-03
9.238396438004257277e-03
9.188967395159744478e-03
9.237147111483186637e-03
9.320289974216935253e-03
9.563477601470558170e-03
9.608393627105398654e-03
9.649416389615878692e-03
9.690292238007582049e-03
9.839556534720565739e-03
1.007649027060882052e-02
1.023907105721634167e-02
1.030208503981311016e-02
1.029378602635537196e-02
1.044165081678468526e-02
1.045698861535758473e-02
1.025405777706700841e-02
1.026430657014744049e-02
1.016791074723187235e-02
1.009354909439562180e-02
9.935751728995467769e-03
9.616254018612543225e-03
9.290587761051839061e-03
8.844798120417586562e-03
8.631230585847651793e-03
8.442845517885381318e-03
beta3
2.049796345140850502e-09
2.691981609766443879e-09
2.827748704850747461e-09
4.443120674513012785e-09
3.305102220093485116e-09
3.134745493785584345e-09
2.746158573310515360e-09
9.354147321472923767e-10
2.566089253273953718e-11
2.424045051377284726e-12
3.266930741796874274e-14
4.028829875522827007e-14
3.859522382862194611e-14
4.748488911218260945e-15
1.340772331174103203e-17
2.529249121338954510e-21
-1.472371876919888508e-37
-3.444063017347230023e-18
-8.706890863850066598e-37
-3.132207403575126566e-23
6.378701114148597554e-34
1.114177062478628860e-18
-3.085370834757557730e-16
-7.247145246273266449e-14
-2.917572715263055076e-12
-3.952648620518640847e-11
-1.711689311091577509e-10
-4.246770494732705312e-09
-4.129877344228062099e-09
-5.091974044898394378e-09
-1.729348043182599808e-08
-4.314898731462307989e-08
-1.186382886444681868e-07
-2.531660916838653820e-07
-3.101306207269575674e-07
-3.593737503412045304e-07
-6.118373230482927183e-07
-6.586243979316740044e-07
-8.455502888735360625e-07
-4.721673028683152116e-07
-3.555039596055534775e-07
-4.986552764043783558e-07
-5.021223012455483213e-07
-3.774189642595502723e-07
-1.683006524194241408e-07
-1.271594861209283760e-07
-4.067811047540202343e-08
-3.141399102018601244e-08
-4.015163307151820777e-08
-5.458985546355250288e-08
-5.226687591676447535e-08
-7.583257890658998376e-08
-1.732685740829004954e-07
-1.485202247823796646e-07
-8.406888419074577072e-08
-1.085121803883623732e-07
-1.133193529900215222e-07
-1.215544029282842189e-07
-1.750639330014814146e-07
-2.429560154151637196e-07
-3.293336077072790820e-07
-4.045212911425975167e-07
-4.394897388037668509e-07
-4.835261844351844754e-07
-6.758702133479296967e-07
-7.933594581640563034e-07
-6.897757255944888865e-07
-9.292190034395415314e-07
-5.277150316639039385e-07
-4.759304996669284485e-07
-2.940915178429354838e-07
-1.030778755875392172e-07
-4.707939707337747663e-08
-1.709215607646399205e-08
-2.972048818432723114e-08
-2.369401653429906453e-08
-2.504418257215821009e-08
-1.476398814223514748e-08
-4.175589656323370967e-09
-1.893002321316851655e-09
-2.311228845749401041e-09
-2.683104302285807014e-09
-2.750338427656532466e-09
-1.012811500784443916e-09
-1.621822088495379656e-09
-3.236832590283604288e-09
-1.871821597921771109e-09
-2.506346451512185256e-09
-8.435102140777400861e-10
-2.673708432431084647e-10
-3.084908635767844331e-10
-1.241796082208490142e-10
-4.164564862481084073e-10
-7.514560807821106634e-10
-4.192738887740282729e-10
-5.208504315704525077e-10
-2.230399996944956650e-10
-8.007426444647242531e-10
-1.911716070212312613e-09
-1.659093091555488966e-09
-1.202365076232118048e-08
-2.280148903829633207e-08
-1.885434240227820222e-08
-4.441037312184379861e-08
-3.477328766179539003e-08
-8.121382928410286118e-08
-1.128204659382281868e-07
-8.025488876944602996e-08
-8.250307345233366718e-08
-1.315143979111828880e-07
-5.360071047925810207e-08
-1.414293117774441137e-07
-3.367482992460358254e-07
-4.369507441799659179e-07
-5.355265476271309646e-07
-5.125752419235717407e-07
-4.427513878397245017e-07
-5.182774362112122937e-07
-3.587394385344574289e-07
-5.791694106603853144e-07
-7.231679569934393430e-07
-6.148941872214707569e-07
-7.425245802370064875e-07
-4.816824630352275678e-07
-4.911192981422142520e-07
-7.521367377613889489e-07
-6.645113322923834653e-07
-6.283031352744687691e-07
-8.416796445825928437e-07
-5.244187033801352448e-07
-3.090625911023653790e-07
-3.378674390027509197e-07
-4.387769542645072971e-07
-3.627689053029306500e-07
-3.220476714999494683e-07
-2.439716426028227152e-07
-1.534710578537501368e-07
-2.169978104347684007e-07
beta4
-2.903562575125274818e-03
-2.948714152798299903e-03
-3.092429345209767727e-03
-2.942894171591064860e-03
-2.746466669909961196e-03
-2.566709613110456419e-03
-2.429533742523054107e-03
-2.250948252806915604e-03
-2.299234089107819907e-03
-2.191339897077733325e-03
-2.078314731378386182e-03
-1.937375687545149581e-03
-1.759719789743732516e-03
-1.429791429857342130e-03
-1.414771194867241264e-03
-1.412590798392025695e-03
-1.392358821944932479e-03
-1.447143411772957439e-03
-1.461190621306544856e-03
-1.499188698660978720e-03
-1.552597147976085556e-03
-1.553579376169478190e-03
-1.465466355794185251e-03
-1.453340880586774303e-03
-1.388096481701091463e-03
-1.339759032074298558e-03
-1.307228086507971048e-03
-1.248264799983948674e-03
-1.423780275574804220e-03
-1.541660963260336982e-03
-1.679845891383485810e-03
-1.662495149146501951e-03
-1.755839350001581461e-03
-1.806659441996735175e-03
-1.981564005107296425e-03
-2.372546183500672239e-03
-2.352326919180552922e-03
-2.492023540074660669e-03
-2.440237222567853519e-03
-2.325537833722223988e-03
-2.211755554823838926e-03
-2.081586537054966324e-03
-2.012374473084777449e-03
-1.873773123561607579e-03
-1.881575895163257236e-03
-1.893537583973931536e-03
-2.207859416381679520e-03
-2.168708886749544547e-03
-2.178664319332163438e-03
-2.121356080738862233e-03
-2.074465884645491573e-03
-1.860405638035935588e-03
-1.616340612693050339e-03
-1.553756919551780961e-03
-1.929292307473861896e-03
-2.186356425695536523e-03
-2.681863822649017525e-03
-2.757359096158483978e-03
-2.941834218905752842e-03
-2.956021707647198300e-03
-3.024889836305603985e-03
-2.902777680083143495e-03
-2.745214813149359639e-03
-2.722149532767505990e-03
-2.564264305919146478e-03
-2.431101933505891259e-03
-2.259386671144408658e-03
-2.046604015798693561e-03
-1.903597756202955000e-03
-1.881356487709045068e-03
-1.893342141647900555e-03
-1.873606372977190898e-03
-2.093254570857417014e-03
-2.116231834478833791e-03
-2.228035604127502102e-03
-2.374535374341332772e-03
-2.369461752837824856e-03
-2.341957972924355643e-03
-2.273205816993295429e-03
-2.080645945349576722e-03
-1.966200287934104056e-03
-2.086507628863100948e-03
-2.181239095278747746e-03
-2.187156145702813526e-03
-2.148042015634594494e-03
-2.083919221519740100e-03
-2.045436992960285045e-03
-1.967007026260386010e-03
-1.925936658634096318e-03
-1.897340991344910206e-03
-1.906070246138907159e-03
-1.966230990694928238e-03
-2.007647168147694110e-03
-1.983650771635816004e-03
-1.960135363700636450e-03
-1.914579622275714918e-03
-1.826103623747451620e-03
-1.758715767819470002e-03
-1.720067277849948381e-03
-1.762876555573255396e-03
-1.775973083224167059e-03
-1.906813929983762566e-03
-2.016166340230643363e-03
-2.125528094181256336e-03
-2.197475593495766370e-03
-2.184402902872374305e-03
-2.125882868088345076e-03
-2.130118970258742563e-03
-2.162352676068415858e-03
-2.005698534324572638e-03
-2.096162740058825358e-03
-2.157430137272970012e-03
-2.269655307726211897e-03
-2.195407320968715496e-03
-2.105779955398711864e-03
-2.165533567498089187e-03
-2.262559988604315522e-03
-2.334236091160318827e-03
-2.287772268929730030e-03
-2.226571185425674053e-03
-2.239931982570045853e-03
-2.096574377396637733e-03
-2.020705787954439787e-03
-2.050379904612625870e-03
-2.018732055401519822e-03
-1.971435793661510325e-03
-2.092922364503199423e-03
-2.137557287458525732e-03
-2.176604524307774232e-03
-2.186816725096352165e-03
-2.254876467458811085e-03
-2.245496668169933915e-03
-2.231757796170831965e-03
-2.233892415402745964e-03
-2.237354038893156483e-03
-2.267521751843826986e-03
-2.186257708869165234e-03
-2.231634692844941710e-03
beta5
2.713339625686759832e-04
2.728959884956594535e-04
2.776594407551307765e-04
3.091784888325166338e-04
3.626171910691458849e-04
3.719280229067175323e-04
4.155597471539591685e-04
4.097930237410734905e-04
4.553266742556980788e-04
5.641550109583364468e-04
7.082255499098893698e-04
9.149982718713374919e-04
1.105577932536704923e-03
1.271242358895576571e-03
1.399975927462328209e-03
1.548574827927682186e-03
1.684658998613703567e-03
1.706407123159589360e-03
1.704895093706075559e-03
1.692182094749753590e-03
1.766573237666248242e-03
1.812228025470795541e-03
1.899204490455331986e-03
1.971509842444674546e-03
2.018608062417442169e-03
2.064464370106296100e-03
2.119037094039179052e-03
2.132962327010452103e-03
2.041359643797614580e-03
1.875737994350447618e-03
1.762072322327776826e-03
1.708014193735837589e-03
1.652967444273864637e-03
1.677347750823242160e-03
1.828467313775363401e-03
2.169897889770581057e-03
2.330643869585892741e-03
2.517826563461327861e-03
2.887115718357272098e-03
2.618333354154509136e-03
2.507632464544738704e-03
2.385510875012635673e-03
2.345920589602899960e-03
2.197522996134056248e-03
2.297241884896560754e-03
2.449629686060062102e-03
2.924958244161446775e-03
2.748850191793388194e-03
2.629124291620294797e-03
2.403069896253056444e-03
2.247527525584876867e-03
1.927601992102615045e-03
1.614513657234060290e-03
1.668541353198564527e-03
1.716768747402561742e-03
1.705133911248855622e-03
1.610027423627422407e-03
1.242823796010277980e-03
9.282299231608676614e-04
7.408918108747285063e-04
6.098812256089866223e-04
5.603061518298182477e-04
5.728925948005102534e-04
4.923183663947474937e-04
4.713139532421035298e-04
4.717503196978468103e-04
5.157235437793807314e-04
6.029861784886609340e-04
4.063972887305554883e-04
2.285780117684837087e-04
2.056907830733270114e-04
1.779471628720041278e-04
9.296621350657420014e-05
7.945780774674037969e-05
5.531844609658384792e-05
6.263690882978725327e-05
4.708816518401283760e-05
8.991468984084234747e-05
1.370331953616889037e-04
2.118217901590672492e-04
2.546498728361478890e-04
2.549949389235947757e-04
2.016888756411550955e-04
2.260115097405147736e-04
2.164543973975351923e-04
2.161125224342709409e-04
2.077577022044831286e-04
2.932452332259215689e-04
2.537285859857112288e-04
2.236596186703585626e-04
2.255605755944724777e-04
2.146007125716566403e-04
2.185164655215996550e-04
2.364698831707415380e-04
2.473311171857117035e-04
2.431381697995244322e-04
2.784683824342408824e-04
2.683896506775633245e-04
2.904012908680439790e-04
2.147569417153097381e-04
1.126189248591333677e-04
9.903819418411113237e-06
-2.019317952525704084e-05
-1.246589971063843689e-04
-1.710369082731136824e-04
-2.189577960592890555e-04
-2.616250003069949112e-04
-2.510709271338163818e-04
-2.525315237697030226e-04
-2.318284091181954068e-04
-2.306299057709738942e-04
-2.456627495940449371e-04
-2.827612220096460444e-04
-2.778065013052450532e-04
-2.863689121160452431e-04
-3.333372567836575531e-04
-3.951147032692804966e-04
-4.161986520757417663e-04
-4.651027471215767430e-04
-5.259062796898104040e-04
-5.687353824783818743e-04
-5.562094615131445412e-04
-5.092257148586549955e-04
-5.252842122875447418e-04
-5.521699057460160900e-04
-5.927189418163710932e-04
-5.745170435631017768e-04
-5.515307335456345536e-04
-4.759962385982420899e-04
-4.303252622127164487e-04
-3.721277779680822991e-04
-2.992649159213060166e-04
-2.453415517172095103e-04
-2.360810336934893422e-04
-2.037873396743037995e-04
-1.605664253231381530e-04
-1.386229612798380939e-04
-1.226005540488775761e-04
