beta2
8.159702317167786406e-03
8.184932683990195010e-03
8.407997355429935871e-03
8.405380645392814334e-03
8.531848633312723307e-03
8.807249017712523789e-03
8.807562297393482786e-03
8.731554775648967676e-03
8.288731578892098023e-03
7.951631876085310871e-03
7.398253621605645029e-03
7.115020028677157549e-03
7.440839870368419137e-03
7.674905338700702996e-03
7.321890556919252203e-03
7.382739712155930722e-03
7.530672813492343340e-03
7.180083805592542626e-03
7.922670325761847765e-03
8.259657080676998178e-03
9.156318178336080374e-03
9.639419372572809175e-03
1.014470246172766849e-02
1.064949144846157741e-02
1.118225549953026816e-02
1.096956215755950231e-02
1.081117283766916751e-02
1.093043352096038923e-02
1.143148587323962288e-02
1.184626751189925449e-02
1.230703149948646040e-02
1.317916526253562655e-02
1.252585970668222345e-02
1.204431016863492798e-02
1.259845917857147293e-02
1.242256759210661962e-02
1.242577087597400778e-02
1.174165731365530221e-02
1.103522130427506132e-02
1.101125149123416413e-02
1.122616718489578488e-02
1.108963853060814138e-02
1.087409812514236393e-02
1.077904213886740972e-02
1.090679169325705841e-02
1.058403863266013309e-02
1.020688932757922961e-02
1.110685683627240725e-02
1.180216062466649986e-02
1.224914512306134878e-02
1.195288627973967177e-02
1.274660788471291065e-02
1.279730330438476685e-02
1.314465087297986279e-02
1.330661155268140702e-02
1.333768071927340232e-02
1.381722698925239370e-02
1.485558927248073306e-02
1.460737325298253411e-02
1.446938116861392308e-02
1.448643323182373377e-02
1.424493422436171573e-02
1.433127978974114980e-02
1.362538339225313061e-02
1.313674885792824251e-02
1.303336208660412637e-02
1.276540504950771787e-02
1.266481561813521256e-02
1.222868830849044991e-02
1.170108684265851358e-02
1.126116947858052386e-02
1.091436574081127743e-02
1.103063901192316044e-02
1.082666103447871633e-02
1.083577047024660532e-02
1.066787771043566438e-02
1.062583197840479693e-02
1.078218696298259213e-02
9.806163218756980965e-03
9.060284949179174541e-03
8.579240415817715459e-03
8.963917016141700889e-03
9.247100311928121638e-03
8.670687974015385546e-03
8.267690752821396649e-03
8.212681254052920515e-03
8.199978275987522894e-03
beta3
2.357648963694232436e-03
2.204572462561163546e-03
2.770788684698448703e-03
2.378423675733803717e-03
2.611520220212164029e-03
3.098251865996455318e-03
3.617817986499179822e-03
4.040327191343820804e-03
4.750750104531339946e-03
5.114254543559787827e-03
6.404438927652520916e-03
5.834317739400376318e-03
5.276286630534402292e-03
5.105092370029698165e-03
5.183835053066530689e-03
3.842335915141064599e-03
2.900303999336452040e-03
1.979002794978251302e-03
7.609524748456229608e-04
4.471754960337742907e-04
2.688966318529184248e-04
1.670654001901864774e-04
4.381092774573857235e-05
9.500299981256476653e-06
4.105085850207060944e-08
-8.367462390876939140e-12
-7.930652357489490189e-06
-3.084492362621764090e-05
-5.462961441784159125e-05
-6.944230632586551521e-05
-1.312347785506329907e-04
-1.118515527066211903e-04
-7.100665373150786891e-05
-6.651817248100297983e-05
-6.279224040578915253e-05
-4.411426492716378903e-05
-3.267236337492165259e-05
-6.694025471833871276e-05
-1.499214040976994925e-04
-1.006570479706989552e-04
-1.176140084160007954e-04
-2.138754013464333633e-04
-3.083876918249286439e-04
-4.048782955522803578e-04
-7.363591563389528666e-04
-9.010344021231996405e-04
-1.243192602223585621e-03
-9.918113091244829503e-04
-6.122501591917055546e-04
-1.882485643537362002e-03
-1.990779510005084851e-03
-1.542281613800768406e-03
-2.032767745376388643e-03
-1.642813726559486315e-03
-1.639787897064906054e-03
-1.394376240371343612e-03
-1.413162300199846243e-03
-9.971708420427483760e-04
-8.284602555972059908e-04
-6.511540670692790925e-04
-3.665119093237877374e-04
-2.151396478870487398e-04
-1.505491983737855359e-04
-6.541078452879964353e-05
2.277606118017227351e-08
1.464270528556783904e-05
2.613383207643202945e-05
4.784529841003084378e-05
7.807313719845884801e-05
7.501446629175735972e-05
4.661760841928842488e-05
1.450800197391453362e-04
1.817361856760946670e-04
1.705586992097364314e-04
2.186177048462166006e-04
4.052741105361890982e-04
7.644456360106554813e-04
1.172818540656813324e-03
1.139441595375142134e-03
1.120042956822581148e-03
1.289428158286694964e-03
8.309645060632964196e-04
6.844050856849648919e-04
5.699295582533693647e-04
4.480667167075646096e-04
3.913919920969598622e-04
3.401247749404762350e-04
beta4
-1.390326586117142176e-05
-2.218646464807285984e-05
-2.120752089045525564e-05
-1.900822720381693625e-05
-1.081583831844104851e-05
-1.097210699484529834e-05
-7.038723085047273584e-06
-9.712821340300987553e-06
-5.490436055682612005e-06
-3.907901275478012839e-06
-1.871069824381914221e-06
-5.858860591112176611e-07
-1.921576628672437728e-06
-4.075393998608203131e-06
-1.447540780086794435e-06
-2.046605960304167880e-06
-2.195889479411894832e-06
-1.931818800519699061e-06
-1.995002232560754453e-06
-2.957277116800856141e-06
-2.217868272747375787e-06
-2.971409915701436996e-06
-1.235336765757830333e-06
-2.356732777972125760e-06
-3.861927740091451256e-06
-1.877155217615962011e-06
-1.567457710939747201e-06
-2.453807179316260938e-06
-5.062021692476951869e-06
-6.898496290687916948e-06
-6.481650119171646280e-06
-1.380245040132481210e-05
-1.047059268358513205e-05
-8.111841167184101692e-06
-7.803167694343792897e-06
-8.191765605360463900e-06
-1.158185169773703008e-05
-5.656679489642365236e-06
-8.052509687222169618e-06
-5.121497030879266397e-06
-5.112036163311345944e-06
-4.632893399347210264e-06
-1.739266658615438876e-06
-1.514889685679734044e-06
-6.084057402443474441e-07
-1.247513874153346424e-07
-2.684468327386329026e-09
-1.940614254639288387e-08
-5.245796662311751923e-08
-8.505328157410568277e-10
-1.343761918254359438e-10
-2.521736108566586844e-09
-1.955793804860378756e-09
-1.527699785972467796e-07
-2.760121095942664790e-07
-5.416267288580275434e-07
-1.221809534796652655e-06
-1.882772622055731718e-05
-1.633366340196784833e-05
-3.088310228756627743e-05
-4.412758359440157701e-05
-5.726418079274091867e-05
-9.431593661202392152e-05
-1.233153432721330301e-04
-1.044407650589367038e-04
-1.026787816878772910e-04
-2.903206003362674722e-05
-3.995668227315118541e-05
-3.525615867749741375e-05
-1.394473617044269775e-05
-1.844643202537590192e-05
-6.918748508413439030e-06
-1.941414843274870481e-05
-1.351482526251829705e-05
-7.720079585209804930e-06
-2.742813153541913029e-06
-1.234029765049471635e-06
-8.892592487566242324e-07
-1.637937792647376587e-06
-1.156081340615123271e-06
-6.451660254666330774e-07
-1.043074092441306381e-05
-2.619412066725021286e-05
-2.781655084091122721e-05
-1.935592018576369708e-05
-8.485139302580654565e-06
-6.781915725401682929e-06
beta5
-7.787223369754295674e-08
-1.275870269292218292e-07
-1.557171320716354816e-05
-3.959490086258044298e-05
-5.410045521515283152e-05
-6.920779694291197509e-05
-1.204862042060292544e-04
-1.974466246105367338e-04
-2.625904993275540679e-04
-3.501099952452129890e-04
-4.718680499833622461e-04
-6.329729690642798678e-04
-6.433020418163319740e-04
-6.811196104536109417e-04
-7.595089016193875414e-04
-5.236120778327668299e-04
-3.198749851278258251e-04
-2.655860604538344853e-04
-1.026799743140877807e-04
-2.110967987208501874e-05
2.696970697555884936e-06
7.594793030784090465e-05
2.002977024044054694e-04
2.455431237917775323e-04
3.146402238921054131e-04
4.273352230345279536e-04
5.426908993050681002e-04
8.302513156887402889e-04
1.050443216162263950e-03
1.277652615505702827e-03
1.538951521574287440e-03
1.710405597243137886e-03
2.158125308794664639e-03
2.714092201054561001e-03
3.545488258593289428e-03
3.399163239568930850e-03
3.578471200152549218e-03
3.876675787856461927e-03
4.425862864954064127e-03
3.480276407224178019e-03
3.456355459435540324e-03
2.940375135824178140e-03
2.621737423941486803e-03
2.157859562797489854e-03
1.542726494187615649e-03
7.319684014577977193e-04
5.680376135675664336e-05
2.624022906276895161e-04
5.143685468834952685e-04
1.710688030823691828e-05
-9.638936975930621683e-06
1.115963855544799747e-05
-1.568496747254189577e-04
-1.299670050725066891e-04
-1.401345286899328805e-04
-2.870307882331401845e-04
-4.415323193977257294e-04
-3.877878525426571360e-04
-5.134269109192232845e-04
-5.322035353753318222e-04
-9.058770628377532576e-04
-1.201118797331716427e-03
-1.716114805145026092e-03
-1.825219491491812847e-03
-1.757882367878246636e-03
-1.876952278973391137e-03
-1.790212687006295829e-03
-1.793319095828204562e-03
-1.778697922291788821e-03
-1.513300642454232584e-03
-1.342187160429629978e-03
-1.294249443139794528e-03
-1.693363447646265355e-03
-1.448806238949858129e-03
-1.351668725179576425e-03
-1.159239084149929705e-03
-1.136756286839437887e-03
-1.252703721279003948e-03
-1.139667155259319747e-03
-9.712408942569728931e-04
-9.026496347445034287e-04
-1.228897588622653286e-03
-1.618204142536619266e-03
-1.177845609394611876e-03
-8.939187320500368563e-04
-7.955027506317542511e-04
-7.736501374335065994e-04
