1.689219955348322149e-04
1.336342442082139145e-04
1.364800065267578611e-04
1.522937924987748429e-04
1.922993670935506220e-04
2.565927344384686857e-04
3.502087132104072013e-04
4.675014762236098581e-04
5.541381881296245353e-04
6.560108226508875717e-04
7.257110676123977545e-04
7.813694223538793747e-04
8.972329646548637787e-04
1.044730152102698283e-03
1.216348007584172131e-03
1.402906189311377110e-03
1.589962631095143261e-03
1.803186012746180872e-03
2.034460803730841951e-03
2.235308346673080086e-03
2.481851809626697911e-03
2.702399977494836236e-03
2.985159993230900987e-03
3.253737736362445881e-03
3.534978944336158568e-03
3.765355164384281972e-03
3.972240910454006603e-03
4.169583142084717399e-03
4.392635947726417078e-03
4.571844220472507693e-03
4.674552325069404775e-03
4.768956297010053247e-03
4.806148170962196327e-03
4.831099765408720936e-03
4.805041798301036733e-03
4.764731550306025055e-03
4.669364697109507772e-03
4.572804242205521889e-03
4.517112655915617170e-03
4.549379075147387541e-03
4.558652126396209314e-03
4.513133369808681843e-03
4.515814538399289500e-03
4.556464682538711834e-03
4.604051174919510797e-03
4.772398271284838088e-03
5.001377222395014290e-03
5.322485519388808067e-03
5.689065165030981162e-03
6.110815412674192038e-03
6.485404428510453852e-03
6.679666555302543433e-03
6.820716568871970469e-03
6.999834466206923678e-03
7.160828838166118267e-03
7.353888611117254288e-03
7.669573807724858194e-03
7.815343990112388547e-03
7.857325145032503441e-03
7.775272737412426867e-03
7.624442910336042163e-03
7.391011175023194137e-03
7.139427116521282479e-03
6.944390036605230937e-03
6.769978498012216815e-03
6.569441778359988958e-03
6.311203243170551876e-03
5.924752209778113426e-03
5.400774909221350666e-03
4.930343300248179843e-03
4.460006004047487906e-03
4.040947002855521837e-03
3.696904420222882088e-03
3.440786731830488502e-03
3.211991867537831915e-03
3.005154880131755135e-03
2.769829335462173792e-03
2.585480714809806208e-03
2.449757931985228464e-03
2.391478753991735633e-03
2.333350587826670680e-03
2.296815772636738237e-03
2.293010614989695727e-03
2.309078282159872288e-03
2.285584954914094639e-03
2.192523969191752936e-03
2.082099555333190039e-03
1.956073392052515465e-03
1.848163082325585691e-03
1.734162377370619158e-03
1.636752923264655699e-03
1.495885258646222462e-03
1.390629138512656853e-03
1.270544597351722961e-03
1.154539669580581301e-03
1.050563135627032843e-03
9.639559976833243652e-04
9.152288948351031779e-04
8.811363910740866627e-04
8.615147285318233749e-04
8.530087738700757030e-04
8.405092837292555026e-04
8.204705458148018942e-04
8.490678689678955856e-04
8.706750521176004993e-04
8.870435247391238003e-04
9.186960197181034396e-04
9.470543653974954805e-04
9.685527720676768461e-04
1.016331549263252811e-03
1.066884075370221714e-03
1.156703960115613560e-03
1.263612657906476588e-03
1.350859033888255310e-03
1.446483930724494797e-03
1.505507413884945743e-03
1.586647769026478623e-03
1.671079949349494860e-03
1.756433904849066070e-03
1.788649886622903362e-03
1.792590081102323147e-03
1.774618433983024372e-03
1.751931811404626406e-03
1.711282771216937485e-03
1.703477723170582344e-03
1.692062432644211292e-03
1.683032969177749444e-03
1.714444078178990272e-03
1.748660440542791671e-03
1.795058782385599216e-03
1.811103098350932755e-03
1.910138411424454645e-03
2.013716639752020920e-03
2.085340232005061627e-03
2.137564006314882428e-03
2.186705310658162114e-03
2.243689037247887166e-03
2.292181333015366491e-03
2.276761039744313719e-03
2.177247146183382016e-03
2.026461573020866668e-03
1.841927270022019432e-03
1.670339328465447184e-03
1.441951064417665773e-03
1.238391169197817793e-03
1.057478382090648117e-03
8.932920955852111447e-04
7.154521731051411088e-04
4.962674918475693973e-04
3.108773909604006487e-04
1.815820263135015187e-04
1.192147462645502240e-04
7.129983433567438410e-05
4.742186457157938011e-05
3.229765428348282003e-05
3.002779737947509973e-05
3.599586550295767745e-05
4.114007648351802811e-05
4.369054039692531823e-05
4.372202781798778737e-05
4.318671078342062899e-05
4.163713903628132293e-05
3.751720156455990389e-05
2.904751821114262534e-05
2.640581096392321736e-05
2.193708378229987109e-05
1.871774921037471632e-05
6.089662139213641502e-06
-1.411637914566753577e-05
-3.924581056164661231e-05
-7.165577289506078196e-05
-1.116187817653025051e-04
-1.604542424514668407e-04
-2.188027628691819519e-04
-2.745421672053489199e-04
-3.074683766543408864e-04
-3.260142044881669723e-04
-3.457617054676085234e-04
-3.613963391452088719e-04
-3.618390517478948447e-04
-3.623362873699378993e-04
-3.502997699475570337e-04
-3.247191367829604523e-04
-2.852556354990207492e-04
-2.364350661076304735e-04
-1.782942966223308211e-04
-1.235504843293854839e-04
-9.115615647323288215e-05
-7.335978328722914555e-05
-5.172264033276761458e-05
-3.546425339780834947e-05
-2.776142711273223707e-05
-1.590392634324947984e-05
-8.342565144834671506e-06
-2.515711385194958623e-06
-1.103537913053336494e-06
-6.416295097848780943e-08
7.529484479507399625e-06
2.356442442096397022e-05
5.390662943300719576e-05
1.085727785104795962e-04
1.877322209295347012e-04
2.588246646042026184e-04
3.247154353903851463e-04
3.825286843981390533e-04
4.483518205309456966e-04
5.206938274565114282e-04
6.043714163557957920e-04
6.857785990550782813e-04
8.110886826113872933e-04
9.338800436772522412e-04
1.027739705317713042e-03
1.076842099943467078e-03
1.102734804622919904e-03
1.139555294697512699e-03
1.221644789022145175e-03
1.299755944437668139e-03
1.329989617371197521e-03
1.352567232583036213e-03
1.373995335409937922e-03
1.354522588050906728e-03
1.265581950251658825e-03
1.152864802916494982e-03
1.039026301964021681e-03
9.455214944467802340e-04
8.462653300030024799e-04
7.467553763200501966e-04
6.142093889882436347e-04
4.889919621775556556e-04
4.061303261481406563e-04
3.351630570070241312e-04
2.523859274554688596e-04
1.970886033697087094e-04
1.553908294122871027e-04
1.307587601998905561e-04
1.215035042273558512e-04
1.127861382061055504e-04
1.071507652282784642e-04
9.893052115717926396e-05
