beta2
6.744878116319947756e-03
6.820661141192045467e-03
6.957199814556309404e-03
7.102852703606724744e-03
7.090123034746017953e-03
7.007365725243668714e-03
6.970792973853345148e-03
6.699756065513498560e-03
6.356785502109869521e-03
6.002136735190683435e-03
6.062022937797848302e-03
6.288553348799418713e-03
6.517399488901798495e-03
6.723743391041994699e-03
7.035276658650268036e-03
7.185390558356180568e-03
7.578334185065338860e-03
7.359626720522422297e-03
7.695590534712010329e-03
7.994991926260415493e-03
7.874477580848448718e-03
8.053115983019238505e-03
8.413279054054909056e-03
8.741794016002600934e-03
9.078001334337459233e-03
9.740761127431742800e-03
9.765452071260134065e-03
9.948987848808051038e-03
1.015291043043376265e-02
1.036522027714533237e-02
1.069794493371592492e-02
1.028557375555452444e-02
1.050392274432398326e-02
1.029203794315549508e-02
1.010683631401689507e-02
1.017149614866710156e-02
1.006808727906621792e-02
1.025946948874312779e-02
1.009014066573120025e-02
9.831719923415711132e-03
9.656341823982320452e-03
9.907766618851034796e-03
1.062862977831926896e-02
1.126592948315342270e-02
1.179449889886885483e-02
1.256415482207776449e-02
1.300882492498868503e-02
1.318988507037565858e-02
1.322122037716732049e-02
1.322393878012329688e-02
1.273332937891038033e-02
1.182457267676503138e-02
1.127165616512906809e-02
1.093152948562430178e-02
1.046176052777105306e-02
9.662417705836381931e-03
9.523111385563696324e-03
9.153484381365876305e-03
8.832026289405603414e-03
8.399908979159743938e-03
8.190519556316847027e-03
8.211080627168970344e-03
8.062185028906654338e-03
8.202246341483917375e-03
8.220780189903617585e-03
8.178306286932082031e-03
8.004289709410852480e-03
8.163911735963680014e-03
7.765034112447341021e-03
7.474043197746830722e-03
7.626157695838654653e-03
7.702270018989014130e-03
7.790540459007511132e-03
7.703654388491056049e-03
7.426373875496975266e-03
7.281800949780208206e-03
7.177154746830291879e-03
6.373092955308574774e-03
5.945969453122122023e-03
5.524163288381593248e-03
5.596877061144922560e-03
5.592230552542415585e-03
5.554088628447301570e-03
5.554067017044455462e-03
5.803936061704101888e-03
5.910942324375731763e-03
5.904765576315650771e-03
6.331007031887389905e-03
6.229427727681310228e-03
6.196483602830421891e-03
6.393812039020080155e-03
6.482102666510792741e-03
6.655575816957713664e-03
7.040995444776250965e-03
7.319194517454194297e-03
7.453097701626223807e-03
7.421648876861599263e-03
7.399665084300545426e-03
7.354981347187893037e-03
7.339165280096730457e-03
7.378144027761621669e-03
7.689327779387120088e-03
7.781156312814674347e-03
7.877812055715999184e-03
7.815379686853751728e-03
7.785237494780720274e-03
7.360248028111946589e-03
7.132165901607662867e-03
7.041496674686745227e-03
6.916487408482305949e-03
7.082125417990992391e-03
7.090891906045782012e-03
6.889086495242370545e-03
6.652042856726345620e-03
6.336212385171426792e-03
6.168244900487628718e-03
6.088868204624638299e-03
5.819834062754604756e-03
5.811771547144595554e-03
5.904424472526875398e-03
5.923877193199401925e-03
5.995664352033353364e-03
6.123836052344649138e-03
6.310342202187790850e-03
6.586698167337082764e-03
6.877190803156896931e-03
7.224365503918124196e-03
7.480298141439113702e-03
7.621330078831663364e-03
7.653354409443710940e-03
7.661193585470309556e-03
7.723224148820782842e-03
7.560166031432540706e-03
7.640620681202288031e-03
7.778600655538633890e-03
8.065811674594875608e-03
8.081554163634784016e-03
8.105668561688886276e-03
7.764199510656310046e-03
7.521013950617996650e-03
7.316928025959195184e-03
7.107561627105255832e-03
7.248082776629246465e-03
7.333724837892163437e-03
7.220273371732970069e-03
7.423320329510785590e-03
7.478105513623578213e-03
7.405406283706979578e-03
7.131660551435109983e-03
7.614517037309389419e-03
8.078806902402688173e-03
8.463147482358816809e-03
8.276709239271746663e-03
7.864949178958264425e-03
7.007497271795739245e-03
6.200234944419258723e-03
5.930987129687008072e-03
5.713644309996566105e-03
6.443359350849343567e-03
6.936349190782986271e-03
6.810351930092053800e-03
6.720184392077889826e-03
6.892071995790210320e-03
6.866531697396380599e-03
6.876421540629690937e-03
7.118788237011165060e-03
7.448518231401959552e-03
7.595371812558995850e-03
7.545944544434627331e-03
7.361834198461617192e-03
7.332341454749893156e-03
7.445506497873252347e-03
6.730216470205909601e-03
6.790090279021739235e-03
7.073865431557996297e-03
7.305535506621194802e-03
7.519465502769457493e-03
7.857320384421025497e-03
8.271176509269995841e-03
8.504835390520156663e-03
8.745750986293827911e-03
9.361677893751679108e-03
9.921113381919335200e-03
1.015753573760822329e-02
1.018762331802781224e-02
1.020903933508694392e-02
1.038461280173860399e-02
9.623030580062500935e-03
8.411648630663565510e-03
8.233042046371041867e-03
8.135323226769431218e-03
7.970485760229278210e-03
7.921055297623481178e-03
7.568762412562258374e-03
7.765713712226562059e-03
8.088346571101454052e-03
8.304675591586953981e-03
8.942453491921586312e-03
9.396817866593278057e-03
9.641899055772503585e-03
1.002232746803750560e-02
1.061211960555576150e-02
1.132067856632188937e-02
1.212006419285729594e-02
1.155620330434707285e-02
1.110770592221911254e-02
1.035554958076580906e-02
9.948688198324761797e-03
9.890447366227732295e-03
9.761002914793402013e-03
9.956861175480986523e-03
1.012577173436409947e-02
9.516120096125570485e-03
9.062130759401923127e-03
9.198217666355925151e-03
9.357197839510913301e-03
9.617241192836559552e-03
9.815893766622457370e-03
9.981734929263673742e-03
1.020277016889229414e-02
9.933908476251383790e-03
9.981626338027963646e-03
9.720711606415497613e-03
9.557424221331109818e-03
9.227662213894011201e-03
8.972532657972851627e-03
8.769243826372476874e-03
8.545958854642592140e-03
8.717373724862861190e-03
8.632461971278222040e-03
8.643357748347093444e-03
8.551234248109567185e-03
8.563761458464557580e-03
8.392232606126856509e-03
8.171354397962633798e-03
7.887795313830421248e-03
7.213027395941997398e-03
7.037179427093084166e-03
6.939397959243375630e-03
beta3
2.117356860095847768e-03
2.275610180598284116e-03
2.339515791312573537e-03
2.521677921205409643e-03
2.635373599161068298e-03
2.769640008508273809e-03
2.888435093170372853e-03
2.902204117093300142e-03
2.919972660877967648e-03
2.923125794822575320e-03
2.874805741700342879e-03
2.699786278592212260e-03
2.558835096744696645e-03
2.400371603484503791e-03
2.272793959056280087e-03
2.237927337711607609e-03
2.212336663858523352e-03
2.172130174047008991e-03
2.076880601910894956e-03
2.016168851173461181e-03
1.982753439268792640e-03
1.968506864920134720e-03
1.846156851649235131e-03
1.750220441913287461e-03
1.685424780135770691e-03
1.585185041245436993e-03
1.512603290487649944e-03
1.494770742931385982e-03
1.438752396996264161e-03
1.401323043163648762e-03
1.434556968051462367e-03
1.394127051613260754e-03
1.327669089179460762e-03
1.295744765698544215e-03
1.284892988538805653e-03
1.240042489442993306e-03
1.239894584344443341e-03
1.250673552706119043e-03
1.354554439549082463e-03
1.408325400857710075e-03
1.392355085997292038e-03
1.435123401102318414e-03
1.488714178814382061e-03
1.484965716975753056e-03
1.521525868869162950e-03
1.543501369475658476e-03
1.442132187367824864e-03
1.292785088837769027e-03
1.202708527057278712e-03
1.071731928708038670e-03
1.082009574695174357e-03
1.041182672487436268e-03
1.048678601059721896e-03
1.142692080752362536e-03
1.188707181803933238e-03
1.263273378069155496e-03
1.346039566454829920e-03
1.397597798849563311e-03
1.401808151652924207e-03
1.385958706642064376e-03
1.442779904449127942e-03
1.480720304938008478e-03
1.536147768200742027e-03
1.588192653564812935e-03
1.636051130084805252e-03
1.764944984988064697e-03
1.836382593127334258e-03
1.894921736821719022e-03
1.842790969307573409e-03
1.923102369320999015e-03
1.989167283293638566e-03
2.000581942682921714e-03
2.043681438494018322e-03
2.089007633911444100e-03
2.046182677498255970e-03
1.922116614489619317e-03
1.804055876898203511e-03
1.791698401453610144e-03
1.937445545448990541e-03
2.023662734670671811e-03
2.058463751608326751e-03
2.104950113210128301e-03
2.163569301361393041e-03
2.183948115883023022e-03
2.244856635422385650e-03
2.253383557656525420e-03
2.260089527229093564e-03
2.291206888672579593e-03
2.172159474984091017e-03
2.080389903453630680e-03
2.101003951205475655e-03
2.145767003665322199e-03
2.226740458850431231e-03
2.288306671012200165e-03
2.301123836633198888e-03
2.373004141958750049e-03
2.329339353094484356e-03
2.275330228146942198e-03
2.313532851392982245e-03
2.317969124912027355e-03
2.319706809257548498e-03
2.481093787119117468e-03
2.543018528492141730e-03
2.679471779498811962e-03
2.718172220740764679e-03
2.793583545707277634e-03
2.669632819973391611e-03
2.612627780213740581e-03
2.569862058569335160e-03
2.532571226076887200e-03
2.595579233200997343e-03
2.592379918864787768e-03
2.535903121973452547e-03
2.443786369819279242e-03
2.303375010138281574e-03
2.243459554204912595e-03
2.162370635170989420e-03
2.058496984067357486e-03
1.949114981438705750e-03
1.926141988447354920e-03
1.885918334220033910e-03
1.792940935768315728e-03
1.812541945748499242e-03
1.792709805631325076e-03
1.755271246092842373e-03
1.730122785904619764e-03
1.726122554395831833e-03
1.745473086174058981e-03
1.818342680075931035e-03
1.843916064176332782e-03
1.858625748538229698e-03
1.910189972767385161e-03
1.896731031138938674e-03
1.894457443174975449e-03
1.857483979606098980e-03
1.806648059079026935e-03
1.785252109252027757e-03
1.749565745683338011e-03
1.636832027445678933e-03
1.522505480748578052e-03
1.383931657870809614e-03
1.208183033794133117e-03
1.158093525912432756e-03
1.136303076758852495e-03
1.083196611768279510e-03
1.029240192998276274e-03
1.002072306812303980e-03
1.024164548325873572e-03
9.663194515987650994e-04
8.984533914433661230e-04
8.463941698376587896e-04
7.919670139404199737e-04
7.127553711963470181e-04
6.435867851739534434e-04
5.486308550705612692e-04
4.499627609727187977e-04
4.032142065941097587e-04
3.397604162461540672e-04
3.014555835430575773e-04
2.152330892651062159e-04
1.974332373476048457e-04
1.250299305732783725e-04
7.901402206910111681e-05
3.737877742478979358e-05
-2.173016756524921138e-06
2.756473960308832319e-07
1.959290849950426209e-06
-3.124178575577623510e-05
-8.133807783412251525e-05
-1.507356903320497565e-04
-2.340632223856810084e-04
-2.818248150517235046e-04
-3.115860636249635687e-04
-3.121061503413330614e-04
-3.270492190012114176e-04
-3.412494958639784707e-04
-3.497491565167643404e-04
-3.948586021481589100e-04
-3.282089725365672553e-04
-2.746349209351413518e-04
-2.462315309134875110e-04
-1.941735936498309933e-04
-1.855013983252064486e-04
-1.591103793172481975e-04
-1.732094842153327212e-04
-1.741026130187329785e-04
-1.501163281246275637e-04
-1.847149082357600310e-04
-2.463382940327149767e-04
-2.945369441900494152e-04
-3.190899716023577531e-04
-3.449700765768823124e-04
-3.755531476402615486e-04
-3.778187532163373172e-04
-3.969874848467048979e-04
-4.199027099909525781e-04
-4.190296161415503397e-04
-4.206521367937688955e-04
-3.652654892449565933e-04
-3.546336684388677650e-04
-3.407243420240656847e-04
-3.204742020271213318e-04
-2.935427162967361070e-04
-2.451744807176977660e-04
-2.429256996146314550e-04
-2.480772440471332814e-04
-2.301039726453417119e-04
-2.521434088508249689e-04
-2.326691948636664536e-04
-2.396672464304334537e-04
-2.305311974839133291e-04
-2.090863875869638632e-04
-2.634982073097368992e-04
-3.209336069636969935e-04
-3.259308661828658757e-04
-3.395419086267190655e-04
-3.602468568412013367e-04
-3.904078597639496005e-04
-4.162135084647553473e-04
-4.007374249728779285e-04
-3.570365901077305042e-04
-2.884151453552412803e-04
-2.504605573708351251e-04
-2.447261970730189428e-04
-3.005554314507368841e-04
-3.198618211523297870e-04
-3.726481199456179458e-04
-3.671977868534511986e-04
-3.379227995200952519e-04
-3.432878822283888217e-04
-3.241926445212138541e-04
-3.122018411706724110e-04
-3.177412975733993721e-04
-2.628872125893192010e-04
-2.135296356197149644e-04
-1.499861914568318983e-04
-1.414365749458914526e-04
-1.632375640103938587e-04
-1.637466947480126873e-04
beta4
4.140425920521604891e-04
4.410920438881015112e-04
4.581710725489017834e-04
4.181126909199860435e-04
4.050675830869648365e-04
4.034579148007944385e-04
4.160915507228281785e-04
4.075865625388820504e-04
3.988889146100653297e-04
4.503738050416015840e-04
5.191914708654377965e-04
5.494804130269698075e-04
5.896287223129125258e-04
6.499308524554028767e-04
7.052275770715424634e-04
8.011199726092764137e-04
8.414650550956756427e-04
8.193436170612273563e-04
8.349542562104008249e-04
8.819908291062812742e-04
9.497412222092837825e-04
9.135098496622640063e-04
9.631857618903298798e-04
1.025579620079270469e-03
1.036107950398728987e-03
1.090294254619956094e-03
1.066109592732091254e-03
1.063321205554872270e-03
1.046178390621729445e-03
1.010190545884530940e-03
9.881920077023241718e-04
1.095623598309664829e-03
1.088232747334106016e-03
1.131889978964822040e-03
1.191112385819422231e-03
1.163546033365495157e-03
1.243459308884345329e-03
1.274756356736893650e-03
1.485411316775408271e-03
1.673148254939085637e-03
1.701187597915146702e-03
1.472063164566306780e-03
1.335093681500292050e-03
1.162357056391667741e-03
9.341920268779741604e-04
6.487982528285013168e-04
7.195916908558987494e-04
8.467462130203152549e-04
9.862847847882387671e-04
1.358630609584591132e-03
1.408949136802743664e-03
1.890672245308539900e-03
2.089803501085228318e-03
2.140567184971066579e-03
2.743249424527105431e-03
3.440930730215803219e-03
3.444074907113460395e-03
3.808459706566490362e-03
4.257378030607647523e-03
4.410331655984655458e-03
4.411850521561852881e-03
3.958619485651455709e-03
3.846322773318789322e-03
3.502152713308403359e-03
3.170545336982600985e-03
2.731118761816356353e-03
2.631410660688481180e-03
2.412208607744059392e-03
2.365618495348610108e-03
2.020970928384651678e-03
1.732385541395134367e-03
1.473905849976712675e-03
1.352970916922379384e-03
1.276520729584342765e-03
1.123329161958456363e-03
8.724069366828395228e-04
7.061623154214573782e-04
6.332251240532653369e-04
6.580755704576804867e-04
7.064262670504143499e-04
7.169280162139949134e-04
7.372195045512418277e-04
7.653672457156996106e-04
7.764360767033215687e-04
8.431929990946891284e-04
8.485729023173548598e-04
9.196023179282859610e-04
9.655897192856431870e-04
1.056643561084612704e-03
1.148497752908564113e-03
1.142225634294157747e-03
1.134187050276733123e-03
1.184314192085722441e-03
1.276791721612261909e-03
1.257696563364109257e-03
1.224223770709222114e-03
1.076426014434905213e-03
9.393450341945780088e-04
8.421999672474100602e-04
7.380639810473939950e-04
6.739753753335726502e-04
6.902031045401380667e-04
8.723314263915137381e-04
1.038513409495346509e-03
1.138465062488617325e-03
1.186414469915323452e-03
1.198429394288505045e-03
1.231557112938909838e-03
1.185606785367910752e-03
1.153714214637332775e-03
1.056166617167533534e-03
9.930960302094058931e-04
9.170983108574694113e-04
8.080014193857235549e-04
7.156831066123772907e-04
5.349368399785683252e-04
4.965235495266450165e-04
4.316859069123993027e-04
3.109102044661464503e-04
1.665626170122321416e-04
7.963011619368962025e-05
3.781031757518458058e-06
-4.287029630541575151e-05
-2.975109682791054103e-05
-3.014124882304544174e-05
-3.436723574489636019e-05
-4.704025857660989562e-05
-4.948232344536188885e-05
-4.357990651348868160e-05
-5.087091859458264830e-05
-5.356918821118819975e-05
-4.576940703364428594e-05
-3.717699325479523632e-05
-4.643904748716911138e-05
-5.652694669590564898e-05
-5.818162538191020897e-05
-6.549441829611666395e-05
-5.473319159887033390e-05
-8.441459228789626791e-05
-2.013468477513334946e-04
-3.432522889042352240e-04
-4.968787900955257564e-04
-6.385608501519076784e-04
-8.175788290635962151e-04
-9.181217673055434717e-04
-1.094074392913399734e-03
-1.250863494116541798e-03
-1.430010796375845699e-03
-1.630301993380937637e-03
-1.792009444620513373e-03
-1.833558343553060455e-03
-2.014154294857453328e-03
-1.966505781160496867e-03
-2.002114595123491436e-03
-2.364942114307297654e-03
-2.825873855422225255e-03
-2.780875494262260821e-03
-2.703795728537337385e-03
-2.373497945294926557e-03
-2.278694337249377241e-03
-2.309078609831215906e-03
-2.167820310892020451e-03
-1.924650926197586914e-03
-2.023113593134538007e-03
-2.105786090047266634e-03
-1.924306753203327809e-03
-1.768852565672123954e-03
-1.668789933019362674e-03
-1.549078567605812785e-03
-1.522738542815555568e-03
-1.529859015542074305e-03
-1.506701172007860259e-03
-1.657385668589454134e-03
-1.422497438471674331e-03
-1.224873361383924759e-03
-1.057088048911126316e-03
-9.124421913569711381e-04
-7.814285542389196515e-04
-7.181628992223433421e-04
-6.950339987474096022e-04
-6.514197980312167163e-04
-5.587912724358414613e-04
-5.186830560274174407e-04
-3.624380000014636475e-04
-2.758650941743749250e-04
-1.947307533094120831e-04
-1.515367979596787145e-04
-1.286514351590252675e-04
-1.100266918863613750e-04
-1.096815106807295112e-04
-1.097015576213855885e-04
-1.105862809628674749e-04
-1.062594762432479359e-04
-9.828087353159161202e-05
-9.583157711266811749e-05
-1.010852025270696035e-04
-8.335068460141817771e-05
-7.092840414266296176e-05
-5.305138835890925122e-05
-5.612720004979469552e-05
-4.580618652854021445e-05
-5.316178582997262841e-05
-5.225091730462299683e-05
-6.236905950796344271e-05
-1.381234067416945029e-04
-1.611525571100632596e-04
-2.053785064658226339e-04
-2.308652101582948392e-04
-2.312832179279385408e-04
-3.117454011729570412e-04
-3.320181928233732673e-04
-3.757063872281445798e-04
-3.548270179022534063e-04
-3.343833685351500426e-04
-3.130786671674492703e-04
-3.286077612253149533e-04
-3.430541980452970390e-04
-3.545348198836279397e-04
-3.522686610047286908e-04
-3.717912654980951937e-04
-3.888015011025835609e-04
-4.214275062173850018e-04
-4.171100964522160559e-04
-4.042195530009098079e-04
-4.592837531644500238e-04
-5.844935802917952498e-04
-7.027084886382254985e-04
-7.951715944960688082e-04
-7.272173128078528084e-04
-6.653730253679692548e-04
-5.584460941272460224e-04
-4.924859798462195414e-04
-4.510388863739039217e-04
-4.733371802632514269e-04
-4.819560647141544639e-04
-4.978618684531009326e-04
-4.936106321627947800e-04
-5.073644862193106390e-04
-4.838470219843688924e-04
beta5
8.676999201101975964e-24
1.537094485486547564e-23
2.408856135230560919e-31
3.457212214675504358e-24
1.712269871082748543e-22
3.719399955757162590e-21
2.660712282036737796e-20
6.546641248852722493e-21
5.435195411127301791e-20
1.147749957173369615e-19
1.220272193509020901e-19
7.096254092003089060e-19
6.181300056883082515e-22
1.234222301806536331e-19
2.169840949795877235e-19
8.744707766592677632e-20
1.572329394896877600e-17
3.418818732603417508e-17
1.238158021172419237e-18
3.627839206489505258e-19
8.294078267189456175e-19
2.905939078179099269e-19
5.423432213336379815e-17
3.489270770322359560e-17
4.344310343330186920e-18
4.359163469855451577e-17
1.201899073651428573e-18
1.693551952931926649e-18
3.349912184082067831e-18
7.823120437700094176e-21
2.939758765520339167e-19
5.421828218680402884e-22
9.488106384269002600e-24
1.616143190875126245e-27
-3.539157779665858544e-26
-2.274995033484178753e-23
-5.834609609688742528e-22
-2.778276040923636025e-22
-5.575810924911543732e-25
-4.336899213214860456e-22
-2.554762992217032712e-28
1.312829424954421280e-42
-5.843557448879997870e-54
7.293428564686771351e-24
6.811552116368581204e-22
1.028935942185817601e-19
6.053960528619454398e-20
8.877037766575498098e-20
3.122534881152241913e-21
3.056245864480188409e-26
1.468896443595203595e-19
3.099164370194263546e-21
2.270822750090736826e-21
1.461068594836557643e-20
6.532039256632721390e-19
1.068654718607694431e-17
3.018722406394950463e-15
5.302571875283567644e-16
1.513787317787277855e-17
1.657531553390068964e-17
8.179479979810256858e-18
1.608822242757996757e-17
2.652804805201370614e-18
1.301425601642791392e-19
1.929761707816901678e-19
5.776837906348257849e-19
1.095598519580692788e-18
5.411412690833541679e-20
8.046592023570484820e-19
7.812975716628932530e-19
2.824372521991153754e-18
1.608183323850279532e-19
5.657034865803666692e-20
8.762648211656254148e-22
-3.824127259605438191e-60
1.720363197873712199e-33
-1.297105391449357784e-29
7.264107667073091430e-22
1.715446688639831435e-24
3.457599525856226230e-21
-2.703327369276221078e-37
3.789370828028693970e-21
-1.280979844358426877e-25
1.105880204348317291e-21
2.317766705324547707e-23
-1.217091063325046440e-28
1.233263850986656870e-23
7.975109455336308706e-24
5.378331994879882775e-23
8.338300815932601041e-22
3.757657193072821171e-22
2.229552799659726448e-22
5.325781928593767489e-22
2.135082020962986851e-22
6.307438856802055710e-22
9.592320834929222248e-23
6.581159282009135154e-27
3.925370153550242454e-22
2.441072499672822831e-21
6.399045111557816626e-22
4.170094148129798953e-22
1.332847445483407511e-22
7.274238624313663843e-22
9.774480833262918785e-21
8.036019578706347573e-20
3.321574130428209693e-19
1.042398362633318281e-20
5.985955704685492388e-20
4.800071417864201508e-21
1.187438650471617524e-25
2.450045945275243125e-23
9.310354860452478532e-25
-2.566499037739617456e-23
8.525536783062600839e-33
-1.414087287867760097e-24
-5.986774372264355798e-22
-1.898801348560241656e-30
-3.023990505074861595e-22
-9.688637129110017677e-22
-3.012589265691975970e-19
-2.611301615407242332e-19
-4.854692237171981137e-18
-1.521569121446175413e-21
-6.315741745581383286e-19
-5.259341594561283616e-18
-9.879630852226003535e-18
-5.392527969013103575e-18
-6.148949247635837553e-17
-1.547248236069223470e-17
-7.646194806604856830e-18
-6.462564189304089693e-19
-6.224620017010112028e-19
-7.892058099183706049e-19
-4.175066512431867407e-18
-1.909418681534875564e-20
-8.954752390560187615e-19
-3.390445975471949143e-21
-1.200565786794216486e-21
-2.538906832432880506e-21
-2.287957857157874230e-21
-6.666656519317839434e-22
1.770801397089980186e-28
1.761400599270862786e-24
6.878685512252185162e-31
5.615092787910362411e-35
2.449399800450332771e-30
4.228248450250419644e-22
2.571177750830419796e-23
2.539990823393959691e-24
2.081568564257490571e-22
3.112737576360076323e-23
-3.501984072187114104e-26
-1.879413237055631796e-22
-8.841001166211485526e-20
-6.084493110666983266e-22
-6.025809847175759557e-54
-6.050013356920482430e-22
-3.723858996402647964e-22
-4.380651894548644677e-20
-3.967220514188746113e-20
-5.846832318570352565e-22
-1.831373179662450325e-22
-1.468140997500707356e-23
-4.095242974769512876e-49
-1.212910849904100660e-23
2.240484991072314225e-29
5.535574913917404459e-29
4.411133077621545753e-22
2.255318939236485623e-22
2.176571087431017942e-22
-1.843768033611071759e-25
-5.982355794182780682e-22
-5.058936940994065578e-22
-2.701656935292442786e-22
-1.040026203103703947e-21
-1.243904391985472032e-19
-8.847952528551243474e-21
-2.859700899063603736e-32
-1.497139263149070509e-21
-2.505106984994272146e-23
1.088309749233256512e-22
7.266402615393272129e-22
1.731765660872945009e-21
9.913783712234996829e-21
1.958139890773322323e-18
3.043547216630210410e-19
1.686672783059139046e-19
1.212956585083926976e-17
1.815965416010600587e-17
7.709617801039766828e-16
7.631317998508495843e-16
6.416766487698041243e-17
8.442362539780284508e-18
7.911142506712354545e-19
1.084178440981811409e-17
4.234646133588112625e-17
2.150743326500487112e-16
1.737983158289349447e-17
1.007379645214032085e-18
4.127529465398686443e-22
1.652415102948221202e-21
5.418482864021297410e-22
2.354118162042965615e-21
3.345059367584788422e-21
1.546442083613213173e-19
9.914994779761232453e-17
1.112951766263998815e-17
1.072471560834278158e-16
1.167487143645501160e-16
9.635218974290241917e-17
6.284944813093691930e-17
1.261958324155292383e-16
3.873090000614332914e-16
3.879560609410591100e-17
5.391853142332039747e-17
3.473829800772207066e-20
1.359808499078694018e-18
3.542889975492188925e-21
3.253744948067648202e-20
4.388083113294471888e-20
1.573720178755022047e-21
2.035404771640001824e-21
1.695908226514071963e-21
2.301222744857949099e-21
1.287214121762868795e-22
4.508615570269227834e-23
6.314591005415728080e-41
-2.669690034194461280e-29
-2.592110981329202416e-29
-4.192259723544603460e-22
-1.390080881709588919e-20
-3.493524953481482469e-20
-7.370215040025989844e-22
-2.522601308040555200e-22
-1.230977408935035470e-44
-5.582500351166736346e-22
-2.170235755774917360e-25
-2.681978641174599542e-22
-8.271660486751588241e-23
