1.442143129902268923e-21
3.431253429823923521e-87
-2.367696753789642888e-17
-6.241355985271626498e-07
-3.716925447658116173e-12
-7.056053799295757099e-16
-2.591005169904862192e-32
-2.576446733320793427e-22
-1.221347310588954783e-15
-8.341085919845297618e-12
-8.658078616695168662e-12
-4.007699725579922837e-07
-2.379722807785404371e-05
-2.693576461482434375e-06
-1.107541155098965599e-05
-1.143695479525540538e-05
-1.526633703317018399e-04
-9.753071289118382539e-05
-4.992073362245273791e-04
-5.904728986238746199e-04
-2.189519638214791793e-03
-9.893983611540349034e-04
-1.285129041121783076e-05
-1.038530728266110399e-06
-1.062733577019493029e-09
-1.483493065277356407e-15
4.868053729186083959e-30
1.266935502229712593e-16
4.040322649305863940e-26
6.198667621652919597e-12
4.492304998133130849e-18
8.991264453015754246e-12
1.505977630464818732e-10
1.338095653269959220e-05
2.965914537686349054e-09
3.749472841804786206e-09
1.664508438496698326e-08
3.735529169083967198e-05
1.032504966534738631e-05
5.119257194081428957e-05
2.868108990149447098e-04
1.560866470475178510e-03
4.931799541657833769e-03
2.304250316773103283e-03
7.590793499021059477e-04
4.478628089979167686e-04
1.591246974472513361e-04
7.972725955149200568e-04
9.721005864191057050e-04
4.007898497390486843e-04
6.125153860872589783e-05
2.213425628956707853e-05
2.459057570741021716e-07
4.294337744681130484e-15
-1.486094492287258731e-49
-2.881575763376221259e-12
-1.128426726205151839e-06
-3.160838271530027585e-08
-1.261408096599986984e-16
-7.462941305548128544e-09
-5.444630781845871948e-09
-2.281526448020430542e-07
-2.258838099760960538e-06
-3.284861024099522755e-04
-1.105992699059358880e-04
-2.289327865750918130e-04
-7.942851788929451782e-05
-2.372093502751854285e-04
-1.049089555254101443e-04
-8.578639876076520673e-04
-2.400180524619865800e-03
-9.566136018243577479e-04
-4.432202507219961882e-03
-3.942929439195047591e-04
-4.973879469820479673e-04
-3.788755481006726841e-04
-1.991843785606398759e-04
-4.020148617223977196e-05
-1.402531531667886501e-05
-2.676597774403376590e-05
-7.080906667882431961e-05
-2.745537300052023092e-04
-6.714055837864801217e-04
-9.922131786384031510e-05
-2.063733099117789763e-04
-4.971897347817411886e-04
-2.542059727096870718e-03
-5.244410556107191568e-05
