3.013143066025233269e-02
5.021189096381989403e-02
3.438369584127005246e-02
2.587489132018004970e-02
2.071619975243710332e-02
1.726365457497864089e-02
1.224174939127249673e-02
5.132018482692050085e-04
-1.225366473926238779e-04
-2.550510131169262708e-03
-6.425251512197588909e-03
-1.362132944213929366e-02
-1.403226019863927643e-02
-1.584103627826893498e-02
-1.584281934689784829e-02
-1.352427636853965193e-02
-9.826055966312597853e-03
-4.838653985504316225e-03
-4.490329857734227763e-03
-2.669298286523542809e-03
-2.485288714254036118e-03
-2.431623617354523783e-03
-2.158608826723748281e-03
-4.020866105339778243e-04
-3.394802874471169129e-04
-3.385259377342464838e-04
-3.375847787805043711e-04
-3.225678701346442454e-04
4.704081147763397586e-04
1.160077169350150032e-03
1.470936222902617316e-03
2.189421596711671383e-03
2.342354869272833453e-03
2.451710270112256954e-03
7.353362871654132125e-03
9.360447264087606856e-03
1.122618636252387635e-02
2.347894903964889077e-02
2.689147709764750857e-02
2.868451016857488309e-02
2.329104346649034721e-02
2.291987847897847264e-02
2.924500373132974881e-02
2.464841875904007565e-02
3.186466877838525780e-02
3.465963324474469198e-02
4.415568646436115324e-02
4.810217605739173369e-02
3.984626498109806320e-02
3.147618316939038846e-02
2.069553139023444857e-02
1.602549162461895313e-02
6.118421011412821832e-03
2.983296536228721989e-04
5.195470555073618003e-05
-1.248847872170745054e-04
-5.255272244738339038e-03
-7.138613209744890976e-03
-7.628556436858387885e-03
-8.763133273359069095e-03
-1.002012802265803831e-02
-1.232094730811854159e-02
-8.315660378324814944e-03
-9.917702746780951775e-03
-1.118450319019949346e-02
-1.092198365546627990e-02
-9.916349699659836661e-03
-8.208053746617255744e-03
-7.323232239703471314e-03
-5.603699941890408730e-03
-7.170975692157762101e-03
-1.759207349379953919e-02
-2.049788585776460628e-02
-2.012631045815608047e-02
-2.008647562989976723e-02
-1.857174248226229826e-02
-1.592215230525751216e-02
-4.911595651527878026e-03
-1.926189824852760774e-03
-1.552991805219924469e-03
-1.392806516172112553e-03
-1.207470640883186999e-03
-5.476475037038075694e-04
-2.708770553245380165e-04
-1.002288325900521897e-04
