1.731551223718066218e-03
1.426634330883217935e-03
1.453856971731713440e-03
1.289512823096386008e-03
1.308876471043959530e-03
2.562468015120152563e-03
3.901895291331051573e-03
3.961186519490810833e-03
3.813947958055577403e-03
2.887729214624776188e-03
1.620411902211831706e-03
1.101221519588028086e-03
8.832860767607675009e-04
1.019299764897481277e-03
2.488742731022855806e-04
6.542661801358890273e-06
-4.163089996935296169e-04
4.950780203329758957e-04
-2.935457450053424473e-04
-1.625478558597413413e-03
-3.294830525340717003e-03
-4.391529922673048994e-03
-6.148169723757165514e-03
-5.749672675800921243e-03
-5.813250897869184225e-03
-4.614880330334113386e-03
-3.044665907541881707e-03
-2.447004196509763776e-03
-2.139066103211554985e-03
-2.417077269265252137e-03
-2.071170344125360368e-03
-1.559659122396345144e-03
-1.968759666005848175e-03
-1.277697536782493402e-03
-2.333957087701309216e-04
4.070682393036506933e-04
7.052372729790668112e-04
2.075264627836521329e-03
2.570695268045576198e-03
4.058331114473215720e-03
4.322259834157665855e-03
4.289308186156929638e-03
4.765336202764970837e-03
5.837003513576272118e-03
6.212156461534043550e-03
5.554975333016552892e-03
4.108934688364994196e-03
4.380899695865801344e-03
5.504293030447981322e-03
5.213308375239134734e-03
4.377639028078241130e-03
1.549642870608119614e-03
3.072470062218628358e-04
-4.319800764209579891e-04
1.856806092544479420e-04
1.067978676816984103e-04
1.523777723294015641e-03
9.687781192506905942e-04
3.441096930710916418e-05
-1.134066207705032841e-03
-1.690266495061578918e-03
-2.611884582368546696e-03
-3.436862171089828232e-03
-5.251801322156722691e-03
-5.861586386203041128e-03
-6.126593216286808398e-03
-6.827375508815728376e-03
-8.396932567559389424e-03
-9.634470798610593467e-03
-9.930032417236476366e-03
-9.186282241419476899e-03
-1.017328806894269265e-02
-1.112346923233343762e-02
-8.769774547577846927e-03
-6.243297042436537873e-03
-6.026618471716755146e-03
-6.519531852630184622e-03
-5.952324367556367443e-03
-4.513962171299391174e-03
-4.086220831751093130e-03
-4.402944078287633102e-03
-4.792054715967483669e-03
-4.524495949260312622e-03
-2.857994718705985336e-03
-2.861066837178536347e-03
-2.116858655831352874e-03
-2.261364345284349806e-03
-1.930048625230128051e-03
-2.236071560676566438e-03
-3.363734224279214292e-03
-2.827863736950194783e-03
-3.562453832485219796e-03
-2.887774497567198451e-03
-2.344638847342514747e-03
-2.767680364810278133e-03
-2.182332286147271611e-03
-1.647649870913623716e-03
-1.810424555571707060e-03
-2.279779443599444944e-03
-3.373353591491584820e-03
-2.356812149407876058e-03
-1.791350048057953163e-03
-1.571772905965816832e-03
-8.613056910509785200e-04
-7.831449235642937764e-04
-5.561916303973001583e-04
1.110014611599022879e-04
3.815925613198757681e-04
6.674932976195186709e-04
4.167845646555323053e-04
1.910995658116263873e-04
6.658521046285501618e-04
7.159295951988198323e-04
1.298608276517305071e-03
1.824732621469498609e-03
1.154120746149982961e-03
1.664283304848563456e-04
3.360881607065681277e-04
6.497660942196871459e-04
8.970297453771702845e-04
1.612234732394588485e-03
1.349524116258196595e-03
1.160071168251878507e-03
9.181188106352696247e-04
2.468367909035053460e-04
6.656146436400588130e-04
6.106888502721413963e-04
9.355118734324093877e-04
1.584108950943956696e-03
1.483540826126623479e-03
1.694322588626758289e-03
2.856585822155725471e-03
2.918838067470653618e-03
3.579837175766725603e-03
3.701427111746046633e-03
6.733688597148670615e-03
6.507926182074952152e-03
5.987492905601143195e-03
4.663204461508555984e-03
2.783155755608798885e-03
2.458187237029101774e-03
2.560007544042072238e-03
2.349626945797031897e-03
1.482205057178885652e-03
7.368398458154651765e-04
-2.409080570525796861e-05
7.591788099866255161e-04
3.092731432005331964e-05
-4.975476379581591580e-04
-2.361275858981441017e-03
-3.372556375530962307e-03
-5.678910453763542920e-03
-7.096881325114386997e-03
-7.659822183066290584e-03
-8.384326440277553236e-03
-8.448718594306663804e-03
-1.021153789270698616e-02
-1.188271089128783119e-02
-1.198346953045467331e-02
-1.247290704881901142e-02
-1.107388200493547581e-02
-9.706332530180364696e-03
-7.500954565414187473e-03
-5.933353048044526408e-03
-6.719025206797013539e-03
-6.141524386493559147e-03
-6.213907863586746669e-03
-6.001876797061009815e-03
-5.292282797423562661e-03
-5.429970665120402440e-03
-6.541749505042022440e-03
-6.017614447048087907e-03
-6.907809480369187134e-03
-8.000567810309673622e-03
-6.426898657138874899e-03
-4.572190703103073441e-03
-2.607510034180200286e-03
-1.336495186512063000e-03
-1.782092334735394011e-03
-2.046511206202773596e-03
-2.639150341814069500e-03
-3.729699271684506004e-03
-4.261746842135143154e-03
-6.222569745255038080e-03
-6.492430869522212468e-03
-8.837365176047669302e-03
-1.336601519234551991e-02
-1.285561259510562861e-02
-1.500918717792480706e-02
-1.414331779418153551e-02
-1.155232630617092533e-02
-7.965487485297757103e-03
-6.824047041091825007e-03
-8.438817602372224516e-03
-7.892029606084717194e-03
-9.123236623806079554e-03
-1.078444617159728634e-02
-6.986537451854280684e-03
-5.766533663289355634e-03
-6.149972233944822793e-03
-5.730708753937694550e-03
-4.891837319835369569e-03
-5.330754994951648895e-03
-4.762656904790631834e-03
-6.252147247254416160e-03
-6.096445680973289726e-03
-5.478156978166912570e-03
-4.113313501611703081e-03
-4.304670895594340033e-03
-5.229752427480212525e-03
-4.939733833072952607e-03
-4.237851948728925226e-03
-4.289721838712590510e-03
-3.527099193558444565e-03
-1.960370995276203808e-03
-1.871146076778447929e-03
-1.435655119259768601e-03
-1.879012050384114415e-03
-2.497075308916699588e-03
-1.770706379357541403e-03
-1.484251070903213655e-03
-1.085914073248869750e-03
-1.168398731405959198e-03
-1.660929376672516970e-03
-2.112464789722482382e-03
-1.823538426206495425e-03
-2.094754615831887976e-03
-1.480881868656876328e-03
-9.626725977906769056e-04
-4.772043832113457467e-04
-8.759799919747404510e-04
-1.255986647879294869e-03
-1.587809789706344076e-03
-2.412243383093323670e-03
-3.544289614069131861e-03
-5.016997685352282341e-03
-6.334645812376821054e-03
-6.063093034923520974e-03
-6.540474823695542443e-03
