-1.839895675924143177e+02
-1.062109870335923034e+02
-1.044383979969071135e+02
-8.197233296638511035e+01
-6.785105427384861798e+01
-5.723845001546046518e+01
-2.660100382730696822e+01
-2.190769446169660739e+01
-5.930459903631231100e+00
-5.648682069511768766e+00
-3.796074014888073389e+00
-3.155795335603063467e+00
-7.654446399111786370e+00
-8.002190797036000447e+00
-9.645238127304777365e+00
-7.577146538871965653e+00
-7.587458771945787994e+00
-7.593555571327521569e+00
-3.782041325930196596e+00
-4.025796592126412499e+00
-6.830268643855512245e+00
-1.617932567023770218e+01
-4.176692896018449375e+01
-5.438320539485371086e+01
-6.216434039869414363e+01
-6.300732763706863437e+01
-5.789462171059059159e+01
-4.872092605340663596e+01
-2.627435996976863564e+01
-1.370135939169058759e+01
-5.297639344577526721e+00
-3.876912413515925859e+00
-5.442052461123464191e+00
-2.166153786504625245e+01
-4.753653858637861873e+01
-5.674745959203047363e+01
-6.397581904094423066e+01
-6.826217463916269423e+01
-7.144086972436353733e+01
-6.251299094088057728e+01
-3.395534227572921537e+01
-2.721007269584804433e+01
-3.140694157683369170e+01
-2.757947244306242851e+01
-4.199732875180070124e+01
-3.664573105329797897e+01
-3.642050478590510210e+01
-3.406205835506367663e+01
-1.195599173828879458e+02
-4.585952755607347058e+02
-7.985371419901540548e+02
-1.243527177701789014e+03
-1.681615911980043848e+03
-2.359273824760832213e+03
-2.989540724897857217e+03
-3.648605746712145901e+03
-4.057350858677903943e+03
-5.537772822798163361e+03
-1.073316221510358082e+04
-1.015895270378550595e+04
-9.526880591253700914e+03
-8.613296082171838862e+03
-7.892885124441939297e+03
-5.982803543717350294e+03
-3.576576699542092683e+02
-2.540030336454560711e+02
-1.588021529487795931e+02
-7.376654569599240574e+01
-2.615559447222261724e+01
-8.632447244020641008e+00
-1.357205665568036144e-02
-4.071455644033892922e-03
-6.809112036782674626e-02
-1.421541060624387787e-01
-1.526098309004925713e-01
-1.515465215193253778e-01
-1.531761408538450941e-01
-1.600401738314245204e-01
-8.687680322547330913e-02
-2.340855427814035258e-02
-4.748057402293839185e-02
-8.372285869599160879e-02
-1.429746952490856537e-01
-1.483816949991075551e-01
-1.574914230939207516e-01
-1.566406668913095934e-01
-2.298485793053905990e-01
-2.818763375250447067e-01
-2.442418581892665530e-01
-2.383617492065062959e-01
-2.362643935375211279e-01
-2.366011243564902500e-01
-1.386501122521919260e-01
-1.841715468337927764e-01
-1.757288506421040009e-01
-1.884736446527537634e-01
-1.974629918654439154e-01
-2.096912873539407141e-01
-2.559317841293300977e-01
-2.073501031370838243e-01
-2.201842680581810319e-01
-2.328664551459444787e-01
-2.682455617592361397e-01
-2.689087155497406623e-01
-2.319644760916756143e-01
-1.729414002712690301e-01
-1.891958638973963158e-01
-1.997623359302727886e-01
-2.014740133380397147e-01
-2.791365874141928383e-01
-5.566230980042922161e-01
-5.804621945530458182e-01
-5.373859084084503523e-01
-4.999215233693479754e-01
-4.502222191803268991e-01
-3.528309765080083760e-01
-5.590990938671184379e-02
-2.546160380846547097e-02
-7.471077710943363481e-02
-8.097430712908354478e-02
-7.838136317752979199e-02
-1.101252913022399277e-01
-1.282609776133220303e-01
-1.081245017076737924e-01
-5.920462152645748072e-02
-5.789737485921853111e-02
-1.274888127477655786e-01
-1.424437346286944461e-01
-1.262029658265815812e-01
-1.442769299079101619e-01
-1.890755895006200893e-01
-1.965872823562511140e-01
-1.358185345075100248e-01
-9.241279617478909136e-02
-9.692838542567873417e-02
-9.607408663682716343e-02
-9.062799416656446005e-02
-1.368525239954075379e-01
-1.605831262248811064e-01
-2.269055700989696944e-01
-2.909899586968979213e-01
-3.424440360704165687e-01
-3.845429107826376369e-01
-4.082429623083819181e-01
-4.313673447279344764e-01
-3.625786793073563774e-01
-2.997623292060367928e-01
-2.328861035299149007e-01
-1.638850741442566816e-01
-8.642181249766887896e-02
-4.081713183187880151e-02
-5.940227163799918081e-02
-8.521033532932248411e-02
-1.658441445730179931e-01
-2.763128985952060246e-01
-2.979265213932769663e-01
-2.923934298361930417e-01
-2.812286134905804813e-01
-2.783520154010856174e-01
-3.080683277746211757e-01
-1.910991570860821887e-01
-1.647217519862579638e-01
-2.052609026745809417e-01
-3.603020962184739218e-01
-4.005162450938827834e-01
-3.157453517035817003e-01
-3.851994413909370363e-01
-4.209414282132712959e-01
-5.347849265918458439e-01
-3.895347254886871169e-01
-3.232516294146284275e-01
-3.010761728014388905e-01
-2.334689052248729302e-01
-2.503094517040298506e-01
-9.412736126655474322e-02
-7.667012892040107885e-02
-7.523371605342214774e-02
-1.018694128913647107e-01
-9.806999487223511114e-02
-4.895417534277258370e-02
-4.578371473224093768e-02
-4.097938863121127623e-02
-7.738731893302884524e-02
-1.269792074955823913e-01
-1.293872960112598391e-01
-1.882043619199310847e+00
-1.891394309503688254e+00
-1.895089003599601751e+00
-1.856819305743881543e+00
-1.775741124557958406e+00
-1.773274829948661591e+00
-2.921121150366623453e-02
-2.460624538574205863e-02
-3.295688899007660766e-02
-4.377152467834247856e-02
-5.054316854498352302e-02
-5.777012851043258901e-02
-4.583661204653593363e-02
-5.421915681747156018e-02
-4.787307603552037882e-02
-4.924724765068481253e-02
-5.944581939202287640e-02
-5.682449830402382801e-02
-7.277426560385828747e-02
-6.130855154081680386e-02
-7.021967266154865994e-02
-5.993413435402838996e-02
-4.729713422935691997e-02
-4.745009120426038618e-02
-4.950102688658558625e-02
-8.407087132446328104e-02
-1.485857963463363962e-01
-1.466416673056613329e-01
-1.419335168755817833e-01
-1.366128608101383202e-01
-1.169040788918563889e-01
-8.222507385084662501e-02
-1.080999770672078086e-02
-1.273651643087090300e-02
-1.928929895742399411e-02
-7.096614299106118740e-02
-7.756936402031465450e-02
-2.054121727419643550e-01
-2.163889596666931092e-01
-2.277956273188292968e-01
-2.385059295386036116e-01
-2.831575464589165536e-01
-3.131618002533235745e-01
-2.051876694410676161e-01
-2.131163581254594819e-01
-1.057029763526357913e+00
-1.095411983607604389e+00
-1.053437157951547798e+00
-1.089557684381134761e+00
-1.077733803505487087e+00
-1.055303775884503636e+00
-1.974118036302773549e-01
-1.420004364607954650e-01
-8.449996764039892361e-02
