1.608850315961829393e-03
2.350157513502290456e-03
2.695414171904643441e-03
3.674935996067037278e-03
4.108056512362024890e-03
3.765174659896264407e-03
3.454486452762129973e-03
3.271987787821552859e-03
3.128958102277844440e-03
2.919093545182432827e-03
2.727524808644695743e-03
2.616809386197206048e-03
2.637023053951295312e-03
2.516387773005437142e-03
2.529136853593897793e-03
2.290192410671472879e-03
2.168454361864543319e-03
2.254859471248290073e-03
2.437708532668203185e-03
2.711497478764373845e-03
3.154862557089825690e-03
3.466947201328371680e-03
3.647417433047842397e-03
3.782350413746396380e-03
3.736299403696304033e-03
3.661913606255494738e-03
3.426441850058744003e-03
3.306543058046172798e-03
3.346947272080817801e-03
3.608944328030374779e-03
3.858502104728343384e-03
4.272327563215742516e-03
4.692224864552262294e-03
4.739604078290296681e-03
4.665055596206062367e-03
4.462839481941069213e-03
4.430443149285959517e-03
4.374525341481050669e-03
4.442223236959439402e-03
4.309835980500921482e-03
4.039700679960311382e-03
3.660672440835255250e-03
3.224116841074838643e-03
2.542695102423706433e-03
1.605652197934149270e-03
1.352002891072485698e-03
1.402551537276465650e-03
1.563941112605529401e-03
1.818990566764036240e-03
2.490231763289737273e-03
3.402745724540238558e-03
5.029630292340778533e-03
6.731099937706367352e-03
8.643128059099306967e-03
1.111200973441575125e-02
1.443371968568954965e-02
1.751273967176422350e-02
1.968676067724086168e-02
2.194324543131126459e-02
2.317181099535225997e-02
2.377854011961378147e-02
2.367646398914455622e-02
2.297258624395856486e-02
2.155924922340852687e-02
2.013660582551917919e-02
1.842083184800935233e-02
1.653714062524530917e-02
1.373211666338378795e-02
1.121707796774322995e-02
9.445729431432318621e-03
7.519795977801851765e-03
6.553823561019879278e-03
6.150283541423909490e-03
6.127196130802245455e-03
6.394032172202590743e-03
6.580749535772032095e-03
6.485278534706417734e-03
6.534694476477007768e-03
6.101038576669691633e-03
5.428295873735552307e-03
4.777625372470325170e-03
4.219638359867254433e-03
3.685764848015932876e-03
3.116738061999665358e-03
2.276827019670813086e-03
1.529975704606745604e-03
7.932167465388315292e-04
2.763814051790244690e-04
-1.614221611792805483e-04
-6.179564166877878073e-04
-8.985968348119571791e-04
-9.603261428705846736e-04
-1.086818261962965671e-03
-1.177005211336120327e-03
-1.317822873767859025e-03
-1.404824372592554946e-03
-1.357606199152802456e-03
-1.375235426154040918e-03
-1.332135224296345519e-03
-1.351795353836361289e-03
-1.186797107371878384e-03
-1.150163397437582030e-03
-1.158960906694413021e-03
-1.174039644087765530e-03
-1.093421034273783050e-03
-1.043878170361030875e-03
-9.192235435933971202e-04
-7.780059602864054227e-04
-5.484707767375883230e-04
-3.464387916951605119e-04
-2.446508952860891443e-04
-1.763797045817292505e-04
-2.362961932047766289e-04
-2.603767592836205578e-04
-2.891900778220722872e-04
-2.269125439277602937e-04
-1.919263525359749727e-04
-1.968148328829138311e-04
-1.021219027039447906e-04
-3.847135397737612927e-05
3.816741463789408341e-05
7.694335644685281297e-05
7.264306779201486967e-05
1.186939613793722392e-04
2.175474680668174109e-04
3.181466180913636809e-04
3.832664231676447507e-04
5.888135501791117842e-04
9.044495079604096153e-04
1.060942071998863733e-03
1.040351768097535568e-03
1.012389673229327144e-03
9.350104645250456072e-04
8.558456012939158518e-04
8.449343213809629508e-04
8.045781739080877125e-04
7.279731573222469497e-04
6.633525580017346360e-04
5.741227943719587725e-04
3.078238862445813943e-04
3.195293238546009426e-05
-9.368953893332205912e-05
-1.992135781855894176e-04
-3.516513175425256110e-04
-7.770842354232432260e-04
-9.942907693693140217e-04
-1.146169244879078220e-03
-1.408567102943326932e-03
-1.696054833471819998e-03
-2.027276256996750868e-03
-2.152358349358121040e-03
-2.297286050822640747e-03
-2.551075156309326897e-03
-3.070745782802817517e-03
-3.613736452519924949e-03
-3.679628856449442074e-03
-3.360385572638241100e-03
-3.156167957301603960e-03
-3.081744108367094354e-03
-2.958863210985512859e-03
-2.713135856739663787e-03
-2.331575415497280472e-03
-2.120313781112742168e-03
-1.920838144539877695e-03
-1.656927590703219724e-03
-1.137500650458363877e-03
-5.657003983193188614e-04
-2.852319215824652824e-04
-1.198746790053094687e-04
-5.561292587160068302e-05
5.790527140168917663e-05
1.884669120868147742e-04
2.598462108488548065e-04
2.534965575982347564e-04
2.251353712982280628e-04
2.288081023371937818e-04
1.425245422175627796e-04
1.613621970591959647e-04
1.728488154230729996e-04
1.769597098731865977e-04
1.848237706767452422e-04
2.439062028664767696e-04
2.644468420487835060e-04
3.608098498154182522e-04
3.392398901625701970e-04
2.944121041641373573e-04
2.907812811778866312e-04
2.268901397011689183e-04
2.111669991876803122e-04
1.283854720566154884e-04
-7.734533539363449498e-05
-2.425495816767155000e-04
-3.322245472826509971e-04
-4.812625203357351529e-04
-5.709223242181255117e-04
-7.425021519148149564e-04
-8.330936205338742044e-04
-8.870914870574075429e-04
-9.169393387484675063e-04
-8.919503523503457014e-04
-8.508305511943682620e-04
-8.653446725065359066e-04
-7.470523408165372125e-04
-6.406883977607952642e-04
-5.275450515030490365e-04
-3.972762622173919064e-04
-3.760802173997772617e-04
-2.641505590478968935e-04
-2.104913864895047214e-04
-2.013578752672414600e-04
-2.072932788265979820e-04
-2.071698709638014277e-04
-1.981738037270367218e-04
-1.500459133284912235e-04
-1.493222252831719911e-04
-2.229974524679552265e-04
-3.147028867954973150e-04
-3.663895314243114081e-04
-3.802326665016072561e-04
-4.472680983431275470e-04
-4.439358586589979192e-04
-4.176339075725212500e-04
-4.499895851103146143e-04
-4.662319108820255705e-04
-5.230644492185757000e-04
-5.234186341636276390e-04
-4.734325728061635342e-04
-3.736200990232888268e-04
-2.793320103249119068e-04
-1.792800260836058745e-04
-2.679727624555047335e-05
1.377985303308530013e-04
2.816872471904903279e-04
5.845955172353104997e-04
9.008570573182773196e-04
1.059933427885919937e-03
1.285611918977863513e-03
1.479770200966039210e-03
1.635309406731128316e-03
