-2.205900913892719535e-03
-1.611379768301524204e-03
-1.533585446056964655e-03
-1.524367433360555336e-03
-2.214357835923826383e-03
-3.195606853523374948e-03
-4.562314165500791496e-03
-6.114559688025633308e-03
-7.322640928652233289e-03
-8.692970198124875397e-03
-1.046106847876887742e-02
-1.139049671624106815e-02
-1.290820925043096971e-02
-1.481542460840296928e-02
-1.612273853546742144e-02
-1.724716399847827167e-02
-1.796403952772808801e-02
-1.814346415181343486e-02
-1.785632194791572647e-02
-1.684447130275058477e-02
-1.590576415948620134e-02
-1.464443619342221253e-02
-1.264175145411258749e-02
-1.095847524364834853e-02
-9.315282659958583691e-03
-7.324708465456284713e-03
-5.903156515763519248e-03
-4.658697461101199595e-03
-3.530723434509025482e-03
-2.676200715582867373e-03
-1.904020558570758631e-03
-1.501719843936127679e-03
-1.024982543483594520e-03
-5.341493742664469744e-04
-1.916631731419986067e-04
-4.672282533632205603e-05
1.162220132153932399e-05
1.300158335043788905e-05
1.359662751944512170e-05
1.828915214058310487e-05
2.171727531297070295e-05
2.177366167298499459e-05
2.599894035019250290e-05
2.687840692353809106e-05
3.309074823434054460e-05
4.626019494618490791e-05
1.087695345708503965e-04
9.416796161629862824e-05
9.765326006211112308e-05
9.784924155760070877e-05
9.785723712658234857e-05
9.787681183181919998e-05
9.787996042836150405e-05
9.788169820160626527e-05
9.788059698981754363e-05
9.787298873266927948e-05
9.182377484370566852e-05
7.865432813227995633e-05
1.614498850761446769e-05
3.714047024629701491e-06
2.287485788168397533e-07
3.276708332722836373e-08
2.449230957677472515e-08
4.917601534368171706e-09
1.524744185735405937e-09
-3.657746636827939402e-10
-2.805075221584606947e-09
-1.050966307872362876e-06
-6.910005986405368182e-06
-8.132672395791376951e-06
-9.006458404094165040e-06
-9.144801849294523864e-06
-3.608369305930856491e-05
-4.647802523685605979e-05
-5.120488027474042218e-05
-5.209865489572387451e-05
-5.761886452963864278e-05
-8.959851494816309522e-05
-1.108414087413617119e-04
-1.117480777433591828e-04
-1.102616160149407653e-04
-1.125085073793698020e-04
-1.238762960556307532e-04
-1.991921270186882646e-04
-6.960784431848436810e-04
-9.845945430126542500e-04
-1.021580258000380622e-03
-1.116516082824282278e-03
-1.155829233276795594e-03
-1.267012075800374093e-03
-1.363999026536119727e-03
-1.562919008471373413e-03
-1.778688728762062255e-03
-2.015903172240679064e-03
-2.064494463438574894e-03
-2.041023894310507909e-03
-1.575455098360947770e-03
-1.352484888306131929e-03
-1.497587523447619327e-03
-1.737403992387169830e-03
-2.023823080937287803e-03
-2.121107060584085172e-03
-2.348052181742064318e-03
-2.374212462665651561e-03
-2.286673568347212960e-03
-2.198183497289851480e-03
-2.228928350893597411e-03
-2.375149371809502034e-03
-2.713879807193331911e-03
-3.229882193994241136e-03
-3.717053945548564903e-03
-3.918493786103992120e-03
-4.005488713484327799e-03
-3.984548565159500878e-03
-4.018976989989626360e-03
-4.202411797408000388e-03
-4.674015769445576812e-03
-5.231776348370801438e-03
