1.096213348851952623e-25
1.940441732193349839e-22
4.090233109756423779e-30
2.765634615842346372e-24
1.854500735544958352e-16
3.498821807342519519e-17
8.806699060597949738e-16
1.052504690665648419e-17
1.281266245320574930e-19
2.157702716799192257e-17
4.902140066300763278e-17
7.146080121216376265e-22
1.117226307565606932e-18
1.182027650799081865e-19
1.180831437329308139e-16
2.711448847730166855e-15
1.642215117192817742e-15
8.949346304126816308e-13
4.652210175893320964e-16
1.062651933541534982e-13
1.664176284882546072e-10
1.688302307511787692e-14
3.681623511101117508e-15
2.711141771600080697e-13
6.593584776537484756e-11
2.739191121125777308e-11
1.265221128890593809e-10
3.196554906570272651e-11
1.452264163680752856e-10
3.602846360074249531e-09
1.465227970310721680e-11
2.173512538172699728e-08
9.173751932919069093e-14
8.648996507334445867e-15
4.862193669340101483e-13
1.018559055847943965e-13
1.556864011714883015e-16
2.979282665721276115e-16
3.192546323095448827e-16
5.635411959692690006e-15
8.460347502435073062e-17
1.605015239739343264e-15
1.389272593488305332e-14
1.030734563844616669e-13
2.602501844391635843e-16
8.489974967675506243e-15
8.422860801266642319e-18
8.796737668437695797e-18
9.842471369170540283e-19
3.363041495853261110e-17
2.914242875230030077e-12
1.293197839399137080e-18
1.885620026233558604e-23
2.190502557793629751e-29
1.280509918057486796e-39
9.245307524291412729e-45
3.768948603854034207e-74
6.376592971690024307e-90
-2.024703424524500752e-37
-7.832902243407001610e-31
-4.299784300538699243e-23
-2.355116672357861384e-23
-9.141116021512698383e-21
-3.004407192983444854e-11
-1.654710671015510405e-14
-1.002019601502033878e-13
-6.045477193860761296e-18
-4.046992362994939353e-17
-4.608034271243524489e-18
-4.200451588530469128e-20
-3.736230747448574438e-17
-1.808889920200542112e-21
-2.566698231334283790e-18
-2.322212000150376716e-21
-3.265782033707528471e-26
-1.205466556187913752e-24
-2.291534361294526277e-34
-2.060158258021624522e-34
-1.477917968561002071e-42
-3.142753902173106961e-49
-8.546836792404277566e-39
-5.161978533298523666e-28
-8.976563849452309208e-25
-4.439754796613014113e-35
-1.413740400339222830e-25
-1.191780820561208400e-22
-7.382960963183861822e-30
-3.913956802684531885e-27
-1.466970855953566432e-28
-3.662350054818490464e-81
-4.553902837742732776e-56
-5.143380775866582306e-56
-6.252599278664355869e-30
-1.443193831218513550e-36
-6.914473672492197520e-79
2.776812963363685080e-63
-3.388341969208968571e-51
-1.695023434752391896e-47
-9.081377265510097550e-72
4.475956631621578363e-81
2.924133311138710390e-52
9.029160350959864183e-44
2.419035044029540972e-88
2.468931641996515839e-27
1.767428425127548223e-27
6.838398788123930374e-18
2.462698648966340576e-16
5.266528659683211065e-15
3.077895186130200091e-15
1.119586843422024577e-12
1.244896614531733440e-11
4.095094170796230343e-09
8.491938644550630142e-12
1.361016036187094575e-11
9.382214823499186421e-13
2.406504248619872126e-10
1.373890440672441946e-10
4.186423845251409315e-11
8.094654115968594135e-14
6.245533291869721258e-14
4.457075288094599864e-14
8.319224618443124160e-17
6.441888307474581787e-14
1.911475731451895895e-12
1.620396220165473120e-13
2.062234406034186179e-09
1.010041498829450236e-11
4.443685859659423059e-13
7.194975701584383427e-14
7.520726252092209911e-15
2.442983169290547737e-15
1.314068060353243729e-12
3.289854832502880476e-12
1.068052626911692881e-13
6.659502470132508861e-14
1.439542081354013532e-11
1.271505573072837248e-16
4.813718910780767637e-17
2.153202516982594221e-21
1.359261770734261185e-23
8.320861240776580195e-21
4.715088462287031672e-20
2.503034434039391728e-22
4.041526890846572700e-27
4.292521715447344359e-22
9.927720139919312388e-24
1.102247850659393435e-23
9.194182213969958214e-28
5.700174862422488757e-32
1.258402558636379701e-33
3.897462875811266737e-55
-1.911205421375652760e-38
-5.063449926282226808e-37
-3.846379900171208000e-17
-7.848529126259584319e-31
-1.434503206360538755e-33
-4.275827520572474774e-53
-2.530500627929443711e-73
-1.151050873132952364e-71
-1.650397816115906305e-33
8.149702199695828907e-99
9.960592031034542742e-39
6.126202281437552553e-42
1.543953331709594609e-25
4.075446269449456857e-26
3.193692148113197999e-26
1.741815787948415850e-26
2.066955583202434511e-35
