4.479871402046913631e-09
4.594517372834496952e-09
9.849465566855113306e-09
1.009055029399483824e-07
5.288198334333372610e-07
4.851923379648069223e-07
4.868028416544550044e-07
5.379809510038875761e-07
6.239720388970450309e-07
5.807246581923889067e-07
2.264059032549717284e-07
2.279537017814790077e-07
2.345270409196763515e-07
1.835238280436106899e-07
1.180972400702416753e-07
9.934328203064453581e-08
8.032163214836038631e-08
3.679617222413586572e-08
2.833876321468011707e-08
2.761198769569009163e-08
1.869956024068958422e-08
2.370092499313930198e-08
2.373075572557894819e-08
9.297481216537017639e-08
1.011642261411596464e-07
1.009965283476324556e-07
1.326175846730866614e-07
1.286481721496613417e-07
1.285785645240613585e-07
5.924892084280278299e-08
5.064779891453006444e-08
5.058467638951871049e-08
3.923986605330485833e-09
2.566473846349608237e-09
2.534493179310035936e-09
8.859838440755217927e-11
2.722733537973161844e-11
2.506616374824273641e-11
1.940153474042681051e-11
9.726337731460245276e-13
7.803267686508538014e-12
1.058959316658226206e-10
1.165520571259861140e-10
5.496966170448246891e-10
9.214572260925725010e-10
9.278797812496948713e-09
1.916701781349172133e-07
1.463320306218197171e-05
7.190714523517029166e-03
8.428640568665527258e-03
8.868964254533283353e-03
8.869001437741018401e-03
8.869028103424046391e-03
8.854613370500061947e-03
1.678682446420808440e-03
4.408053098591004602e-04
4.813377298299442841e-07
4.358122393530332790e-07
2.267479898972951144e-07
1.998499974661012356e-07
4.944296569844498523e-08
1.012343266143531917e-10
1.573386291878494599e-11
4.016845268241422146e-13
6.030245497979469642e-14
4.314170749958529102e-18
2.265653475962865281e-18
2.262896939104552677e-18
2.260859822833859955e-18
2.260859822754749301e-18
2.260845537845274975e-18
2.260845537160051827e-18
2.260845536688235198e-18
2.260845536680110085e-18
2.260845536675608801e-18
2.260845536675248267e-18
2.260845536675215141e-18
2.260845536269200220e-18
2.260845536269200220e-18
0.000000000000000000e+00
0.000000000000000000e+00
0.000000000000000000e+00
0.000000000000000000e+00
-4.115463044661069157e-17
-4.115711592192892860e-17
-4.273998793984557067e-17
-5.412801513327569955e-17
-2.034673581121542345e-13
-1.239624590173653268e-12
-1.239587157737359544e-12
-1.239587657927984978e-12
-1.240968277374311610e-12
-1.241837260834053927e-12
-1.038428401982914026e-12
-2.271628008316151311e-15
-2.272136227905097989e-15
-2.271640678559455821e-15
-8.894383610589913460e-16
