-3.474919200735831825e-05
-1.578148823878941336e-04
-2.627243013550132505e-04
-2.989611866453711279e-04
-3.064717264573931020e-04
-2.661073436578024836e-04
-2.511710061175837731e-04
-1.848022673055899588e-04
-1.632553229208099190e-04
-1.794857608488989193e-04
-2.344129697008119758e-04
-2.866431157628304737e-04
-3.680273339111198288e-04
-3.865430494632141663e-04
-4.104057812664966176e-04
-3.992341033042958831e-04
-4.538809567568577517e-04
-4.034100974180284392e-04
-4.027384726807464645e-04
-4.083434696394250903e-04
-3.623441681646268758e-04
-3.664183764161036642e-04
-2.684874099086142466e-04
-1.300387936427445043e-04
1.272083524309942926e-05
1.384883754441339860e-04
2.905584723319330656e-04
4.137300897629268663e-04
5.535622843991797265e-04
5.381598672029703177e-04
5.785207442826563505e-04
6.335588844999138439e-04
5.940473953017106354e-04
6.464462426717162286e-04
6.393429925715207350e-04
6.240797072940609249e-04
6.046561418483749166e-04
5.568237282278431718e-04
4.346203784782731185e-04
3.453380947655404053e-04
2.763275770199595765e-04
2.123114345230133490e-04
1.684144088035974772e-04
7.006881758812062570e-05
2.265749702745982182e-05
-2.044620323979943775e-05
1.440457128960570543e-04
1.189264669673983221e-04
9.908657981645996066e-05
7.396836210645236066e-05
1.375548532464773699e-04
1.100421046045133255e-04
1.159719854958018444e-04
8.988426476231695670e-04
8.539377809913916003e-04
6.060111124928724887e-04
3.484091647874822616e-04
1.951445864040866798e-04
-1.242966696682722008e-04
-3.170077620810261691e-04
-5.245322387011252434e-04
-7.646423478826721611e-04
-9.899311317205321519e-04
-1.329853374693403889e-03
-1.580403322115456893e-03
-2.517075415531493457e-03
-2.635728491960014769e-03
-2.526855109453763053e-03
-2.413552006914133994e-03
-2.442481700965276527e-03
-2.824127132116567313e-03
-2.866902645880975171e-03
-2.892402564632429434e-03
-2.845770136390827956e-03
-2.817855301773943694e-03
-2.642232721386385524e-03
-2.642282256761588691e-03
-2.606616839019755549e-03
-2.575118175105358537e-03
-2.621409997734656504e-03
-2.680591255467024234e-03
-2.811251729352183971e-03
-2.594674503476879484e-03
-2.537957634767398774e-03
-2.444039124692117156e-03
-2.394537361653020432e-03
-2.334499092256333511e-03
-2.236462972776478118e-03
-2.025408092528051002e-03
-1.925436664304917486e-03
-1.852719068351759866e-03
-1.703500427470777462e-03
-1.507600601856508423e-03
-1.221174342832228969e-03
-9.395891853046014217e-04
-7.671773767834533589e-04
-6.529848301241348045e-04
-5.210362923497508566e-04
-4.272331479972788274e-04
-3.479645510510358882e-04
-3.041446215787891520e-04
-2.494940964573783330e-04
-1.896353906650384959e-04
-1.145515643014302447e-04
-4.763640082569903011e-05
3.448463490324905163e-05
1.619232516683304232e-04
2.159807081301291082e-04
2.941802434949265929e-04
4.471137953355810990e-04
5.937357216461381032e-04
7.499927939375720422e-04
8.782011783153013300e-04
1.006000186402748004e-03
1.141515945780396772e-03
1.284948247172397733e-03
1.577857223135272846e-03
1.700400378706535447e-03
1.775036297640599468e-03
1.902249772292166803e-03
1.996790244469666756e-03
2.017227318529128330e-03
2.219912948772471278e-03
2.287838321229374635e-03
2.366321019927169946e-03
2.452458163320439880e-03
2.581380446316429000e-03
2.769185542004183685e-03
2.726862546970811995e-03
2.940164041723281833e-03
3.054255250701406327e-03
3.207526458774817655e-03
3.379416178505305259e-03
3.503561685444819482e-03
3.439591643759405248e-03
3.513960166605807709e-03
3.616441581918654943e-03
3.835422006468995702e-03
3.837957424233937390e-03
3.795901338501146347e-03
3.827716886543453337e-03
3.714001769432209981e-03
3.689944522596225965e-03
3.631685013638757172e-03
3.527747733520122594e-03
3.468399475380067390e-03
4.069274569181337807e-03
4.125835282176494416e-03
4.106000675236702764e-03
3.873220655093807026e-03
3.826138889283341171e-03
3.653446315352525207e-03
3.667680033126895309e-03
3.484666547343910192e-03
3.286448457894207767e-03
3.396789474731156614e-03
3.248427612274514421e-03
3.093314255531931772e-03
2.284690770803199725e-03
1.997448764219986097e-03
1.750457039041200145e-03
1.584199582007007369e-03
1.396708123200006381e-03
1.255825539048678651e-03
9.322499299301486306e-04
8.440455626036405144e-04
7.400056753469548597e-04
2.932006701727133020e-04
2.285172949131536251e-04
1.079332382891855821e-04
-5.169328369064175296e-05
-1.752101488643146177e-04
-2.970850259082784446e-04
-4.376747143267420014e-04
-5.097926929206833026e-04
-5.384646754141292476e-04
-5.558369556645713317e-04
-5.303619843894415153e-04
-5.137153160288081407e-04
-4.629289040015162056e-04
-4.780991694916973743e-04
-4.395198563045671619e-04
-3.714357045569062900e-04
-3.191935909416784086e-04
-2.515280841048066099e-04
-1.205149476965436527e-06
-5.708254269949507912e-06
-2.219756920709361374e-05
-5.178019104919367939e-05
-1.047257096254554544e-04
-1.659045365005951459e-04
-1.779628285544602182e-04
-1.723602211746827451e-04
-1.501809028330183360e-04
-1.064981339593254803e-04
-9.849855725228906305e-05
-7.348218603584333178e-05
-1.858945605684115740e-04
-3.042559460939909307e-05
7.457738328231663905e-05
1.903954063613437400e-04
3.172691083393242885e-04
4.383063012587245784e-04
4.676230439772327357e-04
4.722177678606453294e-04
4.549905338340376904e-04
4.779779231752182716e-04
4.794769149775788392e-04
4.901774500736675233e-04
4.897143260243226994e-04
4.580101103094083234e-04
5.445592909114523863e-04
6.070968225638242403e-04
5.913779224245733828e-04
6.397878883820380235e-04
7.207373247489675663e-04
7.829715185787661192e-04
8.160723978282526971e-04
8.367041448423582313e-04
8.998185942050373164e-04
8.873811142231976526e-04
8.809427898009673666e-04
8.436809961845240582e-04
6.967092924376534118e-04
5.733378372516318919e-04
4.605675159100986013e-04
3.671363500528133992e-04
3.317363695549867199e-04
3.215897979488445868e-04
3.404794268256675603e-04
3.491931692463389782e-04
3.517071817005488522e-04
4.307864300942830017e-04
5.033819692681595600e-04
5.699768428129261448e-04
7.091558234804483775e-04
8.160049382951763131e-04
9.281430517463339774e-04
1.005622049851618129e-03
