1.074373553324981748e-03
6.528478193644208409e-04
9.512254001088585754e-04
1.163890259830798694e-03
1.627088806412400890e-03
9.595008280082804961e-04
7.134047491069906875e-04
6.441005582944230512e-04
7.149642722657521604e-04
8.107315936379432464e-04
5.649168690148532925e-04
1.054980549032878689e-03
6.108047318508728202e-04
1.639412221633648314e-03
1.177420398062569871e-03
1.237084946393619996e-03
1.215339770090884033e-03
2.912558357679533982e-03
1.748022396797054099e-03
1.214085891452864382e-03
1.223062445054010593e-03
5.245424344659846937e-04
1.585701915566434641e-03
2.475861863326052348e-03
1.264380542698283075e-03
1.242413871688863389e-03
2.275115636135292742e-03
9.166986973375796863e-04
7.275400460704776638e-04
6.265288368134115356e-04
7.193068273438852018e-04
9.225675416123159823e-04
7.431637487488888718e-04
6.832964305021752612e-04
2.299627741338588442e-03
7.478424194190422215e-04
1.195762154165589970e-03
1.020664242852666916e-03
7.321523853382648972e-04
9.759249751751429775e-04
8.922346477049083666e-04
9.185753123471112084e-04
7.175692640118396665e-04
1.368181527207465832e-03
4.627471258384475246e-04
8.981094022580868828e-04
1.883132640823287915e-03
1.874000183162471316e-03
2.022599690886796048e-03
1.680267156797874860e-03
1.406895252777011582e-03
1.805256968446020301e-03
1.795358760821983693e-03
4.360696959166785770e-03
5.169630159252281212e-03
2.444794761308833816e-03
-6.498744928098769370e-04
5.013678952165142666e-04
1.048812432825628081e-03
6.492073533547710685e-04
1.887605216474971728e-04
-2.117568268649097499e-04
1.055062296444131445e-05
-4.458972900499587181e-04
-8.265083112123711899e-04
-5.200387422934835266e-04
-4.487319729987383939e-04
2.345736829781999201e-04
-5.835380764036866093e-05
-1.227862651276560759e-04
-3.115918661994887149e-04
1.843080883222905598e-04
-4.463414977014025530e-04
-6.628668039194719188e-04
-7.162609383554825390e-04
-1.997239971227652601e-03
-4.591241032777969820e-03
-1.857278703242626859e-03
-1.252212220507332172e-03
-7.422960327333834232e-04
-1.317082184438533908e-03
-8.090251423502395605e-04
-1.061150886253335980e-03
-5.629267199542891623e-04
-4.517272424678616186e-04
-1.509637551617597391e-03
-1.292451357679608821e-03
-1.836661189092423209e-03
-2.434711878682200778e-03
-1.415666942844668978e-03
-1.198408330134405255e-03
-1.827447416773027170e-03
-1.126419701872809253e-03
-1.022228512669569583e-03
-1.474680372425017389e-03
-1.243484509116537119e-03
-1.703804357686261204e-03
-2.035198057736700185e-03
-2.502994657221345193e-03
-1.692291162946135382e-03
-2.056718898532545591e-03
-9.790492581386995002e-04
-9.038990614802998010e-04
-2.970335817320920633e-04
-1.257479956529929685e-04
3.673329137564279980e-04
1.078500397719531819e-03
8.919935693746072454e-04
7.388629209609454867e-04
1.747006601863115502e-03
1.923516329289353928e-03
3.761093119844214488e-03
6.933367915302071291e-03
1.093989047891013623e-02
7.794481456892711838e-03
4.504339377836858588e-03
3.653380268273778535e-03
1.897915875738046118e-03
1.064380592815494797e-03
6.223180707283065263e-04
6.056330747046172278e-04
8.327183304197076320e-04
5.066520445069753759e-04
1.011666625154256744e-03
1.475099431723601645e-03
1.325784044779987868e-04
8.995127049630110248e-04
7.709535992802471743e-04
8.574776927076115845e-04
1.295467984404930634e-03
1.772488446739238282e-03
1.811754974400381617e-03
1.085230662421236749e-03
-1.485604748068063943e-04
-4.117177948313502887e-04
9.774794530952161421e-04
1.387635881189127653e-03
1.734743157170186767e-03
1.510452045363090473e-03
1.518768802714281965e-03
1.172565156617056542e-03
1.266889259111703657e-03
1.019831269973831608e-03
8.126771723804912138e-04
4.669686485620540024e-04
8.786515050468276427e-04
3.692477494097794145e-04
6.279746509867938781e-04
-4.388595050548205233e-05
3.261431000984882389e-04
3.573805788332809724e-04
-7.955903677131201434e-04
6.849318445590284578e-04
-9.275494708465900759e-04
6.253796145964227626e-05
8.655693869852058766e-04
2.636149674122000366e-03
1.952183305620347952e-03
8.493975289550349372e-04
7.622604695087620112e-04
1.604758056483540846e-04
3.803485289873599628e-04
5.883581225282603043e-04
8.084253884892017312e-04
7.973247383346018704e-04
1.026297193417510540e-03
8.515262042660868115e-04
1.221086816532768135e-06
3.400416409774828074e-04
1.176066790567467988e-04
2.028891055868342131e-04
2.819693530008825092e-04
-2.715322253097086631e-05
-1.231441147004949774e-04
1.627712758309928648e-03
1.382024235234034651e-03
6.135699175748083505e-04
2.865884557951883229e-04
3.109502715715357088e-04
6.798766723917050794e-04
1.011842126413409464e-03
1.745209404244384393e-04
5.978343237693924768e-04
5.164684314427081275e-04
1.039648215445577182e-03
2.730423131428281070e-03
1.471232138782154657e-03
4.744178661033705900e-04
3.893943954536079489e-04
6.472383386424259083e-04
7.512701359654143374e-04
7.714746961362238271e-04
4.717826861749854252e-03
5.817149164151005913e-04
1.192749508656420397e-04
3.593773967616956940e-05
-3.328835923956204772e-04
5.130324409269639978e-05
2.902860902354755641e-04
2.925652388137221630e-04
3.072455815833772586e-04
1.531089407386257233e-04
1.611481054185175121e-04
2.122599527408978277e-04
-5.031838771123455737e-04
-2.973368196932393783e-04
-7.216650398264718965e-04
-8.058547968040977996e-04
-2.340453157513424168e-04
-5.608123160821474451e-05
2.947733324315545246e-04
3.047523688470494055e-04
8.533435561209487216e-05
2.730570371194345316e-04
-6.814507385333239088e-05
-1.927699635645286193e-04
4.200506427562482282e-04
-1.467614280029809839e-04
2.351339303366032198e-04
3.442268921032024475e-04
9.544828333093385386e-05
3.209982881236609622e-04
-5.752546934766661520e-04
1.006828597570123243e-04
1.946897206215295495e-04
9.081127853115535608e-05
1.099588048312428903e-04
-1.142203464479955502e-04
1.805469060672010469e-04
2.466633935656336349e-04
3.793370300491790098e-04
2.355592745292104664e-04
2.637948451586096844e-04
4.294897714375219022e-04
1.911962163792872672e-04
-1.742624863545124626e-05
1.110850213683113336e-04
-5.771467014511202042e-05
1.996736387263135879e-03
