8.792176828496579138e-03
9.011534911989737065e-03
9.668139571614350544e-03
8.672951003326191677e-03
8.111971777956507312e-03
7.516432806324542699e-03
7.392483579155441527e-03
7.414307786318900806e-03
7.934760621924686133e-03
7.902632429276499476e-03
7.675919677029015981e-03
7.361388440035625085e-03
6.762087532800897111e-03
6.253471287698937620e-03
5.484566619581402423e-03
5.238143181905920674e-03
4.978893671790727941e-03
4.920019626298910605e-03
4.661356258869691488e-03
4.192530601587049141e-03
3.126646434934899580e-03
1.862087123878312890e-03
5.958158127183687050e-04
-7.617518126159274205e-04
-1.659390436603345445e-03
-2.523165935338562201e-03
-3.347800654462077582e-03
-4.652994149580070259e-03
-6.476480445748679891e-03
-8.449885658441199862e-03
-9.905432027582384766e-03
-1.066173478474042279e-02
-1.137203711491793084e-02
-1.214428811956249667e-02
-1.243257865258402990e-02
-1.253076709218877566e-02
-1.236539530285833861e-02
-1.190409305949330886e-02
-1.127039770365048654e-02
-9.880708267424572269e-03
-7.535399988790408843e-03
-4.921233974553224262e-03
-2.681788855004807026e-03
-1.347478249860908700e-03
2.453536970796526477e-04
2.609378088221117348e-03
4.945085457958033580e-03
7.211293588526283826e-03
8.515462399369216201e-03
8.985952591685917451e-03
9.250754198567646622e-03
9.055436414797037037e-03
8.379394569221636918e-03
7.434008492844829813e-03
6.358429586578139003e-03
5.618287003627434745e-03
4.750590254530745286e-03
3.783270774824547007e-03
2.551273479654428324e-03
1.427499088823398548e-03
7.110150348118533326e-04
3.458133499387794417e-04
-3.729500129238226552e-05
-8.364644036494141115e-04
-1.450447532919633227e-03
-1.889617133221166423e-03
-2.037819601607671408e-03
-1.893175333424033371e-03
-1.082422994245821725e-03
5.245325929543869512e-04
3.701120498247549573e-03
7.950413976119374490e-03
1.245296192451698404e-02
1.658958970350827428e-02
2.120537938376413148e-02
2.643650713804769972e-02
3.155643387925138182e-02
3.652745187277215561e-02
4.111938385951741798e-02
4.529315060421034572e-02
