1.541930940275347203e-02
-1.457093052556700241e-02
3.248760407979054896e-03
1.779728282281101137e-02
1.693438997079893191e-02
2.041256092823605112e-03
2.312126712372294599e-02
5.476554616414105320e-02
9.141596744486051463e-04
-3.756967221342340235e-02
1.192592335997287849e-03
-4.197719064919303369e-03
-1.021025944199972259e-02
-9.922365104517015533e-03
-1.458681433105250488e-02
-1.598144182378128525e-02
-1.139958877986125586e-02
-1.395044246056997318e-02
-1.500963586547020452e-02
-7.610205875288092447e-02
-1.331295677103568401e-02
-2.449795820325579784e-02
-4.999923786836208903e-03
-3.212536253200495504e-03
-2.575716822499667363e-03
-3.316439972407058540e-03
2.208037945899509044e-04
2.297202878046336952e-03
2.997058134495796371e-03
1.845493989060632486e-02
1.349996279492593140e-02
1.827839530817794433e-02
9.859481244545064554e-03
3.958007203049444811e-03
1.722139594810702043e-02
2.652953072515086899e-02
2.612629311774816721e-02
4.331462500338231075e-02
4.860986332823281214e-02
1.021681091736706265e-01
4.623478803913077390e-02
5.555266997114538530e-02
4.520744823214565417e-02
3.922663775196939123e-02
4.437026808702881908e-02
4.793243860226280295e-02
3.637201849788978397e-02
3.601986344527951384e-02
2.642255314647575307e-02
3.282033562788665149e-02
3.306399356873629403e-02
1.486568742139490057e-02
3.764181805751576348e-02
1.524879219826217464e-02
1.417439856294585611e-02
1.721984834269377554e-02
1.130543881370112136e-02
1.736692071820667566e-02
2.146908342510944409e-02
1.022122476182428345e-02
1.142945343957605352e-02
5.354124815435074534e-03
1.017020759606503772e-03
3.535522699077648778e-03
7.842282549473615486e-05
2.568143819232489042e-05
-2.175226335846917273e-03
-7.159367878813622816e-04
1.326847067499490078e-03
1.044680266164860856e-03
2.800189498488233134e-03
-5.240835880764134480e-03
-3.723371089783772490e-04
5.954207824106974925e-03
3.526005235519136770e-03
-1.374488739542273222e-03
-2.554231000048437072e-03
-1.405905332504227756e-03
-9.364681373218065744e-04
6.514324743434697640e-03
-5.696831526596541836e-03
-1.733509052540370757e-03
-1.848502250551695624e-03
-6.426723821966449403e-03
-7.444343585782001865e-03
-8.035228498091949792e-03
-5.617671357366243665e-03
-8.388010939460838547e-03
-1.296253574490903102e-02
-1.322407943651622043e-02
-1.297516018041226793e-02
-1.204595898032820474e-02
-1.028145645208265388e-02
3.267842127571238698e-03
3.505559432467786080e-03
-2.243078902996443157e-03
3.836015098030211030e-03
2.709156468299947756e-03
2.218511352823629088e-03
3.694499978929654746e-03
3.807953284169450763e-03
3.366382816081858135e-03
1.720912935980334910e-03
1.964843868562398625e-03
-3.136654062705051659e-04
1.562776463863019922e-03
-8.747829271056325540e-04
2.172879381016709025e-03
-2.631127348605551142e-02
6.403731523130628406e-03
5.269144970465327801e-03
4.703929504281255565e-03
3.392529308435773480e-03
3.929145428118356077e-03
5.615916482487127818e-03
5.442798136783655143e-03
7.150360683540701173e-03
1.484207453904896890e-02
1.107665527737845823e-02
1.467298660060633621e-02
1.127367818337382359e-02
4.774425232744144813e-03
1.000481454073403990e-02
1.082964232985271502e-02
1.138524818257703741e-02
1.571516368594789645e-02
1.438384879173880762e-02
1.896945840582691528e-02
1.393921838668598506e-02
1.574486911775067888e-02
6.145218963889508175e-03
6.481092477697051116e-03
1.001162378023018155e-02
4.288658718654386748e-03
4.125436158871587447e-03
-1.098958756850199753e-02
1.956612997425029657e-03
1.519525453286870581e-02
1.638277261735547261e-02
2.773619634222522848e-02
1.277602481814377709e-02
4.281446666024586560e-03
8.287977961881543357e-03
1.219059018497953978e-02
1.340458451403542597e-02
9.323100891551246855e-03
5.734078195685609301e-03
2.671007168478354080e-03
3.351652789533636490e-03
1.546599657394230089e-02
1.743629274807602034e-02
8.703344433245102998e-03
7.097044636598435693e-03
-3.379256129890928929e-03
1.221801536241292913e-03
3.451523179232922345e-02
2.807934804766587175e-02
1.644596262099365033e-02
-1.090848204823423334e-04
1.530325171473080224e-03
4.946748538013787111e-03
5.003370579507680597e-03
-3.209454154046436237e-03
1.459721901008513220e-03
-4.245610599794365572e-03
-3.251166411074082538e-03
-4.570440863026574950e-03
-4.869767340827717284e-03
-5.425090404042325239e-03
-6.549338584513952899e-03
-5.675599375759719269e-03
2.201575226496381432e-03
4.293777371849356352e-03
-9.859718521676547401e-03
-8.608958092796986997e-03
-7.391628484625509775e-03
-2.130533083471545640e-03
-4.106068336767043116e-03
-3.877174358629791387e-03
-8.330498585162979253e-03
-8.982173803920129318e-02
-2.379898063793289310e-03
-2.272464142779902999e-03
-1.908918752158630635e-03
-3.793075175820392018e-03
-2.413599788014491113e-03
-8.129385373979789017e-04
-1.245642032639679626e-04
-9.974048645729838639e-04
-4.954048143348616573e-04
-1.820098557756555380e-04
-1.156405976610947383e-03
-1.534411661820878330e-03
-1.213010791947219435e-04
2.286948560113713242e-03
8.195111969525066932e-04
1.194748169915800864e-03
1.358647847248137903e-03
2.281609246299702836e-03
3.118328732471846269e-03
6.236890907781505490e-03
1.126214548138918664e-02
8.243872906903664324e-03
8.956052791267722288e-03
4.051199112715213151e-03
3.125243674477940284e-03
1.354444140320424554e-03
1.227838255429519959e-03
1.512264655269967770e-03
2.275052326824335129e-04
-1.519788796834718216e-03
2.163683990526854128e-04
-3.046430016086239690e-03
-2.738047397410813856e-03
1.684385272256453759e-03
-1.718062873944678579e-03
-5.977176769149683891e-03
-2.832277265929536783e-02
1.231214438734612102e-02
1.269401486783409104e-02
1.044655374402500732e-02
1.103102057613255735e-02
1.124784925748402442e-02
5.468884591182820824e-03
4.429629206230222167e-03
4.175133097877098062e-03
1.707262825775426093e-03
1.935549320564304869e-04
6.882487917737185575e-04
3.795472390237350393e-04
-1.886289077174560166e-02
4.055408475252604046e-05
-1.409255061043024684e-03
-1.096331481425944117e-03
-1.414608041244272191e-04
-8.299120527076973429e-05
3.330840179688904657e-04
3.016894395464669908e-04
1.561501803531901685e-03
