1.909595838257139959e-03
2.083845317713266254e-03
2.041872491314397717e-03
1.913024538672993512e-03
1.811658310475437305e-03
1.726783187573241842e-03
1.690248896487856920e-03
1.605649247443081658e-03
1.657294232922736782e-03
1.800114552876362324e-03
1.973922007475428612e-03
2.080659830142564393e-03
2.047898734627868773e-03
1.996502417050381468e-03
1.704818314209930082e-03
1.360508950498429169e-03
9.948481447003829688e-04
7.000078032674141677e-04
4.623873907065644624e-04
2.279564652125518553e-04
1.405655178552149478e-04
8.677264308272108269e-05
4.882867459601105157e-05
4.767385085689670787e-05
1.185058376611811056e-04
3.121464891423817258e-04
6.557856750468737429e-04
9.742338595684329463e-04
1.480517526943532199e-03
2.170832624515248253e-03
3.049438919145437080e-03
4.003383807999259629e-03
4.858513635531645607e-03
5.723156579388848607e-03
6.601868065230838412e-03
7.635953291341711184e-03
8.709258397419794226e-03
1.003448621986496002e-02
1.139428765374856690e-02
1.271573905457048376e-02
1.386897208560662099e-02
1.470753113279743736e-02
1.511373220736717503e-02
1.494667259812112146e-02
1.486670027979679169e-02
1.506730904257786753e-02
1.539288011600108315e-02
1.613170659669401277e-02
1.729936763873799258e-02
1.842103249489046232e-02
1.900869051175365157e-02
1.896014898917757277e-02
1.842513910958018183e-02
1.735302296997849603e-02
1.585870564415683623e-02
1.453102112293122063e-02
1.363295117525973633e-02
1.288577382820395821e-02
1.241494100825068191e-02
1.171493558947765690e-02
1.093917757489625865e-02
1.011087749148845312e-02
8.922441908557688858e-03
7.734934956194571172e-03
6.401588774345378340e-03
5.331349221103544311e-03
4.415182921210136953e-03
3.404318261373453624e-03
2.615292214049015889e-03
1.987595404212872795e-03
1.489337946207653545e-03
1.005780426142022016e-03
5.877515487159247660e-04
3.215023646585194036e-04
1.318654232428289122e-04
1.983999902104681756e-05
-9.638838190084701881e-05
-1.821470820098560622e-04
-3.321962883445232686e-04
-5.222610237142986380e-04
-7.157873878037251773e-04
-8.492820020493027080e-04
-9.221705506918904602e-04
-9.945522311436054506e-04
-1.061849609532976085e-03
-1.109324747413506810e-03
-1.182392990764072555e-03
-1.246945008638435191e-03
-1.376136723861771114e-03
-1.458165881906565335e-03
-1.473351733378813755e-03
-1.545218059525032802e-03
-1.596590962515964445e-03
-1.709889467569509396e-03
-1.718005488369616978e-03
-1.736899715969194820e-03
-1.816861178935861264e-03
-1.860987342201379140e-03
-1.939323058118171475e-03
-2.027014412114969480e-03
-2.250410966733209107e-03
-2.694830167315710821e-03
-3.181764500552658470e-03
-3.726923478520464614e-03
-4.251276440407334746e-03
-4.730616099631118447e-03
-5.215773303616527690e-03
-5.400474599514641649e-03
-5.286041933076191836e-03
-4.969971972060571903e-03
-4.442012745787228371e-03
-3.817142257326378452e-03
-2.965660252155071300e-03
-2.143739157464591687e-03
-1.471288430150297826e-03
-8.914139463466699441e-04
-4.990478903896029437e-04
-2.142577799584619166e-04
-1.499349022396736023e-05
1.086055602185160754e-04
1.826579666003131329e-04
2.553617022983135899e-04
3.181679955288992849e-04
3.507226600903488975e-04
3.197889871754710286e-04
2.767713389524592365e-04
2.419777013327964346e-04
2.033720425069887637e-04
1.756901783022825998e-04
1.893359475892211492e-04
2.271008680555416633e-04
2.432008697329496706e-04
2.412829198301163428e-04
2.299272765175799612e-04
2.245070313572065284e-04
1.769576451040077764e-04
1.256297673483981064e-04
9.031192263340460935e-05
5.238724827729977952e-05
2.143123727959327725e-05
-3.588198887151495078e-05
-6.450567545876661677e-05
-8.764003362283591446e-05
-1.142412285074165539e-04
-1.280626076031803561e-04
-1.643678017132961262e-04
-2.198092457909371731e-04
-3.186914136261479423e-04
-4.810887066749410163e-04
-6.600563040944574167e-04
-7.905540686031550107e-04
-8.778068050752343065e-04
-9.270035136470521119e-04
-9.125126071097763858e-04
-8.617643820369446121e-04
-7.696364748107147003e-04
-6.822912041197724256e-04
-6.285329496034979457e-04
-5.666526847931649446e-04
-5.271055471673383912e-04
-4.803485657563174617e-04
-4.646568361298909419e-04
-5.262305042080982686e-04
-6.161327695036913736e-04
-7.887078666471282300e-04
-1.024520960019889007e-03
-1.192147502757667918e-03
-1.370212680698678189e-03
-1.533010510585999277e-03
-1.702313465346563586e-03
-1.795277626151692849e-03
-1.817033868616836243e-03
-1.768908792778711844e-03
-1.632751780625035310e-03
-1.494686317808642745e-03
-1.343379347087035993e-03
-1.198631257022190989e-03
-1.024850601968769863e-03
-1.027526592753073148e-03
-1.145019881805904496e-03
-1.472417724398559320e-03
-1.863513557333453278e-03
-2.456748824968494477e-03
-3.202614791299250845e-03
-3.799645931102237778e-03
-4.254047673159765293e-03
-4.444764119959633726e-03
-4.494311335168059938e-03
-4.264382993085874540e-03
-3.943309002138438608e-03
-3.783464974996070696e-03
-3.772842733714577151e-03
-3.846835467207020739e-03
-3.976660711351381362e-03
-3.997798568349382638e-03
-4.007566642396236632e-03
-3.812452462586678192e-03
-3.484495952199998751e-03
-3.089809362047844180e-03
-2.644937707973170956e-03
-2.324243093804824727e-03
-2.027081478669909721e-03
-1.859734466725868063e-03
-1.712344304571978724e-03
-1.756398577296912041e-03
-1.981682996763020881e-03
-2.246032656331173674e-03
-2.563204608651056121e-03
-2.922557529557466560e-03
-3.285043603957561124e-03
-3.311037923615554445e-03
-3.158630641136072562e-03
-3.156628288415848360e-03
-3.135807422553581972e-03
-3.118290397313651721e-03
-3.156705724602729916e-03
-3.176272197344257638e-03
-3.192740629833781818e-03
-3.132841524349347720e-03
-3.056455325520251402e-03
-2.908878122759769088e-03
-2.701415214529323972e-03
-2.619076440378771773e-03
-2.609426085064126075e-03
-2.671279757907422513e-03
-2.612424106840009405e-03
-2.528933969504945645e-03
-2.471057793143566477e-03
-2.494927023072121986e-03
-2.488586473637440129e-03
-2.368571871252671875e-03
-2.386418437835183433e-03
-2.501967357332265680e-03
-2.661314338050609768e-03
-2.870431045582916892e-03
-3.054747474560388833e-03
-3.099887445405983752e-03
-2.961996678625719581e-03
-2.833181733177143283e-03
