4.152223692760494828e-03
4.246174347139124866e-03
5.106819855419405738e-03
5.351888531077737300e-03
4.909137059682038007e-03
4.739572197244934851e-03
4.367939357547174530e-03
4.379525331285519414e-03
3.993840304372511807e-03
4.152162277206577178e-03
4.497362359954172779e-03
4.656299529247781913e-03
4.696988716524579284e-03
4.669174395682299319e-03
3.954293080431394401e-03
3.629138992432331262e-03
2.928503917849867993e-03
1.892204396023239353e-03
1.270015551542534940e-03
8.733166254485313570e-04
4.668293720675157255e-04
1.788911840973055208e-04
6.545642315799961222e-05
2.845578116544471639e-04
7.222577715423685344e-04
1.252934656966100263e-03
8.215959409690844943e-04
7.667135931685079399e-04
8.024313838762294577e-04
1.318474600694594578e-03
1.133414851179659214e-03
1.358802468497070665e-03
1.816558876466474719e-03
1.930313288967632716e-03
1.775857240813483780e-03
2.135266707843969450e-03
2.671928305102743914e-03
2.785926680702472454e-03
3.254328323552360160e-03
3.236669584709479797e-03
3.737071986120395206e-03
3.137808108838316574e-03
2.831095697694065334e-03
3.169801216118368729e-03
3.197836644952810250e-03
4.123580889961196705e-03
4.228728211468405461e-03
4.222802425324782664e-03
4.395425243279280081e-03
4.604880223208927467e-03
5.934449080700177938e-03
5.784987201356193119e-03
4.529436902829209362e-03
3.801629511373296518e-03
3.756858995368846012e-03
3.623258017114908743e-03
3.604189379332886547e-03
3.525944643336862121e-03
3.372240465324776414e-03
2.517004080210348549e-03
2.220485287722230930e-03
1.933192629297018168e-03
1.995761958883917123e-03
2.273598222819929546e-03
2.435501223156735784e-03
2.948199714405496438e-03
2.840285802908681500e-03
2.577764974769921648e-03
2.509091592038408935e-03
2.547835609431176995e-03
2.521851168125244930e-03
2.170943266873766406e-03
2.370354375287177500e-03
2.065312864748586677e-03
1.813467997687890016e-03
1.389546682068442491e-03
7.743272240403788068e-04
8.197505866602238216e-04
6.099570526652827807e-04
5.700764160855404609e-04
4.251740361281670325e-04
2.955537346211330706e-04
1.121157321453555112e-04
2.627520416845023610e-04
2.318255708046382940e-04
-1.437746035119396107e-04
-4.682667357697128756e-05
8.678427023158343575e-05
-1.960878097724359087e-04
3.158286181288002869e-05
4.092075395537980438e-04
5.232890845506726939e-04
7.633896120790284717e-04
1.548881546431913605e-03
2.386867106230214277e-03
2.951196376484528996e-03
2.671262591301916921e-03
1.952875232962900673e-03
2.070848770788914165e-03
1.823469095545279025e-03
2.269271815887161439e-03
1.974344575885317137e-03
1.797882490847685626e-03
1.831540119267511873e-03
1.686453541481261389e-03
1.925964839895877301e-03
2.455937048416336095e-03
2.274593580645061647e-03
2.401939973838146912e-03
2.434791849901436940e-03
2.620233589474235507e-03
2.643009906795758691e-03
3.056908860763121911e-03
3.578787359027163842e-03
3.676495576189226216e-03
3.042327407879697083e-03
3.160073759125943318e-03
2.953397059592125905e-03
3.982717505146692039e-03
4.753131174857010664e-03
4.379196984447808992e-03
4.694686516046307247e-03
5.017452200026022158e-03
4.596552625714441474e-03
4.354683268351378263e-03
4.495096931056343642e-03
5.626725242720198930e-03
6.220208474509813026e-03
6.136557381968365740e-03
5.663226028198979980e-03
4.155018162661276715e-03
3.808411844698009717e-03
4.063223020759677319e-03
3.982079312859793108e-03
3.803289326983844577e-03
3.752611269233931037e-03
3.845814068752749504e-03
3.457622985728158859e-03
3.176236423181729492e-03
3.050956717254526239e-03
2.440467767403793706e-03
2.530919776262853874e-03
2.027724299988329596e-03
1.892721149202310216e-03
1.676597326084266299e-03
1.660833033785069591e-03
1.330392208489002441e-03
1.271555950852087556e-03
1.246287699076034042e-03
1.448437571911244176e-03
1.520489856718902719e-03
1.317648792606902677e-03
8.660770125667522539e-04
8.921701263666960424e-04
5.568426326503097363e-04
6.751451767593382195e-04
8.609683348306092438e-04
7.021341666733123960e-04
5.405400264329859525e-04
6.981908327438179213e-05
-1.285620438587559486e-05
-7.101605611897045874e-05
-2.977763667390312093e-04
-1.543349046549214799e-04
-3.346188374375931346e-04
-5.078499462842069132e-04
-5.097515893897128355e-04
-9.339320008213576867e-04
-1.163662235898646306e-03
-1.514662586810505088e-03
-1.439910648246979941e-03
-1.458700577515329670e-03
-1.094644210647472641e-03
-1.135059066091333689e-03
-1.488151970615440725e-03
-1.683295570907895628e-03
-1.641302674520393615e-03
-2.012603284516818487e-03
-2.157978095415938238e-03
-2.468859588774055449e-03
-3.260515761560616073e-03
-3.489703300758686434e-03
-3.278213576706612894e-03
-3.875804798022082498e-03
-4.894653197188862138e-03
-5.294919545805392563e-03
-5.839093164159026711e-03
-5.188236016910708660e-03
-5.415858231652768105e-03
-5.055370277425043010e-03
-5.538751733924449604e-03
-4.716831874599676858e-03
-3.801357239737733137e-03
-3.647033793661734035e-03
-2.751856649672882339e-03
-2.088268575190730877e-03
-1.444347621187976830e-03
-8.389863361673194657e-04
-8.478653178575736504e-04
-5.207208931427198453e-04
-4.991721093521280309e-04
-4.028555785041457692e-04
-7.126547711928548669e-04
-1.116742733610252402e-03
-2.032339154302821582e-03
-2.015017981238127667e-03
-2.391444843907728369e-03
-2.224528877336905304e-03
-1.630859059427388486e-03
-1.126302241113391655e-03
-9.865972838771024621e-04
-1.013141727572665048e-03
-1.587281686615677791e-03
-1.620285281771888112e-03
-8.383240440432789984e-04
-4.500106333680615393e-04
-3.579191245550571859e-04
-4.867311725342186412e-04
-4.410632199458488622e-04
-6.768582048963541322e-04
-9.402948384022128282e-04
-1.613757566176440101e-03
-2.733468655474029403e-03
-3.671918591772983190e-03
-4.245199735766490984e-03
-3.188938416455159956e-03
-3.085441967479379127e-03
-2.205451721632834851e-03
-2.212294362586997385e-03
-2.495806629085876860e-03
-2.258963456495525959e-03
-2.671115239261079646e-03
-2.305430205890370964e-03
-2.678047821486540057e-03
-2.672670580875083097e-03
-2.327194836320919513e-03
-1.951725960128588688e-03
-1.634739480644068887e-03
-1.566084676594064334e-03
