-1.423554585310369713e+00
-7.183900027080784012e-01
-5.971030765862918033e-01
-9.900007679868031429e-01
-9.814247940813354276e-01
-1.640429627089703857e+00
-1.404307173092362193e+00
-1.406188188282496254e+00
-4.325997251670385957e+00
-3.966963900848623492e+00
-3.810935227992787500e+00
-2.989258443780169916e+00
-2.989906085392113777e+00
-2.986627713637929560e+00
-9.923842725205744841e-03
-6.823280498414127822e-03
-7.302139980661075808e-03
-1.540995258974450256e-02
-1.817946767929878860e-02
-2.113693915640983342e-02
-2.470496717024731406e-02
-3.292237094172649481e-02
-3.996394015896122948e-02
-3.727450200226831156e-02
-3.895578475868820278e-02
-4.142264754682078304e-02
-4.189340276561994564e-02
-3.990951359143016935e-02
-3.659620276140870127e-02
-3.802282712753182053e-02
-3.832720697541510541e-02
-3.816888722098565195e-02
-3.457505263806809337e-02
-3.227661967956254457e-02
-2.941298903936980305e-02
-2.508558941808837137e-02
-2.172242581745197076e-02
-1.819285657690726185e-02
-1.966939664288034836e-02
-2.282140399915336126e-02
-2.479962251224555880e-02
-2.675622205469160853e-02
-2.881710408522265843e-02
-3.824823947271310809e-02
-1.569406227579606405e-01
-1.516019724939350055e-01
-1.459517846054005641e-01
-1.415769990600823369e-01
-1.377830627878460501e-01
-1.262313983503493831e-01
-5.269576364929288818e-03
-6.109286481786204044e-03
-1.506222142693983308e-02
-1.676206666515856272e-02
-2.214475451007740306e-02
-2.548565329967193357e-02
-2.794445906737455521e-02
-3.190454281523280589e-02
-2.616211444182979171e-02
-2.987359395591973610e-02
-2.406338629715364455e-02
-2.061140089245325560e-02
-1.715076855271382289e-02
-3.620806530684748947e-02
-4.162599736537463124e-02
-4.633369214326407692e-02
-4.486032153289365443e-02
-1.361174255626771135e-01
-1.333183246963433877e-01
-1.068597109699082198e-01
-9.631499481815415653e-02
-8.311367028272635682e-02
-8.047026014962768703e-02
1.099082430779499409e-02
9.244325095460340438e-03
7.791780875931853846e-03
4.893575361962138048e-03
3.711555272787545653e-03
1.369964710535792303e-03
1.479446981736859705e-03
1.187496329955787860e-03
8.648910725270925236e-04
-3.809207963296449445e-04
-6.214733002128904754e-03
-1.206285000897761549e-02
-2.268855193128445358e-02
-2.264931001972020699e-02
-2.940125128103185034e-02
-5.135909206834259749e-02
-4.795865462021217662e-02
-4.370410261691711623e-02
-3.483590372127286228e-02
-3.583906688295931259e-02
-3.237421660710839560e-02
-1.676313157866502965e-02
-1.674266354666523529e-02
-1.724418500781280117e-02
-2.739096389125004680e-02
-7.382315757004422052e-02
-7.306277599351894414e-02
-6.716451748368734709e-02
-7.051901760096880578e-02
-8.865788377957328770e-02
-9.462057111684972488e-02
-5.043721824888017236e-02
-6.002710148384273608e-02
-6.210079595114869483e-02
-7.152971503300763201e-02
-5.440533106324983020e-02
-4.125224882690495254e-02
-4.025635096542997532e-02
-5.771848364289766664e-02
-8.598449492701663865e-02
-7.430351664691926816e-02
-7.478712982453515623e-02
-7.141715972900097853e-02
-6.912167537320844379e-02
-4.069306695870932022e-02
-7.429596631561355413e-03
-1.919762905124827723e-02
-1.724786373914534779e-02
-1.624183272393692201e-02
-1.503773758518907842e-02
-1.215671727302703765e-02
-1.350224762562132232e-02
6.111571582654665730e-07
-3.920291358683772147e-04
-2.368208779419117907e-03
-4.740185896625581131e-03
-1.047976068108434113e-02
-1.486245415993246895e-02
-2.269040022275037663e-02
-2.244115057317591991e-02
-2.132717482743781701e-02
-2.174093124453095952e-02
-2.017268261724628961e-02
-1.820068500782373935e-02
-1.783347768132470881e-02
-1.980819031055513699e-02
-2.531794426561164921e-02
-2.600610293666967554e-02
-2.646347315192628877e-02
-2.553534991576676336e-02
-2.041330059516381981e-02
-2.020860511206678048e-02
-1.663472306537903608e-02
-1.417068850701836726e-02
-1.076487897502314932e-02
