4.215802690582627291e-05
4.936915517311546057e-05
6.536664637858593391e-05
8.771174195157114607e-05
1.504966373214382627e-04
1.713279252210158580e-04
1.874318330661292652e-04
2.035415156354094060e-04
1.918694114863510444e-04
1.678002615992829660e-04
1.009823590757256452e-04
5.515770010390331118e-05
3.218939710435930984e-05
7.027067666188044962e-06
2.972188635112504676e-06
1.442051929399990909e-06
1.386965115179196595e-06
1.302189918438316954e-06
1.140754843016468583e-06
7.633665220413110364e-07
2.634116483455278706e-07
7.152679603828766633e-08
5.146333665279707445e-09
5.194935029112663132e-10
1.180405872622504980e-11
-5.168336452907832909e-08
-5.756407517962252205e-07
-7.791878186407222477e-07
-1.586429455765355658e-06
-2.516533362065615899e-06
-4.075276093375631335e-06
-5.843730409100363384e-06
-5.991477074545973503e-06
-8.961480230173640219e-06
-9.071419079159580528e-06
-9.947219584303871505e-06
-9.618227987004593954e-06
-8.376069852843237028e-06
-9.132226924352943636e-06
-6.324205835967328184e-06
-5.434639834073078507e-06
-4.555638146148088616e-06
-4.413554643841780793e-06
-3.961150209116691058e-06
-1.201877701962303232e-05
-1.490327413882348299e-05
-1.775596686341947495e-05
-2.382810727856240967e-05
-2.277065851285493641e-05
-2.264508924076756450e-05
-1.315960138379690110e-05
-9.909575130509903830e-06
-7.029267529280825337e-06
-3.022416804721983735e-08
3.289323529851988208e-12
8.885872765158852082e-12
1.198079079946012525e-11
1.198090473848996503e-11
1.158848797487621460e-11
1.158813758147925298e-11
3.098299921815674318e-12
-8.899964349717134989e-12
-5.877829690614261606e-11
-9.194988653842433487e-11
-4.480861773148231212e-09
-9.990081378919808252e-09
-1.054039293759844580e-08
-1.213038310901434114e-08
-1.291515425164559696e-08
-5.643639623136329456e-08
-4.248044782264921998e-07
-1.918892389586031374e-06
-2.689049679119368868e-06
-7.639604961359133692e-06
-1.249368305608693085e-05
-1.808543543617783107e-05
-2.366973323639729530e-05
-2.460504465325368212e-05
-2.457217159699939793e-05
-2.183911757850398277e-05
-1.798251363592290233e-05
-1.781349264475532278e-05
-1.427921183008983414e-05
-1.232442705935773347e-05
-1.184635580703802932e-05
-9.627252627731745329e-06
-8.628946921027879177e-06
-3.162661118650979976e-06
-7.398871392152627706e-07
-2.597630123985742768e-07
3.952686798335452190e-09
9.415502934317780504e-08
1.157654559543410375e-07
4.771614096916772001e-07
8.083383303578563600e-07
2.902646168506959950e-06
1.071576872921342978e-05
2.389546864107096465e-05
2.660386719450761217e-05
3.023496440496087782e-05
3.143284382648466583e-05
3.158649792256979882e-05
2.670336152944148341e-05
1.597728698757173096e-05
1.956208335763121568e-05
2.942661040568855560e-05
5.406610237880779047e-05
8.335611087814189283e-05
9.442705832454546561e-05
1.027519810212547294e-04
1.009525627720982556e-04
1.094681258575205888e-04
1.000246205118384481e-04
7.441383369942315750e-05
6.327471998128125004e-05
6.085337057640285817e-05
6.572560207482830528e-05
4.915832839140531554e-05
3.372050566434979106e-05
2.823100509910551274e-05
2.592377260921374700e-05
1.763908219887062984e-05
8.993993382188194326e-06
6.609459942838946907e-06
1.614015327052614824e-05
2.307542944390603254e-05
3.248857150955895449e-05
6.057314014037849310e-05
8.314620683283111512e-05
1.183557490819432174e-04
1.562521047144937298e-04
1.907543390952809719e-04
2.292666462981018656e-04
2.567603320557513050e-04
2.563646907770851372e-04
2.437860538674035797e-04
2.206726629437949841e-04
2.027948388509254998e-04
1.549327494170437889e-04
9.919755747249940246e-05
7.627760220461291939e-05
5.003633267942551155e-05
1.964500267170093332e-05
-1.944029566523593666e-05
-3.720260473003137092e-05
-6.326046209914794197e-05
-9.486544918528237432e-05
-1.128508431439793902e-04
-1.324067916724576573e-04
-1.590359753623381484e-04
-2.408730713868845587e-04
-3.117693130866171138e-04
-3.697015287287474736e-04
-4.387477195386245573e-04
-5.084536656029146548e-04
-5.045148959855965494e-04
-4.427290367898300757e-04
-3.766642806038075753e-04
-3.092003542716582139e-04
-2.428857223333741886e-04
-1.574059180931852448e-04
-1.293704079072077566e-04
-1.042681764311651675e-04
-8.264104463477346760e-05
-7.457572998581318098e-05
-8.006524869442541831e-05
-9.795843949872858850e-05
-1.197777722723996231e-04
-1.349341220343651903e-04
-1.833702006898944728e-04
-2.218647984856263352e-04
-2.375117003015912492e-04
-2.527913886315663670e-04
-2.723479469913716992e-04
-2.929220000422692871e-04
-2.615809202895598082e-04
-2.190552687765752243e-04
-1.920277529104404786e-04
-1.681191623123598630e-04
-1.332251188954110938e-04
-1.044223876767929682e-04
-8.789858533658489743e-05
-8.866670082330805854e-05
-9.151092096113813083e-05
-8.089269836259478771e-05
-6.838007425762438818e-05
-5.482300673408281458e-05
