beta2
6.654179339128480156e-03
6.763882780965319030e-03
6.927616757278619308e-03
7.039952095110744296e-03
7.339036612542636576e-03
7.792598252614313555e-03
7.850120785909169702e-03
7.711575509374896456e-03
7.915671649627566142e-03
8.047573333285897718e-03
8.057432451538358575e-03
7.980312222267388345e-03
7.949257302872096698e-03
7.874833257239567674e-03
8.169061958746230007e-03
8.624787206302685083e-03
8.764798000662918365e-03
8.892526078357467639e-03
9.113899015595410338e-03
9.005138128544115661e-03
8.355797420043603943e-03
8.285914130902244032e-03
8.445465560706974864e-03
8.727422310027358257e-03
8.967367525257953845e-03
9.074816921818050150e-03
9.314222663555029105e-03
9.349111230605260808e-03
9.406992631871237062e-03
9.618892761481447756e-03
1.009192834777518713e-02
1.018089624343178345e-02
9.429202390956955421e-03
9.337722403570208191e-03
9.485326368844759076e-03
9.276666077133937510e-03
9.323288925121624160e-03
9.141317095324983516e-03
8.919649419107344296e-03
8.991810477990132972e-03
9.386911691090878487e-03
9.721167907429651561e-03
9.766639452160308030e-03
9.944729646517257507e-03
1.007734251261743937e-02
1.025303976485372748e-02
1.032862217584797765e-02
1.049262125268473830e-02
1.035838023226838545e-02
1.005098498230081600e-02
9.856128351576032634e-03
1.055363233737146786e-02
1.109118988802751046e-02
1.175025673631753878e-02
1.266555338112664020e-02
1.329914494100457867e-02
1.378411041481529889e-02
1.393144370557952705e-02
1.445003558965475554e-02
1.487698872653293869e-02
1.559894185586773244e-02
1.561832080312825638e-02
1.589259215411746584e-02
1.564598663572935866e-02
1.564047345553829654e-02
1.555558075604704382e-02
1.543234559268521697e-02
1.527403120978907888e-02
1.484386720267354826e-02
1.443691839506848658e-02
1.330295349391441909e-02
1.253636943960195586e-02
1.198338509660708956e-02
1.115727205364584404e-02
1.067936494821293374e-02
1.024569687596951426e-02
9.955528103650787553e-03
9.326303514919588936e-03
8.883608505381994369e-03
8.411270386594964579e-03
8.655703596653321202e-03
8.597056318693513041e-03
8.936164434792340933e-03
8.968382599815383563e-03
9.075341182522168176e-03
9.199209273034922654e-03
9.510025843165036130e-03
9.487010566127981881e-03
9.738315309931133701e-03
1.012526646565250002e-02
1.017943865870463149e-02
1.003681775920844607e-02
9.800904988591298272e-03
9.871502323508911381e-03
1.012247247295939255e-02
1.019445118980554996e-02
9.966861805163445068e-03
9.902151895866156961e-03
9.757741698505363256e-03
9.455977554253012368e-03
9.179874977127928243e-03
8.852158284346878236e-03
8.756938021241635756e-03
8.676778930828240449e-03
8.620052444176630815e-03
8.490379886363846190e-03
8.403523444080776908e-03
8.382810143721008272e-03
8.309110660242091662e-03
8.370120818192942208e-03
8.745373700781870763e-03
9.049234818808978703e-03
8.698606453240081970e-03
8.447478289719114602e-03
8.338249389617396340e-03
8.159362918319638946e-03
7.939418930647038769e-03
7.963988769000614892e-03
7.831799781083352910e-03
7.802731377215208972e-03
8.027141629018564456e-03
8.250602524449097974e-03
8.698706556449890132e-03
9.093958556433846124e-03
9.158909396275550369e-03
9.274807636589898346e-03
9.432890162047923022e-03
9.439377687996942934e-03
9.325772190482098378e-03
9.181646939012279296e-03
9.133084538925327622e-03
9.143555177063632244e-03
9.253038825277993401e-03
9.698293620481072963e-03
1.004192528281228070e-02
1.029627707909644418e-02
1.013529265611270817e-02
1.004747348433258046e-02
1.008764707156436895e-02
1.036779492198132424e-02
1.076234905854038873e-02
1.105472245599227812e-02
1.121431895362789456e-02
1.142696588747135408e-02
1.128475137433760864e-02
1.139582980734100623e-02
1.148231690325561896e-02
1.135508439553767346e-02
1.097676561528333067e-02
1.122311241216635697e-02
1.140219108052322253e-02
1.158348244506623471e-02
1.074836066648403657e-02
1.177620576376291715e-02
1.129558467636564492e-02
1.076370505153708898e-02
1.067577319215471873e-02
1.053369593380832844e-02
1.042225137136926910e-02
1.009446723486632710e-02
1.031074655821498029e-02
1.052653260971473867e-02
1.109690050819172810e-02
1.176126723417938655e-02
1.168722416092986272e-02
1.166984135364431199e-02
1.203514551497377252e-02
1.203212272484484140e-02
beta3
-1.796223305615993421e-14
-3.477704666112243820e-14
-4.342427392345094835e-13
-6.386825230632477798e-13
-6.270123812958037960e-14
-3.097782846086634152e-13
-2.527736383244965323e-15
-1.927171714027788377e-14
-4.367001700842130643e-14
-3.568507017561285641e-16
-1.090929631196902119e-16
-4.698057319154734112e-18
-3.691743004120852569e-19
-1.077969089909927555e-18
-2.440648793650105166e-21
4.118816422724925204e-30
-2.297546115719903405e-19
-3.422058702193337876e-20
-1.013456576419762058e-18
-1.430131017167657693e-21
-4.509321586271475223e-23
2.897650971901969126e-20
2.095005426120692431e-24
-3.159419182684388291e-18
-9.379654165307066464e-18
-1.222852281471596633e-18
-1.182196937390105336e-16
-4.925089969968769678e-14
-6.616100815706600597e-14
-4.289330235066352138e-13
-1.900718620900507038e-12
-4.786492324756536536e-12
-9.045200735852447961e-12
-9.812628544072097315e-12
-1.108153019812341159e-11
-7.638368286648019435e-12
-4.099600444370440060e-12
-1.552905345749828716e-11
-4.897260290156833446e-11
-1.740430295413440395e-11
-2.187788032688287942e-11
-1.607435235675848183e-11
-5.528904094221362711e-11
-5.555641806022453252e-11
-9.527052986313786883e-11
-2.274588675135734436e-10
-1.486894840658157807e-10
-1.035531721032813862e-10
-1.802914579227575191e-10
-6.776268454176883381e-10
-2.449876489663802883e-09
-2.487809936666421244e-09
-3.102085699876383918e-09
-3.584718282866718276e-09
-3.979954497088231889e-09
-4.825079062026808808e-09
-3.398114240757219570e-09
-6.848339226462177919e-09
-9.753850287842681146e-09
-1.543598943729832819e-08
-2.874535214266371123e-08
-3.116451855294076541e-08
-4.656781602855731024e-08
-6.499442465514140071e-08
-6.505699629251214467e-08
-4.619094920569322294e-08
-4.908369418765590079e-08
-5.242503636847185837e-08
-3.970147369183384112e-08
-5.836418400356502747e-08
-7.609330493870105920e-08
-4.943021142396895896e-08
-4.331876523824616163e-08
-3.731519898457929621e-08
-2.826180662108214029e-08
-2.574175726616513348e-08
-2.039276607619399931e-08
-1.008163146349065043e-08
-1.457948506559139434e-08
-8.150347208223922316e-09
-7.965553314681559084e-09
-2.858482268927568832e-09
-1.436510549182429784e-09
-6.745768916192763204e-10
-5.616289760617486001e-10
-1.289330304744600900e-10
-3.096958677982157972e-11
-1.640939175782508741e-11
-4.245839162136552603e-12
-8.775434094916211714e-14
-1.942961744523295965e-13
-7.063242933442564168e-13
-3.240607075328451883e-12
-2.423347215443508654e-12
-1.453363379218338506e-12
-1.275705172672949101e-13
-1.045246754021854280e-12
-1.127796487649999281e-12
-2.220982528484023284e-12
-5.086536547277195549e-12
-1.065053029400584945e-11
-8.805878033374506684e-11
-7.623274069334816911e-12
-1.164537614195606525e-10
-4.515884730822985049e-10
-4.480435821055224464e-10
-6.004698910111342294e-10
-1.092624417280815934e-09
-1.182975208340838177e-09
-1.430136151194830754e-09
-1.430800115430603609e-09
-9.220480107298128332e-10
-3.971183067292683099e-09
-1.116331850668435659e-08
-1.486030308864647730e-08
-1.172825488067290122e-08
-2.303956315967898135e-08
-2.193429380412337368e-08
-2.614907461349244610e-08
-3.775288352632415104e-08
-2.871438352495036766e-08
-2.427185446529546750e-08
-2.896297760229876684e-08
-1.869531607050654058e-08
-2.169098011180167771e-08
-2.736906746449561323e-08
-1.511079860887779279e-08
-8.577564869170337724e-09
-1.347000952230335662e-09
-6.746699244887463241e-10
-1.101270877306161591e-10
-7.939601640996048841e-11
-1.222177134311856807e-12
-2.318147615225165418e-13
-2.283610653541753861e-15
-8.114299067990843360e-16
-7.972489914842673863e-21
-3.592306273184355695e-20
1.445920703579422858e-18
6.645681531752979158e-15
3.186289014861298819e-14
2.753257852409840762e-13
1.238621080428511349e-12
8.240048881350314403e-12
2.603345783233452283e-12
2.365289673470844562e-11
5.058166201910815439e-11
3.831057111029600965e-10
6.123778498699920706e-10
1.166574928432102594e-09
1.736417255049786513e-09
2.130625513292187698e-09
1.810533200023454023e-09
7.781383413521170512e-09
7.157783363339615728e-09
5.889505160128400983e-09
5.954589732694604173e-09
9.361735118283869219e-09
1.397552886680722982e-08
1.302190809709579986e-08
8.091961134878745282e-09
1.516436294467463939e-08
1.605745527904151703e-08
1.722503714733047788e-08
1.651016499668617212e-08
1.177955498174177372e-08
1.235396505994131692e-08
5.302506715772279054e-09
beta4
-1.538061434197358475e-06
-1.415285025322183233e-05
-2.051888239898338922e-05
-1.927732356161533501e-05
-1.247694699967115232e-05
-6.557117382305349814e-05
-6.109292203352040664e-05
-2.788614775644832579e-05
-4.516891074455266832e-05
-1.618438648517403283e-04
-2.920894997378580709e-04
-4.486146769194936145e-04
-6.474398639690700933e-04
-5.179587237247227326e-04
-5.766178602825868926e-04
-6.442476135039621778e-04
-6.187830943861171145e-04
-6.576748128595405474e-04
-6.571540961869896513e-04
-6.229770843849353817e-04
-5.393986575396294766e-04
-6.129897237692306195e-04
-6.698663580445423380e-04
-6.799649793630458718e-04
-7.117860913649978749e-04
-7.936948101649574268e-04
-8.907579401509303557e-04
-1.038506257687513276e-03
-1.174298102999764802e-03
-1.306475628132771575e-03
-1.433229419055786439e-03
-1.524247466659647398e-03
-1.337638722224473086e-03
-1.201657859209786725e-03
-1.215413046164461400e-03
-1.064974694320038962e-03
-1.121331977632106063e-03
-1.140916548696648079e-03
-1.074048116464429437e-03
-9.107613434776093680e-04
-9.001306875526908502e-04
-8.977842006277937789e-04
-8.561426866632750174e-04
-8.178500189162783316e-04
-7.899137236184012537e-04
-7.060537336657163928e-04
-6.350613344696855872e-04
-5.514155320039864153e-04
-4.856239323389334559e-04
-2.174102739452475023e-04
8.512121783139573375e-06
-3.100835252669147135e-05
-4.823629084158058628e-05
-1.190487537388429086e-04
-3.894163102853421383e-04
-7.002618179069459298e-04
-9.055957359914228958e-04
-9.152219994302023594e-04
-1.058021006001092119e-03
-1.669043809263226139e-03
-2.513771065899337350e-03
-2.913037014698222939e-03
-3.518404723655226170e-03
-4.012580068709938746e-03
-3.886687792134584270e-03
-3.999346778994670830e-03
-4.022060866117692368e-03
-4.074626912489940841e-03
-4.171957621073951392e-03
-4.003914339852436034e-03
-3.981585168455336644e-03
-3.943995859731673492e-03
-4.385759410910397213e-03
-4.354643648632453359e-03
-4.145205353876248514e-03
-4.050236780226993717e-03
-4.139314838385384394e-03
-4.175415601433469896e-03
-4.082699215875737822e-03
-4.288192972569771812e-03
-4.617162547511833789e-03
-4.575156624266727215e-03
-4.774801567170847139e-03
-4.715318459018937036e-03
-4.566711303504588856e-03
-4.446654967527041528e-03
-4.728992354967809057e-03
-5.020368743665824113e-03
-5.362456101855636592e-03
-5.582592352494565591e-03
-5.163288046687468380e-03
-5.039197246949273998e-03
-4.738802476331158836e-03
-4.372428640875962794e-03
-3.852297736898564924e-03
-3.513754571086700508e-03
-3.530790520854007724e-03
-3.311358335949620910e-03
-3.229397243324575069e-03
-3.350439058643807887e-03
-3.418604254931873355e-03
-3.642011523839418143e-03
-4.185672106915771032e-03
-4.440323199471104057e-03
-4.616907682228360565e-03
-4.764514486194725180e-03
-4.897059760626088637e-03
-5.006876242361556553e-03
-5.245797582785443128e-03
-5.171392430486905153e-03
-5.651580202413948248e-03
-6.164832114058950083e-03
-6.321655917667715063e-03
-6.228648138178714821e-03
-6.196324849054919703e-03
-6.210859933288447390e-03
-6.524183842298391864e-03
-6.606596880842292505e-03
-6.526192621847643795e-03
-6.556860688182699487e-03
-6.276938355123100333e-03
-5.953829131594924086e-03
-5.678524494335550690e-03
-5.836512071955762826e-03
-5.389761024326884115e-03
-4.903025253470174628e-03
-5.303461509871908348e-03
-5.436580501928264461e-03
-5.560185396468568519e-03
-5.639399603117555698e-03
-5.699191648556979975e-03
-5.363662908433375343e-03
-5.172530554683262699e-03
-5.094618014379255141e-03
-4.926866437740991256e-03
-4.784233752630609460e-03
-4.661540643418971355e-03
-4.375791608302530278e-03
-4.108966354659168707e-03
-4.346364922082454792e-03
-4.727717434100310590e-03
-4.990019262659057750e-03
-5.309175634676047140e-03
-5.709153734574451411e-03
-5.820663456938445640e-03
-6.008452292062549556e-03
-6.147202642565390701e-03
-6.208668171738120772e-03
-6.356679729200511234e-03
-6.423221615761404331e-03
-6.231440824502896061e-03
-6.180782240209082776e-03
-5.452924025100909684e-03
-4.431766912215704193e-03
-4.646701966474521550e-03
-4.903852000052659477e-03
-4.514296350411064855e-03
-4.197591311021748803e-03
-3.934567112910302561e-03
-3.812708691207789512e-03
-3.622312338315396892e-03
-3.468274444807476799e-03
-3.155549583866384608e-03
-2.817392091043367016e-03
-2.771685834414984451e-03
-2.672434792274021136e-03
-2.501945988904233451e-03
-2.474104523598198192e-03
beta5
4.677756746450066616e-04
5.332731464672149993e-04
5.295903762128832508e-04
6.002047975736553558e-04
6.792471831821901302e-04
7.280565351495866828e-04
7.781036031739899626e-04
8.291966630731581554e-04
9.513775181658857367e-04
9.629515175532564128e-04
1.001555990795528414e-03
1.057947152492209235e-03
1.153269828932714739e-03
1.120822112340451445e-03
1.102319834865212594e-03
1.060683656106523043e-03
1.171317884233690236e-03
1.291645925398231254e-03
1.411791942505998508e-03
1.500204517103861674e-03
1.474315050798695459e-03
1.505401352231814640e-03
1.561612691297038693e-03
1.663827808303442943e-03
1.782353120457357389e-03
1.928477685232640650e-03
2.106700448308735166e-03
2.241507227179318114e-03
2.386374997343957555e-03
2.791264048535428179e-03
3.014903783521423290e-03
3.296705255691955057e-03
3.718993286414778478e-03
3.789127269170237955e-03
3.891650177046791260e-03
3.518250949972823605e-03
3.372701881060966023e-03
3.279781860395535910e-03
3.332976098305621103e-03
2.721187288537676736e-03
2.588831611785995766e-03
2.441048817121172290e-03
2.348822227069262240e-03
2.223364443512069327e-03
2.143518127441830165e-03
2.018724196293160932e-03
1.880317726519994395e-03
1.774361901342984098e-03
1.741643146279610570e-03
1.387036714873786380e-03
9.746541112850212740e-04
1.115202282898692786e-03
1.033623716266899965e-03
1.258844217546752162e-03
1.488782383694258783e-03
1.630971945349272544e-03
1.797201951672910622e-03
1.791854175103069040e-03
1.847699271582208935e-03
1.625959358415324501e-03
9.858667747085247176e-04
7.416306483088433085e-04
4.476161490216354908e-04
2.772677341645210470e-04
1.885961688224657674e-04
1.288734015700478282e-04
5.231536276725864563e-05
2.746833182219067103e-05
1.277067905868009337e-05
2.084678397857844996e-05
6.639368867337140786e-05
1.268857631442002064e-04
1.126453669446666041e-04
2.117205278383804386e-04
2.832884874115253410e-04
4.471932776610798642e-04
5.036457954054958559e-04
6.340780207702223980e-04
7.673766409650826115e-04
9.384684004963496536e-04
8.985087633133056941e-04
9.731467109364769349e-04
7.029391909282479024e-04
5.994515180543373610e-04
5.326708827606375452e-04
4.407252954588881423e-04
4.274258953592526087e-04
4.974891612341502106e-04
4.605052070987101934e-04
4.101122038005874828e-04
3.939584545300014442e-04
3.610509057867118243e-04
3.250229970584790802e-04
3.415350314896657084e-04
3.842399445008348345e-04
5.239786494004132489e-04
5.205611668730293976e-04
4.895714179388821301e-04
5.255567055009488335e-04
4.555280780890348246e-04
4.070338008448830345e-04
3.183391714917343900e-04
2.925485696454687128e-04
2.326330096566557311e-04
1.923193041145916497e-04
1.613624087964632241e-04
1.648668642119585095e-04
1.380302251158545376e-04
1.295808492350514381e-04
1.327646370626124118e-04
1.334708670471669817e-04
1.116253211998560898e-04
7.409208942028130062e-05
7.885042122544787886e-05
6.583033231894445557e-05
7.546901362975282220e-05
4.279355038494300615e-05
1.791173714592267672e-05
5.783238060471463998e-06
-3.754005726538432577e-07
-9.377061096864026848e-06
-1.652132320318723420e-06
2.899350653922651064e-08
4.253084269406721920e-06
2.231683190486509478e-16
-1.008574462170532331e-05
-7.825600175813838767e-08
4.731853186791026890e-06
3.532971200127509059e-05
7.253526668850347064e-05
1.153935162481929688e-04
1.732414118691379741e-04
2.297475065744303605e-04
3.150875090471172576e-04
3.896960406013842649e-04
4.927343795653062576e-04
5.859545881717498784e-04
6.707514662957941073e-04
7.551088730776772066e-04
8.198551415878067763e-04
1.002711410345071604e-03
1.153775278021652254e-03
1.340657413559478636e-03
1.547102070938102250e-03
1.621574658577214006e-03
1.508548418858846876e-03
1.648961732928171716e-03
1.812040048927577489e-03
1.900378046527179988e-03
1.599349999676804353e-03
1.320173744922573719e-03
1.077506425090964809e-03
8.822245255679699244e-04
5.053815542757069887e-04
4.607607470601739761e-04
4.332172160757072495e-04
4.368369069673520410e-04
4.120379589632399515e-04
4.146203836731974179e-04
6.190722389003385558e-04
5.235540166846509164e-04
4.750176188752912873e-04
3.697482055090267183e-04
2.775128447975837168e-04
3.335317048335856771e-04
3.847579643800497239e-04
4.712457583173547838e-04
4.655307398399590683e-04
