2.424122519923809210e-03
1.537277427898294793e-03
1.960021195891762606e-03
1.962063109522756751e-03
3.649617619409294654e-03
1.940284198349152009e-03
2.317992906782658999e-03
1.752860008455040452e-03
1.379258660009068192e-03
1.055935685974136468e-03
8.799433945850974534e-04
1.369109156632904644e-03
2.304809970003545046e-03
2.359780204924489828e-03
2.701337290621537088e-03
3.699198704911504064e-03
5.157794746190970392e-03
7.300370598917675473e-03
5.886026747348340263e-03
2.618652459727177726e-03
2.936056118793338703e-03
4.024682244118560348e-03
3.633087545732795014e-03
7.086443960184545150e-03
5.116508428769945410e-03
4.251256112118994776e-03
5.143109905218682006e-03
5.622545548687287072e-03
5.230955744717702242e-03
2.536503515505114572e-03
2.085636403115735324e-03
1.411021616852628372e-03
1.461265880003196618e-03
1.732052385169176702e-03
1.563060520058393282e-03
1.520139313939463614e-03
1.048869131103782144e-03
1.324144075701153217e-03
9.773553905270369879e-04
2.485561559178275579e-03
2.234225083980651699e-03
1.812398262060078069e-03
3.210898240848324148e-03
1.290087701384611289e-03
1.047988069187109081e-03
9.611507532647024831e-04
1.307727687982421748e-03
9.441008471489886712e-04
1.399632495371558273e-03
1.830832147966973645e-03
3.096576359757050728e-03
1.374659502452924616e-03
1.383322626718502596e-03
1.045673037079484667e-03
-3.962200724239805204e-04
-2.185083277926934495e-03
-3.022683575712122473e-03
-2.321567033779360460e-03
-4.662306078293878067e-03
-4.568873841173378553e-03
-3.434264118508346605e-03
-2.611985104102937903e-03
-2.123897020448266369e-03
-2.575970429001068519e-03
-2.881221485417685864e-03
-2.599738489506852029e-03
-1.784705883648277308e-03
-1.899745502370512153e-03
-1.424781501494669540e-03
-1.228451399565470099e-03
-1.728702979115455526e-03
2.507903608246318458e-03
-2.098752941499088063e-03
-2.417223044177387471e-03
-2.049592675867643356e-03
-1.984837744225714622e-03
-2.348465011759348804e-03
-1.836442364864687704e-03
-1.683406124174099093e-03
-1.221136070083966895e-03
-1.368022010248896771e-03
-1.791045726152074675e-03
-1.626677721553116719e-03
-1.375988174516973653e-03
-2.883717860991668203e-04
3.389996472117751515e-04
4.446698738658620719e-05
6.121410649616705569e-05
1.863280909702982522e-04
2.900000843278925438e-04
1.261587944949343161e-03
1.222948179749690136e-03
8.470617392739587543e-04
1.175930362422063441e-03
1.069360691371799323e-03
1.188963462221992581e-03
3.705142042167945270e-04
7.813954521038514759e-04
5.754674490312166940e-04
8.770664670357511319e-04
7.510056457747812074e-04
5.048191463970292574e-04
3.718111303885728177e-04
4.678458114913046991e-04
9.311249513232148362e-04
1.444334744705515162e-03
1.979478470254654454e-03
2.638380189355156620e-03
2.026377871674840594e-03
3.961021080716959492e-03
3.350526916563964421e-03
4.550173545166074848e-03
3.012749765897542766e-03
1.981336091745744456e-03
1.127095633693364759e-03
1.928857008464250752e-03
2.071207012639268361e-03
1.274241590850119657e-03
5.559594265896765277e-04
3.397138909139435893e-04
5.040673451180703764e-04
1.080283885899660946e-03
1.372804623556083976e-03
1.996889243607355598e-03
2.883111682156456589e-03
1.636130328852659693e-03
2.180971409640861461e-03
4.199521977999276512e-03
