9.573150980411849684e-03
9.767057882051149997e-03
9.069242938502683482e-03
5.972317810627748511e-03
3.614542978882195889e-03
5.169169030379243759e-03
5.579407970934809752e-03
7.238202755967248006e-03
9.541347920492796938e-03
9.341896301186900647e-03
9.185827692104672759e-03
3.762323100151909478e-03
3.964177910820773122e-03
3.797275354880689201e-03
4.624988537026309722e-03
4.379962620350629637e-03
5.538716703188954066e-03
5.916923466670883508e-03
4.877469739292913074e-03
5.348130915594827804e-03
5.712607766480934032e-03
4.551962979080908037e-03
5.263498296829706782e-03
1.088359364562639306e-02
8.310972999006262935e-03
6.206005198537549797e-03
6.567029150604899480e-03
7.723243635657743751e-03
6.451095749351628932e-03
7.611832333286115519e-03
7.542461606330661331e-03
9.433515401667879469e-03
5.156467165819956372e-03
3.738134324607667296e-03
4.302651525758620019e-03
2.376334170155951307e-03
3.661881542601885375e-03
4.577315109426422120e-03
3.691273019832585350e-03
4.401506822389886567e-03
6.312770881244563967e-03
3.816881881664124787e-03
2.364840502403315562e-03
2.049493374458077714e-03
2.131231020635410405e-03
3.484853285080100581e-03
4.190849780707190698e-03
6.743187803163308743e-03
1.398511565773292130e-02
2.056710997931949364e-02
2.501533784276198727e-02
2.538821095485394724e-02
2.130641062814478404e-02
1.285920949541783168e-02
1.388397956625079741e-02
2.312202554133177199e-02
2.823067573497225341e-02
2.075172466691943898e-02
1.595229593730424292e-02
1.311737903976340283e-02
1.165244819659965077e-02
1.028167878693376537e-02
1.069810871773051349e-02
1.088729404062657724e-02
9.438738792147169376e-03
1.026601521772125755e-02
7.574591633939189647e-03
4.648612272012407273e-03
4.137491583859989955e-03
3.970998435703480996e-03
4.380440600171712877e-03
3.541260037556728194e-03
4.536352163261410907e-03
3.425188735214264053e-03
3.537799101381455206e-03
4.169637277352936100e-03
3.559185530836856542e-03
4.359323401226348170e-03
9.474936277284360178e-03
7.679641295193186806e-03
5.812231327632192378e-03
3.444860930665150523e-03
2.278121077704736448e-03
1.899332697226919532e-03
1.480929575471781308e-03
8.935050769863778350e-04
1.355166517578033046e-03
1.973182599976940066e-03
2.740128844322690417e-03
9.448364569472630188e-04
1.135605060582517119e-03
1.027017484964688277e-03
4.736878520986792475e-04
5.456565397374246165e-04
1.053102806011118730e-03
9.591081729057008990e-04
1.700798127098219483e-04
1.424363807221979523e-04
-1.307850225348083078e-05
-6.560279642042585353e-04
-2.081101011820479134e-04
-5.786752749182590139e-04
-1.573312196668892268e-04
-5.800410329779471944e-04
-1.462285870776024437e-04
1.301279054817689471e-04
1.237278344521090714e-04
4.121423008740004090e-04
4.804814072611240179e-05
8.283799537381130807e-05
5.941959069891688270e-04
9.005995613086847278e-04
1.232622699221402190e-03
9.439487641447204909e-04
9.953785179559223976e-04
1.724446126052305234e-03
2.196109603720299789e-03
2.199750204773029145e-03
2.665404937528723615e-03
2.235194767367514827e-03
2.180513093243149989e-03
2.071956246577455300e-03
9.927437170438239804e-04
1.731695897111881419e-03
1.932972088781771463e-03
2.809725276308304258e-03
2.432173685461969884e-03
2.712084133987542438e-03
1.950877979852517433e-03
1.352251059257382048e-03
2.140649809274865548e-03
1.524988663897941087e-03
1.414890346933822193e-03
1.898293095730405272e-03
2.337553880039021717e-03
2.444445474958123997e-03
2.594443911329563993e-03
2.227313769245993155e-03
2.395157281666481994e-03
9.415227211533333139e-04
7.772268825002919207e-04
6.151224582338862303e-04
5.382117162972091832e-04
6.992558036114978476e-04
9.149645591466376180e-04
3.408368203749975495e-04
4.247793066610871149e-04
1.426795161556855895e-05
8.425348680897652535e-04
3.356121357852723469e-04
4.134399987479621917e-04
-4.689767904940818312e-04
-2.379362909724979205e-04
4.077792373052378924e-04
1.793898491634568059e-03
1.333580262896150821e-03
1.340429776082724097e-03
6.539743708475185841e-04
8.361746306992642657e-04
1.218165171190259454e-03
2.214020705782888108e-04
6.946722910270820373e-05
1.174740565844451174e-04
7.879963227328243877e-05
-1.755700510546449964e-04
-1.950538964029980443e-04
1.045486077113305675e-06
-4.023579005934634079e-04
-4.029821151231719801e-04
-5.110072493953679183e-04
-3.769828507819739951e-04
-2.112110371464365015e-04
-4.956318128519515047e-04
-3.311018027078197422e-04
-3.361333002413813059e-04
-4.954581811220189116e-04
-6.207688445293518906e-04
-4.647995462350541567e-04
-5.616823310073572459e-04
-6.094666699978838016e-04
-1.369211625971361503e-03
-1.250986158403352005e-03
-1.809456463089384633e-03
-1.985812931862201980e-03
-1.758988285118891128e-03
-1.576812200777072837e-03
-3.410130103453822264e-03
-5.200014700789795316e-03
-4.657502577588882101e-03
-4.827165966872263257e-03
-3.483332372301130471e-03
-2.268722195171012524e-03
-1.928329400690923694e-03
-3.156819965865194626e-03
-1.766243352929698944e-03
-1.891235043552761449e-03
-1.626209754190619449e-03
-4.572109923354211866e-04
-5.294413826277075824e-04
-6.089733522875881650e-04
-3.369701713079405647e-04
-5.035997669807276006e-04
-6.282699066746689218e-04
-1.267289978713876004e-03
-1.540584659894433375e-03
-1.509174102173116384e-03
-1.243047849943046445e-03
-1.311113562763300405e-03
-1.738993047594331997e-03
-5.450299644075584128e-04
-2.700449179182404322e-04
-1.474029443966630134e-04
-4.044830966437261942e-04
-3.869501917887933971e-04
-7.148725017932813742e-04
-4.469605829183012375e-04
-3.409719068723779997e-04
-3.681182816414127213e-05
-1.741491993180226876e-04
4.343800889425745494e-04
2.366414144532954405e-04
1.908815764832613054e-04
-2.382513289996835684e-04
-7.729458394193966563e-05
-1.037449973847420992e-04
-2.549492343536006816e-04
-4.300341704333499244e-04
-3.377470963135856914e-04
-3.626418102381054765e-04
-2.734044661580306199e-04
-3.056146734844310980e-04
-2.812474707448266772e-04
-4.867276893441506132e-04
-3.608933040855592930e-04
-5.640939078322537020e-04
-1.297401312168819766e-03
-5.916946913933625145e-04
-4.066580156028344085e-04
2.186877888319660853e-05
