-1.692791767214531317e-11
-7.365607611381912163e-14
-3.171600589505325262e-08
-1.381617936571358329e-06
-2.159668840821636665e-06
-3.948497128159483572e-05
-2.161975292810877048e-05
-1.737619412848922943e-04
-2.388763679246723882e-03
-5.477297336091079341e-03
-5.149537683128566773e-03
-1.515104904025036444e-03
-6.483326712434641856e-03
-2.663064275993846410e-03
-7.752381391529011498e-03
-4.012900304959226942e-03
-3.094023770345138806e-03
-1.098391629579450416e-03
-4.608339069303326566e-04
-7.456464979950707273e-04
-2.095074682548402067e-03
-1.532593943031547879e-03
-7.641379596782680791e-04
-5.713149674112856947e-04
-6.890249372536291946e-04
-3.791274638439547182e-04
-7.625726430063337145e-04
-4.151331956363338857e-04
-2.475822782553884459e-04
-6.661070677264492156e-04
-3.503196012306647325e-04
-5.723696243782742162e-04
-2.847703445238871202e-04
-4.106292389130209060e-04
-1.826414627200225512e-04
-1.556739446298204032e-03
-3.103421484479685624e-04
-4.926062567039587688e-05
-6.338879502192304731e-05
-5.542803189213813274e-05
-9.966272890916331572e-05
-5.782289440852700780e-05
-1.625546039221090268e-05
-1.773080712291250937e-06
-4.259072515784944001e-07
-4.377006146938502274e-07
-1.736372545340495648e-07
-3.491385006959751196e-09
-2.643813727269371656e-11
-1.276900640908649247e-12
-1.569626553791331080e-17
-2.843332313453801203e-14
-6.459390350714099010e-12
-1.703468128393856358e-13
-1.819141917405338892e-18
-5.489916346589720541e-12
-7.155571636664188831e-08
-3.085062850781018621e-06
-3.182126336480708479e-07
-4.109624546501391309e-06
-4.901690312248789267e-06
-3.645577393783459830e-05
-4.535782609324920573e-05
-2.023591579965689988e-04
-1.071162026766001485e-04
-2.006307834044796694e-04
-1.044344609327404317e-04
-9.744951498583138548e-05
-8.540793295994045383e-05
-1.304416300555056186e-04
-7.269610373737215030e-05
-2.846053632414418115e-04
-7.567472385434888867e-04
-1.995723479071737387e-04
-2.573780973522720445e-05
-5.191793192977974957e-05
-1.177277022418566363e-03
-4.135541797658897874e-04
-5.154868151233558612e-04
-2.106896919679537904e-05
-2.907514897203401078e-05
-1.658722390481448113e-05
-1.149180955174743145e-05
-3.791854617346264186e-06
-2.313564917970693373e-07
-6.957533890701584467e-08
-5.307526604074174466e-08
-1.209267647230383078e-07
-4.981549566421249062e-07
-7.093935792847484617e-06
-3.417139746711509201e-07
-2.198629459900236606e-06
-3.609705804285542239e-07
-2.515389774985366822e-07
-9.663872814455186805e-07
-8.438127873350500052e-07
-4.482547200380309864e-10
-6.748362465444831938e-14
-2.550402768207131118e-12
-2.882146632964804928e-20
-3.710279780059174414e-19
-1.491835989122832024e-18
-1.145733734653322091e-33
1.105103871023492272e-20
3.544231445964378805e-20
2.514172412602560329e-28
2.316182081213896131e-20
