7.359010733984854696e-03
3.594993167561345761e-03
2.547833838858907466e-03
2.103837819584856040e-03
1.886065186452778484e-03
2.334032339872421213e-03
2.492068402465608644e-03
2.597546143791866925e-03
2.368281506431273945e-03
2.017520817562856901e-03
1.449044529667928467e-03
1.373923570360993445e-03
3.206224269059845290e-04
-2.521724957787190198e-04
-1.172254187732958697e-03
-1.378217249566567005e-03
-1.281552532871691038e-03
-1.444363971364737717e-03
-7.071549978214960964e-04
-1.528589902295594263e-03
-2.009961950866072291e-03
-2.427540469874095528e-03
-2.950786056937159795e-03
-3.868202998117967455e-03
-3.880590399022951567e-03
-3.351448127291687101e-03
-2.351890437189549463e-03
-2.259703007709952093e-03
-2.331683835552658939e-03
-2.465183950423879486e-03
-3.500144097864045165e-03
-2.875226538379533920e-03
-4.070141464999761129e-03
-4.276055128348837595e-03
-3.063233348574356720e-03
-2.517650657675963351e-03
-1.831055860268925592e-03
-1.358815168115401787e-03
-5.323909146499210265e-03
-4.963453779180009191e-03
-4.839985451712824037e-03
-4.363556991095120241e-03
-9.502024481649917406e-03
-8.909579692861241407e-03
-6.255636205024547869e-03
-4.522961132394041732e-03
-4.249780742955611840e-03
-4.307710772980783732e-03
-4.493279782877454033e-03
-4.970845671910157498e-03
-1.639146417554783464e-03
-2.405514246262238122e-03
-2.895089283209750786e-03
-4.218880471919734566e-03
5.682907742126178932e-04
7.041236612248594196e-05
-1.764231074321446352e-03
-2.990217439570880872e-03
-4.508549339595775696e-03
-8.955489917984121515e-03
-9.249345058111613574e-03
-9.728767879104174149e-03
-1.023568150166783569e-02
-1.042904733591221850e-02
-1.102236381478350659e-02
-1.373714214740041385e-02
-1.345800359081438489e-02
-1.401681816049300290e-02
-1.334193820571091989e-02
-1.405913731876307603e-02
-1.470206821197321718e-02
-1.031072038621682826e-02
-1.015407793181297841e-02
-9.876441789132569746e-03
-9.087603383331257015e-03
-8.857578197355459731e-03
-8.432978927001779854e-03
-5.070112620770860813e-03
-5.100967049382088350e-03
-4.950786954515711685e-03
-5.246773885528389046e-03
-4.725489521928177145e-03
-3.185836427060214065e-03
-3.431182821616812414e-03
-3.852177163848470847e-03
-3.560903436340375535e-03
-3.252824927101256522e-03
-2.822073874936053325e-03
-2.464422830200809975e-03
-2.557937570067837264e-03
-2.609570047750724240e-03
-2.446974975517093951e-03
-2.040226847574432099e-03
-1.716536814625197220e-03
-1.674633124168403882e-03
-9.532117128885458620e-04
-4.250569034227913196e-04
-4.813923261238849788e-04
-4.005121025509256541e-04
-3.823908051672779873e-04
-2.721653314837462075e-04
-1.221582737889519643e-04
3.521124877913755488e-05
-9.203985386191115305e-05
-1.594303977066972291e-04
1.539621540713802478e-04
9.337538817757438687e-05
9.828934879382783877e-05
9.650676724257893201e-05
1.279939538327313781e-04
-5.153485557832912289e-05
-5.391357716694210512e-05
1.057790296704588276e-06
2.690222303278475609e-04
4.086558317969455679e-04
7.810736419314292037e-04
8.687135113862296020e-04
6.057690833252543910e-04
5.685792149165846835e-04
5.846352082819098557e-04
1.981885103518440851e-03
2.005185052628683136e-03
1.999577452654188649e-03
1.979552945233011094e-03
1.891757705582328012e-03
1.779215109752402919e-03
2.098436866131276474e-03
2.394222707755990203e-03
4.099714410010921010e-03
5.470157384269953328e-03
6.087721018470069155e-03
6.096870975892224563e-03
4.756336750311235782e-03
5.340957518264023186e-03
5.431108745572280593e-03
5.790675351528038785e-03
6.655820437119486233e-03
7.683165927860092191e-03
8.114722254613423655e-03
8.732583703868194991e-03
8.129121936111812635e-03
7.729480782408433559e-03
