3.952725625058859521e-05
1.131132350284608070e-15
4.806400545767644801e-06
1.351395604899517726e-18
1.800469863443331500e-09
1.650751449764922135e-02
1.215321809928610129e-04
6.483823878456582319e-04
6.321682634863631694e-07
1.245568443328020150e-02
1.213557954351693682e-03
9.638640040684233965e-07
5.937088875466040689e-16
5.724396910312712495e-06
9.241103653151207242e-03
7.495392290985476626e-04
6.174792925840575599e-09
2.378826025472895557e-09
1.276083034046469090e-11
5.250359997935239234e-03
-3.291076181183066798e-05
-1.815404024469555622e-04
6.375542266378221232e-03
6.573084960713377646e-04
1.007799320682611804e-05
1.978874401702408032e-04
2.402677071052413825e-08
-8.149852752031003841e-05
-6.321275124957800203e-06
-4.956408873525317064e-11
-6.964226533301650206e-06
3.705074522546202096e-05
-1.982522740983549863e-08
-2.804847148270685740e-07
-3.331030499065067152e-02
-4.978097076778572219e-11
-1.109095775830201778e-03
-6.250695903508866804e-04
-8.954216460474497225e-07
-1.790293013732935888e-03
-1.651863006725062395e-06
3.830758436297243205e-04
7.307938226441433178e-16
1.668263145004411421e-13
2.901471293516230787e-08
2.561252325562342249e-03
5.318556146530328669e-05
1.230096805047566338e-03
1.322432416974898321e-09
5.316255624882054366e-07
8.541411427896253316e-05
2.610802300312384094e-07
1.806392825670619537e-07
1.752293518911541396e-11
8.334291519180258588e-07
-8.124571875898437515e-07
-5.499155489181305635e-04
-5.753133036757101604e-05
-1.740565260958705454e-12
-2.469742116936825359e-06
-1.966600414234822481e-06
-1.103114085116014798e-10
-3.428686945940565695e-03
-2.731693903947850563e-14
-3.015779576098289130e-05
-3.045899386480667263e-03
-3.202002381886329824e-02
-2.673511130881824652e-08
-1.588858547428970755e-06
-3.585847457850789913e-04
-1.382536996274107226e-08
-1.144419292654277800e-03
-1.176448134140116386e-06
-5.879897906121788439e-09
-5.125381377082037504e-03
-2.497060472834775838e-03
-3.346056579330638690e-11
-4.804746460015214897e-05
-2.969506987557639019e-02
-3.883992932976797902e-02
-5.981184476291635799e-02
-3.648596327835169906e-02
-4.437610251417348217e-02
-5.761194532021772508e-02
-3.457882904414933539e-02
-3.069536613783289264e-02
-2.137687519756022864e-02
-1.295526275294543949e-15
-1.562404087562334762e-06
-1.075399405869563408e-08
-3.605508697544003785e-03
-2.223513046133163940e-14
-4.256975290721716144e-10
-1.735171887192725336e-26
2.705152371482336213e-07
6.316189557314871795e-08
-3.412612155673479947e-03
-1.521118484560233033e-02
-1.183199797644519241e-03
2.196037251232571439e-11
4.908222649084837373e-03
3.684819392507996048e-06
2.203942339077977916e-05
5.228846844474443125e-08
2.667790816784796179e-06
1.288289502524007945e-04
2.851243938844292072e-03
1.420241565744950231e-02
5.342586655605187611e-09
8.010174454630997892e-05
9.649526786026057026e-03
7.355571975194879694e-03
1.173987880363963447e-02
-2.300608705928246115e-07
-1.954279693496948028e-04
-1.020247277648660707e-13
-3.301541223485515664e-14
-1.474115918247378542e-03
-1.569887174244657610e-02
-6.178868839599049621e-10
-6.985341445002523332e-15
-2.695191473688528021e-09
1.782511054584862966e-03
1.596830718870665872e-05
1.769197799676688795e-05
8.336169819321321986e-04
3.954847905720007914e-06
2.802759093028662077e-10
5.741725208874057088e-07
2.509881901565359877e-05
6.533831683150205061e-06
1.192854394333867357e-15
7.196383390555450166e-05
4.596910660396035279e-05
2.002955367048652081e-05
1.044476905326030417e-03
5.086763890682142303e-05
3.544966641978373328e-03
2.198593320065715239e-04
4.589565163660122434e-06
2.755040445028532029e-16
4.760354200549883224e-08
1.042258101859211566e-14
1.715766842260723885e-06
7.173874871745086229e-07
1.954855631634584085e-05
7.232224557582589432e-08
2.170636796747055621e-06
-2.992463124628675180e-05
1.108903149201225862e-05
6.697588376141003689e-07
1.211335538914073539e-03
1.654568477418641911e-05
6.067500915860811646e-03
3.038799549566558718e-06
5.379516374470958281e-16
-7.722005293038906517e-07
1.644508568130705387e-04
3.394298521590187294e-04
-5.245206984196126892e-10
1.191084429045589081e-06
5.865981178840634289e-04
-1.582743858292097845e-07
1.895290459154857207e-06
1.228495372072678157e-02
7.934296719102993825e-09
4.398309422700651811e-03
4.573759965384067385e-16
3.886330359096894041e-10
5.594050696061005209e-04
5.981822541914646707e-10
1.026797847516002068e-04
1.939260832680613097e-05
4.103488372365597311e-03
3.384938150445068608e-04
2.672404360035414428e-03
1.276874206774542692e-04
6.861053839033439880e-05
1.377208097279779492e-04
2.031141438454896853e-05
9.423794999233744236e-04
3.200007950588442535e-05
8.700180656719212063e-05
8.246296015584901769e-05
1.090000952866911716e-03
-5.327789227593167929e-04
-6.601641253636132657e-05
-1.396133135654119821e-10
2.700006239312245560e-13
2.437808958030553612e-07
7.590018435948064565e-04
9.031050417850775350e-03
2.195049069910266076e-03
-9.041683475011827385e-15
9.139933725272825021e-05
7.342874048487642935e-11
-7.188342589463438529e-19
1.086233987322872009e-07
2.091618812432926439e-03
1.895202629118410095e-08
1.415908791555385406e-10
2.380447632921867056e-05
5.108045606554079826e-03
9.641719936715391001e-03
2.172804252205983699e-05
6.765078877852482762e-05
2.668150456968855329e-08
2.374227031705782335e-04
3.177198282847723976e-03
6.419738489524887126e-03
1.640072479373216493e-09
4.361484692713744438e-04
2.236571676808591942e-03
2.346567091174456282e-05
3.586771289304636187e-07
2.045112093489923673e-03
3.083110830865150424e-07
2.288689140984728233e-04
5.487964582113027779e-09
3.037056712643116394e-04
-2.300849730320346943e-04
-1.415081884539200986e-08
1.006845289895521960e-08
1.392287204428649275e-05
-1.526054982986711377e-25
-1.123945398171608857e-03
1.783176948833946408e-05
2.324164253088770843e-04
2.182860355979066112e-03
3.206066398100310133e-03
2.567899374393257139e-06
4.445659414397051747e-04
4.815282146114489153e-03
2.522707899343330090e-02
1.545767264856999486e-06
1.201165849829977962e-02
7.573076178893838961e-05
4.594883856854262844e-02
1.388951425453778706e-02
