1.394253514017345277e-05
1.863888417436502710e-05
3.606082630321934658e-05
4.066717234652983127e-05
6.166261555698977315e-05
1.238133214719778781e-04
2.279800052723749261e-04
2.404312315379435649e-04
2.565119922870456198e-04
3.206500015370235615e-04
3.272145070781730045e-04
2.573998943345610587e-04
1.628788573332633910e-04
1.588849869217928029e-04
1.434861209443602005e-04
8.477032108491346183e-05
6.036055001497334967e-05
6.342452354595624344e-05
5.387928306140239866e-05
4.273252351617110462e-05
3.042304479738234613e-05
1.619547781855880118e-05
1.076739369347318259e-05
5.678364411673864148e-06
3.312219088885747458e-06
2.118176499049198517e-06
1.928318504001339183e-06
1.652641013045288604e-06
6.519259337909692186e-07
6.378592050821505726e-08
5.769072055203748613e-09
9.818265566868009407e-12
2.780936876663250359e-16
1.162529689474327533e-16
1.086333860893814573e-16
-3.228513310317247428e-11
-6.459459112000569668e-11
-1.552987914235440835e-10
-1.582350680774278638e-10
-1.587235731203960962e-10
-1.587235731202444895e-10
-1.264384399456295050e-10
-9.412898192879626318e-11
-3.384212856526743219e-12
-3.194608398718904876e-13
7.852092835167889372e-09
3.094826702993269778e-08
6.299226242062475277e-08
1.197241031343862369e-06
1.943133391039840636e-05
5.153595190075761979e-05
1.375039737009994150e-04
1.964512496065663662e-04
2.252404864201074314e-04
2.613373572710077494e-04
3.299231914149676763e-04
6.731419836002319008e-04
9.871158517673706088e-04
1.534959374875316572e-03
2.061260124981120594e-03
2.312355517216877713e-03
2.365673157247792473e-03
2.126949021780873920e-03
1.813404651396201316e-03
1.391934894469871271e-03
1.258902683476098745e-03
1.356928544578576111e-03
1.352985589790904825e-03
1.398074883793773210e-03
1.490027931608840089e-03
1.448620657364788544e-03
1.157141692875167816e-03
8.630316334512322211e-04
7.382989090321113827e-04
5.614975807481991993e-04
3.834239848910863074e-04
2.394871610588442459e-04
1.088763056275634513e-04
1.663399209339145237e-05
5.171971894361514189e-06
2.845174061001201113e-07
-4.803992956076316560e-10
-1.975198488583212138e-09
-2.020813813550368514e-07
-1.095213818255721633e-06
-1.209413004032110562e-06
-1.279963817215242888e-06
-1.692268325815395695e-06
-1.697157480374516837e-06
-1.497105528769407851e-06
-6.039731471249410209e-07
-5.051819010374681204e-07
-4.344171557295944741e-07
-2.193830618657579765e-08
-1.559453751840421424e-08
-1.554030631902056048e-08
-1.546720445862678766e-08
2.659561837656037523e-09
6.390906180738527025e-08
1.292979723733146326e-07
5.434959778346675179e-07
5.641467390860375390e-07
5.812497541475395880e-07
5.804648916120726831e-07
5.203277575481042380e-07
4.934573174307111529e-07
8.232643491453442376e-08
7.901310461499265301e-08
9.165491118654499477e-08
9.244133314281554252e-07
9.869946688429544487e-07
2.489364191418498711e-06
2.826327870527232726e-06
2.951676419655991182e-06
3.065703246447652524e-06
2.309992420246076562e-06
3.552869228906365569e-06
1.050940173800716831e-05
2.120477317025075618e-05
2.595002004330234895e-05
4.710971647224140461e-05
8.624969249390905188e-05
9.375558235445876319e-05
1.233742292366811391e-04
1.610304461635524685e-04
1.722907724980740185e-04
1.627971463018752167e-04
1.473379826718485312e-04
1.503181962310370684e-04
1.425362797490570548e-04
1.012336430549510424e-04
9.570192218806416334e-05
9.660676462888255218e-05
9.660303481065487055e-05
1.029411347327826047e-04
8.638987128933071186e-05
8.621867472137414307e-05
8.449074134362346492e-05
1.171600883081051823e-04
1.060357054096023910e-04
9.701081184787327817e-05
8.981603966303474686e-05
9.381793615978928271e-05
1.343100555053159805e-04
1.338876930674725945e-04
1.313358981020655103e-04
1.385776475154232225e-04
1.343101437292973778e-04
1.241605538636621046e-04
7.496761295602940081e-05
3.008548046633767589e-05
2.010619678729990575e-05
3.760573435866590015e-06
1.461246250430288225e-06
3.911557742912796879e-07
2.033723933811469583e-07
1.237629878968104005e-07
-1.357607336977515179e-08
-3.580513705860316824e-08
-6.646076982418534573e-07
-1.093746363083542805e-06
-1.096684731737628484e-06
-1.109510159919673892e-06
-1.095117642801556329e-06
-1.074913316059875376e-06
-4.673955342406472109e-07
-3.825902845656792521e-08
-3.532106778562281435e-08
-2.249564009984997375e-08
-1.937320503792411017e-11
-9.903006646363457060e-13
-7.987907248026427905e-13
-6.501686780265808043e-12
-7.772069695819307518e-09
-3.790979385925905871e-07
-8.737488881783046590e-07
-1.397422118403557131e-06
-1.492619695736402490e-06
-1.532106473501896657e-06
-1.777952033640077730e-06
-1.426915389910840440e-06
-9.427213329394994857e-07
-4.191434994328720784e-07
-3.239483069627421295e-07
-2.844844567103456868e-07
-3.087292195133240136e-08
-1.058369628752484232e-08
-1.268036731497254148e-10
-3.140695308092594547e-11
-2.873675097449953479e-11
-1.370733403385907430e-15
6.142966627316702570e-19
-7.208107034116508355e-13
-7.208107034132337070e-13
-7.208212102492556345e-13
-7.208212359663022924e-13
-7.208221687875446214e-13
-7.208221688882273048e-13
-3.115901684740200517e-17
-1.491816876963275351e-11
-1.503164075345572875e-11
-1.508765508583395681e-11
-4.358023388503428870e-11
-4.825523203057765661e-09
-8.162736471353518192e-09
-8.812347480570172305e-08
-1.255529922296683085e-07
-6.478430599073042429e-06
-9.834445789768795265e-06
-1.458376337878989460e-05
-2.462436672892444973e-05
-2.939125216822970120e-05
-3.433541143609013566e-05
-4.060874863233087214e-05
-7.297782998841723090e-05
-8.221794100446190850e-05
-8.158294324366181284e-05
-8.104733171192600547e-05
-7.860890186295187599e-05
-6.732068634991071566e-05
-3.218298282228892354e-05
-2.007556302018850529e-05
-1.176191536825492541e-05
-1.362934978632519042e-05
-1.173092213024781750e-05
-1.100776793800883565e-05
-1.051127644097392921e-05
-9.007622100583261880e-06
-1.009135393803148003e-05
-6.635606413039416589e-06
-1.615726755560704863e-05
-4.913915910201752221e-05
