beta2
7.556024485996759056e-03
7.712783179623558180e-03
7.846539481668135529e-03
7.671879532403181809e-03
7.680122953921302356e-03
7.666784563634121419e-03
7.501169043020736518e-03
7.087125062537748960e-03
6.839898998820537201e-03
6.632707926533993464e-03
7.086332630924391598e-03
7.183860804932531464e-03
7.373620702685528688e-03
7.564242787302907431e-03
7.889379911416798119e-03
7.978682458708408892e-03
8.291621209944831372e-03
8.012355948245801843e-03
7.767927793992272963e-03
7.422632978517093930e-03
6.700754815814521578e-03
6.469731789188882046e-03
6.754411017472639750e-03
7.052491364614659787e-03
7.270561436576795586e-03
7.418933747642723724e-03
7.512066822288448673e-03
7.453556875258587899e-03
7.701755550140390941e-03
8.065898629944228890e-03
8.576443196733169252e-03
8.220972486484862812e-03
7.816717777330763062e-03
7.726946713125201413e-03
8.428810368822713811e-03
8.689156687062203968e-03
8.789209524001688478e-03
8.692786642211529705e-03
8.030426212515054396e-03
7.320980491248346191e-03
6.760244039783728717e-03
7.016662994046417995e-03
7.087252816091590621e-03
7.318091443716322024e-03
7.534661883724447576e-03
7.209950440091198419e-03
6.899196131504954296e-03
6.573544031774037136e-03
6.182059383701330423e-03
5.762882051563565471e-03
5.871838808389529679e-03
6.625953926122684148e-03
6.908739232784982809e-03
7.610801401505955591e-03
8.462012077244916719e-03
8.704103958726104942e-03
9.412380558394106700e-03
9.849559791663022382e-03
1.020856852261244584e-02
1.070516904659115850e-02
1.131798209523683998e-02
1.155095241643060155e-02
1.166835745024907139e-02
1.195807504748888465e-02
1.238466813398049829e-02
1.248380751087142977e-02
1.220394540917394202e-02
1.282381679069975397e-02
1.327871448274589930e-02
1.369076797325712372e-02
1.357552091463584340e-02
1.332087294420527743e-02
1.333725988834275934e-02
1.318397415182908511e-02
1.248622515236759954e-02
1.219193074171338008e-02
1.197351139383020374e-02
1.114877504059496975e-02
9.665715433994673603e-03
8.379551841063316922e-03
8.063599889381496688e-03
8.553856121961782993e-03
9.251774430241067534e-03
9.441424122566113852e-03
9.388159478267030233e-03
9.746797397829971843e-03
9.807393212958308293e-03
1.014809089605437503e-02
1.032747365801413991e-02
1.070237688395227899e-02
1.122163872873761098e-02
1.132104190088919701e-02
1.124761725324598463e-02
1.085520695120131482e-02
1.033015745258147530e-02
9.728408847380465296e-03
9.364537477447530331e-03
9.407175622196652098e-03
9.722486014779627844e-03
1.004357183614717347e-02
1.023693323631251484e-02
1.021735725048357295e-02
1.031109560976748579e-02
1.046520984376424560e-02
1.050014226596051106e-02
1.042438779360488343e-02
1.060648010420874032e-02
1.032524049753051794e-02
1.002151849152621566e-02
9.926486637065353585e-03
1.040885612900928521e-02
1.096741695205612384e-02
1.090375998833132895e-02
1.089947558402472143e-02
1.030151519091150256e-02
9.818736224231645188e-03
9.250567759111868321e-03
9.205876901952778080e-03
9.497246506830831630e-03
9.851205303391081386e-03
1.012531579218536176e-02
1.035292208375989884e-02
1.049941962449298105e-02
1.072314185157569044e-02
1.080916650032566137e-02
1.103637169004602694e-02
1.110054686612235372e-02
1.129428665670531226e-02
1.116605974981176724e-02
beta3
1.754373819590276180e-06
1.110347172934718432e-06
2.976813849695445997e-06
2.195505427063822111e-06
1.901192906766289954e-06
1.265026924660271928e-06
1.051020997463379552e-06
6.311052899102591939e-07
4.595134978044323215e-07
3.935795543638695563e-07
9.033900041694070456e-08
8.293924569191422974e-08
1.006992377195753006e-07
6.823647434982000338e-08
8.942285148290540281e-08
8.976575315218623950e-08
6.342893906194205910e-08
5.780727772740058966e-08
3.411262252792579903e-08
1.662941402797274146e-07
1.302704584677854941e-07
1.922025914579459171e-07
5.310212446023636548e-08
1.388936864271397186e-08
1.423708191843618991e-08
6.140103449382253854e-09
1.699669805801331058e-09
4.606088206357667184e-09
4.244567420252218163e-09
4.102021211753574177e-09
2.441609367016274428e-09
2.241983791237194267e-10
1.607985037931840823e-10
1.838631782886131496e-11
2.608690451456703552e-11
6.066477972313598663e-11
4.996945690511946246e-11
5.423876658675495500e-13
2.182063851189996140e-11
1.758200932018530612e-11
3.146159253834571795e-12
7.280865910049459904e-11
2.375422479897343202e-10
3.166086438998021271e-09
4.016076117412185446e-09
7.048358007224644720e-09
2.717356464693539843e-08
8.747798737242847885e-08
1.211086717195530068e-07
2.354299844039359631e-07
2.428685046330923729e-08
1.070488040308201093e-08
7.136307667018170540e-09
3.618834003167555431e-09
2.770593157142534826e-09
2.872545862410513219e-09
4.858625404244156587e-09
3.993307225718964379e-09
5.678095257937712221e-09
3.922475089189050046e-09
1.746814614641360203e-09
2.428926022360979291e-09
2.834714221411025582e-09
9.401514267422912940e-10
1.406148978742436316e-08
4.399636104812636558e-08
2.252404615808519985e-07
3.625242349566915790e-07
7.060650619969479316e-07
1.242467619649422834e-06
2.188195781282598476e-06
3.081347663175425857e-06
2.901277501854345473e-06
5.112084920870362856e-06
5.311457539686958242e-06
6.493497079010091395e-06
5.804717474307588318e-06
9.883594206250105179e-06
7.608482422910739200e-06
1.103323209687598035e-05
1.003441085676697267e-05
6.163938890843199926e-06
4.511297877067939810e-06
3.836996268194190220e-06
2.771590949086939415e-06
3.927096558577615975e-06
3.367173095399704735e-06
2.671585789795930583e-06
2.869469116372141809e-06
1.981674463516838990e-06
3.690343572159763685e-06
2.221689649595788875e-06
3.146797088215484029e-06
4.361123555948700250e-06
2.378925724937543005e-06
3.818061856727923638e-06
4.091406100334485702e-06
5.205472170495899696e-06
3.662225303736289159e-06
3.338085491206090584e-06
2.840360195045242224e-06
2.478755426488530249e-06
3.289683739217900090e-06
2.516993216836543034e-06
1.741439335689836369e-06
1.625916975752686846e-06
1.364045251138846614e-06
1.223256533834459147e-06
7.588802182970636395e-07
7.288460946402728771e-07
7.367353543831584237e-07
1.336434885175112887e-06
1.013611592184068769e-06
1.252316644763357827e-06
5.009387217921833323e-07
3.359811914284197363e-07
1.518639663109896007e-07
2.204997203919570708e-07
1.885773139009803489e-07
1.573611989615773506e-07
2.000710342435500398e-07
1.998241803689556083e-07
7.866672639780866396e-08
9.856270131275571362e-08
1.367949422634364876e-07
1.390443889552576476e-07
8.202334128607954020e-08
1.969448345478815842e-08
2.684522504545325248e-08
beta4
-1.141952537441072793e-02
-1.212207234485329806e-02
-1.333452694871431130e-02
-1.243892062663524978e-02
-1.199766588586655136e-02
-1.133858991672085509e-02
-1.074905787635022092e-02
-1.000730621293648322e-02
-9.838400071375758352e-03
-9.403143540238238784e-03
-9.047275317387699911e-03
-8.452210597867042263e-03
-7.955918346914642170e-03
-7.660541551723841838e-03
-7.411787639744840846e-03
-7.151219840107572376e-03
-6.974351462606324936e-03
-6.982797074680213191e-03
-7.085473844832581615e-03
-6.972104018610773314e-03
-6.750400103672088425e-03
-7.272398059807919264e-03
-7.376576111526864273e-03
-7.675697188275737437e-03
-7.461088264301578288e-03
-7.240031597721860793e-03
-7.086066650382689784e-03
-6.936438648160171000e-03
-7.530152188674286290e-03
-8.208637009618576300e-03
-8.611739153870139052e-03
-8.631826136448209064e-03
-8.598837907055685570e-03
-8.750627586205452640e-03
-1.002855385836604746e-02
-1.086719909570513926e-02
-1.046390711102577684e-02
-1.005170673121233774e-02
-8.651956833205789663e-03
-7.268081735003479107e-03
-6.320862375580739261e-03
-6.875823271670982242e-03
-7.368030908563173720e-03
-7.812470446135277337e-03
-8.090822744647358650e-03
-7.803257564806681534e-03
-7.472027384474279679e-03
-7.165694946335892691e-03
-6.941160833568567508e-03
-6.099666086882631413e-03
-3.866220260662137781e-03
-3.388218391014179501e-03
-2.436198489885731903e-03
-2.313157146618530832e-03
-2.706673398734948423e-03
-2.860033050057441805e-03
-3.814147384240147882e-03
-4.289178054647787425e-03
-4.643173876749027984e-03
-4.842164770738042329e-03
-5.269793443920303341e-03
-5.248988750382073756e-03
-5.160373636955307292e-03
-5.190183456129213516e-03
-4.816770163752816594e-03
-4.918668029438987011e-03
-4.016768985970595521e-03
-3.634036592406987391e-03
-3.258004798924165647e-03
-2.733229657189718657e-03
-2.322031297279122768e-03
-1.896293931014496250e-03
-1.924000151447794772e-03
-1.614211327037929451e-03
-1.442099438067389293e-03
-1.491635314622094706e-03
-1.515582159152747315e-03
-1.431632969476678580e-03
-1.612036510432211540e-03
-1.389604803761487067e-03
-1.229637033442294728e-03
-1.800192795825183469e-03
-2.357865748959262452e-03
-2.611463238793717070e-03
-2.902577881889705294e-03
-3.031380263145168168e-03
-2.898217230911925672e-03
-2.749272247814717619e-03
-2.615682390898008657e-03
-2.480675072385984253e-03
-2.505381246303932646e-03
-2.774644625215292020e-03
-2.877552994689958239e-03
-3.010705393344102754e-03
-3.409090686385687907e-03
-3.802448829118624390e-03
-3.946631338040596307e-03
-3.968348812222972921e-03
-3.967745303311683881e-03
-4.088872551612107893e-03
-4.205357912232679865e-03
-4.560874101127343830e-03
-5.080194710107945218e-03
-5.184024299227964205e-03
-5.349976072381506381e-03
-5.559955372912446687e-03
-5.612948622252589281e-03
-5.623853691329562879e-03
-5.527810480565603125e-03
-4.857467603662690009e-03
-4.895253044934912146e-03
-4.915343623277675100e-03
-4.769845298443286565e-03
-4.475343551008613419e-03
-4.196090972638920336e-03
-3.995079409755178043e-03
-3.834562275437711394e-03
-3.556858724496423339e-03
-3.451324780149630633e-03
-3.498391521548022652e-03
-3.516240008806433351e-03
-3.764051855752006612e-03
-4.162227336927830368e-03
-3.961547440966306163e-03
-3.659196689836775353e-03
-3.648291889739128414e-03
-3.470934627909891788e-03
-3.378741239473157226e-03
-3.306248164234273229e-03
beta5
1.273157667837501901e-03
1.313603150633162403e-03
1.340616132469720292e-03
1.575926670540799164e-03
1.880642909334416220e-03
2.161953509928669914e-03
2.463847778644354634e-03
2.816207781479878897e-03
3.323641268575106174e-03
3.906277532662424251e-03
4.152299893067594623e-03
4.678566114940791582e-03
5.257438173973947790e-03
5.892874400336614756e-03
6.648530652264398461e-03
7.061229056960934697e-03
7.440352984920213866e-03
7.312045729613796119e-03
7.288967103971549615e-03
7.098713596128422218e-03
6.778385587919549468e-03
6.645680215800581561e-03
6.611532718062056689e-03
6.480348085329080965e-03
6.398036762618078237e-03
6.446586636157509292e-03
6.478509570106236876e-03
6.467652229518231627e-03
6.272276647847165910e-03
6.334890345132277931e-03
6.137978298455118789e-03
6.044965234473783505e-03
6.071904312563238676e-03
5.799923681196521297e-03
5.850826266326172864e-03
5.191843199447789686e-03
4.411460327343044892e-03
3.629097631954329977e-03
3.113265227848092866e-03
2.679183206300009105e-03
2.658650764084335549e-03
3.273577019157473955e-03
3.976310235858983647e-03
4.734157253860414583e-03
5.204992207777864657e-03
5.217118027306367860e-03
5.193192664953372867e-03
5.077066587633042791e-03
5.142166603430853994e-03
4.602701202916602632e-03
3.393178124717839955e-03
3.299696963235980093e-03
2.531545805811302730e-03
2.709464252487459729e-03
2.887967908929620769e-03
2.844554222867153558e-03
2.605463440523652849e-03
2.224582752925737504e-03
1.839356966848342163e-03
1.662693954896589561e-03
1.160921778903117440e-03
9.101447597577455324e-04
7.811261097546938741e-04
5.625149404429458100e-04
4.671563428338604057e-04
3.583636261995402981e-04
4.604954656903167140e-04
3.889079815396736172e-04
3.491808119192452023e-04
3.412170527602591025e-04
4.141851803657151674e-04
4.970210519654732085e-04
4.201829703274029097e-04
5.107255648438630479e-04
5.931790152858275019e-04
5.876657700906231250e-04
5.858978397596445713e-04
7.329750648638824620e-04
9.219514013121849361e-04
1.313271893020200075e-03
1.335652327102055618e-03
1.174038029949559404e-03
9.250134353872170850e-04
1.033728529723615917e-03
1.215551667399142072e-03
1.316216530099457646e-03
1.370514938822012295e-03
1.329989091254169323e-03
1.430032586670641238e-03
1.566898230666192472e-03
1.636991174735726289e-03
1.819337640818221918e-03
1.989319604168315880e-03
2.073615182437016022e-03
2.110757926815889224e-03
2.145771025791495118e-03
2.339973057068237688e-03
2.520444644452285096e-03
2.658389302799216408e-03
2.844528910013230383e-03
2.942552032325028693e-03
2.931369693175912578e-03
3.016166198668543234e-03
2.884843844310930414e-03
2.452775873517572432e-03
2.065001087884395410e-03
1.828034352637659390e-03
1.792484981098223500e-03
1.807693017645238976e-03
2.065003653932022398e-03
2.153211583305748682e-03
2.294274040818566635e-03
2.482470065537512992e-03
2.734674532809851667e-03
2.986091073198787055e-03
3.172106859178375204e-03
3.290881218626149577e-03
3.623748117321216097e-03
4.017466166311059461e-03
4.315709181571055104e-03
4.589000597716601237e-03
4.591495091763438986e-03
4.504687670007144658e-03
4.588395927980578118e-03
4.505374929110723611e-03
4.272482927132144684e-03
4.061595121276826564e-03
3.707550110372766911e-03
3.438819429567746035e-03
