beta2
1.049091489110524564e-02
1.056646724135498067e-02
1.068337362367762639e-02
1.068907963955271351e-02
1.079860288292813254e-02
1.090407774161993026e-02
1.091255264727618995e-02
1.087348370189919131e-02
1.091446439778731743e-02
1.086688307299488523e-02
1.091573535484704170e-02
1.094383493286360531e-02
1.084471223587605074e-02
1.075883519238873820e-02
1.071177449106031423e-02
1.078544090976549935e-02
1.077685638636918450e-02
1.079659044998501627e-02
1.074173468427201336e-02
1.071068256085039652e-02
1.056515276604250327e-02
1.053855631904458343e-02
1.060350134457878693e-02
1.065256181191846438e-02
1.071523043286489243e-02
1.078934145690151232e-02
1.088837278755601899e-02
1.095438541455278497e-02
1.104394060967752236e-02
1.115185898765418473e-02
1.123899333430044070e-02
1.126159893242365678e-02
1.112660994061984154e-02
1.100258825230883419e-02
1.109396012584638880e-02
1.099984544465781172e-02
1.103993586513169617e-02
1.110031841097005451e-02
1.103954302511736887e-02
1.102592804898041602e-02
1.107409509506696033e-02
1.107268923639416827e-02
1.106958863877022595e-02
1.106237134373401661e-02
1.103081274952188648e-02
1.103190440507426616e-02
1.102491613527888450e-02
1.091806313501881252e-02
1.084322973457653091e-02
1.068904332578468966e-02
1.054425018639487330e-02
1.056225042424966537e-02
1.063724938855691374e-02
1.071258039811653906e-02
1.085623270108732052e-02
1.089775053647677912e-02
1.109147351320265498e-02
1.114890128143273748e-02
1.104066514809619662e-02
1.099794248087486437e-02
1.095046724064211406e-02
1.099207259170911083e-02
1.094523137898116213e-02
1.098405972361613837e-02
1.106391434074904638e-02
1.120122271834966127e-02
1.128974300108190852e-02
1.137086397504154245e-02
1.147611755891385713e-02
1.154587184969144489e-02
1.143736307195095461e-02
1.132979576273898843e-02
1.121446776308601331e-02
1.102863426468767005e-02
1.088772329154988686e-02
1.087287238728715938e-02
1.088535757806308180e-02
1.081204688945545944e-02
1.056134172477712733e-02
1.035644725662436712e-02
1.038994395539682460e-02
1.051422698710861858e-02
1.072675553585961117e-02
1.070839420039257535e-02
1.075348794812558059e-02
1.087798847627887908e-02
1.098968867942411339e-02
1.131028529434366901e-02
1.141050321357657202e-02
1.162465289355846948e-02
1.183561261231286590e-02
1.195915932255323805e-02
1.203922235372299927e-02
1.178066870249413339e-02
1.159058263398331928e-02
1.152612082605902581e-02
1.153366256549225380e-02
1.157453489001295140e-02
1.163577514374326480e-02
1.175607887956208950e-02
1.181340073039468391e-02
1.181719819300329488e-02
1.194890504568753113e-02
1.206037485369397012e-02
1.217058359009384229e-02
1.218656123146020023e-02
1.216157615377837925e-02
1.207379062206450845e-02
1.200623548662743852e-02
1.201422126516537431e-02
1.199648603353208574e-02
1.203173354458918556e-02
1.192996683720772520e-02
1.178038587897972667e-02
1.170369248178749350e-02
1.157921217956395243e-02
1.144598944457691364e-02
1.143872189461600172e-02
1.143262153294623620e-02
1.142960072874275868e-02
1.143084691786778323e-02
1.145302487453174999e-02
1.153163968131530777e-02
1.166898278941636870e-02
1.164450704275624138e-02
1.172150099978005663e-02
1.174669182599975478e-02
1.181171994308802264e-02
1.178952022701855104e-02
1.182134504567826198e-02
1.185086012675714943e-02
1.189544601837699486e-02
1.182355213659015691e-02
1.174593130811133444e-02
1.163312272324933290e-02
1.173867113354877707e-02
1.178577557823543877e-02
1.181907722702433758e-02
1.187187070690376087e-02
1.196461307842252436e-02
1.209984259395697689e-02
1.215511285610923128e-02
1.236659817596284620e-02
1.263839297864736977e-02
1.272962663556605895e-02
1.266594355650478738e-02
1.261721497863665248e-02
1.245902055093369917e-02
1.233793880314085732e-02
1.231951022864364621e-02
1.229159923345721217e-02
1.232939868396010219e-02
1.209466931808932805e-02
1.216211457390099435e-02
1.182078761440423335e-02
1.154723395515585768e-02
1.135038540575919117e-02
1.149802164967402354e-02
1.158279816564555462e-02
1.160456244668904222e-02
1.171182415726074177e-02
1.178311773097016207e-02
1.205068895490344141e-02
1.221234922369840957e-02
1.232390397161997955e-02
1.245791479563722673e-02
1.264897352841784506e-02
1.281912326205738098e-02
1.278276935991381688e-02
1.257511183482849966e-02
1.242775830572117983e-02
1.233128593771910808e-02
1.197470599520420939e-02
1.173163817835934028e-02
1.157547627344374629e-02
1.136067617464613273e-02
1.108719521400064814e-02
1.077044981917521689e-02
1.044956078537674117e-02
1.024103942835095406e-02
1.013175608665779770e-02
1.009132437454673438e-02
1.007621800464651197e-02
9.817999660801502923e-03
9.634865627176185388e-03
9.378231276107193426e-03
9.056131018952256681e-03
8.764915035506836913e-03
8.651709655663888249e-03
8.770968219360863322e-03
8.844971269362636446e-03
8.931687821559100918e-03
9.226485247453583213e-03
9.684937395933613385e-03
9.982123038953318733e-03
1.035937526630806987e-02
1.048418360998805074e-02
1.057663936900096399e-02
1.065102417146580188e-02
1.063511579780264740e-02
1.060955771042372542e-02
1.065396526223162665e-02
1.062549949032077709e-02
1.061834963632303161e-02
1.038868273207037285e-02
1.017855728516645075e-02
1.027893655561152100e-02
1.041519489147614552e-02
1.051619790852961582e-02
1.060261340334812258e-02
1.059250613196277210e-02
1.063957537780165982e-02
1.048601352137868738e-02
1.026543181518588081e-02
1.017286459855566878e-02
9.936934734994379292e-03
9.753142703384194007e-03
9.845792743137782993e-03
9.864979383800943566e-03
9.899059461223897599e-03
9.786026480191854782e-03
9.821842817136744452e-03
9.725488679790554591e-03
9.824551901706023160e-03
9.896830514607549839e-03
9.963499513545345798e-03
9.945169547518846465e-03
9.947185706447023157e-03
9.998570341247908430e-03
9.984955179738068398e-03
9.980599683518324994e-03
9.971071191935514111e-03
1.006884454391494127e-02
1.011435102991641022e-02
1.012227673904705395e-02
1.033210413115769749e-02
1.063780644790759781e-02
1.059463996800624058e-02
1.053646583907066371e-02
beta3
8.047289890204627465e-04
8.445675109194586026e-04
8.901232979916353164e-04
8.320584018944663773e-04
8.406854653690625997e-04
9.483477218270949414e-04
9.325739166099111452e-04
9.571317483085353163e-04
9.432074785307216101e-04
1.154258869904484404e-03
1.271431818178333627e-03
1.443049081874207568e-03
1.663616151397959413e-03
1.874784610362007897e-03
2.119349036450495806e-03
2.162568539132508731e-03
2.115070893442104298e-03
2.050425093280554972e-03
2.120283692238649365e-03
2.151489087965184968e-03
2.141123887219944632e-03
2.132433004841326109e-03
1.964634072700087962e-03
1.812065155483867825e-03
1.673323023283827121e-03
1.529636352119133347e-03
1.336406779768351937e-03
1.247815940696295808e-03
1.123209561437251954e-03
1.031755328820399380e-03
8.399060275585326770e-04
6.930735575140852412e-04
5.741580553020861127e-04
4.548101250456957397e-04
3.657017297930460504e-04
3.079479546942377657e-04
2.136675575877424566e-04
1.847886771705895340e-04
1.662944165565707487e-04
1.995861552398544691e-04
1.949550841911601939e-04
2.024618186702973775e-04
2.195711087187526443e-04
2.388715121503772940e-04
2.985192388874822436e-04
3.283884808338131825e-04
3.592848491532001998e-04
3.597032228539680894e-04
3.566318527783868546e-04
2.140737397693386773e-04
1.322640426475212223e-04
1.093036536536217014e-04
9.106309949830483728e-05
7.785863872943713806e-05
7.444488513794688626e-05
1.112638611687669478e-04
1.143968430246397545e-04
8.606011515811442115e-05
7.437489156973507579e-05
6.060036439054853328e-05
7.173501098498100831e-05
8.502190117928505630e-05
1.050820120158974403e-04
1.140965009682177013e-04
1.783230168200037030e-04
2.828259617177505784e-04
3.439406298546756756e-04
4.559350316862961425e-04
5.768991911297869854e-04
6.628193034052612398e-04
7.756517098432313181e-04
8.717579582018673747e-04
9.415416716082498656e-04
1.020897746473971171e-03
1.077413573534910258e-03
9.918904026976556494e-04
1.038431084306397616e-03
1.154690854475957755e-03
1.165628492015114565e-03
1.194122874602326261e-03
1.207974048305858993e-03
1.158199936808893861e-03
1.128630030374585917e-03
1.100395356608735485e-03
1.055365143417196037e-03
1.081585311609156372e-03
1.097720627217153161e-03
1.139165894323587985e-03
1.071019239997430877e-03
1.113358090550756619e-03
1.114278266950941617e-03
1.087088492453080861e-03
1.098992856971055775e-03
9.989577692755486141e-04
1.007504656372355985e-03
9.456122943011941720e-04
9.252877214664038778e-04
9.273817547130554142e-04
8.665946157139823398e-04
8.247206062062303195e-04
8.176544410399620537e-04
7.832470786332949072e-04
8.141044577345563776e-04
8.551880534757676493e-04
8.099050055796839370e-04
7.929482939946156782e-04
7.289023103250159234e-04
6.768957870901773800e-04
6.227748395084072193e-04
5.795975289612524586e-04
5.393887174475207923e-04
5.661450600525309764e-04
5.312943550500740571e-04
3.940739104638890612e-04
2.985890852800307960e-04
2.057401487514604142e-04
1.208941705345785086e-04
5.694262813513731948e-05
2.229764258477431101e-05
9.831728876979828615e-07
-7.529160205936217693e-07
-1.765618244702734307e-05
-1.747872266130286338e-05
-1.214382034755154879e-05
-2.342630084246344471e-05
-3.825610022882560633e-05
-5.255818985166244066e-05
-5.375042246965799686e-05
-3.383673986104464163e-05
-2.739758357183017770e-05
-2.193110975883885231e-05
-1.906175950853783823e-05
-9.512821856606242955e-06
-6.328739976850964692e-07
3.201060852058553289e-07
3.005887213402568482e-06
3.103020054276907577e-08
-8.519380376649800934e-08
-5.356557004778690075e-06
-1.729086369523285532e-05
-4.383102157341455776e-05
-6.319405768614167591e-05
-6.674260914898118096e-05
-8.192209622659016516e-05
-9.793871107755315901e-05
-9.231674060094145577e-05
-1.204665282337007804e-04
-1.474554543513347709e-04
-1.294940579877549148e-04
-1.282925168489548674e-04
-1.636800342129437081e-04
-1.746901647648265072e-04
-1.388156559159378883e-04
-1.188094361422261150e-04
-1.666298804191790014e-04
-1.639100129991312796e-04
-1.636629485092152550e-04
-1.536791739685825040e-04
-1.633972728303339215e-04
-1.572060934591591524e-04
-1.679688436752821445e-04
-1.614387839365753990e-04
-1.383743835562829534e-04
-1.032398048472285015e-04
-1.286150604161585950e-04
-1.268709362445421900e-04
-1.225704413742310689e-04
-1.340420358056744130e-04
-1.581781048614572206e-04
-2.173043212030170159e-04
-2.405458608378901694e-04
-3.043185336315420942e-04
-3.688845021657340042e-04
-4.158782971694041609e-04
-4.734802235491625527e-04
-5.212947502600615967e-04
-6.285985021580567421e-04
-7.470121020220410121e-04
-7.411530051051414989e-04
-7.575437588222972687e-04
-8.597161435218477876e-04
-9.364811119485878452e-04
-9.739495845253981314e-04
-1.028115557394921470e-03
-1.033792006276773546e-03
-1.079820846404619568e-03
-1.122657053763706156e-03
-1.230708555462725140e-03
-1.211213519115935397e-03
-1.126820744537590600e-03
-1.065123137037444611e-03
-1.059386571979530414e-03
-9.615734694313545373e-04
-9.205329424722425574e-04
-8.549154014639979331e-04
-8.233497205336192271e-04
-7.450885415814518641e-04
-7.285081167988632228e-04
-6.947270932652133872e-04
-6.555640616224870341e-04
-6.187605679528812228e-04
-5.913398455345372133e-04
-5.814485526661910576e-04
-5.843175841232809906e-04
-5.724436461981153700e-04
-5.772225465157808291e-04
-5.545178717614499507e-04
-5.528666998649619385e-04
-5.425923154388248527e-04
-5.483757392345384174e-04
-5.523417048433391062e-04
-5.530031962341719690e-04
-6.670435971079539863e-04
-7.542766839268568932e-04
-7.929466649406809609e-04
-7.950979682264077211e-04
-8.082141741157656666e-04
-8.714328283817396152e-04
-8.963444018690084301e-04
-1.095338840221522520e-03
-1.170741137691568099e-03
-1.154977029598765019e-03
-1.354778220912404747e-03
-1.560216781276145678e-03
-1.805418737180671581e-03
-2.108501508962742216e-03
-2.390502256296902616e-03
-2.517804177530372136e-03
-2.639102410657987591e-03
-2.843225306538429628e-03
-3.220513559201700071e-03
-3.417889365149978306e-03
-3.604272636142142380e-03
-3.684720666428565813e-03
-3.384773339020524102e-03
-3.170665178095706180e-03
-2.808064611209126586e-03
-2.266276152773335877e-03
-2.053501942781611571e-03
beta4
-1.817297745486470568e-03
-1.853794575115976081e-03
-1.886855999681670776e-03
-1.807126546417567488e-03
-1.788455765413732388e-03
-1.783934363590869692e-03
-1.729413004765571358e-03
-1.711871199767165709e-03
-1.619451866779957104e-03
-1.701527537142948597e-03
-1.803621258325001624e-03
-1.885864823599495144e-03
-1.853179239178227074e-03
-1.847827891545871220e-03
-1.792344531443548208e-03
-1.755496534635799877e-03
-1.688592863522698053e-03
-1.648281003624708745e-03
-1.594336391491319197e-03
-1.570757776529159216e-03
-1.532776080565297940e-03
-1.535491055965891366e-03
-1.496018199641247978e-03
-1.453334786968157443e-03
-1.511967669919580225e-03
-1.549298588447871978e-03
-1.566810860884594158e-03
-1.550289337199709828e-03
-1.589114677517104680e-03
-1.621016875018994191e-03
-1.643545732750282705e-03
-1.712058391462387922e-03
-1.647467792601594715e-03
-1.626913659516853686e-03
-1.665260755757361644e-03
-1.607276256610465446e-03
-1.622460837925430912e-03
-1.730990937770509643e-03
-1.752191586490041810e-03
-1.714858212373421677e-03
-1.694219598443118691e-03
-1.691084137256145502e-03
-1.663934553456545944e-03
-1.627874710777632138e-03
-1.657765406031499068e-03
-1.725376437907414793e-03
-1.779923609786696493e-03
-1.711155806426816178e-03
-1.661290081989826983e-03
-1.437104820922281787e-03
-1.232580984118260888e-03
-1.222418418113201469e-03
-1.221363638741754416e-03
-1.259928171897493204e-03
-1.585626611044111929e-03
-1.857440574531545518e-03
-2.367129574260405222e-03
-2.715428649971778421e-03
-2.881636970481838908e-03
-2.879004690336357201e-03
-3.005021227695785051e-03
-3.150758757681647922e-03
-3.252345591179491013e-03
-3.433894981714607879e-03
-3.402190035951427414e-03
-3.460739371784966531e-03
-3.386937507796808529e-03
-3.397549216953280569e-03
-3.424529743029497246e-03
-3.300602457168244803e-03
-3.200340104619175605e-03
-3.126024574923625884e-03
-3.232685290625278950e-03
-3.049959004935039013e-03
-2.866298028313729162e-03
-2.854263855292046501e-03
-2.920404353523356998e-03
-2.936701630913847970e-03
-3.088671311959635506e-03
-3.200210526349888361e-03
-3.407274904220076485e-03
-3.703303664323632366e-03
-4.072312070547208507e-03
-4.164328117248477547e-03
-4.179947600515975317e-03
-4.194967280339266524e-03
-4.167648949981219916e-03
-4.213200636431645510e-03
-4.258063833864672923e-03
-4.241848191330385015e-03
-4.221435743492507955e-03
-4.268421146094162483e-03
-4.243316537935491739e-03
-4.403687971410458028e-03
-4.473785469237646223e-03
-4.428937467863953287e-03
-4.308956683870890543e-03
-4.191079304995243802e-03
-4.087126122566900159e-03
-3.934503725849398600e-03
-3.803912671721020825e-03
-3.693067152444288494e-03
-3.858920387352701188e-03
-3.956062472080272216e-03
-4.034884220186158235e-03
-4.088294270109461837e-03
-4.132528580871470611e-03
-4.181777829084008281e-03
-4.235007954733305269e-03
-4.119724399066045789e-03
-4.040555802070277744e-03
-3.946292645587589146e-03
-3.808169056785005654e-03
-3.866720067954331104e-03
-3.974976717533877657e-03
-4.041363577579209360e-03
-4.197516383917227964e-03
-4.261056633462181192e-03
-4.348764479813239242e-03
-4.435712966365613040e-03
-4.551714618331209258e-03
-4.651152496223413466e-03
-4.888379038723916423e-03
-4.900649619288493727e-03
-4.726292525633166326e-03
-4.627363970658749347e-03
-4.604520969873708222e-03
-4.656845050237463229e-03
-4.649351548594388150e-03
-4.708460624310784742e-03
-4.641650556593619054e-03
-4.577665989219098855e-03
-4.561533182765314595e-03
-4.506761353486613865e-03
-4.460338697393590249e-03
-4.508224171499577472e-03
-4.538792726227812956e-03
-4.605955021401235069e-03
-4.604308778658468965e-03
-4.739158116946862176e-03
-4.912928528952693712e-03
-5.004634234710637203e-03
-5.053227941515580322e-03
-5.084905876441458278e-03
-5.014969843694553654e-03
-4.982013046052266581e-03
-4.918761165332720398e-03
-4.877100791927178013e-03
-4.872320780850476589e-03
-4.881268993683596583e-03
-4.995933442747820322e-03
-4.970391148089621514e-03
-4.722345121235125426e-03
-4.488611877463213190e-03
-4.607872916052630288e-03
-4.774292258971225833e-03
-4.737205173877673953e-03
-4.366812936368095338e-03
-4.046754723257544629e-03
-3.793327217176785220e-03
-3.549861059154713755e-03
-3.456757653385751725e-03
-3.258243259337689855e-03
-3.146983140526125357e-03
-3.123145185101219856e-03
-3.080959066493653333e-03
-3.078322291460493416e-03
-3.036764678182402120e-03
-2.952754020722875381e-03
-3.027077055543302142e-03
-3.092297047547200479e-03
-3.185369076852810535e-03
-3.415070129003517155e-03
-3.495720971004601715e-03
-3.598823958702822984e-03
-3.744151204609692286e-03
-3.819745142875752720e-03
-3.882979214130420804e-03
-4.000841339105571520e-03
-4.062179587157831867e-03
-4.100782953809712500e-03
-4.115781893089236892e-03
-4.195852774858324988e-03
-4.122531277105200356e-03
-3.908484838841735053e-03
-3.705807292127168574e-03
-3.559499680989918792e-03
-3.425356162101198410e-03
-3.238162675951586529e-03
-3.112010313992424199e-03
-2.988942276159868051e-03
-2.847976402618393812e-03
-2.794999808516213449e-03
-2.744456759941011313e-03
-2.734234496713884750e-03
-2.673555019267389535e-03
-2.586626873938466589e-03
-2.518373214813750521e-03
-2.536992615339056251e-03
-2.500384651066357537e-03
-2.478482552600911812e-03
-2.529200355724506820e-03
-2.518459568245028524e-03
-2.486685332327757958e-03
-2.507244932754221570e-03
-2.602194081540091901e-03
-2.649875215960096481e-03
-2.709374065439203172e-03
-2.777971390359412936e-03
-2.859762338345729106e-03
-2.960132138047875082e-03
-3.025628611634298588e-03
-2.957798672207294366e-03
-3.006597364917874306e-03
-3.029793212347275423e-03
-3.072959903776558473e-03
-3.090096050950867299e-03
-3.134722695979404693e-03
-3.226652049451263389e-03
-3.227379369726075982e-03
-3.187789958051725093e-03
-3.174270258857641788e-03
-3.192028785535649081e-03
-3.221631437625273667e-03
-3.280149447084634504e-03
-3.385451703803436796e-03
-3.328542823737970936e-03
-3.195921014100152908e-03
-3.051872169210444012e-03
-2.910317892023454606e-03
-2.758555401059844397e-03
-2.672981602744423438e-03
-2.719699737854704754e-03
-2.841329856817541473e-03
-2.676349274581671378e-03
-2.607856668267095716e-03
-2.583270391935139215e-03
-2.532047311069482616e-03
-2.469002364345268020e-03
beta5
9.792506443497125609e-04
1.025476192439979742e-03
1.033791875606578179e-03
1.112871543337766791e-03
1.155080473654403628e-03
1.219062035994201466e-03
1.248317353190876808e-03
1.312159608612179342e-03
1.373847049577851028e-03
1.323040919829310096e-03
1.306616302365266316e-03
1.261951224916704924e-03
1.243483063862961882e-03
1.155708085339320111e-03
1.058310182968317820e-03
1.074220797256810129e-03
1.084117499972183990e-03
1.171177657773441426e-03
1.145319526243876278e-03
1.165236810176277461e-03
1.165301394509596095e-03
1.219107683487734599e-03
1.240068233073219565e-03
1.266448107173136564e-03
1.300171074121399262e-03
1.305878606713662066e-03
1.359718125118142620e-03
1.389282843579170423e-03
1.422411609938525629e-03
1.446243526143144512e-03
1.550767766099127917e-03
1.662245735508202432e-03
1.789693150547774086e-03
1.892546572919562861e-03
2.041418930070931434e-03
1.951970248681573084e-03
1.943652337997187019e-03
1.966858894392993842e-03
2.073735019259637449e-03
2.022572534103960970e-03
2.034780793552570799e-03
2.134096276856805967e-03
2.188255992923963163e-03
2.208292515869809264e-03
2.408994855950987411e-03
2.577246106411813439e-03
2.876752454402080848e-03
2.874968610165422843e-03
2.904934050578546634e-03
2.552615508295269856e-03
2.328411193134746759e-03
2.310016474141290705e-03
2.396188451469357609e-03
2.619530533943595189e-03
2.841091979454047831e-03
2.936466567693276492e-03
2.959577059654653307e-03
2.846242199327447039e-03
2.702122372378784870e-03
2.777512066666114679e-03
2.527824659876005964e-03
2.230159251393423660e-03
2.054145238378848187e-03
1.834716732464403491e-03
1.694402221448373762e-03
1.515239275854182201e-03
1.436624456297848958e-03
1.362451369266960526e-03
1.198278309999287628e-03
1.175247711556563377e-03
1.351187968807052598e-03
1.438339241241605318e-03
1.481605327455635078e-03
1.791125976291440668e-03
2.160817958424209560e-03
2.247704068589985796e-03
2.257069927694252149e-03
2.446796572846179560e-03
2.672758862783539829e-03
2.916260556502576606e-03
2.867169608234996364e-03
2.757460111062824508e-03
2.339128859079531685e-03
2.464692397356787329e-03
2.515416790002301776e-03
2.527062324065762131e-03
2.567263746941009228e-03
2.327213636113570523e-03
2.491079317928714815e-03
2.611213645915183568e-03
2.734151535560454694e-03
2.845502494308025255e-03
3.007971090417225265e-03
2.946833714383458903e-03
3.019501760272300800e-03
2.910413273112547917e-03
2.914134198067228933e-03
2.907733741101348711e-03
2.902174113756228382e-03
3.021832233825526119e-03
2.995251015802385432e-03
2.914792638257837024e-03
2.948656405225452606e-03
2.937700524073455759e-03
2.736450241609445638e-03
2.723933969429386155e-03
2.666983764542507802e-03
2.648243773744859628e-03
2.667574657697375541e-03
2.797582218291118535e-03
2.988055586726313245e-03
3.184468996557206742e-03
3.345540893097630718e-03
3.369473607951054949e-03
3.420976659113940995e-03
3.510839787719064863e-03
3.403511528006922596e-03
3.483006032413062981e-03
3.538011735929551867e-03
3.572789599619127614e-03
3.661693978526385507e-03
3.695590470143361641e-03
3.776548767230847661e-03
3.982929681104079023e-03
3.982711930222760689e-03
4.024089569847491034e-03
4.019071319127451823e-03
3.959255436676504050e-03
4.071754053238531984e-03
4.122116685731699176e-03
4.265767232144421911e-03
4.406551111566656825e-03
4.525838303792347091e-03
4.631096697979089800e-03
4.637430858259823131e-03
4.648864617622192920e-03
4.658471772040829670e-03
4.704317726513878098e-03
4.710972683351778711e-03
4.808503058010848291e-03
5.004778130584750136e-03
4.971290237111713681e-03
4.904605419103785779e-03
4.499745726445383322e-03
3.782118678494059659e-03
3.528539565940120963e-03
3.241048054603097930e-03
2.979970305319311688e-03
2.815942169035313622e-03
2.575067612172271970e-03
2.408063573492815086e-03
2.085659461855429893e-03
1.797440694684707954e-03
1.411499186872088854e-03
1.351817650611264032e-03
1.222641216658924314e-03
1.141074338092640640e-03
9.386069764123592014e-04
8.139949095375824699e-04
8.214009211034757358e-04
6.760003364768550106e-04
7.101430026925902852e-04
6.496122819462390747e-04
6.836867914866654600e-04
8.137356420199685480e-04
9.186979923786627554e-04
1.076730786307782042e-03
1.177453403107914850e-03
1.101170187050158622e-03
8.987987295139079642e-04
7.240327994587833493e-04
5.617639431399841423e-04
3.779796517546965659e-04
2.562358007023861242e-04
1.682518100939757997e-04
6.309037522549818173e-05
-9.869579980437284285e-07
-1.136189687896083046e-04
-1.892512736731349161e-04
-2.527508267806818313e-04
-3.494034651383358088e-04
-4.631234265723368246e-04
-4.838994480238472794e-04
-5.091912991315959962e-04
-5.133989465896555970e-04
-5.077029267791946868e-04
-5.061422158183338056e-04
-5.200379130840160520e-04
-4.581295228040055357e-04
-4.555085073781518388e-04
-3.008452993936364529e-04
-1.363124451606450866e-04
-1.693446004043667238e-04
-2.025682717052422379e-04
-3.049788896549433760e-04
-4.796202275416620994e-04
-4.834883176554416809e-04
-5.312066467284387019e-04
-5.385880775150085186e-04
-5.251691699518035248e-04
-5.286856252632892621e-04
-5.418533099852806262e-04
-5.468686886314585473e-04
-5.792257141418384906e-04
-5.947388861169786590e-04
-5.577228658714136018e-04
-5.027261139506192288e-04
-4.381884590207074030e-04
-3.534702703412644456e-04
-2.627297575945953048e-04
-1.898173542908723039e-04
-1.106395241731848061e-04
-9.195701661787645490e-05
-9.506702554197733615e-05
-7.523122556530957962e-05
-6.036592856029981350e-05
-6.432337892548972767e-05
-3.472635613879023093e-05
-1.491253769855629747e-05
-2.157789593098294697e-05
-4.408493590320295232e-05
-5.161927504985980216e-05
-7.180108571525886446e-05
-8.619869324580990938e-05
-8.663705290118659571e-05
-8.922463700384799688e-05
-1.291960374981732009e-04
-1.446318273707282898e-04
-1.759125600683000249e-04
-2.109257505336769190e-04
-2.838098613618638810e-04
-2.742275913620188582e-04
-1.188569858001687382e-04
2.196653831511181243e-05
5.508468434495100415e-06
1.893206872632800146e-05
-1.682219126625608891e-06
6.810947914208128107e-06
-4.805801373593776460e-06
