-2.462696508649140081e-01
-2.863449613564121865e-01
-9.309366930432112497e-01
-7.272486944747639237e-01
-7.214990317127222275e-01
-6.126254657120939751e-01
-5.907739449170774648e-01
-2.414583824156706360e+00
-2.047719006764799232e+00
-2.033771690586479775e+00
-1.920022642786334055e+00
-2.286451845133832705e+00
-2.271742620242176436e+00
-3.989655098374035869e-01
-1.693000582577976365e+00
-1.692967239783646827e+00
-6.529732410594874636e+00
-6.153161094021103672e+00
-6.153533095716530177e+00
-6.148289625950304149e+00
-4.856707685933316476e+00
-4.852157199770132046e+00
-1.339060388622333696e-02
-1.325504263548590855e-02
-1.042631459249656299e-02
-1.370723131634977825e-02
-8.697989769777368305e-03
-1.070258366653667470e-02
-9.705152819932160238e-03
-9.863775665985346705e-03
-8.609630077356867500e-03
-4.110726247139865307e-03
-7.207348822101220139e-03
-7.426273695542862617e-03
-9.560490540441583460e-03
-7.325324248450628371e-03
-1.043553197916729895e-02
-1.133663967732612306e-02
-9.008176603451788222e-03
-5.596688200834721953e-03
-9.095101927310193443e-03
-1.349532146541694393e-02
-2.558971405369251870e-02
-4.089552084864902376e-02
-4.304167656414625148e-02
-4.834065829571018019e-02
-8.990799330920566657e-02
-9.033791154301092086e-02
-7.343359464461875208e-02
-5.826550271430572941e-02
-5.335303783872937661e-02
-4.812220838699002301e-02
-8.280161295615798842e-04
4.933280842678242246e-03
4.889037982341140447e-03
5.809105726417976290e-03
-4.647838439095677843e-03
-5.050884283143135083e-03
-5.879018589104021385e-03
-1.298896208946375731e-02
-1.620995205563937128e-02
-1.776881494393789049e-02
-9.482324559679471479e-03
-1.380628057052667688e-02
-1.761826103625283024e-02
-2.042991500416645526e-02
-1.967392585821831422e-02
-2.401821073259649900e-02
-2.030940383403715896e-02
-1.644993740848765471e-02
-2.226331250780514900e-02
-1.491972351997381853e-02
-1.433011097983718368e-02
-1.865532339125433939e-02
-2.182352583854479111e-01
-2.197410357560223015e-01
-2.103604275559425307e-01
-2.098933505020275092e-01
-2.090935520229112443e-01
-1.999897244449593270e-01
-3.534066556375337065e-03
-1.410609089029045806e-03
-1.132451145464885177e-03
-1.249154946920999877e-03
