beta2
8.651914987710764005e-03
8.649948808280120971e-03
8.721083037163672447e-03
8.789640948547568222e-03
8.777723002775928221e-03
8.980227661650502097e-03
9.422153319129190907e-03
9.711337515775717716e-03
9.825598296985751587e-03
1.019846050512926081e-02
1.049347617187345455e-02
1.068847350300288629e-02
1.029375694167287969e-02
9.979240180964556173e-03
1.034557468211954115e-02
1.026716762357978222e-02
1.029759930827039982e-02
9.500079294126172885e-03
9.332375956131441774e-03
8.588792765051020406e-03
8.211152819718988208e-03
8.539580448570206761e-03
9.007110468893769761e-03
9.410418154508297037e-03
9.859093601387395808e-03
9.419796671421946932e-03
9.374603704730078563e-03
9.193499454993259157e-03
9.405015594707702431e-03
9.443375934626251772e-03
9.691118440582633178e-03
9.398465867657756351e-03
1.039280848084720571e-02
1.023655598793826380e-02
9.824115825090119075e-03
9.143436537026480154e-03
9.039970750464709076e-03
8.784867926278748171e-03
8.653137770414581070e-03
8.982190461254145261e-03
9.701647788146642443e-03
9.630534893476249206e-03
9.344457183327492533e-03
8.794997423192917052e-03
8.318811689477694296e-03
8.458803714994161949e-03
8.509382516831441590e-03
9.019601756071263243e-03
9.405212788535323443e-03
9.701051940122676354e-03
9.627560431170743491e-03
9.867794575247189337e-03
1.067351838760828564e-02
1.134249321468754762e-02
1.229661857173037012e-02
1.270470287188733144e-02
1.263252221439710096e-02
1.224871340973178457e-02
1.241238015593060587e-02
1.286298766567949697e-02
1.330252222364194763e-02
1.330159555536148015e-02
1.320706723202385094e-02
1.295784054096311630e-02
1.278572606650719631e-02
1.278685577288022485e-02
1.246707804797535929e-02
1.208624274715577873e-02
1.245274794786861879e-02
1.340709598810007480e-02
1.359330885943248884e-02
1.369506878188793582e-02
1.371297526398145353e-02
1.370099056346421248e-02
1.324474794663023543e-02
1.228347295830075139e-02
1.176650178562931200e-02
1.126244508750702707e-02
1.034474666503145193e-02
9.479266239063421917e-03
1.054450476095145778e-02
1.082608010245643751e-02
1.054866924202281855e-02
beta3
-2.801843422977595807e-04
-3.429928808806881877e-04
-3.897454542344917523e-04
-4.889345885291983621e-04
-7.130890577868192505e-04
-5.994226837290970566e-04
-5.170489581161731921e-04
-5.166140856410675721e-04
-3.681834480579324531e-04
-5.266520329075635677e-04
-7.139030209114874924e-04
-8.267343153622101716e-04
-8.792605276322223995e-04
-9.608520765349319245e-04
-1.011478138947565593e-03
-8.641702258488166873e-04
-8.055244520906304018e-04
-8.546829726620605409e-04
-1.094729147293614820e-03
-9.830481335131734284e-04
-8.088003924098113862e-04
-6.614461303352889981e-04
-6.589096878582409098e-04
-6.736094370366112541e-04
-6.803153752663420022e-04
-6.785983499975718151e-04
-6.966228007343326124e-04
-8.380330826610036567e-04
-8.501848387036127757e-04
-8.406219736091233904e-04
-6.627326340578492715e-04
-6.130198868475535308e-04
-6.609910087610947017e-04
-4.815459824491547967e-04
-4.315227687973705387e-04
-3.746640946574490098e-04
-3.027774374938913254e-04
-2.673832872902180886e-04
-2.836460486330982279e-04
-1.787233505490227689e-04
-1.965727791536124797e-04
-2.394433430365687596e-04
-2.257777550876618339e-04
-3.117047501739167426e-04
-3.569248577719944383e-04
-6.426071081614324020e-04
-1.072746580284489153e-03
-1.363866534612942277e-03
-1.797097353119687024e-03
-2.819912337186213785e-03
-2.772149579655362565e-03
-2.610555837751182308e-03
-2.031201840982597637e-03
-1.856456614129685725e-03
-1.628909636445063968e-03
-1.382004108607938660e-03
-1.257836017473392765e-03
-1.440616524398927092e-03
-1.642634879373075030e-03
-1.221720193857284533e-03
-1.244836508559312317e-03
-1.147435340434915536e-03
-9.957160251761844934e-04
-1.017639100094304676e-03
-7.849277969540877260e-04
-7.570940051665920201e-04
-9.967041675551734613e-04
-1.247470428040069407e-03
-1.384236181624582188e-03
-1.061433006368731795e-03
-7.997440150795324769e-04
-7.580373692622388755e-04
-6.272891052982426229e-04
-6.330527782482136450e-04
-6.818185389425860310e-04
-6.193599269070758232e-04
-4.061891365161878365e-04
-2.460831462653907719e-04
-1.885737143054393541e-04
-1.515761090033786976e-04
-1.730778376102876039e-04
-1.088651841006756582e-04
-1.470907171639330600e-04
beta4
-2.907564394938454900e-21
-1.134830426553632724e-20
-3.595516664763219871e-22
-5.904445573551657623e-28
-3.154652246440613339e-27
-4.660977976162388563e-27
-1.445661779165012186e-20
-8.031531210102009678e-20
-3.064554382415592550e-18
-1.493448904949240291e-20
-2.690128297606876575e-27
2.547435265238429834e-54
6.234154571485731853e-19
3.531068514474850737e-18
2.263464273206542994e-19
3.374351848016328230e-17
1.148166601770184642e-15
5.369662246591908054e-16
3.367078862690252035e-15
1.176320006005098431e-13
4.944231526565877031e-13
3.864810490060665466e-13
4.246417805989871125e-13
1.708193040548361800e-13
2.469308426939171421e-14
1.576451907606207146e-12
2.676216626297499506e-11
5.825969132418325899e-11
4.917361185341594492e-11
5.096194611762430426e-11
1.102495045059505326e-10
4.171361778449708152e-10
7.201000064110790282e-11
8.132223918762960136e-11
1.896835029683181527e-10
1.579855619138991724e-09
1.827489870760682016e-09
5.797401681727121579e-10
2.547960169562802053e-10
1.670520753720080887e-10
2.882593213824455642e-11
3.815064842235771701e-10
7.921888851832496923e-10
7.737644520020434715e-09
3.086093299746217284e-08
2.830050619476829226e-08
8.511995509853399884e-08
4.700225940623577673e-08
2.763238567392465095e-08
8.288059720621210998e-08
4.430447631147160758e-08
7.182583719156704930e-09
5.214108082119256506e-11
4.497123965161502273e-22
-8.186475709856343140e-11
-1.214844971764442230e-07
-2.316631924528354169e-07
-5.091108808481499719e-07
-1.369685897560754205e-06
-1.547018751236812321e-06
-1.934709678420492183e-06
-1.672352976579018129e-06
-1.349002498821427649e-06
-1.285670722204328404e-06
-9.282928552687630145e-07
-6.920418177308726175e-07
-5.518492147824074990e-08
-1.764004338851976301e-11
-4.473744664453354672e-19
-6.310045978170861500e-16
-2.629339366899099996e-14
-1.733097472439822238e-11
-4.962240868137803512e-11
-1.063266472037464588e-11
-5.672895173163534471e-12
-2.799656238082485610e-14
-1.209398444291307101e-12
-1.090909175559434054e-11
-1.291142832034757593e-10
-1.091067669885790655e-10
-2.503225011803280464e-10
-7.463878526647140374e-11
-6.034459652806942813e-12
beta5
-4.599914905069200575e-19
-3.877704474344112958e-21
-5.048698966942572740e-20
-4.403728266436027240e-22
-7.595101194823059317e-22
-1.586469788662072138e-20
-4.377152445945838857e-18
-4.444471133523391556e-17
-1.373884497988953769e-16
-2.691126173824976602e-16
-2.903355714764524187e-18
-2.409774428879165610e-19
-3.188369296585718788e-21
-1.590960283149373545e-22
-4.564554071344894381e-25
-5.135620215025720176e-34
-7.969738924472702570e-43
1.092039860533362360e-27
-2.214709854226498593e-25
-3.437171442309521420e-22
-1.918024880212477263e-21
-2.775493269462675798e-20
-1.021582680080450411e-21
-3.554668031756479398e-20
-2.177985401424354238e-19
-1.669808540490536464e-18
-1.877479018852185367e-19
-3.802353879899890075e-20
-1.132931415942439988e-16
-1.637649958088135745e-16
-5.014618806554990272e-14
-3.818519402938330548e-13
-9.453470720100282601e-12
-6.534080312023749613e-11
-6.189263863196838225e-11
-2.648910266952190032e-10
-5.639056159205960607e-10
-3.553915961349966681e-10
-3.462114473949221332e-10
-3.454603894210687016e-09
-5.081974544564230355e-09
-2.689386193645849815e-08
-3.192821583181764691e-08
-4.712372492066768891e-08
-1.044499281462551830e-07
-1.048020163206001635e-07
-1.280631814371287644e-07
-1.432987219157309575e-07
-1.247103793979999847e-07
-1.697209096974214407e-07
-2.063589905885766378e-07
-2.527246677254109187e-07
-1.821662112411273201e-07
-1.202725329805579281e-07
-8.757280147690443635e-08
-1.334329041545279498e-07
-1.380269206572960286e-07
-1.415172319824800536e-07
-2.679130874419681826e-07
-2.691661810475505613e-07
-1.503230822642988651e-07
-1.156532714521154959e-07
-1.026961631392243084e-07
-6.359639399874891483e-08
-4.563578783236765116e-08
-1.384024822789467089e-08
-6.869760392338283611e-09
-3.905746155819603240e-09
-7.490081789448112293e-10
-6.556655576604695043e-09
-7.024113424760340041e-09
-2.919631478365031770e-09
-2.889478427512216330e-09
-2.668572944976515729e-09
-3.319463088455493266e-09
-1.869290366937866354e-09
-3.590098899411720626e-10
-4.452227355551536057e-10
-2.867543197755872224e-10
-2.038589390667730652e-10
-3.285238291138478407e-10
-6.647798693351854226e-10
-3.713576748160687714e-10
