-4.343064392778640467e+03
-8.863924045487286776e+02
-6.774861148287114609e-01
-1.876330800640732543e-02
-2.203941796926204844e-01
-4.524984379181440454e+05
2.590817296825366489e-02
-5.019770695988801101e-02
9.160068427034815872e-03
-2.830151586927897797e-02
-1.581351984632411653e-02
-6.866150656227325288e-02
-3.043324100308772776e-02
-3.846585922953608683e-01
-4.419148589868099331e-01
-8.691330660616237991e-02
-9.100076286562384098e-01
-3.693085823614602470e-01
-5.185209400375587196e-02
-3.031657716922560031e-01
-7.561829331460981352e-02
-8.848135157289858943e-02
-1.565410317798197060e-01
-1.287825189571524476e+00
-3.777304587548351300e-01
-4.252240416605217455e-01
-9.865630021273998074e-02
-5.606390318219675040e-01
-6.009550259415429724e-02
-1.054168825492537293e-01
-1.100239696246443633e-01
-6.881790741249417254e-01
-6.826233623298839648e-01
-4.260132179378069983e-01
-5.514743132455645069e-01
-2.220084583761783026e-01
-5.872299575044975101e-02
-1.384813789767043724e-01
-5.297468171928638725e-01
-7.851835736188397807e-02
-4.050991140666130086e+00
-3.538059338663936404e-01
-1.109854545408394816e-01
-2.664203650763834197e-02
-5.159393200462866202e-01
-1.066938311183774912e-01
-1.505456262191413874e-01
-1.128102571713334584e-01
-3.639775844478758127e-01
-6.600811411181107813e-01
-1.179209349258359962e-01
-1.458330986463289292e-01
-1.767493668218460823e-01
-5.809567061874170157e-01
-2.397622110916803606e-01
-1.992449352492454695e-01
-5.087256227297100031e-01
-1.470025414717999190e-01
-6.689027111524463720e-01
-2.932414021338698995e-01
-4.334267945003023592e-01
-3.413689059688687633e-01
-2.289287174207754183e-01
-2.105176110864579175e-01
-6.415599430203876297e-02
-3.249583656101956430e-01
-1.563876349246316355e+00
-3.282731095420195894e-02
-2.139278051312064680e-02
-8.777789046575334986e-02
-2.503008669304390699e-01
-7.875050462796406858e-01
-2.307348155026790401e-02
-6.495858133024740022e-02
-6.734044973080217933e-02
-3.620064862798222372e-02
-1.077299675404855134e-01
-6.689515515634276988e-02
-3.924148079016820390e-01
-6.813721484234144810e-02
-1.008916508794185513e-01
-1.058020422680263500e-01
-4.908170905731829708e-03
2.848414779488774376e-03
3.171517491389521087e-03
-1.412984901369617463e-01
-4.351163780678603960e-02
-7.165262864821084210e-02
-2.878656445959941745e-01
-7.818583504298896869e-02
-1.329569739023418740e-01
-3.269306649776289597e-01
-2.464713616956187292e-01
-3.858683755808982319e-02
-8.106421646605430076e-02
-1.255026212060263990e-01
-3.254341118130749111e-02
-6.360454784951861951e-02
-8.090407128100138290e-02
-8.006820769875770682e-02
-8.524234937924103639e-02
-1.755170895149164023e-01
-9.184604742754427786e-02
-2.654180833089320526e-02
-4.710551660787722848e-05
-7.927738300692748624e-03
-8.742406366021222841e-02
-5.035075969188443010e-03
-1.482580754692607722e-02
-2.850386977810879033e-03
4.659915584393812898e-04
