beta2
8.835440015770735372e-03
8.875545960770780951e-03
8.937688584656173357e-03
9.005918922893013656e-03
9.076009430175637632e-03
9.130174858205400423e-03
9.333584119394966808e-03
9.598364333007407961e-03
9.715021317348410471e-03
9.820890354535207270e-03
1.002800071715837134e-02
1.021092412578492037e-02
1.012859825464576535e-02
1.006972241681475949e-02
1.004815683864626608e-02
1.012204835441974510e-02
1.008709336718477054e-02
1.009712791038431222e-02
9.885640535665641410e-03
9.633670764004006321e-03
9.430846054175181375e-03
9.394252167211810875e-03
9.418442542448154930e-03
9.468290423975279230e-03
9.511515143359117880e-03
9.429627541682805703e-03
9.418703687792535223e-03
9.419744657323324971e-03
9.380197777696414052e-03
9.282519512614786916e-03
9.203727697799778118e-03
9.218787273688685419e-03
9.075049193066137693e-03
8.907286055254745594e-03
8.926761378108502912e-03
8.870738304827876022e-03
8.803390136528560506e-03
8.668130555498273701e-03
8.550304803761652611e-03
8.577463943960306203e-03
8.726828016947111091e-03
8.661887572728534795e-03
8.594887275874960736e-03
8.485140980999917107e-03
8.437559931160028281e-03
8.383830927119551371e-03
8.335861638647384941e-03
8.343706426616380456e-03
8.388289277759581122e-03
8.442330592647588616e-03
8.337032876619004246e-03
8.395997362649756240e-03
8.342823151355099540e-03
8.218417142571142822e-03
8.078182091773210283e-03
8.121676790179489097e-03
8.022502761010658068e-03
7.943631057370031945e-03
8.230091782482074070e-03
8.517938581052444946e-03
8.845576018543381200e-03
9.160560121531706457e-03
9.283544089571355018e-03
9.398575343044373448e-03
9.483222189146107983e-03
9.572052409400353193e-03
9.739610749426145381e-03
9.826204130480369406e-03
1.004967262070175990e-02
1.028664022611727735e-02
1.034178068545937683e-02
1.042876430276567720e-02
1.042920562546114684e-02
1.042646685798875525e-02
1.034491714576875679e-02
1.015858802054395160e-02
9.972440524023570146e-03
9.863710260077124259e-03
9.583847703754488218e-03
9.341542201487740976e-03
9.354081410286315540e-03
9.399812804636887079e-03
9.572083584005828399e-03
9.645762242813679319e-03
9.696175937523955624e-03
9.649826835867653108e-03
9.576935220411315897e-03
9.582341176617884676e-03
9.584887408290901356e-03
9.633786880380901946e-03
9.721019049182461069e-03
9.726054221558352864e-03
9.701430407249564403e-03
9.582009131096656807e-03
9.466836815984848441e-03
9.432353520760616145e-03
9.420592599165916736e-03
9.468075590594336732e-03
9.515577069315730996e-03
9.541173440982566450e-03
9.567798498556955022e-03
9.555291775156047468e-03
9.564640090279664941e-03
9.588493302016058012e-03
9.606040052135117122e-03
9.640668987712451565e-03
9.790304538476634483e-03
9.740445302114847381e-03
9.748755878636357688e-03
9.758333631218231441e-03
9.775581842455454556e-03
9.799656287882280853e-03
9.813745106569668475e-03
9.854242086808684409e-03
9.712540161228355728e-03
9.633386115400943001e-03
9.541532963563893743e-03
9.510400401315460481e-03
9.459086425823597100e-03
9.423822989167610770e-03
9.490320549927495908e-03
9.533945009680324517e-03
9.576090080147602740e-03
9.645243134011976388e-03
9.762066356478586032e-03
9.877449248937509446e-03
9.956109285719088459e-03
1.007768020422543029e-02
1.016659984639964320e-02
1.018025929257191514e-02
1.010172352314445826e-02
1.010771253644004650e-02
1.002731140155518202e-02
9.958859680929129515e-03
9.908544941739563100e-03
9.873957461171402328e-03
9.964165743793565455e-03
1.009061946919468170e-02
1.021283884284601533e-02
1.032682875339881699e-02
1.033875692785288930e-02
1.042826155718216616e-02
1.065253476435281364e-02
1.086192729968727538e-02
1.096276092591546431e-02
1.103687425066896856e-02
1.108806988809102334e-02
1.093503443396744504e-02
1.087169329874006045e-02
1.087579586321592295e-02
1.089913260713109774e-02
1.087315142645367202e-02
1.069550514602347902e-02
1.088107427662937839e-02
1.056477199671705149e-02
1.029314129945069559e-02
1.015300780484967337e-02
1.014819250136596990e-02
1.012811313815293636e-02
1.017218841081798941e-02
1.026291371581169315e-02
1.037725196463026855e-02
1.036423282908340363e-02
1.036621645388770795e-02
1.027268559444387622e-02
1.021854186021502187e-02
1.030211128597257296e-02
1.039910506650074465e-02
1.036402449007828644e-02
1.029297254644639774e-02
1.030348970622122981e-02
1.027928205504137146e-02
1.011697581536077396e-02
9.999149760679323928e-03
1.013179245345046872e-02
1.015905983562351636e-02
1.017825300574629575e-02
1.010813035690241377e-02
9.982518107479887090e-03
1.004843410379716029e-02
1.005535423275696547e-02
1.006539162215758752e-02
1.009717093316957366e-02
1.011857862757030609e-02
1.007278635340738172e-02
1.013008173174710994e-02
1.032683781789626998e-02
1.031003447796997007e-02
1.026789360153397904e-02
1.040475412145094522e-02
1.051763971607787285e-02
1.064144090792585283e-02
1.080529348532922006e-02
1.079208049048531980e-02
1.079353795128340510e-02
1.077476093872407545e-02
1.053971294429654690e-02
1.051540527962751409e-02
1.047678488985614303e-02
1.036396385820755051e-02
1.031059259646814608e-02
1.024504682112782616e-02
1.020672835983723464e-02
1.011571209328821982e-02
1.005025422263733370e-02
1.003816241520198715e-02
1.014593483642960495e-02
1.031707102228525928e-02
1.043754891335283742e-02
1.050344342131460940e-02
1.055354735294784969e-02
1.063495206213726542e-02
1.070718247999578529e-02
1.081395655298901526e-02
1.101415914518412767e-02
1.124088308621474033e-02
1.142126256711956458e-02
1.136349216056076715e-02
1.132176999122046397e-02
1.127333998598807618e-02
1.113105175319958201e-02
1.103432848140539768e-02
1.099141352440493116e-02
1.096229455074638690e-02
1.087896932075552159e-02
1.083945799833309527e-02
1.067573240421020378e-02
1.051145782286389864e-02
1.045953567980917841e-02
1.030983829540580918e-02
1.017475341316421804e-02
1.006127742074373020e-02
9.951667910926689092e-03
9.830780757221609101e-03
9.757292712528762429e-03
9.712478315463049863e-03
9.787172231164542602e-03
9.771573992840957429e-03
9.788505762710437638e-03
beta3
-1.300850830210274322e-03
-1.399611901514934142e-03
-1.553632975841044359e-03
-1.642809534176786854e-03
-1.790423812355579477e-03
-1.873928394897824042e-03
-1.788642338007415903e-03
-1.688910623952785770e-03
-1.520508474943743898e-03
-1.443934484994603088e-03
-1.464144954282152120e-03
-1.376057418093704597e-03
-1.235528630278719467e-03
-1.054484435101240257e-03
-9.266548772138534854e-04
-8.903998198372873023e-04
-8.838612934180803057e-04
-8.921201889280350444e-04
-8.754451233559711401e-04
-8.107604414817685652e-04
-7.849300648911508105e-04
-7.101315098021995006e-04
-6.925137806899799627e-04
-6.820481441371707178e-04
-6.710682635369699493e-04
-6.602294358481681277e-04
-6.836859385505882243e-04
-7.067096289456371340e-04
-7.586105028522954503e-04
-8.082448459583805580e-04
-8.402824487454636695e-04
-8.650700294719056117e-04
-8.512231970207236476e-04
-8.258254902456459200e-04
-7.510097929097781649e-04
-6.933600316931920861e-04
-6.318821882141291294e-04
-6.163025097867410283e-04
-6.466275337942489158e-04
-5.197237474398257824e-04
-5.300386761221953773e-04
-5.908924162779671547e-04
-6.311282887567085456e-04
-7.141768856547619452e-04
-8.455159123829877627e-04
-1.033442529656393482e-03
-1.243484656137556609e-03
-1.439378221013472119e-03
-1.776311657504736456e-03
-2.206081147358686812e-03
-2.066169085707783397e-03
-1.751093611448394528e-03
-1.576391917650916529e-03
-1.661018400934891623e-03
-1.767293999232629875e-03
-1.906567438492407819e-03
-2.061571631920167125e-03
-2.161436977258560186e-03
-2.272506960714642046e-03
-2.306353494691072530e-03
-2.217446685488427827e-03
-2.132792093304186967e-03
-2.001032558789382198e-03
-1.892612333336134416e-03
-1.882366188129612049e-03
-1.927809453740871645e-03
-1.849734275467525757e-03
-1.726051667626967096e-03
-1.496164729761308154e-03
-1.371236677410853392e-03
-1.246081759187049175e-03
-1.122703414708230065e-03
-9.665845940331940951e-04
-8.257332242674504663e-04
-7.548262797221174302e-04
-5.908715237478519202e-04
-4.676019062964722204e-04
-3.839252614000666529e-04
-3.409682923270410245e-04
-3.247747314857445393e-04
-3.543399960944406107e-04
-3.819161340932228474e-04
-3.632514089621769848e-04
-3.488397450046299667e-04
-3.072215655037459272e-04
-3.171301597852602128e-04
-3.273651017098883217e-04
-3.244619631085998257e-04
-3.341014688832735758e-04
-3.005148290764394353e-04
-2.707602470682358682e-04
-2.709881258518709183e-04
-2.593138461946007745e-04
-2.615768165392821703e-04
-2.491498652315808767e-04
-2.616168803965379500e-04
-2.601692152403601850e-04
-2.872864059918317742e-04
-2.966498008451416788e-04
-2.814544542853135694e-04
-2.861377711092803798e-04
-3.359762233720868692e-04
-3.419053582463180141e-04
-4.057493538101541964e-04
-4.413638775271392332e-04
-5.036054821059949508e-04
-4.975976818030801527e-04
-5.073300043265339867e-04
-5.151877688407296464e-04
-5.232616873183408221e-04
-5.252286224435763701e-04
-5.722581020398474598e-04
-6.190312202628156122e-04
-5.942845784931658501e-04
-6.414569791376553871e-04
-6.786080997609916007e-04
-7.247591849830779592e-04
-7.192210562476026355e-04
-7.762643645750424981e-04
-8.390122225363941342e-04
-7.453222179103827488e-04
-6.930107387505544166e-04
-6.313888722477896008e-04
-5.911475658918724074e-04
-5.044292853622623892e-04
-4.320727757932748148e-04
-3.978749799145196372e-04
-3.711349150681633475e-04
-3.261244959833016401e-04
-3.333213169574327146e-04
-3.148557471017680441e-04
-3.255381338033991323e-04
-3.474624357613364536e-04
-3.433981923582405229e-04
-3.730501544115130772e-04
-3.972845405643088911e-04
-3.991652338249033322e-04
-4.271967963682911026e-04
-4.716849041497754406e-04
-5.288247300259318537e-04
-5.440593068931903883e-04
-5.663075628531600734e-04
-5.045066000842531734e-04
-4.894971932995601481e-04
-4.856489322533821124e-04
-4.306727397757937909e-04
-4.293706687809914599e-04
-3.995817986047855812e-04
-3.010383884411461106e-04
-2.561972936180624810e-04
-1.834282762921686885e-04
-1.706885533320729267e-04
-1.504220330565621440e-04
-1.058282336595741557e-04
-1.724372125782188921e-04
-1.716656848227325833e-04
-1.672875771736471323e-04
-1.496074384853759444e-04
-1.308786329125175506e-04
-1.142807709381162126e-04
-9.412144150156154926e-05
-8.216463117402075821e-05
-8.207161843989637436e-05
-6.765775647834009930e-05
-8.567513046145744198e-05
-7.653872392617541221e-05
-7.904630994082737243e-05
-8.884347663084236836e-05
-9.486115591256656090e-05
-9.382895201467334931e-05
-8.724432704047268574e-05
-9.901683813280212263e-05
-1.022332868396770870e-04
-1.014936562543577802e-04
-1.078450770604519543e-04
-1.227698192593917480e-04
-1.509152912890381114e-04
-1.868310145902135730e-04
-2.355122475369436652e-04
-2.846771606699388863e-04
-3.126098101099008620e-04
-3.471646722465788907e-04
-3.717456001980626226e-04
-3.740813765975694390e-04
-3.948346544954081140e-04
-4.245199597558878745e-04
-4.270747228772973523e-04
-5.136415773348234053e-04
-5.778235966791972489e-04
-6.096075415876861222e-04
-6.770156620386720342e-04
-7.428941595000740838e-04
-8.079234759827124421e-04
-7.923194979092874641e-04
-7.921820205065599908e-04
-8.125189478940627501e-04
-8.065682154342182280e-04
-7.805325152743098878e-04
-7.531051413899240814e-04
-7.285535913565694549e-04
-7.035596689030452350e-04
-6.664015558790120424e-04
-6.421692125951172347e-04
-6.274821718868575648e-04
-6.326805540308465302e-04
-6.379760965983247763e-04
-6.286350552239764345e-04
-6.375057475592942145e-04
-6.770198018655672768e-04
-6.887533367975531276e-04
-7.207148197746924764e-04
-7.360190464623083675e-04
-7.717296348515830570e-04
-8.065494976100226780e-04
-8.295629950809948680e-04
-8.683708068809596527e-04
-8.737195380381509394e-04
-9.482605971419799922e-04
-9.896947720836606240e-04
-1.017284927278797393e-03
-9.548768478515685856e-04
-8.445392573309045770e-04
-6.688016629576493989e-04
-4.852877325409440728e-04
-4.115970442824735584e-04
-3.649756631922281523e-04
-2.706690375925288280e-04
-2.013720576147145494e-04
-1.221393692483514358e-04
-7.076981875326000034e-05
-2.839567749029248912e-05
-2.247771373200894149e-05
-1.823797752361844206e-05
-6.999406677209593892e-06
-2.965713940619478306e-05
-7.629813059767284701e-05
-7.122351516529568214e-05
-6.388810108703772955e-05
-5.456566152438732849e-05
beta4
-3.566648322213676375e-04
-3.508571395779019626e-04
-3.748108941606016786e-04
-4.495309009593598118e-04
-4.933838761877974623e-04
-6.137800795830919290e-04
-8.506114827395699213e-04
-1.142076698187875685e-03
-1.250355662902734311e-03
-1.342337375963933033e-03
-1.416434205961590500e-03
-1.528311721863193865e-03
-1.374097943699729594e-03
-1.266013323724158018e-03
-1.278544516885200388e-03
-1.350709697613121634e-03
-1.280081783325452433e-03
-1.238711126613908139e-03
-1.186948011721524312e-03
-1.130466887808655695e-03
-1.064807216659621096e-03
-1.245115843831595074e-03
-1.418249322400793244e-03
-1.496971181505961672e-03
-1.665063600408447399e-03
-1.839273504096489154e-03
-1.971861056710823637e-03
-2.095263214730906653e-03
-2.115573874721861716e-03
-2.095551461465187428e-03
-2.057756114151369775e-03
-2.121562191625457269e-03
-1.991907600539514177e-03
-1.800048907519849906e-03
-1.916396201840535503e-03
-1.896650693787188448e-03
-1.841620368249936163e-03
-1.772063580077345036e-03
-1.744816608719880436e-03
-1.558565805649506347e-03
-1.584735826132002961e-03
-1.286556967799871391e-03
-1.036451897686053178e-03
-8.017276511705222512e-04
-5.394568781940831071e-04
-2.553180017974846167e-04
3.987553977880098203e-05
3.266427890181495706e-04
6.406265462178064880e-04
1.019228850777829107e-03
1.029718412204645847e-03
6.100037175710270329e-04
3.701894635853616024e-04
4.954444366825650490e-04
5.319896983382119832e-04
5.519922913973017518e-04
9.050473937410526441e-04
1.230224939089110976e-03
6.632595599362835648e-04
4.104047239118243208e-04
6.882115287967495399e-05
-2.348308869433247742e-04
-3.003358941093685103e-04
-3.194141283248204031e-04
-3.951676039652081201e-04
-4.795467151345779856e-04
-8.525140476311159196e-04
-1.136291052242585902e-03
-1.537056377535637921e-03
-1.789104976294431278e-03
-2.081929690207115144e-03
-2.383799682342970135e-03
-2.301267315731886885e-03
-2.238799088458648043e-03
-2.228716515873905603e-03
-2.019189417439373226e-03
-1.798953872204102616e-03
-1.646939681402679548e-03
-1.625870227653224143e-03
-1.568821970523089169e-03
-1.581103563961524768e-03
-1.651521872307693505e-03
-1.787708822948557656e-03
-1.824105205058174344e-03
-1.850255490418778372e-03
-1.954542341275451560e-03
-1.954089504079010303e-03
-1.974619631109315789e-03
-2.006761482521467362e-03
-2.032460399085346189e-03
-2.064849955555952618e-03
-2.238847385570644395e-03
-2.345710772517068526e-03
-2.498755939922145397e-03
-2.675533802569961782e-03
-2.758664843078830788e-03
-2.779564727051583861e-03
-2.783631175816162796e-03
-2.807549646429549108e-03
-2.770311467740468013e-03
-2.788402847217936152e-03
-2.884067133999772357e-03
-2.980566052965488363e-03
-3.003815266769242071e-03
-3.047670794465297955e-03
-3.083991399098509785e-03
-3.054371256428707430e-03
-2.973705625472363237e-03
-3.097806341088515329e-03
-3.094441130238797903e-03
-3.147629854821572780e-03
-3.201859822547015351e-03
-3.224204434500752264e-03
-3.108376019244225071e-03
-2.933686415658696717e-03
-2.944257626236380931e-03
-2.947761776277795214e-03
-2.945454559844431358e-03
-2.907760990291260571e-03
-2.904907645895824647e-03
-2.862340653037353036e-03
-2.798167165755085714e-03
-2.733341671377083511e-03
-2.779342466896482164e-03
-3.004070306060208605e-03
-3.135232843613174059e-03
-3.144829026015180922e-03
-3.254854634401214454e-03
-3.415179778249484779e-03
-3.566826888448990530e-03
-3.829232694061410463e-03
-3.832553679322689508e-03
-3.847415547792579389e-03
-3.887440530449867877e-03
-3.959234794187140374e-03
-3.981416815351662697e-03
-4.086798489767637030e-03
-4.082680178891958528e-03
-4.138850849909612648e-03
-4.160966333859057037e-03
-3.985746664324369901e-03
-4.000356571400886727e-03
-3.883570276395912485e-03
-3.809985764581923055e-03
-3.555006931403605595e-03
-3.294203995396568878e-03
-3.108052213886549568e-03
-2.920006671232953498e-03
-2.737541058174551567e-03
-2.577470227619342753e-03
-2.450594693171153672e-03
-2.408281928300361890e-03
-2.195711621725692994e-03
-1.924082240093746236e-03
-2.247980067068955541e-03
-2.685805064896116135e-03
-2.833427826945927007e-03
-2.799200558940960742e-03
-2.864925103292149076e-03
-2.774625842198834291e-03
-2.705114482575818498e-03
-2.684008324850916880e-03
-2.860425326590404667e-03
-2.849305278678962612e-03
-2.970442200076184140e-03
-2.960635002934453985e-03
-2.948523079669328195e-03
-2.983580068141559669e-03
-2.947533292359643450e-03
-2.927858685740113327e-03
-2.903720634248402755e-03
-2.932262626817569353e-03
-3.003836917470588397e-03
-3.108089568025385052e-03
-3.178737917719881047e-03
-3.299625023831141528e-03
-3.493498529725912703e-03
-3.547825363766885214e-03
-3.547711673915203423e-03
-3.299621706770261217e-03
-3.155432417776586444e-03
-3.017673148195658232e-03
-2.934441549951171714e-03
-2.883618145627879666e-03
-2.871925468601175223e-03
-2.871389696976845395e-03
-2.735637651872514266e-03
-2.735358136913241395e-03
-2.704308157000872691e-03
-2.725255731336554896e-03
-2.796185149522469569e-03
-2.765763113661899846e-03
-2.786770924244548996e-03
-2.816431424829514765e-03
-2.857943176223952473e-03
-2.846817890251726255e-03
-2.816570396720115971e-03
-2.826873148819916172e-03
-2.850389589839108159e-03
-2.870160926587469585e-03
-2.865011113933498693e-03
-2.807643040168013304e-03
-2.621982297050415647e-03
-2.455066501958932425e-03
-2.312213092344530489e-03
-2.151885723412324918e-03
-1.994802688716815729e-03
-1.865200488391813337e-03
-1.733195407572474776e-03
-1.650914528931305726e-03
-1.553017547298009065e-03
-1.480089770454534560e-03
-1.425021989817791806e-03
-1.337126065926457332e-03
-1.287848859247853715e-03
-1.230550096234203725e-03
-1.204070421878652465e-03
-1.155115918446864964e-03
-1.185826726600285649e-03
-1.254485983655542498e-03
-1.307955724569748353e-03
-1.359847099089596303e-03
-1.402809718802002382e-03
-1.512424600726130792e-03
-1.712416476621702417e-03
-1.915002136978464012e-03
-1.911880628995987156e-03
-1.935343506040973407e-03
-1.790137752926720342e-03
-1.531530288054824265e-03
-1.343976569811749632e-03
-9.514391033276376744e-04
-6.132170154994312679e-04
-2.928871493116495003e-04
-1.897001241563995742e-04
-1.266685005539893989e-04
-1.209649835207005937e-04
-7.841996630020869516e-05
-2.863970686548265908e-05
beta5
1.282818398732472409e-03
1.383588785506757995e-03
1.522042789538824870e-03
1.645269059308300010e-03
1.705818397233786234e-03
1.711251291976051631e-03
1.807698016592244449e-03
1.874282703471318208e-03
1.819384944955278801e-03
1.794091807787508586e-03
1.721888655013787328e-03
1.685927339265887344e-03
1.516694627839180673e-03
1.369988240210900585e-03
1.217858891073032900e-03
1.193750858109126874e-03
1.263089865093138409e-03
1.313664394943066076e-03
1.285068235030772076e-03
1.226932814293575300e-03
1.148769651413758443e-03
1.101676114809195788e-03
1.080904157179716878e-03
1.116998059576634113e-03
1.146288784214230744e-03
1.225545602389799260e-03
1.379806031562817378e-03
1.489829130038943178e-03
1.676274555500814351e-03
1.686610281168241963e-03
1.727166537471865656e-03
1.757601380110580293e-03
1.806507626208038713e-03
1.964902366458676913e-03
2.226340117987346719e-03
2.303665697622409372e-03
2.419224884151161339e-03
2.526835955182450775e-03
2.645166342010193614e-03
2.231135867211990996e-03
2.211269089639010706e-03
1.939084487726562035e-03
1.712786551845343289e-03
1.622648730933298235e-03
1.367309704733884242e-03
1.203831693586886534e-03
1.003482269030289351e-03
8.916030210226275760e-04
7.433874180207467909e-04
5.522914119412514027e-04
5.274220969878873864e-04
7.327432720230746396e-04
7.562534434079176129e-04
5.058753302605955952e-04
3.318003589608978319e-04
2.340838775793934877e-04
1.876944403837704344e-04
1.357664644775862764e-04
1.268064947991541557e-04
1.844541953694723289e-04
1.112286123299491422e-04
5.858246520564730866e-05
7.677845697441358012e-05
9.618536921757891598e-05
1.317950769644200067e-04
1.708003290451300690e-04
1.058258747810377658e-04
8.911685501925272423e-05
1.915037736573421283e-05
-6.374147908573103154e-07
2.714847593900733345e-08
-3.016533945390432680e-06
3.800806200994652723e-05
7.352656610073941943e-05
1.501034273277188742e-04
2.831552203401593078e-04
5.090291425589674873e-04
7.057323942595539711e-04
1.033614060248842781e-03
1.385701603082028794e-03
1.485071974826063321e-03
1.608511759715292597e-03
1.348394083537036384e-03
1.362547807288864207e-03
1.360142064064680809e-03
1.428387756315156482e-03
1.448718783643390511e-03
1.387102051956811549e-03
1.366299842089293984e-03
1.325420752608422528e-03
1.262375192334327543e-03
1.232949188870512440e-03
1.216997223944504694e-03
1.192041286661745577e-03
1.143761366657730302e-03
1.057344984375410820e-03
1.033644744418847107e-03
9.262010519161121202e-04
8.526523026627689465e-04
8.024717098538168081e-04
7.224840708488408083e-04
6.501162283061292721e-04
5.858697869420102919e-04
4.584854482714743147e-04
3.442914701789469246e-04
2.437708850474808652e-04
2.074721823220144687e-04
2.328376722076329342e-04
1.939858179811032959e-04
2.017950129095393518e-04
1.916001018887843513e-04
1.654175783476523266e-04
1.519454570764588856e-04
1.656734922132733112e-04
1.945179424393025231e-04
1.525523393626650030e-04
1.386551297207123414e-04
1.184263973354160145e-04
1.097422217080590642e-04
7.821024524211269433e-05
8.164613077656933979e-05
8.531859484455875408e-05
9.672499707186703712e-05
1.052305614898675884e-04
1.141878034422795540e-04
1.352246016272222755e-04
1.569228807686133835e-04
1.467473917982970355e-04
1.427463811412992586e-04
1.243845305586095858e-04
1.367187954186652610e-04
1.512589751676017601e-04
1.473779312468174204e-04
1.758104954131979722e-04
1.918303331137985739e-04
2.243363530893545225e-04
2.418343983347359259e-04
2.547887977804958945e-04
2.970808057378038648e-04
3.335634778771339598e-04
2.905355609926045524e-04
2.990975978682914541e-04
2.843350807553837517e-04
3.296199100879916924e-04
2.917860613465572163e-04
2.674455217106280389e-04
2.378851167624837862e-04
2.286065536624691833e-04
2.524018657751555313e-04
2.317695664114096873e-04
2.092912307866277768e-04
2.185124915154894125e-04
2.124695378014010026e-04
1.643790129837516397e-04
3.057868532451207735e-04
3.572866583858398323e-04
4.347423850681681129e-04
5.143936535360956082e-04
6.118987814274326779e-04
6.126617632365067862e-04
5.873853902871962801e-04
5.368054327086323879e-04
5.752408465539458416e-04
5.677017987430199586e-04
6.404431332110605436e-04
6.873706871886441777e-04
7.612444206493508602e-04
8.692690150672989589e-04
8.276520108261496656e-04
7.696556035687916828e-04
7.485965747735341333e-04
7.234447721866474768e-04
6.854352466291521858e-04
6.732824533280156246e-04
6.892815738913152506e-04
7.424243321006863527e-04
7.813871504814034119e-04
7.909578331446331543e-04
7.653996070278797255e-04
6.890599070806374942e-04
6.176888311107202019e-04
5.600384440209716904e-04
5.449667557194862568e-04
5.134692374341488525e-04
4.795326163841090255e-04
4.436979332084126223e-04
3.881162554719191004e-04
3.420500511510110998e-04
2.980604359338747214e-04
2.474681060689555220e-04
2.311097812093394722e-04
2.308152789132637058e-04
1.976092512823631473e-04
1.655223226309408217e-04
1.753446869374621206e-04
9.385132924581888829e-05
1.147999554360062003e-04
1.134749264023266412e-04
8.746608980999663076e-05
1.054411415020942578e-04
9.400499363606068201e-05
9.568811854358122426e-05
6.839332532328958199e-05
5.741377235936900750e-05
5.177560600631639500e-05
4.961387411972403285e-05
6.312559519377469448e-05
7.247253729952146412e-05
9.785786300739521000e-05
1.371118893560281486e-04
1.984556696330509913e-04
2.240989196643561115e-04
2.785013598561928132e-04
3.588131802636689363e-04
4.135818467314259644e-04
4.693817885420283834e-04
5.579521850250300334e-04
5.700834696846573610e-04
6.530937730648811966e-04
7.908708430065989302e-04
8.464457667459728430e-04
9.556579020370754071e-04
1.095259658585157232e-03
1.262148233109883222e-03
1.442418340456708614e-03
1.613117116080211265e-03
1.769796910409611110e-03
1.950548081117475666e-03
1.981810929837980132e-03
2.096576924962882064e-03
2.177217979488147229e-03
1.675394233255207439e-03
1.155472800117053177e-03
7.465336262558531274e-04
8.137672056755518562e-04
9.112285252252631676e-04
7.280476646828017498e-04
6.372466101689987185e-04
5.696449796982913606e-04
