-9.605042275816051906e-04
-5.736790774726041858e-04
-7.075079265189965216e-04
-6.404960435902425824e-04
-5.414372076721766288e-04
-4.750060328432612988e-04
-5.560899123897456321e-04
-1.491217785470270833e-04
7.687440064197705557e-05
1.474253354423392620e-04
1.981632380769994463e-04
1.932060173729613524e-04
2.497900591114617162e-04
2.484669688428308614e-04
3.711089724009716318e-04
4.129225294893102815e-04
3.411384556459244187e-04
5.265496758820862634e-04
3.300373975363688254e-04
-7.806602816475323057e-04
-7.319459794743505979e-04
-7.179555620222986476e-04
-3.788735950120936894e-04
7.547562303450677627e-05
5.216925526898534430e-04
9.664752025887042271e-04
1.213053786934466119e-03
1.586777022720693752e-03
1.992661609109803566e-03
2.058146156981799802e-03
2.565487784677866496e-03
3.864970254626357016e-03
6.462893229660101636e-03
6.629471498992767740e-03
6.539636862359705059e-03
6.257750732646117676e-03
6.022443168493449815e-03
5.989100469808384709e-03
5.899443771081757347e-03
5.755162344884483250e-03
5.524116072705261872e-03
5.422372357354116740e-03
5.523791306004667036e-03
5.491784340871077447e-03
2.975332053726223360e-03
3.052308872890029025e-03
2.883714757597088691e-03
3.074062637141947076e-03
2.828143091474036221e-03
2.467883719630956530e-03
2.712831809931296259e-03
2.962684971395164544e-03
4.319633130668986722e-03
4.410499794746741524e-03
4.099486698809210426e-03
3.223339548444126030e-03
2.950371969468781105e-03
2.352165469885316232e-03
2.231403966050008077e-03
1.907313386689897658e-03
1.908841969299527241e-03
1.973360875608854478e-03
1.576329667441358703e-03
4.045067638206441100e-04
-2.537146109251892361e-03
-4.343988993862983247e-03
-6.460674324460770335e-03
-5.774599028442700503e-03
-5.490145164315954167e-03
-4.731615153535884306e-03
-4.689317072108819921e-03
-4.613904512936731553e-03
-4.607099564260043988e-03
-4.699323544058434630e-03
-4.764134424124170410e-03
-4.043736257392013984e-03
-2.575632485285570417e-03
-1.030625594724801815e-03
1.363350435242351643e-03
1.412535930249921717e-03
1.417361986348690886e-03
1.256072722562364980e-03
1.381829852947205270e-03
1.357751106510241522e-03
1.627747679701101310e-03
1.598789764884148840e-03
1.797011670284066366e-03
1.884434043172950393e-03
2.173343532936016821e-03
2.815986826519180711e-03
2.685053150981110606e-03
2.105736754438130003e-03
1.590204135283907784e-03
8.779822454523905336e-04
6.366390728630716292e-04
-1.878765989397192335e-04
-7.896358152942673306e-04
-1.062700680445589820e-03
-1.845136213456165545e-03
-2.609508648688162614e-03
-3.648470598514515304e-03
-4.597644512244365538e-03
-4.516543693523127415e-03
-4.174224845007841293e-03
-4.121241208098320140e-03
-3.690768936156637540e-03
-3.687118155293672098e-03
-3.472736184543265357e-03
-4.730839533924410464e-03
-4.138908445010165173e-03
-3.256334692686447315e-03
-2.137443532007547980e-03
-1.784194708829605486e-03
-1.289565132256308014e-03
-2.447471958906285647e-03
-3.891133390589647609e-03
-3.605070533657768733e-03
-4.115157571189778131e-03
-5.088269166054550617e-03
-4.846247242940831222e-03
-3.939795127837221987e-03
-4.301448646343528429e-03
-5.196328265248574899e-03
-5.690117116424998726e-03
-5.474143154621114414e-03
-9.054777169509553927e-03
-8.170790220539918616e-03
-1.186633314494105196e-02
-1.210005377133834686e-02
-1.333826578946344966e-02
-1.229914585563205397e-02
-1.217619172600870915e-02
-1.171563463616931422e-02
-1.178459857199797532e-02
-1.184348178216698862e-02
-1.198720978455530828e-02
-1.251090767603152236e-02
-9.625886256511220415e-03
-9.707742629620508615e-03
-4.568922941055203815e-03
-4.370431577956157901e-03
-2.627545583024004736e-03
-3.087255424377644258e-03
-2.818402456435652962e-03
-2.330798216112544338e-03
-1.893847750060353172e-03
-8.726701922178822140e-04
1.461769677436500312e-04
1.304474437475525552e-03
1.963335208474555407e-03
2.190894722629660191e-03
2.261380058452007458e-03
2.303572652701920548e-03
2.277427903350216516e-03
2.827400165038024358e-03
2.802509228753195542e-03
2.722920411916124241e-03
2.537264752871427973e-03
