1.402723893620119559e-03
1.939172791778785189e-03
2.472163581424457069e-03
2.613850623880130310e-03
3.035749370742725061e-03
3.996710068792731600e-03
5.308136088924186348e-03
6.447666017577832753e-03
7.504901336441459347e-03
8.962346340260701066e-03
9.516559896146732297e-03
9.247223580614033142e-03
8.579920634436060539e-03
8.668788856195888681e-03
7.838567426510690758e-03
6.771029877519416096e-03
6.132659715250027982e-03
6.047319586702050442e-03
6.283338001604049650e-03
5.410219949574330590e-03
5.232200832196386674e-03
4.892504400288081971e-03
4.563927511536730250e-03
3.614059750873881930e-03
2.668059168226886383e-03
2.138567796249325227e-03
1.694199122151209469e-03
1.472239967809116021e-03
1.485539354742696936e-03
1.857968655022021421e-03
2.088751219214377355e-03
2.431272749576136784e-03
2.891268635248581392e-03
2.776348024811338411e-03
2.884473219120617295e-03
2.664676098869573490e-03
2.604781115939633785e-03
2.545992027231327396e-03
2.650757376313320896e-03
3.337885372764292594e-03
3.423738147912648664e-03
3.645182562702898883e-03
4.034863634612782975e-03
4.750304179624977551e-03
4.591157407308668788e-03
4.583481909101355320e-03
4.734771763486868811e-03
4.941483084183412831e-03
5.140154706118032178e-03
5.245980503776145713e-03
5.758881923565508341e-03
7.108094199944251824e-03
7.934606270500228417e-03
8.793609240801740501e-03
1.007288683115573936e-02
1.016500666334861809e-02
1.087819389886881920e-02
1.016128396374964445e-02
1.108144097475517904e-02
1.077934496972015634e-02
9.490639176243887906e-03
8.839445156812772431e-03
7.720645548723481522e-03
6.616384369451531328e-03
4.996878244952474707e-03
4.478711166982296717e-03
4.281781493985697094e-03
3.984754773462404441e-03
3.833184715501755397e-03
3.797623992577433411e-03
3.397884158944652466e-03
2.867551777055995371e-03
2.357109204571269673e-03
1.943701596266353285e-03
1.441733607676102744e-03
1.088834945686754712e-03
6.765030748444612061e-04
4.402960929889552003e-04
2.348550134280688649e-04
1.610820725147414179e-04
1.074635958166567112e-04
6.882398552369306402e-05
2.175773272653800525e-05
6.401216177913317865e-06
1.474248783667771594e-06
1.364580043912395255e-06
1.300635812825908349e-06
1.089420773328727315e-06
6.645642230769581570e-09
1.432948197500005773e-12
8.187136450590048222e-10
8.187161115274449210e-10
5.794238139527076636e-08
6.619316394632340222e-07
2.581743864562091140e-06
4.854853974358339832e-06
1.155415020516408209e-05
2.375306529220446141e-05
3.204708028179285769e-05
4.647203116017401475e-05
6.114959801604692670e-05
6.332322855192154597e-05
7.567441392892999873e-05
7.800105333002765060e-05
7.263699003679675306e-05
5.810171084826523154e-05
4.197800731216124256e-05
4.462465253815591361e-05
9.167611419746728629e-05
1.237985332577639784e-04
1.393699014387423361e-04
1.668732234781367119e-04
2.083824562525284725e-04
2.454333842996744191e-04
2.188267349538613148e-04
2.526501484461577524e-04
2.736972813572047789e-04
3.227933597872103167e-04
3.050354768914082491e-04
2.831574136663091330e-04
2.504526365347515778e-04
1.855589111918830693e-04
1.623149285107724647e-04
1.299698033626020706e-04
1.304681524576178583e-04
1.926708271920317059e-04
2.612251819162039637e-04
3.314714925442868894e-04
4.688008629958200532e-04
5.331514712544094562e-04
6.829090480190042360e-04
9.115578189893601760e-04
1.299059284175280724e-03
1.644326062754636114e-03
1.917713442126561850e-03
2.381254060051932794e-03
2.670628393699917696e-03
3.095794759027710712e-03
4.741331134020671835e-03
5.386437212644794130e-03
6.338387776476749232e-03
7.195715130622202388e-03
7.771087998184511049e-03
7.924271596994443556e-03
6.528035295093548296e-03
6.683420888633998663e-03
6.000622123632805109e-03
5.147359398341744795e-03
4.525978741106030656e-03
4.402145319294521048e-03
4.259769359076705057e-03
3.965971683152482059e-03
3.951303806444169883e-03
4.803401682902091324e-03
4.824451758517014389e-03
4.344330674233550481e-03
4.039140166690334370e-03
3.349683723051403907e-03
2.989695939819155338e-03
1.838166104869140517e-03
1.589601227150443585e-03
1.598123643945487332e-03
1.511928599675232271e-03
1.466294730092976241e-03
1.976750968283101043e-03
1.868577088239992525e-03
1.815072522332958826e-03
1.590081269031103084e-03
1.455111120849353996e-03
1.294251238267550607e-03
5.208767182449917802e-04
3.652426717210584934e-04
2.354276490379353425e-04
1.685646440445043130e-04
1.252766398092956433e-04
8.364749649799117879e-05
2.499769868716389873e-05
1.162464175300600440e-05
4.613917464616815981e-06
7.131608774007280777e-07
5.855969087587544950e-07
3.802061091970228894e-07
3.738034435480351553e-07
2.829541106296528030e-07
2.805737707492343059e-07
-1.844679187893296498e-09
-2.270511022295177306e-08
-1.224492067978996242e-06
-2.296846574206981755e-06
-2.993504758776544890e-06
-1.099802665678991128e-05
-4.033729506409926285e-05
-6.921818294868186609e-05
-1.704915158100243227e-04
-2.411509718392688701e-04
-4.079144404759763834e-04
-7.028279131240890891e-04
-8.015766948488841845e-04
-8.488399418572740258e-04
-8.296483347469450027e-04
-7.876347670926500894e-04
-6.295757905177894144e-04
-3.342938340969651002e-04
-2.159556157048650915e-04
-1.464944851084465198e-04
-8.378216527930679332e-05
-3.427633799788420629e-04
-3.961285093581145915e-04
-4.012153482469393829e-04
-4.196653506084755216e-04
-4.305859052455233830e-04
-4.144507568830724568e-04
-1.266359782672765895e-04
-6.416398888546661131e-05
-5.145433264182251959e-05
-2.325409072430823494e-05
-5.633513625759898793e-06
-1.197486342841252559e-06
-3.128075552306791840e-07
6.293300281820347193e-09
2.269966668159715977e-08
3.378248074063232638e-08
6.640062974379602008e-08
4.572031017853615540e-07
1.926529472721206915e-06
2.624008758361556858e-06
2.870072286413544253e-06
3.892906392494256355e-06
4.733939669173761518e-06
5.069031276348767972e-06
3.634968154540034138e-06
2.924693291531985017e-06
2.780852930064618089e-06
5.085877535181597315e-06
8.135415600273590702e-06
8.605120746162026044e-06
8.669488115156508761e-06
8.659312995501358020e-06
8.553904297553765771e-06
