2.121905760604841080e-10
9.303827416063023949e-10
1.189210030599308278e-09
1.003568919162221577e-09
3.288286491884964190e-09
5.985696764314801798e-08
6.998808469650544312e-07
8.946943557127341215e-07
1.191826911733316091e-06
1.639544170960563594e-06
1.797756865920970330e-06
2.038847007710834938e-06
1.712240608112915865e-06
4.496214249620187948e-06
5.877192439965818757e-06
5.941289966159497576e-06
6.137538248937412994e-06
1.643958065272456111e-05
1.833147982442830923e-05
1.670746779302199837e-05
1.599741661369814271e-05
1.686742378828998593e-05
2.974972950911212785e-05
5.680496661737374932e-05
8.655655697354043868e-05
1.103909996287926430e-04
1.929672726267266927e-04
2.530380120664924167e-04
2.885754977617119017e-04
2.713603574150556721e-04
2.528923465977621051e-04
2.498290617371755080e-04
1.725323642658269823e-04
1.158858769167584656e-04
7.328078380128702030e-05
6.625815734558441214e-05
5.775410614280400147e-05
4.747864170681922151e-05
4.318385191247181690e-05
4.022341289953057004e-05
3.500325337280266175e-05
2.241271400168341838e-05
2.901951304465613039e-05
1.765613532626429192e-05
1.578794276636372821e-05
1.414765310365926513e-05
1.320994826344354689e-05
1.238370472617625750e-05
8.211687325261811483e-07
3.476347040297992153e-07
2.643779601628367907e-07
5.896782865379084450e-08
4.566595324368274481e-08
4.480123602522909578e-08
1.567728997964952902e-08
1.845796937519909649e-09
1.653252136907042467e-10
1.556407281659095269e-10
9.141197624680834892e-11
1.945720157887660540e-11
1.308079560334854916e-15
1.224528595066052563e-15
3.180868001750928762e-18
2.683904270287909229e-18
2.683904268826781676e-18
2.683899967001362877e-18
2.683876274057356067e-18
2.599112545438012936e-18
8.291069247564114495e-20
8.291063918723531494e-20
8.291063918706336551e-20
8.077639834392526376e-20
-3.957769083690621118e-12
-3.967714444672412410e-12
-3.969630118756027945e-12
-3.970986802501155466e-12
-3.971740382351316482e-12
-4.014103985617909965e-12
-8.209320339163821744e-14
-3.382480018369189303e-12
-2.723925566986554324e-11
-3.182151841373925408e-11
-4.803475277139332033e-11
-4.958762082791675432e-11
-2.415127905709816802e-10
-8.667409884669515041e-09
-8.882827026345772301e-09
-8.909682926537641377e-09
-1.601053291050408724e-08
-1.605255440680256638e-08
-1.589590818457723010e-08
-7.639279120062437991e-09
-7.751902596334035699e-09
-1.292399401478973147e-08
-1.067546589522790497e-08
-1.330960650093424429e-08
-3.918849273864317481e-07
-3.019396386914007913e-06
-5.206611466826313811e-06
-5.384317890061775540e-06
-7.402379129331337741e-06
-8.212306557924717819e-06
-9.858663878218402988e-06
-7.291992440275902686e-06
-5.110599165725145831e-06
-4.951595374480596015e-06
-3.024378583511518249e-06
-2.609119731334300436e-06
-1.142593705228258660e-06
-1.131815792810684449e-06
-1.246009088302449789e-06
-1.224626755385768513e-06
-1.194671078837812024e-06
-8.250535656488668970e-07
-2.707727602545099368e-07
-2.566930292328246679e-07
-2.399933631544079027e-07
-3.673019806808635549e-07
-3.029460478617027672e-07
-2.757621997084565160e-07
-2.716034548678032069e-07
-2.358601178319298965e-07
-1.324439445089351406e-07
-1.780735760426826329e-07
-2.472617047422839645e-06
-2.738541409407396470e-06
-2.799410365082045357e-06
-2.800917629259242102e-06
-2.803534530858228638e-06
-2.628131522540820033e-06
-3.321869141865415243e-07
-6.571775439296948861e-08
-4.848934694272805725e-09
-2.930386256928652058e-09
-6.246222229059771273e-11
-3.391467766689955164e-12
-3.153656179724180270e-12
-2.979057556872287443e-12
-4.735381827216012425e-13
