beta2
1.011867752169499229e-02
1.040362907516024712e-02
1.086947103394957440e-02
1.139178963670568756e-02
1.201118824176936918e-02
1.240604144560311477e-02
1.245316180672688053e-02
1.205956141017482455e-02
1.181951063347190869e-02
1.169332964015849449e-02
1.181629661450925989e-02
1.213118370069837804e-02
1.143365805109795852e-02
1.074427879235390765e-02
1.043517550583389873e-02
1.060455388031909287e-02
1.099905633919727975e-02
1.206703908264599931e-02
1.135504148711991707e-02
1.136983818115379005e-02
1.133090573596263161e-02
1.081708459704383563e-02
1.091047562862129845e-02
1.090687405890975598e-02
1.103257922171599174e-02
1.051103327973396985e-02
1.043458952167243027e-02
1.040459144496915476e-02
1.021501487783575343e-02
1.060711326319661515e-02
1.139261778309290027e-02
1.082027064034369289e-02
1.000612646534794307e-02
9.618968722278981726e-03
8.504078583458085649e-03
7.745041935178069784e-03
6.928576507690957509e-03
6.601144578207670741e-03
6.151850204108738965e-03
6.262791915811402599e-03
6.368229265463315816e-03
6.518422617300621488e-03
6.953548282661932423e-03
7.313273687895191673e-03
7.276122410249654879e-03
7.597585168447847266e-03
8.173642411487349463e-03
8.083454526307896904e-03
8.404438847135358576e-03
8.703187864712901359e-03
9.114110295879532600e-03
9.201800081210133667e-03
9.653784642945851396e-03
9.774941025322059218e-03
1.001596162702191387e-02
9.812343027716755386e-03
9.599693946201961689e-03
9.712925768775422519e-03
9.788525684740466762e-03
9.808070255923855355e-03
9.826335116609736034e-03
1.084539555590783438e-02
1.131725911616133715e-02
1.114819432677153707e-02
1.101592770538597534e-02
1.097855199177572710e-02
1.070245808328552928e-02
1.143979404274866885e-02
1.134329193707533413e-02
1.109622689561024986e-02
1.146430439711186230e-02
1.184418976777796770e-02
1.191084131641513034e-02
1.234568522601663110e-02
1.280430523922292466e-02
1.285773815299036046e-02
1.291797222318883873e-02
1.137738318523705099e-02
1.049432584689430348e-02
9.488340985037067160e-03
9.926105042389114091e-03
1.022740104944349672e-02
1.026704917086451035e-02
9.873797158336628660e-03
9.816498562004670123e-03
9.754906377870620898e-03
beta3
3.912467631464239173e-04
5.751741699615681679e-04
7.158460411175811451e-04
8.575319944526833132e-04
1.211227338282147570e-03
1.186146586846602031e-03
1.209901140779739634e-03
1.065763648184405192e-03
8.977772952267654453e-04
9.702687009096569622e-04
8.517415515104120351e-04
8.256041472675327685e-04
8.631145198114217746e-04
9.098121777407698792e-04
1.084255645783329704e-03
9.125016738058822074e-04
8.986200318377714994e-04
9.198903132106080877e-04
1.591015172431905003e-03
1.336935446294899507e-03
1.452735277882409495e-03
1.660162727783904939e-03
1.342913675972292080e-03
1.175399790074769862e-03
9.803321095545427296e-04
9.036805505351389826e-04
7.663868392189618784e-04
6.910585288893836059e-04
6.474826422432143451e-04
4.059428974845920258e-04
4.301803303971516454e-04
3.013403226925584228e-04
2.077715259945243443e-04
8.620721170154685995e-05
2.721287934123888560e-05
6.816609607283777956e-06
1.018006176379588703e-06
2.337584317742356233e-07
1.787199270513998665e-07
1.262163499786461417e-06
5.452103240015858751e-06
2.543474679977270815e-05
3.617898354946391052e-05
7.998831656854601556e-05
2.405210229383401073e-04
3.635991696824770938e-04
6.053703835962270883e-04
6.885828373371687605e-04
8.373887615082816708e-04
8.831039427785921650e-04
8.199394083332824405e-04
8.077943985479250476e-04
9.836478953788490090e-04
8.312439843182117469e-04
7.491460498442304274e-04
6.706308468786289318e-04
6.523867136550070764e-04
6.687436158437003262e-04
7.677930019902112855e-04
8.020738172045706587e-04
8.388500317558073276e-04
7.866726536975683854e-04
7.721896204590313235e-04
8.453660224526273869e-04
8.950620124387009650e-04
7.966501868863522977e-04
7.661683540183573948e-04
6.818794311032629323e-04
5.796213256965185821e-04
3.673243189332577150e-04
2.473666244838990569e-04
1.158441108492473540e-04
5.706902939322222975e-05
3.441355018485781401e-05
1.211510206298241625e-05
7.246471021944553341e-06
2.985697340966488462e-06
2.477926378139984263e-06
4.976197488650534106e-06
1.708483755903707704e-05
1.734177230125770038e-05
2.028773277668515992e-05
1.829632484780183832e-05
2.521441415733151339e-05
2.595598918875745702e-05
1.896690008025938342e-05
beta4
-2.102692865317994098e-03
-2.482653553934612185e-03
-2.657991193275463949e-03
-2.745482502607526389e-03
-2.890979417456428918e-03
-2.734553304111170952e-03
-2.505618264445888185e-03
-2.304483245377593643e-03
-2.191012405964810374e-03
-2.220836850169546645e-03
-2.176558439629265596e-03
-2.323832443434759032e-03
-2.173756640593206731e-03
-2.192481687353858323e-03
-2.344345095746340826e-03
-2.494307164936594625e-03
-2.671061427794306671e-03
-2.758199782971428385e-03
-2.959104504501804643e-03
-3.343407015861276331e-03
-3.855159670008877736e-03
-4.004921156881086075e-03
-4.117387159196355881e-03
-4.134597572001443011e-03
-4.207738664121684659e-03
-4.262908739369073927e-03
-4.320273531794384045e-03
-4.440296910804587827e-03
-4.246132740194676070e-03
-4.429696221452418363e-03
-4.648900237375232398e-03
-4.455533907764713461e-03
-4.247008030458325131e-03
-4.115925944596698915e-03
-3.702028920811941022e-03
-3.561819631995503596e-03
-3.339280094692719837e-03
-3.313796237751701068e-03
-3.177247859481961961e-03
-2.763942688860038591e-03
-2.464590302976967309e-03
-2.367341169953190647e-03
-2.199531372123377047e-03
-1.884426457915945640e-03
-1.972300989404016797e-03
-2.170033747658586983e-03
-2.687226923903985026e-03
-2.698663772690859230e-03
-2.898190160031456977e-03
-2.928341811626361708e-03
-2.761353339603518295e-03
-2.567875896938583147e-03
-2.627492644294515678e-03
-2.026633054410828180e-03
-1.731297022074398863e-03
-1.445485680442657340e-03
-1.155939013437703566e-03
-1.002278662335900645e-03
-9.134522589373246342e-04
-1.039537852199616096e-03
-1.010278927187341098e-03
-1.654493659331589695e-03
-2.086789329366481056e-03
-2.428089641550112109e-03
-2.813111734458842786e-03
-3.366586507948276293e-03
-3.473084489606546258e-03
-3.938364377951954209e-03
-4.429925693026538422e-03
-4.600952280088742297e-03
-4.833398378642323259e-03
-5.188672310163959696e-03
-4.757808275303783765e-03
-4.866393505259501880e-03
-5.142441953723052989e-03
-5.076879947340833671e-03
-4.831993280418766905e-03
-4.488644796547362759e-03
-3.965264572534064023e-03
-3.764409697066544488e-03
-3.886952733818436947e-03
-3.991814572548817164e-03
-4.122066487362933615e-03
-3.833770943568685224e-03
-3.668259477563298038e-03
-3.569524656880495445e-03
beta5
2.671392252989416475e-21
-1.216361984161727990e-19
-9.816045402239550450e-21
-1.812968738745065371e-20
1.123396810163730047e-21
5.487074865144265068e-21
8.005588273632862880e-22
3.226423727253020881e-21
1.075878283330555151e-22
1.950345385638494824e-28
-1.332373655049394494e-21
-3.986819185909054931e-21
-1.090582577610679516e-20
-1.809740903575852041e-21
-1.558144313876072717e-17
-7.170658762033682655e-21
6.449642060934886736e-22
-1.668017754763952581e-20
-3.763810719422749762e-21
-3.992183246823281661e-20
-3.965805378369951958e-20
-1.223399382358805892e-19
-6.463404646587531575e-18
-7.601527497715221943e-18
-1.191832994285904865e-18
-6.180753894436605984e-16
-2.842715521780358671e-15
-1.356633417589476739e-16
-8.292969870027139668e-24
2.784291884261268967e-21
4.662278993586928188e-20
1.717885429579440402e-20
2.647305725384037693e-18
2.266388201343071778e-18
8.055354777545198227e-18
1.418108758724586054e-17
1.473398083349281724e-15
1.636636008165301972e-14
4.766184391874351709e-13
4.068648073534758935e-14
5.135276478649813224e-14
1.331022693351406237e-13
1.268219293297656523e-14
1.595925805702290843e-14
9.294749229749393205e-14
1.919271010923876347e-13
9.402948632895735861e-13
1.235433238282367021e-12
4.966041462262917786e-13
1.679300390333353904e-13
1.068885349504656788e-12
4.672453223729904752e-14
2.347948035116686249e-12
4.837673794982017762e-13
6.816153310747052705e-14
1.009263671222901292e-14
9.564946592605115687e-16
5.458877489359857841e-17
1.248293735493985522e-16
1.182739692543006877e-19
1.191341685548256273e-19
-2.255868805011318143e-20
-8.208265948172404858e-18
-4.075634890113259075e-19
-5.429367352952119929e-19
-1.908361011716423996e-15
-4.290644190384033143e-16
-1.702632935433897625e-13
-5.857661618237079992e-13
-1.027710826548145198e-12
-7.052834445951343987e-13
-3.608828672036544802e-12
-3.664140170013244818e-13
-3.674865377002657807e-12
-3.248696083980650874e-12
-6.925765118108927444e-12
-2.889611614305732011e-12
-2.278287974131676362e-13
-5.208789291638162075e-15
-2.452278109519383365e-14
-5.441403984295804242e-14
-2.031000279350073358e-13
-1.138170952611748951e-14
-3.841762834238188952e-15
-3.392416784183854563e-15
-3.093093286976951828e-16
