-3.936525025844886524e-04
2.893463068424348742e-04
2.174722434796219888e-03
5.969490341514151416e-04
6.086309716510189538e-04
3.548662315876993352e-04
1.052720592878747443e-03
2.302173461778571676e-04
1.805938110153758932e-04
-3.753820749211165978e-05
-9.737500624667193034e-05
-1.847361984777385452e-04
-6.320586566096900259e-04
-5.105211260014501590e-04
-7.653141046544377967e-04
-7.745225306023966914e-04
-5.302784587907174605e-04
2.634070190988425236e-04
-4.219225154261779516e-05
-2.517993046557075957e-04
-2.233597141648947164e-04
-3.412414371767025890e-05
8.317184552284124285e-05
-2.393572403094688223e-04
-3.448411297158943578e-04
-1.315124589551849973e-04
-4.777904512476372563e-04
-2.277927391110799737e-04
2.215934045719564118e-04
1.534147805636897662e-04
7.780316464774912144e-04
6.597186427425436516e-04
1.271901562976557277e-03
2.580037811529806331e-03
2.538067664164641007e-03
2.256171103094862899e-03
2.512130652762430052e-03
6.785578422965332472e-03
3.778511526323475710e-03
4.553683197888858288e-03
2.461543446412497744e-03
2.553984497522964695e-03
3.255565377780112509e-03
3.906340086957825822e-03
4.582450691690411609e-03
4.265502984288811056e-03
3.200852242893397794e-03
3.546892782406955470e-03
3.937782596163325217e-03
3.282707684108417644e-03
3.374622186005308243e-03
3.314883721185907673e-03
3.597220320957128861e-03
5.886665640000391352e-03
6.362148172963405512e-03
4.338427837489978144e-03
1.955773091620381047e-03
1.539840327346624635e-03
1.872985404656435501e-03
8.650023699540817157e-04
4.818426340818819024e-04
2.701486475639813898e-04
3.565103570932802251e-04
-3.426392033414506081e-04
-4.843844020315301127e-04
7.745773037082009840e-05
3.990894302567770248e-04
1.083635485755670444e-04
3.175122378456695293e-04
1.095696779275887919e-05
-2.067086746455979319e-04
3.953105581261302814e-04
-9.044284685663349106e-04
-3.172903914433669440e-04
-1.970200547402666349e-04
-4.870349828102313230e-04
-6.515530979625556302e-04
-4.211004561406982280e-04
-2.564588028105052380e-04
5.392605114965518844e-04
2.684691880010589690e-04
-1.923539907079081595e-04
-2.711524031660761890e-04
-5.750172576052626832e-04
-1.076481947119311807e-03
-9.751152230839380724e-04
-1.457679253701651620e-03
6.137321774188641951e-06
-5.010338514902577638e-04
-9.347442993060077606e-04
-8.306124447343183779e-04
-1.764001456288037803e-03
-1.595268098758249788e-03
-1.661980208444868538e-03
-1.565482157000631230e-03
-1.109021747574654056e-03
-1.107376581441161687e-03
-9.704773687156709227e-04
-1.062541805913373976e-03
-6.809385836063935361e-04
-1.002025949658478946e-03
-5.930465620544644531e-04
-6.727087324831589228e-04
8.041641251905581227e-04
1.609003914708163289e-03
1.677155897010208568e-03
2.523166241931127773e-03
2.314345724743145476e-03
1.883381649242093624e-03
2.016028607169259752e-03
1.157168990680721788e-03
1.093018590820917435e-03
5.004263078722962291e-04
3.716533385204906113e-04
8.171026362269295362e-04
1.220011512857962490e-03
1.629019763629189392e-03
2.177701532862120516e-03
1.811897506265761765e-03
1.076759632230113580e-03
7.228811452880642193e-04
1.199105719010233601e-04
-3.835601776372925237e-05
-6.619947467174595174e-04
-1.432832983020191926e-03
-4.664113293737827143e-04
-5.686023625678315267e-04
-4.730893072288039716e-04
-2.116077591084800905e-04
1.290741318744439460e-04
-7.312515266652162491e-05
6.371816732611853109e-04
1.176703477853189607e-03
1.004856035796270614e-03
9.550263758437363285e-04
1.162616525489739176e-03
3.908262250473741161e-04
-4.113100553340178351e-05
-9.118138801765289167e-04
-4.156157530145879512e-04
-4.983313420295013701e-04
-2.570239793003722896e-04
5.401800014179234316e-05
2.996827701735875113e-04
4.513813371957740091e-04
-5.701580264160551869e-04
3.620804804268624934e-04
7.141106385644718129e-04
1.539883743167983724e-04
-1.428623027271771822e-03
-1.583800868043955300e-03
-1.653280222745590229e-03
-1.231469277248964031e-03
-9.316364878604943079e-04
-5.812604487787674046e-04
-3.995537828534023034e-04
-3.081742446995658206e-04
-4.728658229573501001e-04
-5.092617773686027591e-04
-7.966277194623761241e-04
-1.611488384849346948e-03
-1.205616445355486279e-03
-8.900368623021434004e-04
-5.863409958833841950e-04
-7.811522187966213554e-04
-7.368267694167587086e-04
-5.372888995338022866e-04
-6.698507993794832263e-04
-4.847636223014564392e-04
-8.638078153766041989e-04
-1.271404553149693651e-03
-7.636352392086585535e-04
-9.884469704726584274e-04
-7.900000940377815885e-04
-4.094826244097536324e-04
-2.756140700891573318e-04
1.138699754329117333e-04
-6.369111981607791415e-05
-5.323589061602495122e-04
-6.702270400052654496e-05
-1.934627984916335028e-04
-5.966401519894546117e-04
-8.780567912635284375e-04
-7.040810662113413786e-04
-1.164897431316371532e-03
-1.614935689117239902e-03
-1.549532689622866574e-03
-1.496342214936666453e-03
-1.418882195794242580e-03
-1.279166790099619828e-03
-8.436693966334182912e-04
-5.726038650902500653e-04
-5.846523375223910707e-04
-4.666629928745733144e-04
-5.740193626429630162e-04
-9.823442707127107241e-04
-3.168485008749467695e-03
-1.574861538574194673e-03
-9.492424038099294401e-05
-8.742302254004903021e-04
-6.269904554260559296e-04
-6.053443063453126799e-04
-8.368639779477789371e-04
-6.787124178623942525e-04
-1.214975386312943956e-03
-1.614297930680736902e-03
-2.077570282901888485e-03
-2.050018531399176638e-03
-1.892471111261538348e-03
-2.138318993444579368e-03
-1.781045559711366211e-03
-1.722883436749380291e-03
-1.813438165710770308e-03
-2.319173271128393936e-03
-1.753595849692762268e-03
-2.301159214665204119e-03
-1.394436575386960066e-03
-1.952674243713595909e-03
-2.344944860055917391e-03
-1.848431259786673282e-03
-6.587066138101618827e-04
-2.251573175618701371e-04
-2.033774934027512472e-05
-5.046766958306281336e-05
-3.165963496639165710e-04
-7.547277552712633496e-04
-3.400030727859441730e-04
5.325175676466398073e-06
1.026685626365354386e-04
-1.006726570400241685e-04
4.881793999325212391e-05
-1.673404556015553775e-04
4.463686727087682400e-04
3.493832127657814867e-04
1.897680123435753431e-04
4.789536311639607023e-05
2.966273115976324529e-04
4.918294569171721177e-04
4.355088831347689597e-04
