1.120578465745027293e-03
9.908133739040848875e-04
8.522014412645661412e-04
7.251675471777782166e-04
6.356105881748788048e-04
6.409976561290480412e-04
8.513993342670747111e-04
8.410394420176072177e-04
7.995629819956658535e-04
7.582940123756706525e-04
7.388526537419047059e-04
7.013914414997255526e-04
6.248045893706931624e-04
5.687358949102006402e-04
5.373005968318987852e-04
5.318648420943126315e-04
5.763943523625447794e-04
6.493644011411359726e-04
5.530488260330342857e-04
6.128483326960403521e-04
7.346581427124273915e-04
8.009544077477374728e-04
1.011237465566861655e-03
1.356814493945370523e-03
1.889143031798619322e-03
2.499409406831483611e-03
3.302118395943140841e-03
4.226637246021214787e-03
5.099020353960690734e-03
5.553425285292931494e-03
6.049237284959575744e-03
6.463684454149028202e-03
6.585279061589725813e-03
6.962347642940524411e-03
7.888626040816195187e-03
8.771966699005817603e-03
9.492098414494970493e-03
1.034455801411404523e-02
1.062788426237071260e-02
1.026989761066506371e-02
9.702774215772843117e-03
9.497305450305961946e-03
9.385249062053881153e-03
9.399015067451374494e-03
9.437031973621537798e-03
9.337521815688313437e-03
8.668825812499978550e-03
7.926227903988020823e-03
6.949599610608207974e-03
5.603606034331132246e-03
4.550503251315567328e-03
3.975598412383026491e-03
3.611479515626566956e-03
3.240511574840342166e-03
2.781909623950129789e-03
2.237461187398294849e-03
1.917930241016441162e-03
1.542068453252113530e-03
1.028844442526863140e-03
5.184148222347014683e-04
2.257881755890591216e-04
9.337044816942725129e-05
4.395827641279261293e-05
2.140212085002413331e-05
-8.210600753654412871e-06
-3.941658375470007933e-05
-7.966409320561358470e-05
-1.188014129303455597e-04
-1.965119925355865861e-04
-2.631369414162497205e-04
-3.106300855494120087e-04
-4.009485482581961503e-04
-6.936071233136590361e-04
-8.241530700576505395e-04
-8.728827321330771003e-04
-8.885124525711131198e-04
-8.944641334117598092e-04
-8.824833130042962969e-04
-8.488653386920204727e-04
-8.188271548290529519e-04
-7.456546807029810695e-04
-6.832598740977128019e-04
-6.422411759315560997e-04
-5.534910674830293949e-04
-2.629921420239059605e-04
-1.396590828176741178e-04
-9.586806292639404642e-05
-7.757709433540444378e-05
-5.903343803384877853e-05
-4.939010020477447048e-05
-4.814225152305226475e-05
-5.091448789615048333e-05
-4.845759992278943169e-05
-4.469157014823201473e-05
-3.836526266238337598e-05
-3.708407347654810095e-05
-3.583906731576755729e-05
-2.862621208758327446e-05
-2.368735242005285928e-05
-1.843202224249186090e-05
-9.620326127894810310e-06
-6.075746682080815256e-06
-5.257484733401814274e-06
5.526247848918407813e-06
1.846225828074734532e-05
3.338825918280183410e-05
8.371919114235255876e-05
1.423215264084439565e-04
2.323173642675707294e-04
4.265884651879645810e-04
6.560433393575007934e-04
8.969053072132534589e-04
9.986476037446788932e-04
1.327425203722042840e-03
1.566877001317798892e-03
1.698624009309661039e-03
1.789407320807614001e-03
1.831961279367295579e-03
1.799397181324591732e-03
1.742405681741217337e-03
1.653691039669402630e-03
1.460988807805269378e-03
1.236374906067118406e-03
1.010222130108883593e-03
9.893449493832053715e-04
7.200653692357761619e-04
6.344526395889823383e-04
6.097151082167280448e-04
5.384822423578171499e-04
5.576286290509867641e-04
5.886513526841383355e-04
