3.371294576501486680e-03
3.333812896573272889e-03
3.726798977350899347e-03
4.368124840797425745e-03
4.686989700987268144e-03
4.898015994436883021e-03
5.117622757245881074e-03
5.483063272465875208e-03
5.334921281382249379e-03
4.584835046289551831e-03
3.684446758380879872e-03
2.794600471813263320e-03
2.074376255046501884e-03
1.307402540292090841e-03
8.537684644057125368e-04
7.227512325774558761e-04
7.665215279876939729e-04
1.014459104521036248e-03
1.184523671702499654e-03
1.217033709329654002e-03
1.308156820518739964e-03
1.360905725084307844e-03
1.367616876178989055e-03
1.192445077019841119e-03
1.115022269979834080e-03
1.133860720928739222e-03
1.082288129852491650e-03
1.038759426718519670e-03
1.097359675527159609e-03
1.115614915359019283e-03
1.119602814706864395e-03
1.059806570312656418e-03
1.078027934674038969e-03
1.121579540183214934e-03
1.279744899441165838e-03
1.357596900721133072e-03
1.596169863202174383e-03
2.042383292599475510e-03
2.341242541679164953e-03
2.874172157471141954e-03
3.185393407773731353e-03
3.296787207398373890e-03
3.282838036061015447e-03
3.174235406800247645e-03
3.055441548640376939e-03
2.855413795655252843e-03
3.099807021969586737e-03
3.680561506485184251e-03
4.266633515057952596e-03
4.842408163268560432e-03
5.463693327394662964e-03
5.315574192931303739e-03
4.764938836984400870e-03
4.165319663799407594e-03
3.412835425501111689e-03
2.453131792556759259e-03
1.671672719603735889e-03
1.687580961712823466e-03
1.622560561302332192e-03
1.496215350572559005e-03
1.492627249352700440e-03
1.640052250772257260e-03
1.640999760397762091e-03
1.362502243319388103e-03
1.171831289474513935e-03
1.136511086444073892e-03
1.145578445591548646e-03
1.152142423200409275e-03
1.213941040535381323e-03
1.264066829349995901e-03
1.286697635700531335e-03
1.220881549607689921e-03
1.199311257317986577e-03
1.136489894372571521e-03
9.673923231593967815e-04
8.670336048138576517e-04
8.812399629550228194e-04
8.671694436638223598e-04
7.766527718462405304e-04
6.327773760495678445e-04
5.387037124429392473e-04
4.154844425041340108e-04
2.475471736858892726e-04
1.471152522054481389e-04
1.456582865940667635e-04
1.332967988805732992e-04
8.219769217742725848e-05
1.105416068334377994e-04
1.288136605275111879e-04
6.776199363869496873e-05
-1.754795583688700800e-04
-3.957595402544819151e-04
-5.588437640656005595e-04
-7.698743303783216326e-04
-9.390278891789351733e-04
-1.239483484794585760e-03
-1.381160370879478370e-03
-1.376890899347208872e-03
-1.450506106577882648e-03
-1.462956204859588343e-03
-1.557808852954301743e-03
-1.474405653635563890e-03
-1.398983055538742136e-03
-1.441898937880852242e-03
-1.519966873863105991e-03
-1.548941482759922175e-03
-1.669780961576604848e-03
-1.760733512591675055e-03
-1.893156568534672688e-03
-1.896291272232407225e-03
-1.733869611534728751e-03
-1.610435652761407115e-03
-1.430745480654452848e-03
-1.217345233597486075e-03
-9.544000547569301066e-04
-7.371671940975222867e-04
-7.020451571779218192e-04
-6.401294870440698117e-04
-3.834051032941621431e-04
-2.317704854347037039e-04
-5.769086069030300964e-05
