-5.132729919667085252e-07
-1.051482898298777424e-05
-9.311453486157694409e-06
-6.450990158175605839e-05
-7.847927063819634783e-05
-6.584296290108984694e-05
-5.646088498484049456e-05
-4.940773103939437354e-05
-4.391904440131200416e-05
-3.952718662747260693e-05
-3.593382147084833137e-05
-3.293933634855769328e-05
-3.289656359922714124e-05
-3.118686485139307243e-05
-3.061147297701827773e-05
-1.143603582113678279e-05
-2.393257217483199944e-07
-1.614906580754435274e-08
3.453147950029530638e-10
3.351586471591022553e-09
4.148216391480316447e-09
4.191282951871669157e-09
4.245857851333893873e-09
1.242518821479521964e-08
1.371284227591019583e-07
1.983595946258647770e-07
7.458658146233796186e-07
1.105976920082893741e-05
1.619324045193289637e-05
1.681718538277021915e-05
1.870000554294831319e-05
1.912185043955458226e-05
1.913707204359108377e-05
1.916025681064253462e-05
1.918308133704342287e-05
1.934727182424481084e-05
1.932226887785386949e-05
1.716395438644317763e-04
1.712319363525167774e-04
1.609218005383984695e-04
1.557914530898128064e-04
1.551661170084650760e-04
1.532808447645429275e-04
1.528589647146993665e-04
1.528437424221307445e-04
1.528205534770953901e-04
1.527976885345121822e-04
1.526253187152139528e-04
1.525241459281337722e-04
8.728172974917251435e-08
-3.187134232874029930e-07
-6.175219668273972340e-06
-1.230900775531007471e-05
-1.288963343726152255e-05
-1.404749758859776122e-05
-2.261306612813801842e-05
-3.234357662118618167e-04
-3.258287951374814768e-04
-3.274389623095747361e-04
-3.285620034254925991e-04
-3.287713010680099867e-04
-3.289075517442630980e-04
-3.286567308897893162e-04
-3.228250890571397551e-04
-3.188283199334205806e-04
-3.182926066173123931e-04
-3.175328993412994383e-04
-3.091729624259381259e-04
-8.847527780365540425e-06
-7.044191667552979306e-06
-6.230444457191450945e-06
-1.676232284066529637e-05
-3.209517231392064988e-05
-3.370047971868386370e-05
-3.589336235842790086e-05
-6.427972310294473551e-05
-1.000168132532895123e-04
-2.268600227135583898e-04
-3.214330272671772149e-04
-3.262295754383791129e-04
-3.748469110402452738e-04
-3.800529373430072753e-04
-3.844175159278240793e-04
-3.727629295043789087e-04
-3.572193287804828021e-04
-3.554194127167046094e-04
-3.532112544886242150e-04
-3.248037969055613157e-04
-2.869331265040528508e-04
-1.600450295527396940e-04
-6.507389092612390988e-05
-6.007270706933976113e-05
-1.095811962224050271e-05
-5.162401486166347531e-06
-1.403705763118691599e-09
-1.070627856937256904e-09
-1.051737083472746109e-09
-1.051679905352385892e-09
-1.051677761316222592e-09
-1.051676226607499652e-09
