-1.558904426894607564e-01
-8.789885235554326104e-02
-7.316621774778864218e-02
-6.482283154282804383e-02
-9.458116928209199525e-02
-1.100668563227225477e-01
-9.422348165772602424e-02
-8.182107769824302490e-02
-8.137678131172787488e-02
-2.541221517440621636e-01
-2.303564925861337764e-01
-2.166316318174601185e-01
-2.034671402938664497e-01
-2.015811112105899972e-01
-1.976553966796094908e-01
-1.943404997503834775e-01
-1.762259269086700331e-01
-1.603304321488338013e-01
-1.607122698663487614e-01
-1.609633268741541279e-01
-1.542725349638589816e-01
-3.653329969555918488e-03
-4.441034415479648036e-03
6.572569977515001780e-04
2.323318244974355306e-04
-1.294522667376458395e-04
-6.581052483065229957e-04
-9.405417183906880077e-04
-3.815857441772732301e-03
-4.587210319788352468e-03
-5.598073171849572184e-03
-6.813608292623330592e-03
-8.785189294685547337e-03
-1.237924950710349824e-02
-1.781290286262643061e-02
-1.900505828659685564e-02
-1.945960546745400394e-02
-2.475573103291858409e-02
-3.591609682311563273e-02
-3.640483165591302389e-02
-3.628547359659841515e-02
-3.950479654860242912e-02
-3.874667269536866826e-02
-3.271903849746542886e-02
-2.916272076191166532e-02
-2.512506782020744456e-02
-1.751031763689067308e-02
-1.690132725571590749e-02
-2.076649939979598528e-02
-2.841333248751911136e-02
-3.781759008625193430e-02
-3.708131114302767178e-02
-3.479920627243316550e-02
-3.118217790339505857e-02
-3.059788362131045727e-02
-3.543803018875079508e-02
-3.652162448295272895e-02
-3.547177679821036933e-02
-3.575206888121579968e-02
-3.447432941271335455e-02
-2.913181303751248216e-02
-1.599797332801497149e-02
4.938975310757223736e-03
5.522367183192842220e-03
5.871145885834601341e-03
6.544213873885821459e-03
7.020630267065849396e-03
6.366277601629410400e-03
4.772446139042389214e-03
3.556857470787581302e-03
1.985363034313900651e-03
1.374482349889217863e-03
6.105546432311916407e-04
7.076168266742219109e-04
8.884298455454405635e-04
4.264242881279013751e-04
1.866541317076398493e-04
-4.109964853786298057e-05
9.643363816518961396e-05
-8.053478262561190653e-04
-1.813142584242384352e-04
-7.710205413341739665e-04
-1.895574881008457073e-03
-1.831072337147817254e-03
-2.090350165396861505e-03
-2.303695941766519938e-03
-2.913753553914466641e-03
-2.833480888751083778e-03
-2.779818356873078270e-03
-2.541165667981067772e-03
-3.108288379133968427e-03
-1.693547782491229038e-03
-1.545206732260727455e-03
-4.379565722510821656e-04
7.712818606165182909e-03
7.961125996192305182e-03
8.223698257751268018e-03
8.223516092772619607e-03
8.524935039219081953e-03
8.314594808167334941e-03
8.329920959081889634e-03
