1.011600798791540030e-02
1.276021631073511256e-02
2.882478238234708820e-02
2.549774092895997629e-03
8.380649176752907013e-04
2.106085361321949952e-03
3.671715145023744624e-03
1.658091364471468406e-03
3.768160415918124593e-03
1.697466905644652276e-03
1.520014152023888791e-03
-3.140872754097925770e-04
4.749517272682243622e-04
3.020171481965898061e-03
3.204426117711712142e-03
9.502307342227083896e-04
9.474858079943575912e-04
8.774934872714666018e-03
2.695444473842086193e-03
4.075512651191162238e-05
5.970218676793508832e-04
-3.218502869923158937e-03
-1.097055026940532344e-04
1.812399674818224431e-03
5.207617879906888125e-03
2.813410204476774618e-04
-1.067241380905131488e-04
1.861809215887528851e-03
2.932319998860062876e-03
2.584741686587183041e-04
1.145312555370513793e-03
1.549050785950722205e-03
5.529772991640619735e-04
1.223516056465434989e-03
1.779571293716545200e-03
1.673157385268356050e-03
9.751285731398175258e-04
5.416261237256990435e-03
6.147738290783426448e-04
7.159198163284375901e-03
5.664797369383942766e-03
6.705175243136927542e-04
1.317482912091207450e-02
4.005374328407884568e-04
8.581881736355633557e-04
1.218536010018807713e-03
2.572597464521213413e-03
4.737281521000833058e-03
1.175343430672383671e-01
7.289979643836122514e-02
1.714262952936071449e-01
1.455217800857901145e-02
-2.416169770804583658e-02
-3.386430693281208826e-02
7.279603937532833080e-02
4.210444722277006946e-02
4.970849526401397572e-03
2.399060071888896913e-03
1.136167087547308892e-02
4.417342105677740313e-03
3.699865079084068385e-03
2.142117762230802587e-03
2.379854684853134963e-03
-1.114139894372394605e-03
-1.070271783953810965e-03
2.388292655421274846e-04
5.893378226473661337e-04
5.690319363529357331e-04
5.297373279343400160e-04
2.663217490711146255e-04
1.899546276973971431e-04
9.649276113894186650e-04
-1.141304910636888699e-03
-1.051617767619917850e-03
1.499780424194553435e-03
5.181709941016428896e-04
-8.531230696951894090e-04
4.643199519456757537e-04
5.574647490550434974e-04
4.297264021443115154e-04
-1.428170672160721921e-03
-3.896364692648461190e-04
-4.609314196204198494e-03
1.356845500009620754e-04
3.816354780543886245e-04
8.630784023522105556e-04
-2.032809929757389519e-04
1.348700122837070796e-03
-4.395559823803997268e-05
1.174147081702017851e-04
1.790636487207668921e-03
3.995026007157748507e-04
4.967502921590277775e-04
-7.099998607315118927e-04
1.636344287312444207e-04
1.279964042463714970e-04
6.627204089206257653e-04
2.108608788131878867e-03
3.268442385507532239e-04
1.445077479668576033e-02
4.905006096830624414e-04
6.213927768630771393e-04
3.552718764851253035e-04
1.586019339980150947e-03
3.308081847693117566e-04
1.547556374624657800e-04
1.899991477798182709e-04
1.367468641881436884e-04
-1.711075851824711243e-04
5.219417747722573594e-04
-2.057256336248540279e-04
1.531767726265736854e-03
-5.576010768226071033e-04
3.005840832064182711e-05
3.117083838742097136e-04
5.076943701732493071e-04
6.863430958526197442e-04
6.488525833309038721e-04
1.225004876661135852e-03
9.127680125272070273e-04
-1.092449844754250169e-03
-8.929784458524029581e-04
7.993542873844880102e-04
5.129688855981283987e-04
-9.716876642498013295e-07
-1.272165720246489309e-04
-1.016963356544673791e-04
4.817793977155413235e-04
-1.252086381311203443e-04
6.524428570939930401e-04
-1.805638875247612973e-04
5.800236791816180910e-05
5.036118362650366569e-04
5.625489176899838538e-04
-7.646460974505244130e-05
1.018885221829257410e-03
8.789556855234348419e-04
5.614449904979847659e-04
-3.711015268505504468e-05
5.231426788954823522e-04
1.166970329193012723e-03
2.741112697370059028e-04
-8.409084604853829178e-05
9.003746412178568158e-04
4.558070137806272148e-04
1.166525838364858509e-04
6.191274245539379710e-03
3.560624488118780502e-04
4.523557156110256656e-04
8.501895173848347917e-05
-1.314488204197696236e-03
-3.099028912043561967e-03
-8.850643558560944511e-04
-7.058707239220958149e-03
-2.290381175041407338e-03
9.786648116451844050e-05
1.660992177739321115e-03
2.450456973273951384e-06
4.084191314468237836e-04
-3.824422893912552985e-04
-1.806152481136950481e-03
-5.230697730577719062e-04
-1.133753482714303220e-04
4.210079578362576833e-03
4.516768733837252898e-04
-7.575089918746494158e-04
-3.358206091764783245e-04
-6.761088702878436177e-03
1.712592275754868244e-04
-1.246352967662138727e-04
-3.927151122947241074e-04
-2.923977479855521984e-04
-1.213875870131519085e-04
-1.680940733166553201e-03
4.191869853346326738e-04
5.810786753645338514e-05
-7.923259402376002080e-04
-4.451677732839581629e-05
-1.696910769393354624e-04
-1.709527985770976910e-04
-2.186261481667211919e-04
-6.846415508672181263e-05
-7.266593408117239450e-04
-9.419717255451484812e-04
-8.136681179155525693e-04
-1.028394530353694548e-04
-1.592669036035703617e-03
-7.022114895775956322e-03
-2.105384969759406533e-03
-1.181145399992608678e-03
-1.642906150777508067e-02
-1.412041840163824743e-03
-8.271462401938905324e-05
-8.003994595305204390e-04
-5.401215258851113513e-04
-3.885218774770952000e-03
-2.677488611258650904e-03
-3.740536133193506606e-04
-1.105246583457037996e-04
-1.475783430724938506e-04
-4.498455279278021010e-04
-6.073679059916253504e-05
-6.110650212396358553e-04
-1.096398460413006712e-03
-1.496647264202546597e-03
-4.948789607522819690e-03
-2.406210972071035417e-03
-2.313524825014966733e-04
-9.007435386185449122e-04
2.718280002962721758e-04
1.125751046616159612e-04
8.882578959552136285e-05
2.274546373874498754e-04
-2.373103839088544303e-04
-2.912088400451455809e-04
-1.158282308004279397e-04
1.155728231768663226e-04
-4.141509371540105463e-04
-8.356650730914609191e-04
2.601605537689710571e-04
-7.298440099035989918e-04
6.846884861079167246e-05
1.172028444584279317e-05
-7.699270408575183263e-04
-2.359228688167057083e-04
-1.003645168880949430e-03
-6.832517124035284838e-04
1.867665082922881969e-05
1.741416014365834502e-04
-9.086513504385748988e-05
-4.995529131285936567e-05
-2.870196487859100437e-04
1.470371237120550944e-04
2.160174948131704336e-04
-1.244585205315936654e-04
-3.758593056197246578e-04
-4.740489297974201811e-04
-6.611444847136445585e-04
-4.414212212645376716e-04
