2.371235638598633792e-03
2.368486539425107822e-03
2.429054159682512374e-03
2.517062138310581336e-03
2.851250149013207207e-03
3.359326519286347582e-03
3.483281277791289935e-03
3.691851230828532837e-03
4.012933279213836725e-03
3.977008205934366540e-03
3.671926997582232802e-03
3.323677795207512393e-03
2.814289121215799317e-03
2.591516799260712173e-03
2.495484017224406867e-03
2.194877197321985166e-03
2.165604888137614460e-03
2.160533398871848382e-03
1.869067843234033894e-03
1.598566635878184792e-03
1.325392608119664540e-03
9.760635296113271200e-04
8.734350058034291231e-04
7.464930195430554164e-04
7.812768209302816715e-04
8.477139961360272277e-04
1.168115300238040978e-03
1.118301427596399408e-03
1.238382938352325640e-03
1.430453089384816105e-03
1.433794504181964144e-03
1.559500906165734802e-03
1.853473766987615793e-03
1.727044173951202029e-03
1.767335977191840553e-03
2.011189507826801476e-03
2.414682332950212999e-03
2.629873544069677351e-03
2.756916475231024986e-03
2.837031262057300614e-03
3.071750036527301411e-03
2.838596048157437327e-03
2.807306306140653056e-03
2.972134580656562303e-03
3.146678529768962181e-03
3.462893905274017949e-03
4.141808253723634412e-03
5.060802052541899312e-03
5.113943762664659859e-03
4.761573017843623995e-03
4.328997160597163399e-03
3.562739729597297605e-03
2.887135840393005928e-03
2.535682481002927632e-03
2.437441391228611400e-03
2.207299548488036046e-03
2.447567199970092453e-03
2.442447133114773478e-03
2.537290863066102298e-03
1.918962937253736395e-03
1.411821826560958086e-03
1.256758917422849892e-03
1.049103755474370793e-03
1.004671515535007428e-03
7.908809179317246533e-04
7.642392497667609835e-04
9.139782566510074903e-04
9.555177890478025937e-04
9.073698339917953210e-04
9.331196930640299350e-04
8.541413302219128499e-04
7.334185220606668359e-04
8.843103032054429801e-04
1.076456514593823440e-03
1.264475231657727220e-03
1.176362776556187217e-03
1.012036653849965719e-03
1.192872564237401796e-03
1.069235348865706916e-03
9.857680975952686029e-04
9.299067464838358830e-04
8.958569607061931967e-04
8.663295516820537648e-04
8.024063032236366036e-04
7.410990653181530677e-04
6.001477589647125684e-04
9.472723652073048069e-04
1.093226590945933340e-03
9.893260936179662512e-04
8.722299118993803073e-04
8.371582912158814435e-04
1.165686793031859994e-03
1.317151713160409545e-03
1.366959709118797592e-03
1.307129701281218833e-03
1.210384712264520697e-03
1.269436861826485049e-03
8.809754382004330664e-04
7.044568479822469267e-04
5.039933241185936153e-04
4.601830075601660570e-04
4.905499341296405648e-04
6.828025112981492587e-04
6.908868636050621761e-04
8.284847369021228636e-04
9.613230252017036098e-04
9.096647968389682051e-04
1.118564465965876838e-03
9.452746869932063169e-04
8.120204791379689868e-04
1.040465510649659893e-03
1.161745934395018009e-03
1.557048200514699141e-03
1.685701042724259630e-03
2.130971562743130474e-03
2.919340079187104659e-03
3.248411339886840121e-03
3.031145260766469462e-03
2.511785776815809047e-03
1.979318544690781070e-03
1.825423059609690944e-03
1.941863990090735795e-03
1.784498684995115565e-03
1.626757324301445016e-03
1.677522258102593635e-03
1.512810700305012830e-03
1.314426856796819740e-03
1.535814466506607795e-03
1.774661506106149471e-03
2.039635190959042995e-03
2.076895746511845438e-03
1.977255921431444845e-03
2.095191409112536537e-03
2.225708974586128666e-03
2.542343664244992637e-03
2.466990696644764513e-03
2.591128921375667003e-03
2.123439679608137530e-03
1.939489705646986559e-03
1.930130151027655830e-03
2.149554251623639160e-03
1.898600873285421911e-03
1.565834423735322977e-03
1.450685273686314882e-03
1.026523515929025519e-03
6.119500122541157933e-04
5.288860066653836359e-04
2.199269059656861055e-04
-1.478071492113183121e-04
-5.559365527094625465e-04
-4.062418153395812802e-04
-5.673931077454691429e-04
-7.632311173506341586e-04
-1.136687466574729530e-03
-1.452689038105841679e-03
-1.399850674518161820e-03
-1.275157475607556013e-03
-1.058877436284197523e-03
-9.648971925057633252e-04
-9.719772728881519164e-04
-1.195458518728269911e-03
-1.200693079887755772e-03
-1.028581299239321022e-03
-9.506014813032173617e-04
-8.974803689268021729e-04
-1.054681440789939076e-03
-1.206591280321805829e-03
-1.714024112637606897e-03
-2.048257922387718231e-03
-2.123811695841797565e-03
-2.232509421967654104e-03
-2.412247084227462420e-03
-2.163844988183246873e-03
-2.376815906590722637e-03
-2.227328542181932370e-03
-2.298979650485338377e-03
-2.412430003429750971e-03
-2.055756859111240210e-03
-2.202911153754059936e-03
-2.498527322513777356e-03
-2.601808786951328046e-03
-2.340547650496665761e-03
-2.456138688120993417e-03
-2.751522468765655368e-03
-3.328794103415050765e-03
-2.787176528051607365e-03
-3.101509049189371883e-03
-3.622849266454025545e-03
-3.262572004048603508e-03
-2.853155900392484543e-03
-3.044359572874524248e-03
-2.958452380783131459e-03
-3.019781161601952767e-03
-3.151652604537152555e-03
-2.908346787177868049e-03
-3.214977413056624433e-03
-3.257358414012963797e-03
-3.235880235833538034e-03
-3.447000337519710942e-03
-3.300768788604367069e-03
-2.726651430798299452e-03
-2.711696076637031775e-03
-2.100948075593802103e-03
-1.727394319848158310e-03
-1.762378568212395096e-03
-1.738626603702559574e-03
-1.420474871197521588e-03
-1.374442172700824369e-03
-1.463726941584930514e-03
-1.760324581241957736e-03
-1.707608602871555411e-03
-1.942597375124918008e-03
-1.752863450057474699e-03
-1.507334752160492675e-03
-1.653301898175438137e-03
-1.687501402495856628e-03
-1.619730682176670185e-03
-1.800316987577460287e-03
-2.290461920275693904e-03
-1.973049704636446137e-03
-2.103335216283706670e-03
-2.270235952574027258e-03
-2.649987094914253889e-03
-2.538999038845370180e-03
-2.135566456532920175e-03
-1.672906721197365328e-03
-1.439831801295217602e-03
-9.980398587798181356e-04
-6.484198494937128002e-04
-4.368295734477946899e-04
-1.556220199130866233e-04
-2.001569292251368043e-04
-1.056346083171828799e-04
7.340602088307736665e-05
1.244458384868892503e-05
-2.550661561200822758e-04
-2.260790545933715596e-04
-2.529695946437166150e-04
-2.902669609999270037e-04
