4.792498940637475885e-05
2.416712366523661307e-04
4.672585730625803172e-04
6.146342734390176010e-04
8.160389580426918865e-04
7.709483951681794615e-04
6.939263896834950906e-04
6.403529151436719536e-04
5.817953778812738749e-04
5.323684903852302216e-04
4.873140344032397277e-04
4.533612562370835787e-04
4.504167548922358307e-04
4.167374618278037331e-04
3.406202172421015609e-04
2.528394120890982335e-04
1.183528236286219231e-04
8.447252636622781276e-05
6.898929919634567704e-05
4.913410532631952568e-05
3.974187333432903314e-05
3.244844395313422226e-05
2.941276016986155923e-05
2.397815075984395655e-05
2.311325747594114536e-05
2.060562381752939815e-05
2.020278617729349361e-05
2.093734047950293877e-05
2.108423750886452141e-05
1.220537340625643705e-05
2.623289970737786639e-05
1.354386895140305750e-04
1.676252248060421850e-04
3.550482810438793644e-04
6.456428581820371345e-04
1.194925160930308686e-03
1.812248290412672887e-03
3.510130990453543594e-03
4.702754426702371315e-03
6.421218739350042365e-03
8.450676631996585988e-03
1.111395272444677153e-02
1.320575010115229535e-02
1.405840250809637683e-02
1.463451130234604859e-02
1.455859848947884012e-02
1.436825353329970745e-02
1.385112607820363634e-02
1.324946654998734874e-02
1.155480744007832995e-02
1.036259426278952379e-02
8.643134446390065770e-03
6.612878103803179579e-03
3.946903206118755614e-03
1.837245279398392163e-03
8.731122551616275025e-04
2.467691246960436739e-04
1.057600235157283496e-04
-3.206565985102777976e-05
-2.116180607914033027e-04
-4.758967662932839932e-04
-7.804720806094266224e-04
-1.191762551201337684e-03
-2.465718562519501021e-03
-3.269513298878057219e-03
-4.125380466236541234e-03
-4.338228495848681955e-03
-4.789960602439261028e-03
-5.049228865546270296e-03
-5.300055336714243857e-03
-5.521142308730619779e-03
-6.015347563103275695e-03
-6.059600120042900155e-03
-5.870111744077174780e-03
-5.528020648287870244e-03
-4.306720126935190650e-03
-3.705661235292208745e-03
-3.086555554138176258e-03
-3.100183566432635884e-03
-2.696199785586031808e-03
-2.476682535854306689e-03
-2.271664048456481077e-03
-2.201452606717259342e-03
-1.599857587936507090e-03
-1.317026544462751581e-03
-1.247021317660230002e-03
-1.197850934381278166e-03
-1.162943726923723956e-03
-9.874039115734915828e-04
-7.603261487645515378e-04
-5.375659648945225111e-04
-5.113229925845671998e-04
-4.581329992778548368e-04
-3.835782683364141570e-04
-2.013201896612541806e-04
-1.642440520495265217e-04
-1.544507533065782626e-04
-1.127407046082179849e-04
