4.052440805581246798e-28
1.836197993034453750e-22
2.042456379547054872e-22
1.532641038702970805e-22
1.465949568071156156e-20
1.221983865979903370e-20
1.221990011208570162e-20
1.215869357987481178e-20
1.211777736066527414e-20
1.211751592298234842e-20
3.445584898446890392e-24
-3.289385725046307468e-22
-2.188951725804683752e-21
-2.954139267290214346e-21
-8.716250804172596735e-21
-8.716042616760317180e-21
-8.716042610022518978e-21
-8.387250711825171713e-21
-6.527299078352467551e-21
-5.762111536883180220e-21
2.892591297750159607e-30
4.139838854224736665e-30
5.405626883425572173e-23
2.513001389814701669e-20
9.735393323545060057e-16
1.255700016478890367e-11
3.346235740603801510e-11
6.425422828538802166e-11
3.786797197410013988e-10
3.825735442232505486e-10
5.747512308285335954e-09
6.758458482844138215e-09
7.010485247453227102e-09
9.583795295580346776e-09
1.710013292539368003e-06
1.733999028250256000e-06
1.729207681398724364e-06
1.731980427457819550e-06
1.731718525607194133e-06
1.729143875658169070e-06
2.840024981857091257e-08
4.410697609475196897e-09
3.837104747202346314e-09
4.085648693060386629e-11
2.982621570584118603e-11
3.742457243334989707e-13
7.735036473614418717e-14
2.406600213435528904e-17
2.942951005718685065e-19
2.865483517454870595e-19
2.865476257131664009e-19
2.865476256954034528e-19
6.340885554213507616e-22
0.000000000000000000e+00
0.000000000000000000e+00
0.000000000000000000e+00
-1.548903437633713315e-22
-1.548906226901125871e-22
-2.901759206728681365e-22
-2.901811016692683220e-22
-2.444669764166711143e-20
-5.361891168739585172e-14
-1.223904471299213754e-13
-1.902534383178989507e-13
-1.902681856555230644e-13
-1.902805521582321686e-13
-1.907035136306819775e-13
-1.370848334148618638e-13
-6.831329800549964863e-14
-4.503068175218966051e-16
-4.355593446124819816e-16
-4.231928418981811814e-16
-2.072129318504309599e-19
-1.880537811965931837e-22
-1.548904596952933907e-22
-1.548903644887813250e-22
-1.548903589759159921e-22
9.717118054737325350e-13
9.810733704888510855e-13
9.810735093108402742e-13
9.810735208653302302e-13
9.810736177379484058e-13
9.810736177446603626e-13
9.423352298420107201e-15
7.248820990217656130e-17
7.290581489212568668e-17
7.332209301187878247e-17
2.618713925289694880e-14
2.618880585713790891e-14
2.728429225545980123e-14
2.727363166131194461e-14
2.727307524083489753e-14
2.727264740822506139e-14
1.158733375721944379e-15
1.157066764768970523e-15
4.018406439531693584e-20
-1.483883838084162546e-22
-1.548903464821775287e-22
-2.339421115953559459e-19
-2.339467275350043317e-19
-2.339497155122564409e-19
-1.085192865423148322e-18
-1.085193571332388272e-18
-1.294634670096974376e-18
-1.060869739004014310e-18
-1.061020079966469272e-18
-1.061017102748370005e-18
-2.097739528779978838e-19
-2.097732469687579344e-19
-3.321482041717573082e-22
-3.098580482581314047e-22
-1.549011461544831050e-22
-1.548903870017326640e-22
-1.548903442016711392e-22
0.000000000000000000e+00
0.000000000000000000e+00
-1.548903442016715154e-22
-1.465498620713127541e-18
-1.489200255970298869e-18
-2.394892368369600603e-17
-3.289755371434842244e-17
-3.289793231082002917e-17
-1.835023683916811259e-15
-3.350531696733466348e-15
-8.063627726915374844e-15
-1.900240610937384878e-13
-3.049383311579910982e-12
-3.049681073434506368e-12
-3.068994290303915169e-12
-3.067479277232494393e-12
