2.488887653156073024e-07
7.474254236464698490e-08
4.954525223322202411e-08
2.554819904749798342e-08
3.376736896381878488e-08
4.226357193184404085e-07
4.315257735864371393e-06
6.317580022871014391e-08
6.472567773695494058e-08
6.347867889282318321e-07
4.448086462568594946e-07
6.919189607579033269e-05
1.369431089772409749e-06
3.421954519280989093e-06
1.929560598003997704e-06
1.656943175791560113e-07
1.400609249652212526e-08
2.360593145103890434e-09
2.618958203297202788e-09
1.665121143444686713e-08
4.882727988472566195e-07
1.147471514574548540e-09
1.981588982163492841e-10
3.342573983636518115e-10
2.117197128043130723e-08
3.774011570028293964e-10
5.864916858776784046e-10
6.537300919813488452e-13
6.899551039008320468e-16
5.288439829039175419e-14
1.431890615216596566e-18
4.196206829147565787e-18
3.779475158736498145e-34
-2.655676555977372983e-30
-9.208382168188385863e-23
-2.010643170268277089e-15
-1.613117948247454430e-15
-8.117907592574463956e-10
-5.917074689371499195e-12
-1.015091245291280947e-10
-1.875937102535299057e-10
-1.679410034058307548e-09
-8.360187539889766580e-08
-2.540071857889314262e-10
-1.551321306784220369e-08
-1.204254686620241821e-09
-3.399991564353080452e-09
-6.829245759334970672e-10
-2.123900780235371428e-08
-5.733066353490531174e-11
-2.773436212692295035e-12
-1.465337108320909357e-16
-6.173230186633011472e-22
-7.249336903103185668e-29
2.213208506956293896e-49
1.691103246438548585e-53
-1.079609308607222675e-33
-4.513967694316601567e-29
-4.496224895693923100e-32
-9.018407945618933553e-23
-3.657425539967758383e-20
-1.139409392441865537e-20
-2.775618104014579845e-23
-1.285903499315625663e-19
-3.943568289233843862e-26
-2.338045137571101182e-23
-2.129891469987771103e-19
-1.712180344858167516e-18
-4.211823443837474143e-18
-2.367503969769731768e-12
-9.965386958168745950e-11
-1.747422171466721030e-08
-2.600723061504095258e-09
-1.354234730939297634e-12
-4.278523851621079757e-12
-3.947733279653843712e-11
-1.104809679816117580e-12
-1.398683264497231344e-12
-2.339779003125590176e-12
-6.960608224201561439e-12
-2.672351182652149831e-11
-1.061542681105316198e-10
-2.933119835814952163e-08
-3.010114267947611062e-08
-8.787137608629106352e-10
-1.584176034321810354e-09
-1.262532704206242257e-08
-4.061089274416025067e-08
-1.260887364954674146e-09
-4.958161428912505783e-08
-2.264892460731669472e-07
-2.139121413950925146e-05
-1.072035008319714998e-04
-1.717727099526414699e-05
-1.174901962260854987e-05
-3.233833322198436341e-07
-1.498365301554856387e-07
-1.415027304581960604e-07
-2.975602111496530367e-07
-4.851431345453664892e-09
-5.068593222139455135e-10
-1.141012797496402255e-09
-6.478566444236286340e-07
-4.528375712185206811e-10
-1.273388328526995735e-09
-1.819773709773413410e-10
-1.750479766829640125e-12
-2.565171914700242124e-14
-5.719985181680562140e-14
-7.724794768565879836e-15
-2.455993206877947196e-16
-5.974657956678409488e-24
-1.788203190191037112e-44
1.316229896753816000e-27
3.744412074469662183e-17
1.923975352604234208e-14
1.742046013673930246e-14
6.211860326878402672e-10
3.026943763077370468e-09
2.760381420680980940e-10
1.390130932744639456e-08
5.215215662161977121e-08
5.475639069329699937e-08
1.319808950239406306e-07
2.819880247511869122e-07
6.571109946068867953e-06
1.055451530640652474e-05
1.207821119868255440e-05
1.406660696337383757e-04
7.770048522526479869e-04
7.243091367325585101e-05
9.573389376793081293e-05
2.490516320017575934e-04
1.229113189622344079e-04
3.802336159781825810e-04
1.500502442775725935e-03
1.606992430726528025e-03
1.318130901688723076e-03
2.294928233413098210e-04
9.386610261111657779e-04
1.297690485184159991e-03
3.504609391766406751e-04
1.869229238102865804e-06
2.765269149955343385e-04
4.463229233692665460e-04
5.177662915362917873e-05
1.622900253931187226e-02
1.887647684493612421e-02
8.131245604945800537e-03
-1.254588970697607638e-03
-4.952958073872765904e-03
-9.669019023499456772e-03
-9.099302677917499999e-03
-1.279216812071268944e-02
-3.268521826456023986e-04
-2.513442432653072693e-06
-3.376568385439201055e-10
-2.843382153540976602e-05
-3.461891005194303645e-09
-3.295298919368992562e-06
-4.020263735071832336e-05
-2.430465309963943513e-07
-3.588004652292909639e-06
-4.282806028398957757e-06
-1.470685738401744904e-05
-4.222122053142185538e-06
-4.972616543118339841e-06
-3.839420868254334442e-05
-3.386027757429779328e-05
-2.616756109968626229e-06
-2.503702233443424507e-06
-4.289968271411153393e-06
-1.229290934746066543e-05
-1.159580705985183170e-05
-3.415762792304027334e-06
-3.124190258771314669e-06
-9.202878294655527105e-07
-2.682580642316072227e-09
-2.235556692761138783e-07
-2.711950744271917525e-09
-4.664152166474460087e-10
-2.949884952673287451e-10
-1.078069225529258375e-10
-4.083463297103531750e-10
-1.163831536070728905e-08
-1.585401499068015508e-07
-8.304925267273201117e-07
-4.754392720362789312e-07
-7.295018296545453766e-07
-2.755455171005821907e-07
-3.998410058457219465e-05
-6.522530523472090100e-07
-3.200973493283334553e-07
-2.019573394148769215e-07
-2.365139565945169627e-07
-4.066544621077412800e-06
-1.224706871841116615e-05
-5.149390989588645986e-06
-6.655237111123972038e-07
-4.314699181012006537e-06
-8.905492840057952278e-06
-1.142694731107922893e-05
-1.949000925637305223e-06
-3.896599549830124525e-06
-3.240595621464612862e-06
-1.458162637470203618e-06
-3.910219685454359060e-06
-1.169225784938431562e-07
-2.975883163104658308e-07
-2.350848065158575453e-08
-1.924631612043163139e-09
-5.298663724141584768e-11
-8.182421967020320739e-10
-6.373156067154500194e-08
-1.249621563035842073e-10
-5.153739499978481595e-10
-1.752364870786799844e-09
-7.488700382518673186e-09
-1.175681342281986573e-08
-1.211244681646053860e-09
-4.787736961665174083e-11
-2.939177497222440568e-13
-1.153434069329457619e-10
-1.031865432815435222e-11
-9.101879845164904285e-08
-1.249856142015223145e-09
-9.709801493979860022e-12
-1.628884623177378244e-14
-4.384826670199648179e-16
