1.255700729359640234e-32
2.056769524208222925e-18
1.204544232864457085e-12
1.387006895752615423e-10
2.375846877261373301e-09
1.020246353344088911e-09
8.248256503561896143e-08
7.599081723631937531e-11
6.692428230837310483e-06
1.150129082990350883e-08
4.085272673152546253e-11
1.172148921860988437e-10
2.959660397696278043e-15
1.145147770732100793e-12
4.057046817703985982e-24
1.859104210252969086e-44
-9.897748482956975957e-26
-3.517858411937206428e-26
-2.368955654275634334e-13
-2.127723138472395258e-11
-1.033869474131682896e-08
-5.585165079860390835e-07
-3.253326346286986524e-07
-1.500002770656052086e-08
-2.598719284988773815e-07
-2.499067846041640105e-07
-2.004613137060970887e-08
-1.695249594796680014e-06
-1.029007195941171094e-05
-2.222506248345425402e-05
-3.919382497552220423e-07
-1.814854130008134191e-08
-9.260228373735323025e-09
-2.896498816263127409e-09
-8.382365076657822157e-12
-2.253595149799086713e-47
5.109056889885300770e-12
9.990505143381464061e-08
1.745655065853700811e-07
1.689772543177858850e-06
5.525960814737486659e-06
2.579786092241773745e-05
2.538269273211149959e-05
5.998244359463769272e-06
7.015981240979519873e-06
1.640523550618375100e-05
9.677766081749708863e-05
9.923835428449198962e-05
1.637427078360640732e-04
4.153144770982493232e-04
4.247871913700901683e-04
5.664834806023443838e-04
1.419920946983764922e-04
1.393915307620876491e-04
2.528202494935546767e-04
1.723538672278511442e-04
1.532041384212895051e-04
1.352826595901924925e-04
3.031303402507880816e-04
1.862763116410455196e-04
1.103529249966620466e-04
2.529000772970814632e-05
5.165600563500528461e-06
9.620519466850097657e-07
5.887483630720570585e-07
4.461308601103779037e-08
4.017553733802450839e-08
2.257870239251034292e-09
1.056901865351429374e-08
2.414115248242632940e-09
1.736525192994971062e-09
3.279528382352336605e-11
8.306909803913333315e-10
5.408241432191448822e-08
2.510964529197946383e-08
1.493706562070884159e-08
5.769151081267304319e-10
2.275266715865923363e-09
1.400964888287068693e-07
1.767645975140569657e-07
1.568926256117755981e-07
4.526432711315708609e-08
1.410553205797515792e-07
2.739613209565039320e-07
2.568768764730716645e-07
2.025137116575797812e-08
4.751160835992459134e-08
3.808971821790146144e-07
1.436835755301874073e-07
2.262456135713881757e-07
2.521225480356259298e-07
2.929819247073759134e-07
1.381690671670535612e-07
3.152490852108189137e-07
2.377566571775897045e-08
3.127064010125345191e-08
9.090287370047237759e-08
4.595422188890603761e-08
3.044610689627491792e-10
1.766694067939287293e-10
5.455814822045981995e-09
2.950586393171609085e-09
1.780176586276293917e-09
2.022812755706836521e-09
1.469374606663232213e-13
8.768917546029639647e-13
6.110650235203803240e-11
2.820646790404724321e-09
5.225228925543652284e-08
3.554827447932339461e-08
4.560010869781694523e-07
1.519018053823296686e-07
1.017310090636985753e-05
4.983134120283506040e-06
4.193922937657776259e-05
1.989433636094135093e-05
9.471745786958752519e-06
1.693628948424048147e-05
8.961204106455604760e-06
1.360912766969699097e-07
1.661886411761935681e-08
4.198316240211861961e-08
5.983443927569394989e-07
9.202220991288823179e-07
3.932056915910339328e-09
3.015243652726283020e-09
1.037582182889464221e-08
3.983764338859495470e-11
1.178414256919021545e-07
2.893032864485389982e-09
3.565899710767157090e-09
7.011171639548524161e-09
7.394880966695675688e-07
1.667350567248561239e-05
2.369969001781575452e-05
1.896142484202825316e-05
4.180676074136861422e-05
1.811301516498290423e-05
5.861071971973793205e-05
5.005540739603762810e-05
4.584402610009581593e-05
1.751168327412103338e-04
8.732583282439497279e-05
8.568535285590321853e-05
3.691968815478159535e-05
2.224859819250401267e-06
3.261870049511351716e-07
2.254382539858979011e-10
2.650636634403580608e-17
-8.396685289919436998e-13
-4.942288730301494898e-07
-1.304611252185824122e-06
-8.088240610828419027e-06
-4.305565153074124727e-06
-5.442516943074118065e-06
-4.185482807820845724e-05
-2.059432703334139963e-05
-7.102058540688744280e-05
-1.058517635774496081e-05
-8.116186870124227884e-06
-2.495535448158016454e-05
-5.457229683261726133e-05
-1.601105440048910308e-04
-1.422925587068427794e-04
-1.242119726587649934e-04
-1.624172370992828479e-04
-1.592622443295949887e-04
-2.898983663351014360e-04
-2.140781173625218607e-04
-2.727667850455514306e-04
-2.125718235829085175e-04
-2.323974821629966672e-04
-6.051231681452743830e-05
-1.090345918066462638e-04
-5.721810828869829379e-05
-1.347087655096529119e-04
-2.588167847607721365e-04
-2.401038370797569385e-04
-1.951560514382656339e-04
-3.293660788646276009e-04
-3.765103862981911196e-04
-2.297998208978518236e-04
-7.404308891277326318e-04
-9.433415154069092019e-04
-5.164490926235407696e-04
-3.713778293651310344e-04
-9.089144066797720306e-04
-1.325571391156383323e-03
-1.034564501138304001e-03
-1.033772552586918574e-03
-1.228426825301574821e-03
-8.726896962831972833e-04
-5.346566236014718915e-04
-9.303640565042146492e-04
-9.123970274908979172e-04
-8.557434531050566850e-04
-1.209911638894568906e-03
-2.970023765698912499e-04
-4.218549659998954617e-04
-1.646266638495162032e-04
-6.171623347855383600e-05
-5.768798954441699343e-05
-1.837512621899079781e-05
-9.275093274631493017e-06
-2.563114970614974252e-06
-7.030322599292858864e-07
-5.956545364665347129e-10
-6.158846789164343533e-11
-2.727336376935455287e-09
-1.165035371532619833e-12
-5.274854486048716994e-18
-1.599009530375583261e-18
-5.281105798734720105e-41
-5.366579925119434838e-18
