5.851942214229547681e-04
2.784908729500178799e-04
2.524346600160661089e-04
2.868132734118436413e-04
3.494762370905594106e-04
3.767460714639778163e-04
4.718772734982653173e-04
5.593699004731975165e-04
6.217000575085455472e-04
6.605956256291304653e-04
6.932819040047465131e-04
6.977220529081709123e-04
5.866505143351243793e-04
5.807580685305689270e-04
5.632500152838294891e-04
5.224728710390490020e-04
2.362202730921917487e-04
3.531074589397808377e-04
5.137325345438988706e-04
5.397328040349142928e-04
6.070472837811692352e-04
6.787736351179344011e-04
1.143272542834039085e-03
8.249203756330036885e-04
7.255745981325574696e-04
5.903746566138831208e-04
4.165708331192642818e-04
4.222710117247126141e-04
7.041213306911474421e-05
1.794582735419856818e-04
1.606698379352778077e-04
-7.357440579805759424e-04
-2.159765824396475686e-03
-2.291533113167697980e-03
-2.373778598791627392e-03
-2.441525491327779622e-03
-2.440175296157995853e-03
-1.362408316958885852e-03
2.898688451191779101e-04
4.493509923439800453e-04
7.534560170066774290e-04
1.044317269252263832e-03
1.032190187125954593e-03
1.032596357059749597e-03
1.072507176855884209e-03
1.284460907406198430e-03
1.450448198789220560e-03
1.679503658578563154e-03
2.404958998879055000e-03
3.433183296315317143e-03
3.829087643584175651e-03
4.960077185138416118e-03
5.278601348169744724e-03
5.448121542022184294e-03
5.214226076534093923e-03
4.672477398915763670e-03
4.615932986266020784e-03
3.754900489981031261e-03
3.904902156402760127e-03
3.953530560222962877e-03
3.859010971189452601e-03
3.639053412281895855e-03
3.544713044004307260e-03
3.194993288157206568e-03
2.709642288891635827e-03
2.387833188524005664e-03
2.233060743396603643e-03
2.027712885517710898e-03
1.734160262696743697e-03
1.582193720576620692e-03
1.549406937759655002e-03
1.370478373137421629e-03
1.385373816289903583e-03
1.435046648069650396e-03
1.548876308986039908e-03
1.532559319546188950e-03
1.301554145699222991e-03
1.301429649961310898e-03
9.812394616394964474e-04
7.287460127384160673e-04
4.084360046524057705e-04
2.699494981988199396e-04
2.054748832070240954e-04
-5.128469881177284435e-06
-2.322126947565848621e-05
-1.198197018013926031e-05
4.248736203520080807e-04
5.598480429056301635e-04
5.042341850099197080e-04
6.145843671022497992e-04
7.010143354352337550e-04
7.867619359423480086e-04
4.970245473038603168e-04
5.971034437409460929e-04
8.017528603529172496e-04
8.624439443815322404e-04
9.592304388762715227e-04
1.110266641944952001e-03
1.186047519657451805e-03
1.278849808350671427e-03
1.373509929600220556e-03
1.440005706496505023e-03
1.471015707398543601e-03
1.442774143693949284e-03
1.509408584847630672e-03
1.389410750894365344e-03
1.345830084663487275e-03
1.429473656335270319e-03
1.522395094938589280e-03
1.686409746010917579e-03
1.732215579441564448e-03
1.950060840588866513e-03
2.228788822336529377e-03
2.152302726018413392e-03
2.175331336831385232e-03
1.954327881748065682e-03
1.772590725663383869e-03
1.610757161199142347e-03
1.484622837649132027e-03
1.563883395347674156e-03
1.564273405372075890e-03
1.729123221104002456e-03
1.883924649525796141e-03
2.080153377240618034e-03
2.204761050833097241e-03
2.326232227843183249e-03
2.445993318409106412e-03
2.472382223924346045e-03
2.562932165131331323e-03
2.682950644245859270e-03
2.607034946566834724e-03
2.773626814665886790e-03
3.096891428233268777e-03
3.075792841598292294e-03
2.979644329445054612e-03
2.635397339413580401e-03
2.367378374678753578e-03
1.941649873630380864e-03
1.312220449866506903e-03
1.143310527315494251e-03
9.727231015478813138e-04
9.594543592707892180e-04
9.765494745708167305e-04
1.121742394450467523e-03
1.049191900629811063e-03
9.884041597208392208e-04
1.012183940023238552e-03
9.901457062616867214e-04
9.660068385011245928e-04
7.190758618066372390e-04
7.606551272707526941e-04
8.863656154538984179e-04
9.072476761988207015e-04
1.118371210883529121e-03
1.549232205610797048e-03
1.741001991409888913e-03
1.700896881717115471e-03
1.447662386136464334e-03
1.351419303815281714e-03
9.025516656976263893e-04
