8.776070387575803447e-04
1.197340662337344989e-03
1.093235544365741630e-03
9.323566651367429540e-04
8.184985269411449837e-04
6.698226462485346510e-04
5.165725942770913771e-04
4.830621813243134513e-04
3.422990320146723363e-04
1.951831217337298720e-04
3.654677332981886803e-05
-1.508018227587476718e-03
-2.577014513204631437e-03
-3.028691967902066243e-03
-3.236805583051649646e-03
-3.405120838505480956e-03
-3.650424168521042376e-03
-3.792347297506143151e-03
-3.892328053118076364e-03
-4.069631847920539107e-03
-4.199053349413731789e-03
-4.232083959375476830e-03
-4.146104325419156314e-03
-2.670942764747036031e-03
-1.689334161521762996e-03
-1.446270841159271727e-03
-1.371767559152621205e-03
-1.213142062194297625e-03
-9.053131188195064636e-04
-7.659075320980758030e-04
-6.010049820881455422e-04
-4.075770310515342866e-04
-2.069891297277799030e-04
-6.235795728278514512e-05
8.159490036052496475e-05
1.834295817823995537e-04
2.448327969234891164e-04
9.318911416694320576e-04
1.151830292421690766e-03
1.239872568548329446e-03
1.219897048874512462e-03
1.472963657322685525e-03
1.579434922565651047e-03
1.728882183678315558e-03
1.890692667654496383e-03
2.054489070661867905e-03
2.286274971351058647e-03
2.614453324333746581e-03
2.848181375783497612e-03
2.438242735167479597e-03
2.407778701982488372e-03
2.446588869701135736e-03
2.465054084141908661e-03
2.342478388323595336e-03
2.697471733198879545e-03
3.217243914652178054e-03
3.341624094384310333e-03
3.386899234845954388e-03
4.219278995912068009e-03
4.036847907193865694e-03
3.854985750547224640e-03
3.768182270177806038e-03
3.737224290156514628e-03
3.593774564785206117e-03
3.563102294487942995e-03
3.535502275827134833e-03
3.116720345430620213e-03
2.474701189740162541e-03
2.368544820635741857e-03
2.160805758659220966e-03
1.049397670090675312e-03
9.000780372738791980e-04
7.884533720592092282e-04
6.636086058936645519e-04
5.038051747257877308e-04
4.531837991480381776e-04
3.679966627022631200e-04
2.333116710990617551e-04
1.986315869751292037e-04
3.537567980987272351e-04
2.891081406757955541e-04
2.777886047672055024e-04
2.284553108892548718e-04
1.770086342268392969e-04
6.374759530882190283e-05
-2.750460989539765661e-05
-4.395264981618089429e-05
-5.907493047860655417e-06
6.670744856323338834e-05
4.639063743053297323e-05
-7.449327731175079900e-05
-3.557559743403093601e-04
-4.920920369614844008e-04
-5.721060872603509232e-04
-6.721720378955928742e-04
-7.418777579260380645e-04
-7.009457638766117228e-04
-7.007067123508105505e-04
-7.140463811113567476e-04
-7.631165619644518505e-04
-8.697731786996803875e-04
-8.522613026369849076e-04
-9.828432837569280652e-04
-9.495218412196960523e-04
-9.480622674865857823e-04
-9.621124399518896910e-04
-8.284318738974292716e-04
-7.413693422252346649e-04
-6.135873200200425487e-04
-4.398017511756860246e-04
-3.009484910584186382e-04
-1.765814600761049893e-04
-7.580272749008351971e-06
1.071281399721644555e-04
4.551643600519803446e-04
6.192234970676101799e-04
7.563555360867157138e-04
9.736101034213613973e-04
1.103090676250354472e-03
1.310307727136506527e-03
1.617452050673498726e-03
1.774429863605531815e-03
1.995708604592545416e-03
2.161195486487897579e-03
2.305605039986611312e-03
2.461938990558072086e-03
2.719598722740351662e-03
2.851469311513685212e-03
3.250482479840636259e-03
3.399803139897974568e-03
3.450157456501004669e-03
3.481477419412436821e-03
3.400471331919471905e-03
3.356472457590249647e-03
3.294845164689744286e-03
3.190203909318240025e-03
3.242660883919662364e-03
3.168984273914631986e-03
2.882195531747434435e-03
2.724182260344591277e-03
2.289433361249448764e-03
2.105242453532481760e-03
1.963467038082122515e-03
1.735941392492898168e-03
1.497327749569896073e-03
1.410612499273829852e-03
1.471444573705214766e-03
1.460514760201417220e-03
1.353876537782806736e-03
1.279575922475680938e-03
1.205483016718069018e-03
1.161369038546449656e-03
1.067803950665479262e-03
9.628289717480333770e-04
8.858888636599065438e-04
1.064556941711594044e-03
8.945117082379839537e-04
6.865844143502504654e-04
4.545836441657028697e-04
4.969870994414438527e-04
2.296566661476929811e-04
1.778741338892977792e-05
-1.343103016575083867e-04
-3.072029312454064350e-04
-4.946116964335255930e-04
-6.401475848395363731e-04
-7.647279391288984386e-04
-1.108125215599048983e-03
-1.131795566966820174e-03
-1.138723164690221652e-03
-1.396216824549476694e-03
-1.725337142679587293e-03
-1.882459461253928670e-03
-2.053885007642556378e-03
-2.221249325940456276e-03
-2.389043748955021248e-03
-2.657514081397473540e-03
-2.802455049367455139e-03
-2.927354375492575902e-03
-2.843382077523810055e-03
-2.872393845315403607e-03
-2.914777077286384230e-03
-2.900045756406016348e-03
-3.061321632748135232e-03
-3.144269875081064786e-03
-3.165003550862622011e-03
-3.322836620071802517e-03
-3.389466357799655622e-03
-3.336485306622997537e-03
-3.461963612413711516e-03
-3.640645979017538992e-03
-3.984140636291038685e-03
-4.076896579045248374e-03
-4.298343872414166558e-03
-4.489796195564230499e-03
-4.868025562719607673e-03
-5.034682784449064259e-03
-5.208294676556276745e-03
-5.156533058056178391e-03
-5.324259773580895111e-03
-5.477453621811374275e-03
-5.514788742480343335e-03
-5.441956455562542948e-03
-5.413941278225466343e-03
-5.475393860406478110e-03
-5.427331836441951808e-03
-5.495773517837822773e-03
-5.365803954366216849e-03
-5.145716693576933565e-03
-4.802433764170507303e-03
-4.534651147365132903e-03
-4.147549869895560473e-03
-3.674214631842608048e-03
-3.305133019838948222e-03
-3.096066456480597428e-03
-2.870179515734115182e-03
-2.703160967491172271e-03
-2.474813934977919058e-03
-2.123771549554581087e-03
-1.640092646543055317e-03
-1.506519499766218210e-03
-1.435983316064223456e-03
-1.359676406713918604e-03
-1.341127001760997932e-03
-1.316125488276736555e-03
-1.290930252036766703e-03
-1.196896906402923665e-03
-1.069065907022025965e-03
-9.714629891048792492e-04
