2.463518934143257150e-03
2.025593926387920379e-03
1.670689138135400846e-03
1.453524655203362794e-03
1.289393455147848236e-03
1.350650340574236679e-03
1.242002611298089485e-03
1.288873123528448380e-03
1.253914024760351175e-03
1.125330968633666238e-03
9.919163934924962039e-04
7.182360682311173970e-04
4.085846985733443295e-04
4.751568149585858741e-05
-9.778278383329631765e-05
-1.044315582754293882e-04
-3.297239416766653970e-05
1.551531145620028388e-04
2.795468492645335722e-04
4.704289992057782339e-04
7.715072284043741338e-04
9.366006606756016812e-04
1.083644852510718412e-03
1.127424951032719508e-03
1.356039736617162955e-03
1.443169719512884391e-03
1.415226753080694707e-03
1.648077203527395203e-03
1.908626281932457270e-03
2.257185191539526087e-03
2.448439391258236050e-03
2.824865119125023402e-03
3.052878256511583430e-03
3.083058312557499913e-03
3.002194445485632454e-03
2.718019227640645821e-03
2.457081955174070329e-03
2.060524014152148847e-03
1.792577209217610526e-03
1.691963213857746286e-03
1.694740905468252812e-03
1.617311731196849128e-03
1.457622850284593166e-03
1.363955143239077529e-03
1.221887645957616666e-03
9.845810809211779594e-04
7.086059575034078968e-04
5.817303037658159157e-04
5.825585818462586211e-04
6.362010285588183718e-04
8.205535876555508645e-04
8.869841172567459291e-04
9.625139990544836913e-04
1.061308554775804462e-03
9.853483278829797045e-04
6.320632172640989468e-04
9.000509634906326585e-06
-5.107004992088813719e-04
-1.227847666814575788e-03
-2.109727135371061626e-03
-3.049886342795367095e-03
-3.877727420148934390e-03
-4.609712806541246301e-03
-5.278038943402878040e-03
-5.612296882779821590e-03
-5.694991333521246153e-03
-5.537791185911332577e-03
-5.163945397350847184e-03
-4.782033036401141420e-03
-4.392932912101437347e-03
-4.581813301195440669e-03
-4.871095053569971141e-03
-5.400156234938798157e-03
-5.763736837883993297e-03
-5.878096065233270363e-03
-6.115532226665932464e-03
-6.017395184861796913e-03
-5.864161312844649171e-03
-5.482726375229449341e-03
-5.325434003656441019e-03
-5.529791577768973336e-03
-5.709913042289814500e-03
-5.587243125139594417e-03
-5.320510204470840949e-03
-4.976539198956114046e-03
-4.660441167445183129e-03
-4.101286670540215361e-03
-3.483310566763955091e-03
-3.099570545685322292e-03
-2.799346555600912365e-03
-2.585992654869108225e-03
-2.545736603198418564e-03
-2.515255338620290323e-03
-2.460395675880292909e-03
-2.414345092439103713e-03
-2.476325225920969139e-03
-2.514398333663796833e-03
-2.384176321897050251e-03
-2.487441992324876741e-03
-2.555224888277707503e-03
-2.696813752048102340e-03
-2.867202593742168831e-03
-3.201712574722510255e-03
-3.268169716580414819e-03
-3.088645538418106646e-03
-2.928736220512693968e-03
-2.533613444036326035e-03
-2.081762191074720304e-03
-1.509832796697798893e-03
-1.113457267691266061e-03
-7.700573214968322927e-04
-3.663479421454699241e-04
2.399942198258402715e-06
2.499613251632339995e-04
4.525145554684460313e-04
5.353441820173565797e-04
6.360678467542555054e-04
6.064179487300370682e-04
4.203235418273349594e-04
2.336721356847715593e-04
8.500283168338445747e-05
-6.261684238867544180e-05
-1.505314089052647364e-04
-2.400207436505079762e-04
-2.717166220955640529e-04
-2.484332377893625258e-04
-2.079106291359342738e-04
-6.488294081863814420e-05
-7.216123285614112345e-05
-2.460573788875592858e-05
1.184176163018794624e-05
1.953370552327251760e-04
4.134012990217364979e-04
5.912494402582243709e-04
7.883332405202626717e-04
9.100487000266704180e-04
1.018983426542756842e-03
9.654766032150562984e-04
7.605865027601630898e-04
5.049813649180258596e-04
3.069706520949713334e-04
8.952459645929950491e-05
-9.109257118779965571e-05
-2.219959439734515755e-04
-7.486815560166999229e-05
-1.392823334016451986e-04
-5.172672767170485327e-05
3.854363871326327550e-05
1.878108514906946097e-04
1.955156095900201457e-04
6.025904602673481898e-05
4.528446635429432234e-05
-6.757946699573618733e-05
-2.814316796994225148e-04
-4.783602305517822492e-04
-4.238206909911641264e-04
-4.295574564555450811e-04
-3.412700852796327652e-04
-2.865643889590758337e-04
-8.319097803126747250e-05
2.573764757613637534e-05
4.747998903236614129e-05
1.834287024301755416e-04
3.645501347232639553e-04
5.022498565781352130e-04
