-2.078777047273440426e-01
-1.395495006074876088e-01
-9.409049970626763570e-02
-7.284604950493978048e-02
-7.527440587810746431e-02
-1.688352297728950846e-01
-1.412641078787587323e-01
-1.276883152518641096e-01
-1.249499054188381725e-01
-1.247305371944705116e-01
-1.151004991584628767e-01
-1.450726357692664649e-02
-6.422881585545493245e-03
-8.095903582930696549e-03
-6.498876551120303692e-03
-2.369695840140769241e-03
1.280049803406267629e-03
2.505310804166706925e-03
6.317013475638298507e-04
5.084062296460885874e-04
-2.355230323600215891e-03
-3.849275917327907304e-03
1.736510091363061134e-03
5.299524939336243239e-03
6.218116544609318674e-03
7.986061293896210347e-03
8.149647768603406062e-03
7.456476636605858382e-03
1.250299061692151242e-02
1.842883480261590587e-02
1.375939392290073150e-02
1.223075495476495279e-02
2.676690398007217694e-03
3.119440373328069213e-03
4.479307717951283574e-03
-2.120212363798974677e-03
5.173951825675332343e-03
1.519897384291967780e-02
1.648367744967231541e-02
7.184865482850723295e-03
-3.547521393010229923e-03
2.562361681543773220e-03
8.672828790163561799e-03
-4.834827443308212062e-03
1.166219307794877369e-02
-1.862212893649646539e-02
-7.016880070367165212e-02
-8.359239577295184132e-02
-9.575922956284425858e-02
-9.864672105081827291e-02
-1.158905418249714520e-01
-1.227393814069381861e-01
-1.197729970449964432e-01
-1.376558000834839368e-01
-1.508498758778422100e-01
-1.500837989171011910e-01
-1.489151221774814571e-01
-1.002589155807217663e-01
-5.270501609546295735e-02
-2.359357106589446765e-02
-1.209961337902337904e-02
-1.223112321402383858e-02
-9.317869086528469610e-03
-1.699929794899309246e-02
-2.139928821457343436e-02
-2.622957814801359436e-02
-2.468320910056302428e-02
-1.913399254891279960e-02
-2.178550069824244928e-02
-2.632478895285439782e-02
-3.400301986447152452e-02
-3.771495834886160609e-02
-3.669672169222722852e-02
-3.898118741516272412e-02
-3.072264704550869627e-02
-2.197677714065179866e-02
-1.517074507901293966e-02
-1.038662143975579467e-02
-9.084814196892609939e-03
-9.252053572790736383e-03
-1.612322317775858813e-02
-3.408826488680732208e-02
-2.745067812997430134e-02
-3.057214542063829699e-02
-2.935836258350694658e-02
