6.008729181209827939e-04
7.480713903806260464e-04
7.415414746474195337e-04
7.184568848472319648e-04
7.143635289908135868e-04
7.204442538082460020e-04
7.424415889648492643e-04
7.562136464018431219e-04
7.796988257549200638e-04
7.800809821613775624e-04
7.666447931387991317e-04
7.444255238351917513e-04
7.338605890283073823e-04
7.073232612012560899e-04
6.858382325182032883e-04
6.757908423493914169e-04
6.671534427295077591e-04
6.585500945890302273e-04
6.392387230198184759e-04
6.266346797829169596e-04
5.977731769361267853e-04
5.694504280456563110e-04
5.630666224985418416e-04
5.685409673408012938e-04
5.829523948815751094e-04
5.848081809963943337e-04
5.966150457951056559e-04
6.041389091986458905e-04
6.043538585890629840e-04
6.136373383062466167e-04
6.153910614459593949e-04
6.156479478372769640e-04
6.232695723458286886e-04
6.587379915374559332e-04
6.971047818839938960e-04
7.330670836923586058e-04
7.526853383745475733e-04
7.787116167485011930e-04
7.926736402662258119e-04
7.981799878519499694e-04
7.913585553913655285e-04
7.659652677479900822e-04
7.341450939243459066e-04
7.030237607237410473e-04
6.616645432101537919e-04
6.071748583040681565e-04
5.411022509230622871e-04
4.772396728218824256e-04
4.222128629381270855e-04
3.626865173549143648e-04
3.072541232409206386e-04
2.578924254405950424e-04
2.191172465683082339e-04
1.857981135408837657e-04
1.659485688380310856e-04
1.459988962831238032e-04
1.311774377467920833e-04
1.173897356813492651e-04
1.020735764448012315e-04
8.543720244306193638e-05
6.862646189384725645e-05
5.320243867186809367e-05
4.450323584177456686e-05
3.804993897151593172e-05
3.566591251270167682e-05
3.374860200838882072e-05
3.559880180347418797e-05
3.243159483639080487e-05
3.504004776254696579e-05
3.771060946423126272e-05
4.396552175932177947e-05
5.009546214552263653e-05
5.654091941541426264e-05
6.690861031452796409e-05
7.736172009791009998e-05
8.934401611262377159e-05
1.004133393498060704e-04
1.079993718967942377e-04
1.176232945965348517e-04
1.315005690853161141e-04
1.432643010811285777e-04
1.584002598224792610e-04
1.733076948973483894e-04
1.933440936466232767e-04
2.278963985551720210e-04
2.857207107611718102e-04
3.435674820409377367e-04
4.224621506067262225e-04
5.103630262767209309e-04
6.109435706119657403e-04
7.172451274299575718e-04
8.080870362281469777e-04
8.967362873255655493e-04
9.753453548948597769e-04
1.051311599636951073e-03
1.128987830438977265e-03
1.265968319773319280e-03
1.384329090425605270e-03
1.485402838261500177e-03
1.533373962927096117e-03
1.561490829296406516e-03
1.584930253753907446e-03
1.598208969365191683e-03
1.647212217461296912e-03
1.669812701169758008e-03
1.695288197724741618e-03
1.730793857979410176e-03
1.762585464978018652e-03
1.734990747008524972e-03
1.707199935683470981e-03
1.699493835130277486e-03
1.752312337716951636e-03
1.824083053217205597e-03
1.922597640597458607e-03
2.033258769062898461e-03
2.134253518861724003e-03
2.284395636493870025e-03
2.418588275959549210e-03
2.538195378070075715e-03
2.628267286686008803e-03
2.655993098405749851e-03
2.691231745254006168e-03
2.757387906639386429e-03
2.792276148136632521e-03
2.793937118243315990e-03
2.742612664790982854e-03
2.669208067250562061e-03
2.570622286204136183e-03
2.462179304081242495e-03
2.398281871247551471e-03
2.282105198018225933e-03
2.218434785913827971e-03
2.181735496624138699e-03
2.131977902814583253e-03
2.059437137622069890e-03
2.025606022614952120e-03
2.023409058360262688e-03
2.020196693275069007e-03
1.999916802093579943e-03
1.984617513617418279e-03
1.953007744773291310e-03
1.881453993370509276e-03
1.835717311492640223e-03
1.741524482564798170e-03
1.665681859949840089e-03
1.560670435128029858e-03
1.453009892214683326e-03
1.302505095344043233e-03
1.131467823040129906e-03
9.763613288609763454e-04
8.438736649442339817e-04
7.169943175422069251e-04
5.951755088216755278e-04
4.836669140880554656e-04
4.075819241330646821e-04
3.535835796692067112e-04
3.049520240105112884e-04
2.828545011646188914e-04
2.500001992770791641e-04
2.271724316963321777e-04
2.127540507986113870e-04
2.074241568885756967e-04
2.045706660419266095e-04
2.129557107329027848e-04
2.154588372024152999e-04
2.146734152673541367e-04
2.074359896528770722e-04
1.992279862426424937e-04
1.893295336454289964e-04
1.791360122709655892e-04
1.692834413566922131e-04
1.551327426847229297e-04
1.463158325840808050e-04
1.311601016680719490e-04
1.197932100392939915e-04
9.802653726534290505e-05
8.198008717003408749e-05
7.242640366816183173e-05
6.376090283436156492e-05
5.683761870085884727e-05
4.996542240863542737e-05
4.255901820006093494e-05
3.783355811829790369e-05
3.164179803017052114e-05
2.662614609273777314e-05
2.831804882003215615e-05
2.471978143007087360e-05
1.989737903877771330e-05
1.695411374089023194e-05
1.417038099017278176e-05
1.316311252603052382e-05
1.343217751568294718e-05
1.596144748361433665e-05
2.026903325792478726e-05
2.169179854169470603e-05
2.395369778140011400e-05
2.437227620120893418e-05
2.232401651335564978e-05
2.609882363736514148e-05
3.129248523754368626e-05
3.356500448613836373e-05
3.696100364183373604e-05
3.855937860134873898e-05
3.845385894386409327e-05
3.539576683247391912e-05
3.077242494244667814e-05
2.932292326734017594e-05
2.764690960099036663e-05
2.699246563045555757e-05
2.592697614385195979e-05
2.340549130364105073e-05
2.227391246679334504e-05
2.616468961270712723e-05
2.528591938465127138e-05
2.431813042131314328e-05
2.384292035110221724e-05
2.463818897350879107e-05
2.470952235547753029e-05
2.505018652436691786e-05
2.872417591332041771e-05
3.087357919811636924e-05
3.355983086637173148e-05
3.237095466210711476e-05
2.889164528255257572e-05
2.217998596564314708e-05
1.966877122630118719e-05
1.872491187201168899e-05
1.882134472079461190e-05
1.884959715000852703e-05
2.129188279414349783e-05
2.310814311341913212e-05
2.117506174148937238e-05
2.585338545249573857e-05
2.729271116099978120e-05
3.149275764318837677e-05
3.501953809620099754e-05
3.861718322965102212e-05
4.139163812724354162e-05
4.447034275996790273e-05
