2.501356787230352239e-03
2.374825362683283692e-03
2.337891808728667295e-03
2.230000867202425966e-03
2.102056605035361805e-03
2.446058261566510725e-03
2.557830123531649839e-03
2.708131267453105576e-03
2.958715206704295390e-03
3.400069177942706498e-03
4.672027177595773628e-03
5.118334466072357349e-03
5.306903675308370823e-03
5.490536073856582162e-03
5.865317014355835197e-03
5.734514074397567551e-03
4.948464994160222535e-03
4.352532051259609507e-03
4.156236159180413427e-03
4.007113251994698193e-03
4.100647463768918033e-03
4.151964008199935698e-03
4.108363050707482776e-03
4.714943145985251750e-03
4.966913147786087938e-03
4.938221632726134958e-03
4.391148437722412236e-03
4.169417341567079223e-03
3.985595570114782403e-03
3.248828478503054933e-03
2.816932137683380178e-03
2.589641737801884423e-03
2.473614224089455606e-03
2.297604854763427972e-03
2.188642284134516020e-03
2.030678890926172851e-03
2.063505869407012295e-03
2.222192534318085007e-03
2.245512069425967868e-03
2.366540906240162650e-03
2.761023458400682033e-03
2.918254461611650280e-03
2.919917488554421917e-03
3.300070130673890979e-03
3.379655327321041871e-03
3.482914652871784127e-03
3.499101755328349467e-03
3.657715910814229778e-03
3.830644166646711424e-03
3.716931742378959663e-03
4.166878788798607756e-03
4.569062864935924569e-03
5.149248021683791414e-03
5.161826355648508474e-03
4.984014640549129516e-03
4.646015763280775257e-03
4.268152662035451517e-03
3.987847089740834648e-03
2.917797560702262150e-03
2.675670417448648350e-03
2.660601879531381605e-03
2.580582592908425583e-03
2.349583359938073410e-03
1.998373285583541960e-03
1.881404262490412801e-03
1.677774195189403851e-03
1.479192620015691182e-03
1.279587068709114569e-03
9.735916238110446999e-04
7.908189832022154879e-04
6.405153408087096252e-04
5.026722054802473067e-04
4.136137347213885589e-04
3.383927341656296252e-04
3.073893905951146635e-04
2.948450732360044057e-04
2.826698736101520876e-04
3.123742571670885967e-04
2.992359599668166677e-04
3.920225684437093211e-04
4.588901567463341664e-04
4.114977596237624183e-04
3.721726602802563470e-04
3.692302752845114003e-04
3.422684554004607870e-04
2.722701411261876881e-04
2.099901121019627905e-04
4.037442309112524152e-05
-4.106819990211009729e-05
-4.778568519973547610e-05
-1.008977798857011345e-06
-2.385716126183421058e-05
-6.345899959794285884e-05
1.677584207713022499e-05
1.101793526411809352e-04
1.031872685770484862e-04
5.847339162820718641e-05
1.100725481244770396e-04
1.513434072155931049e-04
2.395758380945574133e-04
2.963195307162447886e-04
3.586187431314121475e-04
4.531127056618334723e-04
4.548114462319470704e-04
5.309834658733086346e-04
5.857331386988343840e-04
6.616176631423367023e-04
7.268688292417025201e-04
4.841260434139620203e-04
5.064190284203787121e-04
5.051378389765455836e-04
5.958771372344332093e-04
6.181658956991261441e-04
6.037510475029411695e-04
9.002239068379372247e-04
8.767518431881797004e-04
8.704099069525875155e-04
8.395110341186037004e-04
8.150797493015763187e-04
8.976445953498431683e-04
7.786662118395792052e-04
7.009887428755802148e-04
6.501797888845507528e-04
5.528348957859999420e-04
4.359558417280826569e-04
2.936380877312445609e-04
2.680702460884878849e-04
2.994374805602334792e-04
3.389993790114854294e-04
3.975460338092770790e-04
3.709278839263288954e-04
3.892600781833905851e-04
4.988490724626248700e-04
5.469576395786269725e-04
6.787138878888046394e-04
7.206818789313266258e-04
8.608153849885758673e-04
9.738540342381477076e-04
9.077584043881804310e-04
9.321724603761293547e-04
8.285807660227358963e-04
8.525154427308773283e-04
1.081172325981920746e-03
1.266483617737265742e-03
1.937106028285651453e-03
2.697135275767151980e-03
3.817905642895180144e-03
4.865056089543254303e-03
5.664773323390572685e-03
5.795495631764897675e-03
5.509777549874921194e-03
4.314259479165238713e-03
2.320533454587536074e-03
-3.482248793708861184e-04
-2.235665457818874786e-03
-2.166283289902122024e-03
-1.469671295619041267e-03
-3.507563438801005839e-04
1.085445737859491808e-03
2.767366909823301604e-03
3.485082314159813639e-03
2.803537830226677380e-03
1.653253819625497391e-03
8.593921158146067664e-04
1.387208203140984954e-04
-1.129144085954023009e-04
-1.452241442881115464e-04
-1.612857678468553513e-04
-2.655984530948642813e-04
-4.652231161776990403e-04
-6.328588236803302453e-04
-7.867991599858855691e-04
-9.656669442887894214e-04
-1.084883708730011555e-03
-1.252340891686801010e-03
-1.365210636453933991e-03
-1.798646993654860748e-03
-1.944828196876737360e-03
-2.021764623863100182e-03
-2.049500214394927265e-03
-2.050932758648955825e-03
-2.125635323915954673e-03
-1.658656557296214057e-03
-1.473191618147122678e-03
-1.293575477967255118e-03
-1.083380296380129530e-03
-1.007516118451818850e-03
-7.641677159385745419e-04
-7.161368858115135794e-04
-6.669537409548248084e-04
-7.123732827423245395e-04
-6.936558720831717886e-04
-4.839884306400340781e-04
-3.426000370121190432e-04
-2.201820512675399099e-04
-1.642133573940190777e-04
-1.281371545801014418e-04
-7.450065500634048884e-05
1.201360300141213048e-05
8.329664529403582682e-05
1.060788691010692929e-04
2.545125817010791022e-04
3.914549757771418228e-04
3.233818053549386887e-04
1.705885067168818605e-04
-7.820675781505082675e-05
-2.002841245355917003e-04
-4.249612887631299568e-04
-5.572345297947091727e-04
-5.392117305787423034e-04
-4.949611030503753414e-04
-2.550045388468910709e-04
-1.520912576340883570e-04
-1.205897604126818305e-04
-1.182100146203764781e-04
-1.498055023540350043e-04
-1.730869422185781728e-04
-2.748953866554457691e-04
-3.260871532011146330e-04
-2.406664488842607651e-04
-1.705603713097339025e-04
-8.361763165786329898e-05
-3.368310112139329815e-05
-4.148203553194086607e-06
4.698379076608207115e-05
1.448312996298843867e-05
3.072570919432331132e-05
5.187541141396150473e-06
-2.477001918172080897e-05
-7.712137535942685887e-05
-1.285787124306730369e-04
-2.164831368747920255e-04
-2.265243034064769190e-04
-2.391380045824911111e-04
-2.771795104562336620e-04
-2.374633241682942177e-04
-2.429153323851992671e-04
-1.698211866449373384e-04
-2.145835641252521152e-04
