4.692310944525863656e-03
5.294741182915139142e-03
5.612642323906365423e-03
5.464497783054862723e-03
5.395431649014891320e-03
5.607584923860782673e-03
5.903435862401459552e-03
6.077403592877941504e-03
6.131913187528736583e-03
6.161809059435583921e-03
6.210206742183959489e-03
6.214722625341245581e-03
6.304785924330903735e-03
6.217461995196676451e-03
6.008844379015485827e-03
5.817713535460921660e-03
5.532239549397061258e-03
5.042142948521768399e-03
4.435741721361646621e-03
3.836169484070956013e-03
3.297552707876417674e-03
2.765284599468805990e-03
2.220713762679339849e-03
1.717914162505833299e-03
1.240341975882024985e-03
8.362351772292199665e-04
5.241481904947379276e-04
2.958428932676205616e-04
1.352560685984363598e-04
2.001487632431836971e-05
-9.291957164271628575e-05
-1.753912371565689344e-04
-2.222688306281980525e-04
-2.580500627348241284e-04
-2.981111121181529160e-04
-3.553997139160643983e-04
-3.780651068858595040e-04
-3.835937824129944176e-04
-3.845259859497221835e-04
-3.855505138646872585e-04
-3.662716079851429068e-04
-3.166320049888778142e-04
-2.371773748672111211e-04
-1.630442233195424030e-04
-1.245062518864882334e-04
-8.919255608153984702e-05
-4.361156136019543568e-05
2.395749392702635570e-05
1.020044353123962722e-04
1.951447164592562216e-04
3.028639168682913086e-04
4.522536702752251426e-04
5.912459482608846449e-04
7.349922027475043994e-04
9.010770756623830624e-04
1.076972745666777932e-03
1.250000638342324772e-03
1.393321894572515122e-03
1.517932427957896816e-03
1.593903177485213839e-03
1.628102664848089104e-03
1.621262990129118285e-03
1.582843349284862545e-03
1.487115340146507756e-03
1.413048460541476347e-03
1.337749688616236788e-03
1.300536534110563859e-03
1.255450989317448028e-03
1.230715887165340821e-03
1.254698116826079898e-03
1.260797584699989513e-03
1.307556000887611898e-03
1.413911088172600632e-03
1.504824170012537344e-03
1.583688742035065317e-03
1.660839572246770911e-03
1.707513634689147505e-03
1.723051066966787984e-03
1.656856732987419629e-03
1.572352876850946837e-03
1.473141721802577638e-03
1.362882921786020933e-03
1.280211480512636257e-03
1.197564048870166948e-03
1.081815651768048029e-03
9.597201078040583843e-04
8.694522878357341389e-04
8.167626445010406008e-04
7.526564303802470504e-04
7.430263281495125922e-04
7.641940718009563975e-04
8.126972415262858707e-04
8.765276017610227309e-04
9.317687333328790412e-04
9.839435787306657476e-04
1.057616049834153018e-03
1.187412572644621278e-03
1.345362235902695935e-03
1.493569835230936426e-03
1.695803065948883574e-03
1.932573066971216480e-03
2.127277508002249108e-03
2.247907946952800839e-03
2.399771714474163622e-03
2.557472142504759599e-03
2.658284325543641431e-03
2.772653919368626291e-03
2.861376789356924119e-03
2.960413637802200224e-03
2.983958804802115238e-03
2.955526692654222159e-03
2.825784636699614060e-03
2.710047114350806318e-03
2.596602042151490135e-03
2.526692917062284272e-03
2.429448862044340709e-03
2.270048564199556203e-03
2.217685177878465051e-03
2.214695299065988152e-03
2.171759180487716889e-03
2.083724372334364201e-03
2.052015835126240213e-03
2.062066556815149530e-03
2.130821927675767558e-03
2.208397049454214559e-03
2.186697588780415948e-03
2.170841552619809465e-03
2.127904347455310957e-03
2.113170366625793245e-03
2.096832506358189182e-03
2.000547272183859741e-03
1.988058635097162807e-03
1.979827046875421489e-03
1.948534611844921329e-03
1.923014544152785348e-03
1.854060914981029351e-03
1.729514374668292623e-03
1.679715297360198341e-03
1.634523459018194687e-03
1.618631724182767505e-03
1.616677404346819440e-03
1.576936985238690031e-03
1.547776872337254354e-03
1.487019463028848134e-03
1.348145407607286711e-03
1.236367030849560254e-03
1.131766674115038075e-03
1.034635240625703936e-03
9.494063822194446492e-04
8.944300305204691678e-04
8.427897656731885186e-04
7.760573974578228659e-04
7.074432081526218575e-04
6.459908956247068174e-04
5.739428743547657016e-04
4.819367000364439889e-04
4.226285555271854302e-04
3.742427532063096591e-04
3.220279520553708582e-04
2.714835487084032474e-04
2.357156799260512546e-04
2.078684845641115423e-04
1.863522489810426049e-04
1.624656480921913063e-04
1.364937549906464263e-04
9.108010872874143938e-05
6.021414967344020314e-05
3.756703735093600509e-05
2.039133981648090838e-05
1.397015959605694948e-05
9.571558601493711829e-06
9.162340955197331515e-06
8.790085050118783349e-06
7.500242794861865139e-06
7.140762975875950166e-06
6.459186766097221157e-06
3.321499208627258360e-06
-3.033032448073228521e-06
-2.821150272014184639e-05
-7.075217246422813651e-05
-1.433742381521527426e-04
-2.767371624183977857e-04
-4.464185485478219871e-04
-6.015873835739489689e-04
-8.380338645670604852e-04
-1.126752183579730589e-03
-1.388636338326937163e-03
-1.587657828508841308e-03
-1.766093520716880685e-03
-1.927352548522704703e-03
-2.118466742762437766e-03
-2.343377411426783487e-03
-2.532577097302135798e-03
-2.690535932353251003e-03
-2.832978684494485717e-03
-3.077819074798585162e-03
-3.243536601884710897e-03
-3.169943548379209382e-03
-3.068432639640684013e-03
-3.075277143002475271e-03
-3.004521414136558394e-03
-2.918104077726527395e-03
-2.761507585557944431e-03
-2.556079144684917856e-03
-2.387780548806304592e-03
-2.192925735847801611e-03
-2.061522882507737121e-03
-1.781474941323752574e-03
-1.485491016915310540e-03
-1.332645701196162472e-03
-1.209249997961210328e-03
-1.040520255496319921e-03
-9.649181128427211087e-04
-9.320074839094932015e-04
-9.171007228946600510e-04
-8.830291786954836677e-04
-8.131531354178303224e-04
-7.443338267947718781e-04
-6.017946020582511319e-04
-5.368863734531568359e-04
-5.001022273452659754e-04
-4.863512945152165690e-04
-4.899215305089584188e-04
-5.124992990069495444e-04
-5.534472160148586582e-04
-6.006829689149864983e-04
-6.414332257762160377e-04
-6.882981819167868125e-04
-7.131713495194028606e-04
-7.201208635943960644e-04
-7.356581923764958465e-04
-7.223000673281186048e-04
-7.156660284455850819e-04
-7.157957392880867761e-04
-7.106259113092999345e-04
-6.985820956102248161e-04
-6.707038155178220336e-04
-6.356335897779265059e-04
-5.951682100832101372e-04
