8.334672586736299954e-04
1.756169836661279019e-03
2.363069948024507181e-03
2.563577211745562967e-03
2.764686917145604394e-03
2.760178986978846158e-03
2.962105382219330871e-03
2.919668815452458859e-03
2.580172511851333821e-03
2.318171265041813530e-03
1.902017932666952771e-03
1.706446218615904160e-03
1.461299505393427517e-03
1.272451456884542099e-03
1.086022415512664712e-03
8.801731422536270000e-04
8.049732881799193324e-04
1.149463114943216711e-03
1.419887150674258762e-03
1.480943120400603956e-03
1.438493285523680977e-03
1.179431976576030428e-03
1.120417209678645611e-03
7.542324444557551568e-04
5.644455596811027943e-04
3.497092247712369644e-04
3.212312518279631063e-04
6.824684933667066319e-04
7.028692694506301656e-04
6.036537918912124366e-04
8.307313699522328281e-04
1.504247142464681984e-03
1.926885256835414624e-03
2.723752391299101919e-03
4.234453436069067142e-03
6.141741856559287081e-03
7.846962612738614049e-03
1.087454808485609388e-02
1.341791956751519667e-02
1.589962777219521353e-02
1.833253478665080802e-02
2.144836884331858748e-02
2.376592304976461387e-02
2.252428003626339229e-02
2.152363321469581703e-02
1.913065328474585977e-02
1.622408204310549565e-02
1.178923015067409076e-02
8.047015795638249105e-03
5.900480686033794490e-03
4.334955878847993223e-03
3.606145137080991794e-03
2.492635822377721900e-03
1.839423003584095663e-03
1.486510252823025451e-03
1.391080192972648328e-03
4.794142670547594924e-04
-4.470464912768577249e-04
-1.065425525768208537e-03
-2.340514805253646451e-03
-4.059145694817261132e-03
-5.698336992871682466e-03
-6.804601106113622629e-03
-8.985960132098231093e-03
-1.064034645213257115e-02
-1.166528747100161433e-02
-1.163177473247959531e-02
-1.201799921253610647e-02
-1.189879315699013396e-02
-1.065998623140317590e-02
-9.713184955042445876e-03
-9.348915599236081939e-03
-9.245048909457717970e-03
-8.308453767128997844e-03
-7.402034125618208588e-03
-6.547217600747744226e-03
-6.338500170052159370e-03
-5.952105715403201158e-03
-5.860025995082490842e-03
-5.538547077712225979e-03
-5.524521158414216759e-03
-5.493098357643044598e-03
-5.337207027331996971e-03
-4.279529448156556802e-03
-3.408360382001329042e-03
-3.473499505679691814e-03
-3.383268426523265964e-03
-3.115074893959874237e-03
-2.616823778800746441e-03
-2.630493834472492215e-03
-2.498534332015558013e-03
-2.389930467997046244e-03
-2.096308502549143644e-03
-1.757846960014075371e-03
-1.623621950731472504e-03
-1.418093840808577755e-03
-1.281434931393863642e-03
-8.956719522145677312e-04
