1.092245061805215229e-07
1.860262459387867222e-07
1.532789621402699796e-07
1.579706346224028285e-07
1.590933958865419627e-07
2.876342888648496928e-06
2.599620083197519366e-06
3.230271059197374304e-06
3.430718232709470664e-06
3.092917406159326366e-06
2.814038769367211652e-06
2.579655033175779971e-06
2.571054538142102358e-06
2.549182943636425136e-06
2.541868888267557352e-06
2.527534245982332030e-06
2.513903940465389207e-06
1.143457357988840389e-06
1.065183757207454498e-06
4.281147662744244513e-07
8.590131207237585473e-09
4.197633939901878889e-09
2.093267152729639020e-09
1.973772572542206407e-09
1.472225641606838260e-09
1.441562971555647692e-09
1.450090950683812838e-09
1.447796198760955752e-09
1.446065157391227133e-09
1.011921895276170522e-11
1.011601522400333381e-11
1.011601601301347082e-11
1.011699238904384442e-11
1.126841438759267952e-11
2.535819473813223167e-09
7.794321015453069835e-07
8.087808433903908753e-07
1.289049343479090323e-06
1.424626525538278704e-06
1.621922913210712455e-06
1.811107027958885009e-06
1.925117965804565944e-06
2.920205110781399029e-06
3.002626713334685669e-06
3.701840780723451248e-06
5.474255443072269366e-06
1.339252789906932518e-05
8.232484496756796704e-05
1.340739491429915938e-04
4.473114216871991976e-04
7.230077816128293753e-04
7.265972310998726870e-04
7.295951015687396216e-04
7.344471270178868196e-04
7.334850960455770652e-04
7.334039436111366951e-04
7.327049742252461943e-04
7.309327683595556692e-04
7.230119713823282730e-04
6.533027580334396485e-04
6.015243051161858799e-04
2.878065639970008916e-04
1.197461705048947101e-05
8.187870975138431706e-06
5.000816391335190736e-06
3.478000338580056021e-08
1.723830496203632437e-09
4.546623823963651509e-10
2.099799077631662289e-10
3.182726004383679500e-14
1.095813134669875496e-15
-5.968629375555435614e-16
-1.506562946622919474e-11
-1.506608755915186922e-11
-1.506608755928425689e-11
-1.506608755928425689e-11
-1.506608634590518494e-11
-1.506608634318588684e-11
-1.506608625253173200e-11
-1.506608625244803166e-11
-1.506608624751636146e-11
-1.506608612705623959e-11
-1.506518382670537543e-11
-1.506518166698822342e-11
-3.793930336306555351e-16
1.496641157908823460e-13
1.496663670377392687e-13
1.527848269669219155e-13
1.528383272504285140e-13
1.528383272512228780e-13
1.528383230596730874e-13
1.528383627163728806e-13
1.528383683768708118e-13
1.532034873289528043e-13
1.564364464360293566e-13
3.802173446721079192e-13
4.748762378097916814e-12
4.633119826251604089e-12
5.783355768131545458e-12
5.786713422685160547e-12
7.095052507391257877e-11
2.420450207734598343e-10
4.814220111549166828e-08
9.351306154178384055e-08
3.452237676721663536e-07
4.594553983984932095e-07
8.629378597276139401e-07
1.271165274653642225e-06
1.473624011654346426e-06
3.858561392864305137e-06
1.510365731071290809e-05
3.069907571785842769e-05
4.219350701270144975e-05
4.329299703569608140e-05
4.360482782792961687e-05
4.453472269109812464e-05
4.462454979993906069e-05
4.454061527886318144e-05
4.433854081511040172e-05
4.398350100625393497e-05
4.382959479293720997e-05
4.159971419058134160e-05
3.036664833066048295e-05
1.477967295755352690e-05
3.285753848585273753e-06
2.215437958129932573e-06
1.862856225841389495e-06
8.903355309958758018e-07
5.500932948105868754e-07
5.200162816935445184e-07
3.195767566276852871e-07
2.664380811253904389e-07
2.178811902489408044e-07
6.282437737498039884e-08
5.079316920903841522e-08
4.235012869435712445e-08
4.177277895443791770e-08
1.242755189313364647e-08
5.278083812868267232e-09
2.506709172294968506e-09
-2.545679084783076641e-10
-1.509958373316638323e-08
-3.458252001623127669e-06
-3.644226633629948280e-06
-4.570262576214594822e-06
-1.070764707426027889e-05
-1.814031872315130807e-05
-1.824676894069463725e-05
-1.835909314904082332e-05
-1.842568117366650125e-05
-1.896768119794397584e-05
-2.041192932106632366e-05
-2.119977151561957410e-05
-2.783178243966859318e-05
-2.439313132980894431e-05
-2.420723153444396503e-05
-2.328119559324981751e-05
-1.714381109520415208e-05
-9.711139446313121206e-06
-9.604689228769837771e-06
-9.492365020423653387e-06
-9.425776995774543139e-06
-8.883776719456531603e-06
