beta2
6.942227229339973694e-03
7.025484317650208463e-03
7.106886623079047317e-03
7.072573455462147565e-03
7.193978526140466442e-03
7.382795644944102620e-03
7.281719455511115671e-03
7.084489883698416764e-03
6.973005965613232604e-03
6.839370942273804987e-03
6.638491988437119316e-03
6.458745093452867084e-03
6.448860104303863125e-03
6.422553310118586309e-03
6.641436870668045167e-03
6.906150158982870060e-03
7.050390202147936540e-03
7.142502876708646878e-03
7.245616162973395925e-03
7.483657886744814192e-03
7.670553765760821166e-03
7.646430040964895605e-03
7.560985954634462727e-03
7.441652436024126516e-03
7.292046219362045834e-03
7.284113619136067114e-03
7.209870069831740384e-03
7.164187206438245650e-03
7.080759841510626644e-03
7.112394226154989882e-03
7.070647526969167304e-03
7.373592423176773131e-03
7.240354143042101662e-03
7.139824139359020327e-03
7.175709964943196260e-03
7.117382227469555567e-03
7.172782120725162448e-03
7.305381142537626347e-03
7.520478869472430397e-03
7.601543977474346792e-03
7.712563412185759887e-03
7.667030277898214015e-03
7.763136964937114061e-03
7.789918061434951586e-03
7.760515432454918178e-03
7.802711539113797376e-03
7.742356764497269894e-03
7.860165002322797023e-03
8.120827463424462600e-03
8.353692451658647350e-03
8.445365946475231339e-03
8.609728105076500104e-03
8.728311144292915172e-03
8.898915403271416558e-03
9.142423490167639333e-03
9.095583769199951096e-03
8.724702612301887122e-03
8.483716991186468492e-03
8.282615504287106981e-03
8.097445653876140723e-03
7.947772260317162440e-03
7.832425639002674189e-03
7.690547391949237657e-03
7.701413455831101866e-03
7.718985814542549118e-03
7.608414776798894281e-03
7.587258457605800845e-03
7.660805065636169808e-03
7.692817400897368485e-03
7.613926131851678908e-03
7.591768046237176021e-03
7.562242691044181349e-03
7.519029826800797088e-03
7.607737082599749789e-03
7.804914139864983780e-03
7.844388374492963431e-03
7.925328580756639540e-03
8.099719304627821248e-03
8.196186030419942009e-03
8.325277769941501899e-03
8.048852010518896954e-03
7.949843808790943780e-03
7.965303520397773451e-03
8.023734815825502020e-03
8.114126495411270318e-03
8.142013690655048805e-03
8.172774115963092265e-03
8.327637011030366437e-03
8.267656180360001203e-03
8.151322164603926751e-03
7.977354526300904636e-03
7.769557966122317416e-03
7.575986365446362239e-03
7.587768327379369217e-03
7.549204549582078094e-03
7.631157870388170783e-03
7.875448018834205199e-03
7.995209824747164309e-03
8.173497856293333169e-03
8.240582260751650942e-03
8.362643563359369037e-03
8.516656696425215292e-03
8.478034906522578101e-03
8.411332951093478810e-03
8.371649533483436351e-03
8.405171937952562317e-03
8.569397594511977273e-03
8.823227920216709583e-03
9.042443276271128205e-03
9.078275818207581782e-03
9.164817581329288976e-03
9.223549799037784880e-03
9.432622194134585025e-03
9.633536491020139314e-03
9.587494907269641584e-03
9.544994753005384830e-03
9.442714974492618166e-03
9.400788457387170005e-03
9.285116154723502616e-03
9.196785646757032334e-03
9.110962199458699784e-03
9.018086793999915973e-03
9.053795790375329319e-03
9.025277446598615680e-03
8.817302089715848418e-03
8.600853117750727889e-03
8.429870860759493961e-03
8.311312433991921780e-03
8.242605615328843505e-03
8.369608018510070815e-03
8.531288800962611926e-03
8.632003777531621624e-03
8.732026903175774124e-03
8.796240368367312656e-03
8.861042594023989249e-03
8.794450222833365138e-03
8.683629503898129820e-03
8.607640868274321969e-03
8.524283747377878889e-03
8.427393713339646070e-03
8.356135950230800941e-03
8.239470592823257972e-03
8.437164133857691026e-03
8.606425176700790297e-03
8.475939297230956904e-03
8.234079210876592281e-03
8.051364489909947769e-03
7.890316479120040166e-03
7.729020786011504655e-03
7.677076707658872165e-03
7.653547436912299870e-03
7.559123991198783699e-03
7.923018211015108586e-03
7.708945712961557881e-03
7.570362849577561698e-03
7.503431616771387078e-03
7.740453507600662461e-03
7.688267874999231422e-03
7.762833037776415909e-03
8.012343412311363766e-03
8.207295596546277522e-03
8.388495258624201201e-03
8.486504422708738421e-03
8.666159088621123996e-03
8.607050468935572435e-03
8.618608827610091394e-03
8.848013387648156688e-03
9.111948064023357718e-03
9.284325230605842971e-03
9.329759687126062614e-03
9.627419626481129034e-03
9.978499308083602082e-03
1.000969985181103181e-02
9.919936234101658923e-03
9.896998930275409390e-03
9.782731894332298561e-03
9.897672009006094201e-03
9.851907109773282503e-03
9.847451727336819366e-03
9.957651281353199074e-03
1.019967991083033099e-02
1.026370678184564122e-02
1.031749447135209621e-02
1.020604861110444711e-02
1.006547187678604599e-02
9.796450732361572378e-03
9.687006748200267109e-03
9.098810208111502568e-03
8.761644736229238020e-03
9.017088781816949214e-03
9.236876346449571923e-03
9.509239351258321968e-03
9.723933496001226778e-03
9.600075984974976162e-03
9.617921933092526618e-03
9.668757829034278772e-03
9.283152648575074967e-03
9.112167599872083440e-03
8.967104743497473704e-03
8.788338468356941477e-03
8.718946874146989157e-03
8.596805035501409870e-03
8.504353866823086486e-03
8.430711917386531778e-03
8.345487734779354072e-03
8.234509438704042811e-03
beta3
5.629103809822518390e-05
8.243706362382025271e-05
1.066182770133836550e-04
6.639492208185631913e-05
1.043315385067183172e-04
1.510904584124886786e-04
1.352299167562134256e-04
1.314898697751899011e-04
1.271870186010482873e-04
1.226531261830489199e-04
1.437755034642156419e-04
1.828049878018316032e-04
1.940857682479542215e-04
1.963335003698592944e-04
2.208680320242721097e-04
2.327739554597155257e-04
2.324672453480138869e-04
2.182680537488290143e-04
2.473424846225425670e-04
1.452052855675668567e-04
1.031197810372986787e-04
5.225547849671250170e-05
5.586360207644936902e-05
7.572950799282152025e-05
9.177427903589335562e-05
9.946004423484644421e-05
1.244118921671289639e-04
1.560425552598752234e-04
1.712414381674601423e-04
1.780085740783622205e-04
1.227497727179780503e-04
1.012114801199404449e-04
1.223704918945148754e-04
1.280644768809679275e-04
1.459574095693835338e-04
1.812373084567362542e-04
2.069463054633362189e-04
3.753685349726684339e-04
4.455589637567033815e-04
4.714842273460424240e-04
4.655561940646117647e-04
4.806324606950946373e-04
3.941933249384112323e-04
3.147310816991992239e-04
3.080020565536980138e-04
2.427083002745087433e-04
1.039514549960920942e-04
5.245905361619888338e-05
3.624567774237461645e-06
-1.201146102221293931e-12
-3.310660992407702235e-07
-6.457462320151315779e-06
-3.829723395118164524e-05
-6.510625717907273912e-05
-1.373808301868941807e-04
-2.042739691769857773e-04
-2.862521554386584415e-04
-2.937450866362211876e-04
-3.256443059200077924e-04
-4.061078622925516049e-04
-4.178615500443982151e-04
-4.575760386977972567e-04
-4.713546477946386776e-04
-5.970862890633673540e-04
-6.888950387174559145e-04
-5.565667910531731447e-04
-3.475935556851262134e-04
-1.853180756984299090e-04
-1.026963316408690304e-04
-1.399988340787163151e-04
-1.653091211016163506e-04
-1.586401196337948807e-04
-2.025941047819785094e-04
-2.437917449981010626e-04
-2.443461422517124657e-04
-1.455465523108176646e-04
-6.825796303156732704e-05
-3.977881209264663980e-05
-1.833304364040729958e-05
-2.868355219447410226e-05
-1.005369983496429874e-05
-5.908117240390827024e-06
-2.698983099110285076e-06
-1.471609334640538808e-06
-2.271913302540242200e-07
-1.903211894976645580e-08
-1.371704697087172785e-09
-6.911690861105765998e-15
-2.983669190108941665e-17
-1.316185315723464662e-14
-2.953503317071907076e-10
-1.298193108084813202e-07
-7.532717506853032986e-07
-1.354695040622401432e-06
-2.877700096509689289e-06
-1.035316023575899160e-05
-1.051414892848366204e-05
-5.733052874020653361e-06
-2.707824431443082872e-06
-6.600651229756664881e-06
-1.228982394115691367e-05
-8.330463595217160066e-06
-2.132940978690898748e-05
-3.285833702044922325e-05
-4.414621785413958834e-05
-5.060526148700208917e-05
-4.778197860488072620e-05
-4.869028855084709192e-05
-4.122256309456153118e-05
-4.365157055963186819e-05
-4.370665888287141737e-05
-5.193508912337740295e-05
-3.186734314687510302e-05
-2.612094518245950507e-05
-4.361432766026544924e-05
-5.644626818511365104e-05
-6.503199869239896947e-05
-7.611073463158703656e-05
-9.218145275034173784e-05
-1.292143469950745465e-04
-1.635702515163069484e-04
-1.629667792727942271e-04
-1.718181805377239990e-04
-1.314824028494346233e-04
-1.515405838336785350e-04
-1.704008219766955251e-04
-1.603541994573669130e-04
-1.775446286972625373e-04
-2.118915306022574113e-04
-2.130738878203161093e-04
-2.046523221481879999e-04
-2.004725518532054812e-04
-2.384002898136355409e-04
-2.209375567704223442e-04
-2.187130628238433952e-04
-1.955768909955205134e-04
-1.482571730946494540e-04
-1.199728305697054696e-04
-1.117658356498829614e-04
-1.104889540860833888e-04
-1.312435621878121623e-04
-1.304996373358151035e-04
-6.927694461404709011e-05
-3.263517919629154199e-05
-8.113083940891911358e-06
-3.837412864784309273e-06
-8.345904962845293356e-07
-3.918573295430232291e-08
-7.640435855518532619e-10
-1.113310318776689955e-11
-1.509271670563459848e-12
-1.965984715854398041e-09
-1.629159323374696450e-07
-6.838761545173672473e-06
-2.563615885052662483e-05
-3.070213313233502932e-05
-3.221226728952008937e-05
-3.517588072855544880e-05
-4.553964356459212624e-05
-4.496754059586761601e-05
-5.993246096247800833e-05
-2.521463884357679337e-05
-1.790909425634441599e-05
-1.261296438785661784e-05
-1.798332623497925768e-05
-1.429630318213100522e-05
-2.097156980103821741e-05
-1.950739891455570006e-05
-1.767267803898822610e-05
-2.040606997062595341e-05
-3.460913204021587877e-05
-2.208389351759126765e-05
-1.767360861165377187e-05
-1.986001336945173465e-05
-1.293516136008322762e-05
-2.037811481300873717e-05
-2.505364457849573436e-05
-2.295871391093511500e-05
-1.382705296945954597e-05
-5.707750628418930487e-06
-4.902022366796147295e-06
-4.501804478408752030e-06
-9.618262340638919559e-06
-1.369593196271825443e-05
-1.416719353741235536e-05
-2.654319035230694185e-05
-2.783934399463792563e-05
-5.724229744498966440e-05
-7.812456671613158220e-05
-7.630058234643336175e-05
-7.043969275911523089e-05
-9.096081245690322364e-05
-8.670894448744829064e-05
-7.716827506567396370e-05
-7.264703660396024392e-05
-8.226231538555501275e-05
-7.278507781322839684e-05
-7.735607507168299683e-05
-6.987306466295942165e-05
-6.235206666074468882e-05
-5.534542948111419874e-05
-5.047784504766766292e-05
-5.891576197571769856e-05
-4.118425317114616081e-05
-4.137039444720174060e-05
-3.804916022452281880e-05
beta4
2.090772323888427653e-04
2.357643885720014129e-04
1.995294355640043452e-04
2.866531667977051997e-04
2.923984661793947032e-04
2.881214021979853265e-04
4.132973894735810145e-04
5.857811329619598637e-04
7.258749025291315587e-04
7.957159856818373737e-04
8.992126925532481843e-04
9.963648471340224525e-04
9.790648379265809616e-04
1.195768740282947620e-03
1.094175540255476822e-03
1.016388078333309037e-03
1.086041354492578133e-03
1.147700699432983515e-03
1.241081440288210403e-03
1.235053772756167494e-03
1.253365891707126315e-03
1.457314077027966389e-03
1.542202965435852903e-03
1.583461412766004085e-03
1.639246797328284579e-03
1.768505561765095673e-03
1.881342177620418414e-03
1.982274266047531677e-03
2.175544989841648492e-03
2.220102715310891955e-03
2.170276919406831980e-03
1.887522845277518320e-03
2.263406625502207246e-03
2.591591841127551150e-03
2.755003683909524291e-03
3.253974355091562680e-03
3.271538776365509257e-03
3.095862983856522734e-03
2.964246827543148832e-03
2.548025986054789672e-03
2.182085898302045870e-03
2.146949041405982368e-03
2.054082322342170794e-03
1.932552420099147017e-03
1.707786519087302422e-03
1.502823101308159697e-03
1.854442840355923286e-03
1.729142872609732654e-03
1.686062179602064448e-03
1.948508956084419588e-03
1.897947048831934895e-03
1.806639156822578435e-03
1.845136845158779158e-03
1.877057442319541355e-03
1.564825729245854615e-03
1.383839410625324531e-03
1.882760020212356344e-03
1.873232335576865623e-03
1.869561382303414673e-03
1.947437125308666434e-03
2.033498222218044216e-03
2.019257990393850261e-03
2.154111643223831189e-03
2.115359391965520620e-03
2.251395915352102494e-03
2.085369948074845305e-03
1.613092705359232175e-03
1.120792502616084398e-03
6.580243805525216785e-04
6.615588640744162092e-04
7.122580663604132683e-04
7.462254300340510037e-04
7.826397472031563487e-04
5.755479013748182474e-04
4.363211035198159686e-04
4.235101333577023655e-04
4.027384784895757935e-04
3.375262630587464374e-04
2.349599562233484662e-04
2.597771854000610701e-04
3.083137758543143345e-04
2.847457073573306263e-04
2.536860378965016209e-04
1.897228068370099610e-04
1.536742629329584660e-04
1.037613671297425797e-04
8.863088523379576852e-05
6.730453103678567587e-05
3.481098149896169548e-05
8.877342885627858234e-06
3.893078112749261897e-06
-3.630574799774115509e-08
-1.639054989653662139e-05
-2.052732399331144985e-05
-4.384457192600589906e-05
-6.578099019741723568e-05
-3.883962984139758889e-05
-3.175333928443339914e-05
-1.847656388117224161e-05
-3.669513937705603927e-05
-7.792480728458899822e-05
-8.606110815005972364e-05
-1.018620331559006543e-05
5.679103157934719825e-09
1.867552170914188399e-05
4.605512061341016116e-05
6.711295748105336348e-05
1.188886865372772953e-04
2.341806817570715705e-04
2.100452982365574243e-04
2.250100683510847363e-04
2.254572175327213619e-04
2.031666585662226187e-04
1.792175595252603953e-04
1.517111888362097016e-04
1.543907086517680080e-04
1.548189295652531482e-04
1.554274041889143541e-04
1.625487027537597694e-04
1.598244562209265491e-04
1.600218281557583169e-04
1.716550797114217578e-04
2.228658896182105745e-04
1.760218771852942914e-04
1.939193606988412087e-04
1.956006191537655679e-04
1.352872180969550949e-04
1.091435549085171077e-04
9.701095041245553108e-05
7.452175518733764558e-05
5.017686050296655257e-05
8.173995497011807721e-06
-5.609364848617368005e-06
-3.438110980616408848e-05
-1.010791031457319584e-04
-1.574783180081599111e-04
-2.060976514221887627e-04
-2.795639221405028796e-04
-3.724326473414432681e-04
-3.953766201908253623e-04
-4.063424908832150104e-04
-4.384629341839728313e-04
-3.955722948267540069e-04
-3.761112656852787814e-04
-2.396094123727374409e-04
-1.376319298397709191e-04
-6.641712047588672451e-05
-4.316480721479401268e-05
-9.827364346611201793e-07
1.476932327831563681e-05
2.027465005410935991e-05
2.478927764207120835e-05
6.464856710903619848e-08
-3.567174609810527211e-05
-9.456374780871166477e-05
-1.909349542979989385e-04
-1.191859800063296593e-04
-1.275293108555712422e-04
-1.726511329762102137e-04
-1.638771927542185278e-04
-1.472918081021119428e-04
-1.623754975220964136e-04
-2.676782899571426410e-04
-1.927897658800023896e-04
-2.337017321685439506e-04
-2.059867992890928820e-04
-1.682774429788668467e-04
-1.395939197620933952e-04
-1.095660578086922417e-04
-1.047615053255722617e-04
-1.046794795779203092e-04
-8.032643687284516743e-05
-7.146201737298244839e-05
-9.136504608145564442e-05
-1.180303884626533680e-04
-1.309150366515668211e-04
-1.783975182428232278e-04
-1.921055588422828384e-04
-2.185054410843778941e-04
-2.305251053486584325e-04
-2.343474581691710437e-04
-2.686772157187486800e-04
-3.099243959218252143e-04
-2.859307409536344892e-04
-2.873376025233546991e-04
-2.896808471304111255e-04
-3.028455781671840963e-04
-3.247500117587978803e-04
-3.588402602926068314e-04
-4.331311377124773916e-04
-4.868333253345771415e-04
-5.752251086571450855e-04
-5.827958120414920926e-04
-6.212238157245238016e-04
-6.582699532592272600e-04
-6.964967945771358658e-04
-7.605919868159866960e-04
-7.980084720747738104e-04
-8.238076589854399692e-04
-9.072550343005593952e-04
-9.794929516686911100e-04
-9.959079221568598560e-04
-9.801265927142771821e-04
-8.284374512270748121e-04
-7.039844350222522170e-04
-6.800255458206389122e-04
beta5
-1.301937585447868542e-03
-1.373258535877863815e-03
-1.422153985858806268e-03
-1.477368145972918819e-03
-1.458121196863663548e-03
-1.446056552506288367e-03
-1.446586353961511499e-03
-1.442456842033886140e-03
-1.429093297006533069e-03
-1.457434926516713251e-03
-1.470642144466016710e-03
-1.522049104618297243e-03
-1.469945755056343249e-03
-1.508196845637055881e-03
-1.603839238891357566e-03
-1.669282020194323875e-03
-1.676939111611034771e-03
-1.710304866914242597e-03
-1.749950240148605545e-03
-1.734293329785197230e-03
-1.747800763589088101e-03
-1.790792708432762358e-03
-1.825977046744283469e-03
-1.910602894783085259e-03
-1.993878133040197058e-03
-2.100414163109282258e-03
-2.242028747482909413e-03
-2.391187113390468369e-03
-2.563813700535719567e-03
-2.502427195060547352e-03
-2.370795790958364103e-03
-2.260272105371563273e-03
-2.164961158385447088e-03
-2.107288357429602105e-03
-2.040497055149220751e-03
-2.114931518545094466e-03
-2.073939802020210998e-03
-2.090513599756897364e-03
-2.148684154193540412e-03
-1.939752354756037363e-03
-1.719173909061832159e-03
-1.628740591330488964e-03
-1.573744812091727816e-03
-1.466184484906069875e-03
-1.346597730800004871e-03
-1.207327678752823921e-03
-1.201843804568858767e-03
-1.034230095836816479e-03
-8.884169623301744773e-04
-8.652943389461435720e-04
-7.853095480163392161e-04
-6.719665987190638796e-04
-6.168441699877377175e-04
-5.395039148203143245e-04
-4.635382983589751596e-04
-4.613280273288082687e-04
-4.230347081747698858e-04
-3.310814132236556480e-04
-2.407526394702897646e-04
-1.426993908822990595e-04
-1.135304196186681468e-04
-9.025692281472926545e-05
-7.512217485403616080e-05
-7.216603132159002908e-05
-6.787297228039558886e-05
-3.808621663989920382e-05
-6.768445201645815600e-05
-1.055318356792335661e-04
-1.223692014991013604e-04
-8.428365648282989519e-05
-5.409869171777483823e-05
-3.291890841992557850e-05
-1.324593279676724970e-05
-3.233771405880722617e-05
-5.549826209604999183e-05
-4.963116030348549196e-05
-5.113831863291961379e-05
-6.130334990098509072e-05
-7.272658260980205804e-05
-6.648737786202469876e-05
-9.905885881362083104e-06
2.333938686820851062e-05
3.006753562678999032e-05
2.665363738651785048e-05
1.729841550055136694e-05
1.300779128629877239e-05
9.070316187791589094e-08
-1.347489157864600502e-05
-1.038589156582233575e-05
7.521197690318262433e-06
2.177767103883841614e-05
4.449383993637804095e-05
6.200290959185060437e-05
1.041237564727345296e-04
1.311856288211656280e-04
1.432819710759840142e-04
2.062624744412969841e-04
2.793877389552207715e-04
3.679806369553869911e-04
3.953308524859469033e-04
4.328587841081894512e-04
4.915331493564032740e-04
5.198627664766195368e-04
5.842747906536141641e-04
6.641661097613947400e-04
7.490469735848092996e-04
8.502164380727412693e-04
9.632984090800602098e-04
1.076519412171927838e-03
1.096584612489579945e-03
1.111734220697379498e-03
1.131618952747783695e-03
1.176120839716804237e-03
1.228098784613388750e-03
1.272625218473937610e-03
1.316065111807425241e-03
1.267559505313028316e-03
1.249498588956287314e-03
1.207012313789512098e-03
1.194286987993187178e-03
1.198342814583805383e-03
1.267155085897999061e-03
1.379406970957498552e-03
1.437329492945421238e-03
1.488826257925015498e-03
1.479267113606760973e-03
1.498179735566395644e-03
1.507534452670348732e-03
1.529295625386679035e-03
1.539167466127144617e-03
1.558406745493535204e-03
1.547967875082188922e-03
1.545492387978236216e-03
1.546510176894127240e-03
1.524030817185635135e-03
1.479197719461145411e-03
1.478902356075037982e-03
1.483142580367767744e-03
1.464432324767350919e-03
1.444650443576344073e-03
1.453082814786974290e-03
1.412554580031669072e-03
1.356772810230655801e-03
1.395123894341564631e-03
1.284615431671701008e-03
1.243551249468048941e-03
1.169484232363008323e-03
1.090803940455968742e-03
1.007594408990255402e-03
8.719607960078242914e-04
8.460983862908820832e-04
8.425385129477676923e-04
8.514890149539213263e-04
9.380193387438330111e-04
9.951441965871661403e-04
9.892655244525285201e-04
9.972077898747050938e-04
1.066873402686891511e-03
1.103708374616428492e-03
8.940583400596807022e-04
7.792916743780467764e-04
7.379386469326829285e-04
7.613169331400384925e-04
6.620456765931992133e-04
6.680002266854472969e-04
6.397623287982294113e-04
6.115077896055193815e-04
6.055978659702736071e-04
5.874324503185860595e-04
5.315402767866346783e-04
5.060406428588254445e-04
4.968704694706487218e-04
4.934484427052653055e-04
4.780125985938173529e-04
4.589927907161742583e-04
4.245593735410928857e-04
4.090636713960061569e-04
3.770957761388609515e-04
4.026064183679489141e-04
3.821087119461799965e-04
3.672052760151007546e-04
3.536887513230496790e-04
3.222371244450729106e-04
2.760222055041456094e-04
2.419198352122121887e-04
2.134540171744645615e-04
1.933330339141303884e-04
1.596421589763777034e-04
1.450804189285109542e-04
1.253527051059931396e-04
7.384334776645971757e-05
3.912732538990309832e-05
2.805531916830668416e-05
8.480458503379740415e-06
3.347541618526956260e-06
-1.220797141011182793e-05
4.298638372823845931e-07
1.686411690478131626e-05
1.586930235526381520e-05
4.475587658721236412e-05
5.068548334141751517e-05
6.736216346926187271e-05
8.995947530565946552e-05
7.150362273526466401e-05
7.547077261765042060e-05
6.982356778223041023e-05
