9.613057354422937877e-05
6.292613771250139614e-05
2.335884950216161600e-04
6.692194779778622366e-05
1.999080275471010182e-04
5.806214282993188858e-04
1.205448678184204130e-03
1.917935526810190042e-03
2.871112146641341747e-03
3.891402784488214375e-03
3.432882920048586743e-03
3.049573927897296192e-03
2.780953746392798333e-03
3.246506717560410094e-03
2.753206325240689211e-03
3.282978891117392314e-03
3.792539834589448051e-03
5.639376240722462560e-03
6.275824275084445833e-03
5.622711256576061467e-03
4.290388761521624419e-03
3.347573472928310617e-03
4.942278985092612986e-03
4.666134589159156090e-03
4.962852332657082671e-03
5.238918668239276807e-03
6.540897191870915367e-03
6.215719121948804979e-03
6.790168376751041027e-03
7.596152484941855881e-03
6.525526143516560858e-03
6.478311017623398019e-03
6.360473528036311025e-03
7.107542868865009134e-03
8.086555248868608492e-03
8.738251890474101405e-03
7.529781900992961810e-03
7.762222383299438241e-03
9.941928776266277870e-03
1.397684944238069063e-02
1.395015604581979068e-02
1.286417160083858785e-02
1.100050115817557267e-02
1.146815993424156119e-02
1.167440033255870944e-02
1.197046018070076559e-02
1.582476226293393073e-02
1.900290910331174643e-02
1.962655792122347184e-02
1.781419350664634887e-02
1.677238980139013347e-02
1.387137043399909279e-02
1.236725820346333896e-02
1.172878447357984279e-02
9.829099455378142308e-03
8.887140160017993618e-03
8.065099480125011849e-03
7.859934082015192225e-03
7.680056932552080037e-03
6.699887482086656909e-03
5.474553780947558415e-03
4.526110078045009547e-03
4.460373697476868043e-03
3.434304671069768333e-03
3.947576133633893397e-03
3.450587880430386334e-03
3.359082211103978262e-03
2.168432498789222250e-03
2.368365433042720920e-03
1.934055181985502685e-03
1.349240584310395022e-03
1.161558523767495556e-03
1.369988462184221385e-03
1.451787227865562746e-03
1.639656477243811930e-03
1.810704370708568446e-03
1.121296994609863578e-03
1.560338138521145165e-03
2.561453979200016204e-03
2.857975656628637326e-03
2.061822392480186852e-03
1.545208824697055609e-03
1.178223179080667340e-03
1.128820118720224620e-03
1.176065755949389684e-03
7.665670074195216023e-04
8.924456754784678217e-04
9.021368943101445992e-04
8.160141435510888733e-04
8.280483450111518744e-04
1.251488956634102482e-03
5.438725345035513772e-04
6.608898964695363075e-04
7.912485804126823639e-04
8.613883097502062110e-04
1.157225790734789286e-03
1.171250783139403569e-03
1.079928162243076577e-03
9.891142917175827377e-04
8.676230596739944621e-04
6.043241716851199472e-04
8.113581312852334235e-04
8.521321864255563270e-04
1.298158001380488383e-03
1.472256164094221846e-03
1.170472577072915587e-03
1.112586863384268203e-03
1.555604223619317652e-03
2.187547206663876739e-03
2.704234549667984110e-03
3.117644421168048064e-03
4.181564607542459511e-03
4.974928938128713590e-03
5.542501192472057414e-03
6.304339584727028899e-03
5.074341316859713388e-03
5.034590335592123780e-03
5.529612264671500584e-03
5.928711063517723770e-03
4.381743315836354909e-03
2.382953746301445710e-03
2.697922135258089618e-03
2.802691289078985525e-03
2.337530040660199156e-03
2.310853856820162863e-03
1.860295182711134291e-03
1.635577665703958142e-03
1.273616252086880868e-03
1.930516228360596668e-03
2.204901296681592484e-03
1.771516080156268665e-03
2.144200126691711995e-03
2.820261907130169714e-03
3.235731132474150076e-03
3.505773899298666139e-03
4.122274001470683374e-03
4.452380843457797235e-03
3.889503708456314331e-03
3.065209144740881769e-03
3.238916561451400666e-03
2.576308766477710538e-03
2.193089567081450437e-03
2.062506219997470303e-03
2.489766055184643341e-03
2.689282633006291785e-03
1.586706822186198691e-03
1.542288351019721051e-03
1.500324841374419283e-03
7.919963249055411627e-04
1.772440575167527935e-04
2.448055552343986717e-05
1.129274541359499637e-06
-8.136028741625172230e-07
-4.513655749020341129e-05
-2.714270678719309506e-05
-5.079854917603859633e-07
1.533843729597247169e-07
-9.001034675733338876e-07
-4.415120564925921294e-06
-3.957992132418207496e-05
-2.794098729883500061e-04
-3.707147199872072932e-04
-4.172876380060021599e-04
-4.035464884378517575e-04
-5.097041046806347498e-04
-6.728620735375917972e-04
-7.651230944791069782e-04
-1.216652315564422824e-03
-1.008624845870901166e-03
-1.135960278655834613e-03
-1.412979305843092143e-03
-1.307406291366409188e-03
-9.707190272927463922e-04
-1.193417839206466907e-03
-1.032338307748596621e-03
-1.113678531071864109e-03
-1.087493872108458506e-03
-1.489306126238627544e-03
-1.117388466191594418e-03
-1.092681225217558873e-03
-8.776343919376778085e-04
-8.777309876070853731e-04
-1.052308043009417705e-03
-1.009161757038239994e-03
-8.183510879448712598e-04
-7.590810748767972457e-04
-1.279570073933754791e-03
-1.461009152445997975e-03
-1.476188522281404996e-03
-1.018992012098070624e-03
-9.262900567582630978e-04
-4.664235202399941941e-04
-3.418712888990740363e-04
-2.276619772476472128e-04
-6.149855909084387924e-05
-4.058411171022566764e-05
-5.894914902570802100e-06
4.859747477850265469e-05
2.391136723552512804e-04
3.605989265516864554e-04
5.449203776631825809e-04
6.525003910959059628e-04
3.095608046195214122e-04
9.748684130065740270e-05
3.409224088656270238e-05
5.935418960562162340e-05
1.095519008212465849e-04
1.649826970882130404e-04
1.594690660940215326e-04
2.087490543405812866e-04
2.079459634199122228e-04
3.210131116356031980e-04
2.517181535559476387e-04
1.425344841153608510e-04
1.773621780992490804e-04
2.645687663582966653e-04
3.181691926928816526e-04
2.376505744730455258e-04
2.864019709019773974e-04
4.309842706622772374e-04
2.224027586110534133e-04
1.971533834705128452e-04
1.686391488555017597e-04
3.987637147144137138e-05
1.378837172210026891e-05
1.529066976061971088e-05
9.119083353488964224e-05
3.122760868696448358e-04
3.646538209486613119e-04
4.852044142094789295e-04
8.521442266011655577e-04
5.014737894713054960e-04
4.825744847343986076e-04
6.121385689223027412e-04
6.362489645105910349e-04
5.538114994282144696e-04
8.267148017155766162e-04
8.471085304114158061e-04
7.984951336827403106e-04
