beta2
9.709642821468026513e-03
9.724187234225717402e-03
9.668845265680459100e-03
9.713126988211022439e-03
1.000287304330023906e-02
1.013322739555480231e-02
1.057526087467362298e-02
1.088319998393285151e-02
1.101671595122183725e-02
1.102760128839265670e-02
1.100024031840630620e-02
1.088290648247406886e-02
1.078025457720851316e-02
1.064669072692563806e-02
1.063026241358539306e-02
1.046644574751465565e-02
1.040219083484366161e-02
1.074337886289723071e-02
1.039120860285276324e-02
1.052673556373720509e-02
1.065825543854102657e-02
1.040031230974675959e-02
1.037694917231687941e-02
1.040912615428391322e-02
1.044731718578476888e-02
1.021491209165590816e-02
1.004629921293297840e-02
9.803412311436335985e-03
9.660794867056784335e-03
9.753259293946797692e-03
9.736425831899708783e-03
9.816503205337511612e-03
1.005924675285145564e-02
1.011829258161003192e-02
9.434092585899627251e-03
9.219877488505830859e-03
9.004122421746906316e-03
8.467841144312142354e-03
8.261446954244310720e-03
8.396046152175751925e-03
8.698933784621954921e-03
8.665865672659398694e-03
9.061723077599484824e-03
9.484226974005569022e-03
9.833600596713742287e-03
1.002564170916140501e-02
1.033027262406699398e-02
1.080430244747984658e-02
1.074192175688112177e-02
1.067584217849914217e-02
1.023585193859770717e-02
9.999301218655561041e-03
1.001010655774643536e-02
9.899086508638351573e-03
9.781578904846677594e-03
9.756449741094705072e-03
9.107990190117295007e-03
8.547866687748826089e-03
8.478641906238600090e-03
8.459565532660962700e-03
8.613862371876817442e-03
8.565714662624911852e-03
8.343601162291736442e-03
8.260052653551761687e-03
8.114603353055995644e-03
8.161936828294736462e-03
8.224205304468018563e-03
8.124731744685392831e-03
8.415587071821811066e-03
8.622299183035538050e-03
8.982232578015118124e-03
9.439837982735172286e-03
9.749497665601833396e-03
1.001137480952443357e-02
1.030797387707433656e-02
1.021440109145796242e-02
1.025138543208180958e-02
1.061368792486440393e-02
1.016078065792917762e-02
9.725222133375377095e-03
9.290239375122045021e-03
8.716784017113341984e-03
8.622645787702892459e-03
8.408963280622258271e-03
8.458911570128166413e-03
8.468313697627289152e-03
8.435395058190603423e-03
8.454138200216048532e-03
8.139163732463504386e-03
7.878590930023108424e-03
7.860352162157890551e-03
7.881940958055992652e-03
7.904334330420925703e-03
8.228892082427535087e-03
8.639212580236903943e-03
8.972292004222340994e-03
9.275187798699107561e-03
9.636992429531098664e-03
1.004887277873733539e-02
1.035410486431495233e-02
1.057211824605208683e-02
1.084720108582568066e-02
1.094422304221889970e-02
1.106914081451183633e-02
1.100660953609935641e-02
1.104479231744616256e-02
1.105289231494132642e-02
1.124884115287495302e-02
1.139951371593165945e-02
1.163104447211068398e-02
1.202211949620894324e-02
1.243818214887857515e-02
1.255268829746658196e-02
1.261274141586754896e-02
1.259293819054077557e-02
1.259561505177853730e-02
1.254121466596156906e-02
1.268701655741669501e-02
1.269345066356986768e-02
1.274898019976228834e-02
1.282810825362688464e-02
1.294837417569232041e-02
1.308325612416710859e-02
1.316863975703757607e-02
1.318774689202048891e-02
1.325131438395918404e-02
1.319463129393605438e-02
1.329842354235401258e-02
1.333751274347641166e-02
1.334427111845655489e-02
1.335167151000164407e-02
1.336095730926135407e-02
1.330509893514981133e-02
1.312876554786780031e-02
1.313512179843608768e-02
1.333125132929932968e-02
1.339389036664491786e-02
1.338969314816696593e-02
1.353702090405260045e-02
1.368228727460358424e-02
1.365992441846072131e-02
1.352138396248065907e-02
1.328835706934665406e-02
1.312704543318773606e-02
1.313878392350724053e-02
1.310496201726773710e-02
1.314310508549356230e-02
1.286037872282063711e-02
1.258899891074781105e-02
1.244468735180186136e-02
1.228807863438924688e-02
1.223277239151568732e-02
1.204442219989627048e-02
1.226063554182188833e-02
1.190736192321633150e-02
1.157265698629690934e-02
1.150141807416701911e-02
1.186807134164028985e-02
1.228145774224094489e-02
1.214367109763020078e-02
1.223375936226550609e-02
1.237319075242643632e-02
1.235983130470772601e-02
1.232471554151168269e-02
1.209225075614294570e-02
1.191293851566222438e-02
1.173314368165286406e-02
1.150587702109876279e-02
1.110742560867497217e-02
1.091688655717290742e-02
1.044252808845165179e-02
9.901176261922453592e-03
9.657613060475271280e-03
9.311028426607846978e-03
9.290895706133880938e-03
9.299218519882379921e-03
9.331681097765073471e-03
9.131489851004238878e-03
8.874222605084778476e-03
8.905277477465322125e-03
8.792776588043874422e-03
8.641403903914397083e-03
8.507950712508167285e-03
beta3
-6.804956905954263547e-15
-5.617295267770347494e-14
-3.805526831771622629e-13
-1.746882725344516567e-12
-6.107814689113788665e-13
-1.428829184301582586e-12
-3.964722411427015350e-12
-2.419609366834532455e-11
-4.934896793827652097e-11
-2.352545700438447699e-11
-2.798354276697648106e-11
-5.564190300983042073e-12
-5.227226978310967514e-13
-1.573474454217542268e-13
-1.053794532180029785e-13
-1.148178476778382713e-15
-2.204956452419845593e-17
6.285982383978164305e-23
2.729544524510716271e-15
4.523162899175234279e-14
1.827638104718155657e-14
2.372891585329853805e-13
6.534230130092574853e-15
5.641996701483749126e-16
5.007279289135434200e-16
7.908289411794312321e-16
7.408135843176871324e-16
2.189368004726631673e-16
2.511619681636983679e-14
8.961497478126929608e-14
8.042464121335917979e-15
1.237662725037333613e-15
1.029708910006778801e-15
1.715354067248008456e-15
1.093404278254445662e-14
2.673460316893792779e-14
9.716828930525934787e-14
1.336116333233948037e-14
4.556341517154468915e-20
5.416497685398722731e-20
-8.747432688941309241e-19
-2.979228328940718919e-14
-4.955939788812216082e-12
-1.029996055977785659e-09
-4.145383352996248193e-09
-8.476014691331520057e-09
-1.433560765026261822e-08
-3.333742756423610505e-08
-3.959392434874115213e-08
-1.001308076689849010e-07
-4.981931915798150141e-08
-6.051872003471022323e-08
-2.471418356154867245e-08
-2.226751017303521301e-08
-1.233429974820294538e-08
-2.197695060960083688e-08
-2.037519237912404973e-08
-1.669385789097881439e-08
-2.474018044572563746e-08
-1.666455126550920045e-08
-1.467501592613521233e-08
-6.547325669715334806e-09
-2.178044230860636844e-09
-1.062503298164757685e-10
-6.341237463432347962e-12
-8.028182831477479481e-11
-1.555114993069549191e-10
-1.218038006382586867e-09
-7.043667644986423992e-10
-1.583363677265825265e-09
-3.910592249809319287e-09
-2.376918419389350964e-09
-9.945524032196307383e-10
-9.228620304021559836e-10
-1.842316065291121512e-09
-5.802180039427978228e-10
-4.976382971322238055e-11
-4.500094737929014288e-12
-3.114790743870399171e-11
-2.929866983741191810e-11
-8.658472822766824368e-11
-4.102115397763752579e-11
-1.098885999519862538e-11
-5.478356721430084590e-12
-4.339513536486568421e-12
-6.064734180581316097e-12
-4.442964853098484739e-12
-7.840744539512578257e-12
-3.402145147711494032e-11
-3.336510668086977408e-11
-1.705535342138394035e-11
-5.457423076858088522e-12
-4.071848294003502067e-12
-2.327937714966312270e-12
-5.622718469545528657e-14
-9.452023296936403754e-16
-5.930512810157028718e-17
-1.219344931325825583e-25
1.964355227570237867e-20
6.198245106535815728e-18
8.984928648100800079e-19
1.291722938966138104e-16
4.975940817931535318e-16
1.783103225329138659e-14
5.713769898930821092e-15
3.354723945801196451e-14
4.049016482613818186e-14
4.007506081779284359e-14
1.088660253840254501e-14
6.282700031355776372e-14
5.356752196843263130e-13
8.007468639183402039e-13
1.108842047799687374e-12
9.984537011067092631e-13
1.152544646305767019e-13
2.233511310221512655e-14
5.705857745331463971e-15
2.053262220262956995e-14
6.162151345646110282e-14
4.536348838063418910e-14
2.366369031577500150e-14
2.211787266488186821e-14
1.358019682359521449e-14
1.336432254942158972e-13
1.156277883301178188e-13
1.706379297436910841e-12
5.312465094939179038e-13
1.318779672343195610e-12
1.438085581981255993e-12
5.556327722822742804e-13
1.453124476813151408e-13
9.283640086484626773e-13
1.765592166597380184e-12
2.736179980202482230e-13
2.918242940896770609e-13
1.287344443233439931e-13
1.763500025996764601e-14
4.145017712133548541e-15
1.423224301291110634e-14
3.208863868985234669e-14
1.008909481558567000e-14
8.724454617646672470e-15
5.512610214617547982e-14
1.611008105876825510e-13
3.123081077065245798e-14
6.113393254952117497e-14
7.674700731473980011e-15
2.136487410175347968e-14
1.886983860880105924e-14
2.030682734918883874e-14
1.938881160399293428e-13
6.192813863017540163e-14
3.089650176991565932e-13
4.123659881610533973e-12
7.537993626250747115e-12
1.995638044734628594e-11
9.710332475961705807e-12
6.484376392586907582e-11
6.700766683529594572e-11
5.137989314544766895e-11
1.195156959262542778e-10
6.352159260877023337e-11
1.692505179405947178e-10
4.757135196902217854e-11
2.678142213050328715e-11
3.112359593793238611e-11
3.703510786892361815e-11
1.968819574604616637e-11
3.963789215196506254e-11
5.255096453313912993e-11
7.230938356418434596e-11
1.072666674044164113e-10
3.528690111082959040e-11
7.411526130115735465e-12
6.015600865890632342e-12
2.158128836256274929e-12
5.848184165313806120e-12
5.565673637236455059e-13
3.333484703414646639e-13
2.827594503774623858e-14
3.051532029585396695e-14
2.296513812422293041e-14
1.398540673388588069e-14
beta4
4.669412438491891190e-04
6.783496449726335352e-04
9.053905876530284015e-04
8.936667296159078299e-04
8.343992211566684906e-04
9.992032258712760500e-04
8.807319112185965030e-04
9.891529823317182259e-04
1.387352120476655244e-03
9.207159514178471851e-04
7.242697625224304384e-04
6.644153574611292874e-04
6.258336527902535031e-04
5.208019092906932945e-04
3.667335822969123487e-04
3.347463971914459353e-04
2.498933461439419067e-04
2.315724393213830761e-04
1.955064145787889366e-04
1.206545694433008631e-04
7.451741017452630711e-05
5.404442466910070635e-05
5.419462186748928955e-05
3.433403716182155998e-05
8.813066204996211888e-05
1.693714245921141008e-04
2.593819280471557683e-04
3.466197026191688972e-04
3.766362169950481409e-04
3.057001936468251415e-04
3.015371495112243068e-04
2.859054333228705676e-04
2.387843815370353328e-04
2.187376618640186595e-04
3.663228196107099020e-04
3.536727476004984595e-04
3.830330393427223480e-04
5.038569028224374781e-04
5.070222561750547868e-04
6.928047428436988689e-04
6.147741562728802761e-04
8.623634426912409751e-04
1.107258202539821573e-03
1.368228123636207588e-03
1.594298216659889317e-03
2.238009566762399170e-03
2.484342883143027519e-03
2.687222538328811177e-03
3.206588197620549498e-03
3.894926872312823481e-03
3.082122318097077832e-03
2.200038673297584867e-03
1.121437544979414763e-03
6.805960056033476474e-04
3.113168982649104372e-04
1.192187301269136634e-04
3.096986095624338557e-04
4.530482171056001025e-04
2.208400281700982593e-04
3.432310104975208696e-04
6.251493890058442749e-05
2.761608139951299929e-05
8.999958735762640660e-06
3.385921539593045484e-08
-2.313246253297836038e-05
-3.573511680020559800e-05
-8.022502461974352530e-05
-1.137015721076398822e-04
-1.972080045589054854e-04
-2.707000093220908086e-04
-4.228853515499463945e-04
-5.183614280546643659e-04
-4.561999849793595910e-04
-3.341012458418969209e-04
-2.851834589518665794e-04
-9.123705253721992980e-05
-1.897719059216088368e-05
-1.622706432521984614e-08
-3.725485966378289647e-07
-4.639081527030038783e-05
-1.096002100993908278e-04
-1.442072926176346688e-04
-2.288520466485820075e-04
-2.970611450621368299e-04
-2.856129335034929056e-04
-3.362917359536952934e-04
-4.118936793744148333e-04
-4.856160233402136801e-04
-6.003769305267910505e-04
-5.742624397798530220e-04
-7.280713482721885973e-04
-9.047261552302608397e-04
-1.100664500463068018e-03
-1.285760505396661962e-03
-1.297717170379844879e-03
-1.528383268595832336e-03
-1.899300449254184668e-03
-2.107640389502332331e-03
-2.369861186735854660e-03
-2.933933534591585523e-03
-3.476306251631621977e-03
-3.853545533918689096e-03
-3.544706245255747033e-03
-3.236212550725187272e-03
-3.116763233859755171e-03
-3.229340901447785156e-03
-3.258074715213723008e-03
-3.299346666653085909e-03
-3.319437317895361245e-03
-2.866324629648606213e-03
-2.870498186590883342e-03
-2.795061820488825045e-03
-2.459008491314666409e-03
-2.503760880088308494e-03
-2.371658339939446830e-03
-2.449169630589296664e-03
-2.682070533006988312e-03
-2.729036157519871934e-03
-2.635611707221813607e-03
-2.563847879967618912e-03
-2.434378567925510502e-03
-2.412518476073662911e-03
-2.555284324173537954e-03
-2.933365720760428182e-03
-3.118420850223581429e-03
-3.858234822214588397e-03
-3.535560977739779856e-03
-3.692177590581479166e-03
-3.985009225661852346e-03
-4.267275798779390783e-03
-4.752298637733803552e-03
-4.668867770291676086e-03
-4.587893573682205912e-03
-4.671363644223351305e-03
-4.824261936645026991e-03
-5.064663736217717496e-03
-5.399526927168933621e-03
-6.200957555014974948e-03
-6.849672958187288420e-03
-7.452954949248402454e-03
-7.463256750918699327e-03
-6.577163274042178293e-03
-6.104289908964055655e-03
-5.544225920247682592e-03
-5.502037373543206336e-03
-5.633706911227661512e-03
-5.894151327028579815e-03
-6.157010289204387955e-03
-6.397020156681383803e-03
-6.693099553406293110e-03
-6.537380792716595244e-03
-5.951260299019295319e-03
-4.765921550217303362e-03
-3.659743133343737118e-03
-4.362915187136592876e-03
-5.743438265772910639e-03
-5.548280754885870011e-03
-3.718476601806121069e-03
-2.270970350424038504e-03
-2.186698095888909166e-03
-1.745181621237019021e-03
-1.577875342089052248e-03
-1.749689544644474721e-03
-1.581238401064775576e-03
-1.718448469784002088e-03
-1.660621673898006988e-03
-1.526398449029813323e-03
-1.567831482436644885e-03
-1.537848392547871458e-03
-1.226277613425952838e-03
-1.105402306899614566e-03
-1.295857749362027810e-03
-1.306429015337366370e-03
-1.396063152646717220e-03
-1.497202226224572923e-03
-1.731611459334091684e-03
-2.200337104311100682e-03
-1.992704488900682615e-03
-1.943453433189589602e-03
-1.383049627804433567e-03
-1.148453932260658228e-03
-8.227242769273940401e-04
-7.092768532291464107e-04
beta5
8.971375322004360755e-19
1.412914521087751003e-18
2.887747923846940056e-20
1.234126923230555334e-20
2.686817228918828564e-20
1.285795055757157997e-19
3.652591053180423951e-17
2.660547566855077078e-17
1.644372319531602608e-17
4.611917982375260186e-17
1.201548056330775936e-18
1.735086786946311314e-18
8.927982450410095239e-19
4.819387415322829941e-20
2.383115583759442466e-19
4.822794322614606823e-20
1.083557007396772520e-20
1.846689205645399554e-20
1.396742642536987876e-23
9.149515715647734315e-23
1.540015824971808957e-34
9.820156207165632649e-23
7.316638434024088815e-22
2.457135730277436372e-43
-1.554283451880859026e-36
1.246532446232226039e-34
7.667487604195313957e-30
1.260617589216126613e-24
-5.746795751281930529e-20
-5.113343194911613160e-21
-2.556367405743509052e-22
6.930492925756383432e-24
2.804887730929368591e-22
7.359494882451456080e-21
8.510615924826407280e-20
6.036963797507601013e-19
3.135699178657537659e-18
2.170544813145556714e-16
2.284613230737835086e-15
1.155777868950682647e-17
1.310066425557311978e-17
9.261853095853198822e-17
1.337030391097210491e-18
1.593892912560194075e-17
6.731494893075931012e-18
3.205481505472402427e-19
2.928792969985680229e-21
5.929039514353786067e-21
5.903659331073243671e-20
2.764361584066918267e-21
1.450920925284742356e-21
1.136145818178877866e-18
1.072314509594986900e-14
2.554771145887224848e-15
6.744756624111914933e-14
1.511219355770465232e-11
5.838824099908130343e-11
7.373568733077694765e-10
3.876914567117676225e-09
1.276382179904329328e-08
5.663627823458298648e-09
2.407634548541194292e-09
6.189158215728667297e-10
3.851425763641816853e-10
1.233030494839922419e-09
9.903586499717210102e-11
3.621720498614254651e-10
1.150200513490054312e-10
3.572261604704627702e-11
6.947154800136405519e-11
1.502786781428846567e-12
2.646697513552543304e-13
6.453457794234042717e-14
6.656876799670852672e-14
2.022874478734653167e-13
9.357028350326630240e-14
1.800525521338614109e-13
5.912919633332906821e-13
9.046813268679907115e-13
1.680275950164625572e-12
7.705231573270683586e-13
1.112274259138563904e-10
1.081741215121211210e-11
1.220281403098149375e-11
2.987467574358938464e-12
1.259485544550747962e-12
1.772047045119728010e-13
1.127857903989763319e-14
4.625714612799227896e-15
6.077334703204051288e-14
4.064354494319219197e-15
5.425306838424238246e-14
1.328051503766787788e-14
2.850079305326059488e-14
4.436465617157118300e-13
9.099856569014894291e-12
7.222342126105176423e-12
7.829816839838581809e-12
3.253545460040583034e-12
2.006158027358591373e-11
5.012348473028205702e-11
3.176277194945056576e-11
7.626854743923592326e-11
1.826578571005324197e-10
5.918214840535928592e-11
3.311778356149638183e-11
3.912334427268420006e-11
2.429013423082605281e-11
8.350152913247239325e-12
3.691015448772178373e-11
2.169525630989118512e-11
1.574394847792330243e-11
1.790878109968370053e-11
2.325407394090208434e-11
3.232917851507015208e-11
1.228885210843227602e-10
3.094444620823599150e-11
7.345152405973884481e-11
9.063606636426465439e-12
7.706922894359548400e-12
6.735926199051560469e-12
1.743406953021334133e-12
9.484282552243176810e-13
4.996644952581744018e-13
1.934552780201132016e-12
1.167889215556180952e-11
1.395966852603430008e-11
2.296118237774707072e-12
1.859399522494941335e-12
1.136133085484427512e-12
5.505085399252553956e-13
1.499758010338002796e-13
6.863272342863081878e-14
6.015603624845940344e-14
8.437004304858848169e-13
1.053855811452216943e-13
2.049064663809942707e-13
9.572271014918625365e-13
3.201862569169202370e-12
4.183679976673973834e-12
9.481505569913590810e-13
7.711160840689273824e-14
3.676545496152809553e-16
1.220763010807497242e-16
8.242228191459300235e-17
7.919614926280803017e-17
6.336433544353486631e-18
1.976256809077298813e-19
1.005518931416129423e-17
7.015197521090302431e-20
-1.263948040444168399e-22
-4.204340813668174589e-18
-5.103490783389453650e-14
-1.143629176048209869e-11
-1.743364637212067523e-11
-4.832415169748733226e-11
-8.087671438075438888e-11
-5.720893865218368477e-10
-1.634189204240523081e-09
-3.907783362614885833e-10
-4.031527779144089203e-10
-9.059085590390518473e-11
-5.802333404235159808e-12
-6.212671866400253005e-12
-8.736502239942250114e-14
-4.304894466610951403e-15
-4.154870367745304915e-16
-1.777475348903754431e-17
-1.305658772883965105e-18
-2.067801970296126220e-20
4.021007445982669244e-44
-7.043501508227998813e-22
3.654932055712256960e-25
7.754256322629986987e-20
1.118642683550948415e-19
4.857665617335136815e-20
4.085339065260310622e-19
7.879182985524414184e-18
5.316996264043859007e-18
5.276471214742060769e-18
4.129674936322978579e-18
6.644088351733054548e-19
3.104442805193078382e-20
