beta2
7.643033543362878594e-03
7.674953264666517852e-03
7.865714375503568556e-03
7.783949868641641331e-03
7.930781646495816545e-03
8.035734821276063755e-03
7.987530107056130951e-03
8.024411302913408289e-03
7.690478500583068644e-03
7.414252875548578599e-03
7.085203315732827890e-03
6.887727623650776593e-03
7.102247591781078902e-03
7.232816869404857553e-03
7.591704072166381712e-03
7.908648828535763328e-03
7.910829916649406851e-03
8.079894303985833692e-03
7.806954785716430784e-03
7.817079287696336587e-03
8.265107313747185186e-03
8.680769201571004318e-03
8.979109711089963697e-03
9.261402529835587039e-03
9.595428485263055030e-03
9.510010734161411516e-03
9.229281216476254227e-03
8.966794741699739973e-03
8.847877687418360601e-03
8.883525159571267413e-03
8.955500140683868987e-03
8.851355932323216880e-03
9.410329952971387829e-03
9.116267328146784865e-03
9.045049487294157600e-03
8.976551610404226444e-03
8.666543986893645440e-03
8.556618772732726974e-03
8.687187990816509428e-03
8.812879345138946094e-03
8.996557525014929613e-03
9.227163285924391833e-03
9.500435954031008490e-03
9.683865518155554755e-03
1.010243680808275459e-02
1.034169305878082645e-02
1.054085256127012052e-02
1.050322316798492708e-02
1.069936633387561821e-02
1.083628125976195643e-02
1.092739411741199679e-02
1.102762183725924938e-02
1.117645342111859424e-02
1.164842409571539839e-02
1.213690274478069868e-02
1.252444351078639030e-02
1.322099852508647894e-02
1.404380705095801228e-02
1.412735370532440179e-02
1.404977257812374536e-02
1.390450780028162567e-02
1.394437125693409260e-02
1.391986082062096272e-02
1.417697155046193300e-02
1.446361875991401293e-02
1.455402746318000366e-02
1.463342849617455151e-02
1.455037864183281529e-02
1.418485190921640188e-02
1.357020565102478801e-02
1.345277150995573268e-02
1.327958300303548091e-02
1.296063757466497240e-02
1.283535085821512801e-02
1.269116687695648685e-02
1.267557319279589631e-02
1.261672148425676404e-02
1.180987346967047637e-02
1.137662651214423060e-02
1.093663097260270077e-02
1.071263923926193788e-02
1.135372484641927748e-02
1.140400506441788600e-02
1.114428000360286920e-02
1.110641968550118638e-02
1.100771315136045599e-02
1.094539290120963987e-02
1.060793549844876726e-02
1.051572734316869387e-02
1.034506678944474740e-02
1.038626445523625590e-02
1.026460795443601484e-02
9.986946440412088760e-03
1.038823579698271160e-02
1.092079170432441737e-02
1.132287848524793882e-02
1.148847399505712602e-02
1.161420835144923516e-02
1.154426092269737053e-02
1.148092829126122136e-02
1.143433846414459477e-02
1.118260206174405587e-02
1.105619106022153603e-02
1.091564655902835419e-02
1.088340408946108367e-02
1.059568570455391226e-02
1.060756386014947636e-02
1.034058147788482693e-02
9.985685149267869987e-03
9.886017231749442968e-03
1.002009394554565641e-02
1.013422629825215006e-02
9.939247558392011461e-03
9.784807353281750608e-03
9.403526961877772469e-03
8.993237343044304180e-03
8.604607471976740904e-03
8.332624734689016502e-03
8.500014501149625451e-03
8.641400611576336918e-03
8.791681897194331824e-03
8.914463535258081855e-03
9.027157753771792442e-03
9.093605582565585446e-03
9.289562674313515955e-03
9.541033467802224888e-03
9.731061634247020406e-03
9.871752285573891922e-03
9.916256239253566640e-03
1.013310755592033464e-02
1.001276157755045387e-02
9.989642128216930095e-03
9.909318152735692442e-03
9.986623174912582709e-03
1.006628081341601720e-02
9.676433471269677705e-03
beta3
2.284708149083284658e-03
2.488141085187529477e-03
3.111564616941308627e-03
2.143155158880507161e-03
2.281467988353495097e-03
2.261960233859265212e-03
1.934275630600164157e-03
1.966621888902165410e-03
2.353354698904577651e-03
2.435762601083265796e-03
2.806060915090016327e-03
2.490342828474476945e-03
2.080872131634389256e-03
1.769958504451198122e-03
1.633935604407299805e-03
1.624441522468778867e-03
1.384963243229881021e-03
1.252240678090821291e-03
1.383650445129447782e-03
8.949709887291216115e-04
8.023271066077189949e-04
6.655332644965527514e-04
6.685257842416051418e-04
6.616935662117949882e-04
7.213642832523271386e-04
7.558235514703716233e-04
8.606476825581996053e-04
8.683689812819100082e-04
1.158459889268383027e-03
1.056100315566367662e-03
1.126113802208713070e-03
1.117542750116164293e-03
8.760488797575079851e-04
1.109471802422655560e-03
1.325871683395851361e-03
1.480898565848403313e-03
1.831194243471884545e-03
2.697836519030384975e-03
2.961545023109279137e-03
3.320192856995610783e-03
3.514943481758865847e-03
3.738491853044917726e-03
3.993478678862609314e-03
3.987063200247636073e-03
3.644999601330966253e-03
4.011419351503267040e-03
4.256819703931778547e-03
4.008148979740258112e-03
3.525922237408291287e-03
2.063214799085939626e-03
1.438292455748235894e-03
9.311402415969527360e-04
4.904628848406856340e-04
7.354148704886078348e-04
9.544029006957621426e-04
1.238841272691359368e-03
1.437145841042351564e-03
1.819808979972467773e-03
2.239535546607138421e-03
2.092878209205694708e-03
1.505231676379029495e-03
1.010500239939207939e-03
7.305724701434281737e-04
3.774581318189276845e-04
3.132484747207763811e-04
5.327664278407894362e-04
6.604311157123515449e-04
7.447404221863214132e-04
9.511375882605678728e-04
7.153893140927833350e-04
6.197044186735892884e-04
4.354995347484214322e-04
4.376880868766512057e-04
4.872428742765551584e-04
5.111619705479917945e-04
5.228834676523342034e-04
3.503860391278600800e-04
4.322251186555869321e-04
7.302178535591743146e-04
1.098155060267728706e-03
1.439254697825031537e-03
1.358425582010022335e-03
1.085144273937662610e-03
8.202830621234833254e-04
6.131832634757850269e-04
3.771137994666876677e-04
2.397198625487561067e-04
8.719742990316575867e-05
3.192551604567868601e-05
9.191785568766190460e-08
5.986532091286040307e-07
-2.677701764053650904e-06
-2.148023691420657995e-05
-1.085229346202356917e-05
-2.828151851082678271e-06
-5.064976652268875581e-07
-1.405253660648370467e-05
-3.109982178356853009e-05
-1.015244565319657337e-05
-2.597383656548377504e-07
2.026356858868026638e-07
-2.505938100851385517e-09
-1.393214792218258829e-07
-2.097130507310799707e-06
-2.568748282408746004e-06
-2.197995204552592534e-05
-9.670631556204025580e-06
-2.084930285430267535e-06
-1.771322815995459963e-06
-4.448004246928496304e-06
-1.222920636211674459e-06
-1.858338727396026063e-06
-1.301713348810216466e-05
-5.050514598248050193e-06
-4.806385471640014465e-06
-7.492598047336066530e-06
-2.351467382763880638e-05
-2.756169767539947009e-05
-2.029316155117705521e-05
-2.095433223278957477e-05
-1.391692062416600571e-05
-1.532513156067751302e-05
-2.145751323160924475e-05
-2.949047835855796222e-05
-1.646996198716308278e-05
-9.832169158959077406e-06
-2.576232970072122778e-05
-3.451134944026645879e-05
-3.189160239878197675e-05
-2.442195046024275243e-05
-3.539028177750471566e-05
-4.754418141892772273e-05
-5.178275746149612723e-05
-1.227892637090352329e-04
-1.650712847292110260e-04
-1.401985738973731885e-04
beta4
-1.562033352236134025e-12
-3.317857019306158860e-12
-3.885458761263558025e-12
-3.285282222665308959e-12
-5.305499044340763684e-13
-1.047540244046202893e-12
-5.943172750357292932e-13
-2.059410696156624440e-12
-1.451334960989235970e-13
-1.297812906915143950e-13
-2.433424531302118246e-14
-3.336359534710862686e-16
-1.429210670039750586e-15
-1.731606560500645522e-16
-2.146587790758432807e-16
-2.224300443908585095e-16
-1.243284992914454206e-17
-5.401897425830221668e-18
-2.053959648028841118e-18
-2.331403681628867318e-17
-2.070478202610925651e-17
-3.697930562275134571e-19
-2.212523051984192211e-24
-1.873385998523844392e-24
-1.336403951007085131e-24
-4.650462248833554520e-32
-1.719291293235569256e-32
2.054563780433380289e-48
8.188607092260176793e-22
2.211351889205507324e-48
3.292176618094899608e-38
-8.335517988322998868e-41
-3.975771486891668824e-25
-1.950681440528610354e-36
3.171286924781679436e-55
-6.648390977794454683e-27
-4.570082098623828067e-29
-1.920774280635967029e-22
-3.426635000976044781e-22
-1.350084104406493824e-24
-7.562281876794332146e-27
-3.257530934628510787e-20
-1.184173023647772177e-20
-3.899047349908268622e-18
-1.039766456720879223e-18
-5.594929986882234009e-18
-2.633074413575032023e-22
-2.361199895089899701e-25
-5.421600510854148422e-25
-1.690741799112651934e-30
-1.111754560595988199e-48
1.170248582669951516e-38
2.352045303871789179e-19
3.323100279127001530e-22
5.570497826246841986e-23
6.466210442040928830e-22
4.134129985191513552e-67
-8.867975014494098629e-49
-1.506431177587416249e-48
-1.488644008440811659e-48
-6.051154379935318784e-33
-6.887226019029050653e-45
-2.371657082859567781e-24
-6.540803827000938281e-19
-3.285485762594446105e-19
-4.510551864798569774e-17
-1.063298480487250360e-16
-7.201696223730568428e-17
-4.077276530464700303e-17
-5.548390657526477817e-16
-9.203863435131889068e-16
-9.003472242510597666e-18
-1.521591660531809709e-21
-2.703216940875803714e-20
-1.494779150262614743e-21
-1.031568050900333032e-30
1.199354240528929174e-30
4.112636381647308014e-32
5.516045635094182127e-19
3.068691618852732002e-19
6.538895458751846667e-17
1.682606769657704038e-18
3.612525566451957574e-18
1.501954912586290538e-18
1.861354401618842156e-18
4.412833160467179303e-19
7.587117966472413063e-19
1.201000197146178976e-19
3.232755224504319585e-19
1.635781527246206585e-18
1.036412017277082315e-18
1.170864470146246660e-18
3.164859915740225375e-22
5.580372121474359517e-21
3.667661105083141875e-20
3.837815334397251059e-26
8.222786379650781393e-22
-1.265261318490442916e-45
-2.177032333552818540e-45
-3.551175568762248501e-27
1.683100934076581418e-48
-8.309742761160718713e-23
-1.529416697008939056e-21
-2.864421960874900153e-19
-2.137298805125126216e-17
-8.526230446363540871e-17
-6.169237070715216177e-17
-3.057282793767738072e-16
-6.517016494207302845e-16
-4.231774150458080952e-16
-2.350889992621528585e-15
-9.829664408513257182e-15
-2.243907521495372092e-15
-2.038060836824679920e-15
-3.569722578880740562e-16
-7.150055715955518323e-17
-1.090143701665755766e-18
-3.718676820628213249e-21
-7.867157278134318393e-21
-1.879283853586549893e-21
-7.279389018705042160e-18
-2.532531500461400368e-19
-2.408007891129494594e-19
-2.796873938961230045e-18
-1.422608327583186262e-18
-1.859941490018609853e-17
-2.634286372619277167e-17
-2.496428286205618404e-18
-3.850486275811766377e-17
-3.556902379704092199e-16
-2.621429398763816691e-16
-8.239225538328848944e-17
-1.442665579968729690e-16
-2.267666887468401580e-16
-7.614587570307247211e-17
-1.232348554432508748e-17
beta5
-1.927747916744152719e-10
-2.400216374438678537e-10
-3.446259771568411222e-10
-4.950728957502714273e-10
-4.678495953857169538e-10
-3.513788199602798175e-10
-1.387418788677953560e-09
-5.810656097328860373e-10
-5.198130275795388963e-09
-4.192281523523303515e-09
-1.764687885973265280e-09
-1.652912130089656462e-09
-2.149648576939514656e-09
-8.191176597330197220e-09
-8.995943327638165677e-09
-1.411166215004317046e-08
-9.629098466625045384e-09
-1.005178224588817668e-08
-3.523919244440038569e-08
-3.295879363123077105e-08
-1.625306701841413715e-08
-2.712605280849153289e-08
-2.123232386831187556e-08
-3.764005643882578305e-08
-8.890451842818615260e-08
-4.362083305093357377e-08
-5.653091653951781918e-08
-8.933446524546149622e-08
-1.374805547672978007e-07
-7.622233415685090076e-08
-9.873508086219084277e-08
-1.042618778730203561e-07
-1.068758696245408027e-07
-4.522580271758237153e-08
-2.370241747037442230e-08
-1.956085919986441555e-08
-2.332545793155319900e-08
-1.259529794865191676e-08
-7.892709437549053216e-09
-9.165664258590965986e-09
-1.001271909628108185e-08
-3.408135008328587771e-09
-3.309117021936619865e-09
-6.251869749950253941e-10
-5.738696676366866558e-10
-1.677816630310028104e-09
-2.225428469478751563e-09
-1.673135399061257182e-09
-7.495461082701679763e-09
-2.035105828598233110e-08
-5.975451787411745070e-08
-1.581792166282029043e-07
-2.673280266688695575e-07
-2.070719305546433418e-07
-2.686931305991144812e-07
-2.828252402825659992e-07
-2.597252183535419450e-07
-1.908284140275118281e-07
-3.053868740381031945e-07
-6.107860406771432449e-07
-5.155395625477295362e-07
-6.035940555767220352e-07
-1.020361834522089346e-06
-1.330849187246502944e-06
-1.988994671930551006e-06
-2.134158170194025946e-06
-2.302354319617945439e-06
-3.174133249311573064e-06
-2.743049933242808357e-06
-2.079104539956784465e-06
-2.308669365962075439e-06
-2.508398750599130445e-06
-1.513445553023022307e-06
-2.719475898713674379e-06
-2.136105768585500019e-06
-3.105014907560604410e-06
-2.175396123881098048e-06
-2.264265299964153125e-06
-2.115401036607361642e-06
-2.740327835508617566e-06
-3.215167563236683357e-06
-4.310332029998284318e-06
-4.328554337554261304e-06
-2.977742956468045694e-06
-1.650054419501312662e-06
-2.688614736344645490e-06
-2.356232319854998886e-06
-1.418214852936634756e-06
-1.888396947919359011e-06
-1.278947661761572974e-06
-1.692871074126253036e-06
-1.798191724625329105e-06
-2.041630147395723895e-06
-2.014725006489607733e-06
-1.553389174897980639e-06
-1.013699563269172599e-06
-9.549387792594346686e-07
-9.411455144182186130e-07
-1.673705492395245878e-06
-1.720404135037062288e-06
-1.053493105032573955e-06
-1.278393573639599441e-06
-9.938398064105597235e-07
-1.854251318515632353e-06
-2.882282700159608376e-06
-3.255707322315249677e-06
-3.391730531822650222e-06
-2.135689834831972610e-06
-3.538454208728686346e-06
-2.622219846133940746e-06
-1.376340677390025978e-06
-1.301148860217818250e-06
-1.352680911109412605e-06
-1.520358175985537539e-06
-1.383705523749787854e-06
-1.561757363246700086e-06
-8.648180769742312428e-07
-6.405997240183033334e-07
-3.188151568353997403e-07
-2.734815827050793367e-07
-1.995397092457928167e-07
-1.970354946757418509e-07
-1.574782419331870007e-07
-9.690489727129923012e-08
-9.887518740615373454e-08
-4.598432082428865624e-08
-5.104430895694838536e-08
-8.455383558781830088e-08
-6.109444330933145264e-08
-7.631548786185064898e-08
-4.857388679785451753e-08
-4.783467871754019251e-08
-2.607338386109511455e-08
-3.480014765893407225e-08
-2.387706849592095700e-08
-1.494615117972582521e-08
