5.094551337100296576e-03
4.318953826662813231e-03
4.121176608990890534e-03
4.398996857685850796e-03
4.426954745005908833e-03
4.634095200870790889e-03
4.657255603415733081e-03
5.289486329490534176e-03
5.731107494616044344e-03
5.753633703235863824e-03
5.713381741489755028e-03
5.499447046468621675e-03
5.306027807988642625e-03
4.871152294979429025e-03
4.616474949576769397e-03
4.442341888522959893e-03
4.352249592593999787e-03
4.236755475384633603e-03
4.148984274806085532e-03
3.866934888104662984e-03
3.558975223540033084e-03
3.249193749805899274e-03
3.069228771772862865e-03
2.927504308255149748e-03
2.813138893714362248e-03
2.666268712175935696e-03
2.648329359546746156e-03
2.681591328416596531e-03
2.638712989675949788e-03
2.467000191395761228e-03
2.245227778593658109e-03
2.080770115999715491e-03
1.915195654043595286e-03
1.787690695773712715e-03
1.692443784920998062e-03
1.667057629190069404e-03
1.634486838155667582e-03
1.662846463348735841e-03
1.509434853992021666e-03
1.458271898988715417e-03
1.392174033747376784e-03
1.371545368960970556e-03
1.444096991756900527e-03
1.356045908527018324e-03
1.370255113257497041e-03
1.342793317070697066e-03
1.226483881940375114e-03
1.050894306309877553e-03
8.087762543505608867e-04
7.520777517281978944e-04
7.031242450855126067e-04
5.654282206915893332e-04
4.426335057576691995e-04
1.503735688644645487e-05
-5.264976880219688357e-04
-6.968999875144268495e-04
-4.070740095797738766e-04
8.431981374492325510e-05
5.388069215189059602e-04
9.452172062262344807e-04
1.457823881936420830e-03
1.509707130693907625e-03
1.113696984726870532e-03
6.174364758448283455e-04
2.787356737346199671e-04
3.541180016846279689e-04
4.294144226562607715e-04
6.512535503678671322e-04
7.844635114083897036e-04
7.901213417456088824e-04
7.373185024873636119e-04
6.217029740528118428e-04
5.789946074709213233e-04
4.272295910397477955e-04
2.576537024548665130e-04
6.473904755737235159e-05
-1.095061523477685472e-04
-2.165088772307801983e-04
-3.684585098200693007e-04
-5.033398956750578844e-04
-6.207969281126197005e-04
-6.514283691093995235e-04
-6.638527903839597103e-04
-6.782339053132043763e-04
-6.406460525410778576e-04
-4.560007488270843498e-04
-4.227241699897708762e-04
-3.603476237544475723e-04
-3.402666447065939219e-04
-3.345161249082574911e-04
-3.966244777620481742e-04
-5.628384988656745394e-04
-5.348686480988779253e-04
-5.222409086221871345e-04
-2.488851048434343491e-04
-1.186996717915944090e-04
9.476701407658528434e-05
2.844654117579456867e-04
4.146875833426310991e-04
5.134460807943371256e-04
3.699632555993720255e-04
2.852424659686857871e-04
2.089009080351332049e-04
2.676210116325397102e-05
-1.509969838444332791e-04
-2.645624987775257162e-04
-2.629898270824742711e-04
-1.198239278105885791e-04
-5.128123351865033179e-05
1.048802412313973510e-04
3.208182352436096435e-04
4.913758559735207461e-04
5.853716666340158959e-04
1.058319940999673421e-03
1.261633119730572314e-03
1.250293675910534551e-03
1.180976387412000297e-03
1.082202490374835130e-03
9.395230178433724468e-04
3.701631215872354646e-04
6.523463912909569569e-05
5.286366312543447880e-05
9.340646259564768037e-05
2.078164647361612199e-04
3.244023374865741163e-04
4.150845938410113842e-04
5.113252949443719596e-04
6.093047908381971946e-04
7.398269099210475408e-04
7.917542781867916183e-04
8.513553145760797405e-04
9.130196839122954426e-04
1.041050243145754360e-03
1.141409001258628531e-03
1.214195478275649281e-03
1.561159377266940458e-03
1.896669457009250237e-03
2.340736927639234903e-03
2.722739403306747435e-03
3.070924150956569343e-03
3.492832092990821174e-03
3.647061910570989756e-03
3.593611622941417227e-03
3.459587658314619910e-03
4.019951862677678331e-03
4.248837678624254981e-03
4.372189284923325668e-03
4.793228423646612654e-03
5.212629062893788141e-03
5.537522247073493192e-03
4.898751970950097900e-03
4.433363418088556891e-03
3.841970067467688228e-03
3.027634915494670492e-03
2.314590040987535031e-03
1.724580062214009848e-03
1.401634716659946140e-03
1.179289411407845106e-03
1.110298922714878043e-03
8.829359593021660806e-04
7.196808984260145677e-04
4.895017481169791065e-04
2.927447023800494683e-04
1.709565557958687141e-04
1.868579999702592830e-05
-5.404879564894829176e-05
-1.067207329716541643e-04
-2.098645765317684337e-04
-3.582052323863379865e-04
-6.066202547670135727e-04
-9.277150918589070544e-04
-1.210359737558950590e-03
-1.387462761669148005e-03
-1.485080858953297112e-03
-1.502427490731213233e-03
-1.426313782712162678e-03
-1.274306760062874190e-03
-1.051362247927543859e-03
-9.037391880002333027e-04
-7.603390885169534910e-04
-6.246929633616085187e-04
-6.034068066776904823e-04
-5.102660085535630193e-04
-4.562948528499966168e-04
-3.332864025321936874e-04
-1.669207566256922291e-04
-1.310827843125624090e-04
2.744844956879781767e-06
7.801876494213442592e-05
1.142523514022307897e-04
5.386194553688371890e-05
-5.601816840657763502e-05
-6.854739169240975502e-05
-2.383649091320119652e-05
1.484071322115688623e-05
1.373409157853482939e-05
6.207044273875014187e-05
1.430431766765419190e-04
1.967584025115931502e-04
1.923699015696550736e-04
1.370504969771717339e-04
2.034886890076714608e-04
2.080623810158247541e-04
1.920527442274319976e-04
7.472110894878172338e-05
-1.084705017382320264e-04
-2.670629141451875922e-04
-7.010401461547888973e-04
-1.113314191727213980e-03
-1.645650508009504709e-03
-1.914318080532592453e-03
-1.905773178987812564e-03
-1.834752238923501033e-03
-1.582431356802042150e-03
-1.357952174749540953e-03
-1.081661720513207945e-03
-9.305398325718203809e-04
-1.008778599394043185e-03
-1.031522692481259829e-03
-9.989166221672492272e-04
-1.057130702361776904e-03
-1.048756959619793214e-03
-1.124910445279638047e-03
-1.058808521292287389e-03
-1.049182576758161262e-03
-1.090322964240586371e-03
-9.413798224395868120e-04
-8.145849534776867032e-04
-6.336894128237749446e-04
-5.657986307361201860e-04
-5.301799267419919377e-04
-4.479015653662691610e-04
-3.638675956213409629e-04
-2.837945896219430404e-04
-2.401472295356655835e-04
-2.281639230324922945e-04
-1.747047021509851408e-04
-2.065140269020312839e-04
-1.797475626301294285e-04
