-7.666715604641726328e-47
-2.768292346680783888e-30
-2.914976754356238379e-48
-1.042514942376814634e-40
-6.762575432140898902e-53
-6.815345100777434727e-37
-3.819563521476230632e-41
-9.985258154172942164e-43
-1.345249993925431783e-41
-1.998465655337198908e-29
-3.156704319252883678e-29
-2.206513989251935536e-15
-3.953293975454037636e-15
-2.825501369176471716e-09
-6.362394247601125454e-10
-2.236600980307020991e-11
-1.372790588874508359e-11
-2.645239221158733413e-07
-7.269576607087168290e-09
-5.065159659368368655e-09
-1.234285410563332341e-10
-1.953566075177975180e-13
-1.711759609262862834e-16
-6.495010199478266101e-15
-2.199286377572036807e-19
-9.923450769014725707e-21
-1.405438037956527582e-19
-2.142429897918700559e-25
-1.428255207090559213e-37
-3.923544252899413268e-66
3.942241386581995355e-59
8.345259317472251849e-31
-1.522488270968057411e-105
-1.222126181285439641e-31
-1.899638084429846717e-49
-3.771498910506097507e-33
-2.876838422866535859e-28
-1.132144346770407551e-28
-1.393417175493712697e-32
-1.281286326272606995e-73
-5.321376644458903629e-110
3.751740564969763056e-54
1.444025768412293769e-41
1.998210034821318106e-40
3.118744933327545223e-33
3.212485596275385579e-63
-3.915319561271081487e-47
-6.124270517308642566e-58
1.128299182388415636e-37
5.240731820209414798e-27
8.256786779092787697e-43
-4.796509997199432590e-40
-3.812159179506929032e-29
-3.091242548389615921e-35
-6.552685028404016126e-55
-7.825840241096602900e-54
-1.487191331066506723e-61
-1.557294697761118272e-29
-8.330509678237128271e-24
-7.050333105484905036e-23
-4.536451123718382283e-19
-2.237103386219720374e-21
-2.505789511518642938e-19
-1.373425531535123450e-15
-9.766096118660071510e-20
-3.119362836048118760e-17
-8.255364804162111202e-20
-2.689818384137553102e-17
-5.431874505426917736e-21
-3.017350038830177855e-16
-7.990833513052979149e-16
-4.760309229697797424e-22
-1.622760688375589850e-14
-1.778030975575060774e-13
-4.450864519709552344e-14
-9.671539483425851202e-14
-4.715634031798730082e-14
-4.110114873146951092e-11
-1.463261765958956559e-11
-1.533641999508111687e-13
-9.817964420602049947e-13
-1.537638656990731436e-15
-6.058106250867803923e-12
-7.602432794661734612e-23
-1.032592599020493533e-32
-4.123780855181492148e-27
-4.374420602177615669e-24
