1.794286615552256273e-03
1.751477468755047347e-03
1.661677267240650692e-03
1.536678781554103208e-03
1.444817373881556941e-03
1.399167588432476128e-03
1.325529555852155523e-03
1.394376255455079521e-03
1.410858915127390393e-03
1.356522840086902149e-03
1.267837753653836127e-03
1.247242918675934989e-03
1.184360735461087184e-03
1.167954856526811844e-03
1.203417539354665342e-03
1.265626753864606971e-03
1.352376018603975534e-03
1.452837255312456298e-03
1.601519292602040937e-03
1.686541727416926992e-03
1.798218642095052991e-03
1.967735768644754153e-03
2.161751949215954920e-03
2.335807527473386224e-03
2.639975887450619202e-03
2.892654277325804393e-03
3.497670085379855562e-03
4.433804774286355041e-03
5.477058935537047930e-03
6.748521394620401841e-03
7.605781402994994840e-03
8.294539381821288207e-03
8.514635833863025069e-03
8.625743057198067415e-03
8.735425391970443737e-03
8.845578269578770539e-03
8.753991366700476437e-03
8.699833176996895137e-03
8.239927165021745589e-03
7.727226275632985419e-03
7.002539927619515388e-03
6.110387497402593182e-03
5.574123623755112937e-03
5.096129261237581504e-03
5.042180781494509136e-03
5.198167995867793677e-03
5.453671548739218340e-03
5.787944697527529388e-03
6.519466491154209120e-03
6.702954626693018343e-03
6.881709070464875865e-03
6.572729627727404156e-03
6.362304732509528778e-03
6.031492535516431823e-03
5.681049361671985411e-03
5.357705860450145095e-03
5.132302765765196957e-03
4.779464976498123442e-03
4.269721444116247010e-03
3.611874986231924847e-03
2.666963389533717841e-03
2.266146759696073109e-03
1.886238968762381880e-03
1.652918686805419576e-03
1.403021313662527331e-03
1.207204938384764774e-03
1.063381066718359531e-03
9.491307198820738344e-04
7.962534275471177397e-04
6.413148237925414856e-04
5.126046283122563359e-04
4.630589588379969805e-04
3.172868572890286771e-04
1.541219641726518581e-04
-1.894270549350452696e-05
-1.782785233118114494e-04
-3.406970982971903143e-04
-4.974287240905886582e-04
-6.262675626708000482e-04
-6.969677461926429909e-04
-8.264878168563640068e-04
-9.092518775873685783e-04
-9.859710372061931873e-04
-1.070590727766061344e-03
-1.048671123026464385e-03
-1.080041710910468631e-03
-1.108209903074793739e-03
-1.042146191700643295e-03
-9.977489637956922508e-04
-9.229232885657685835e-04
-8.295373119285514392e-04
-8.247872552548460171e-04
-7.879778255787181626e-04
-8.095633778869398530e-04
-7.876086482854757287e-04
-7.582003360847689539e-04
-8.649459116934311376e-04
-9.539790661560213977e-04
-1.014176129764769556e-03
-1.023959647604809472e-03
-1.024632629729315932e-03
-1.104987027142817491e-03
-1.251026753569615914e-03
-1.261378727821185547e-03
-1.239173785596886686e-03
-1.212056905008219174e-03
-1.143551136021270231e-03
-1.068975716394833650e-03
-8.751890083339702994e-04
-6.203682162889756014e-04
-3.933485999788874973e-04
-2.174023793770773908e-04
-2.628966312944678576e-05
2.764308014914099512e-04
5.836401658581117117e-04
7.644994365021865823e-04
9.622378200613334112e-04
1.172110542904209081e-03
1.311230793860752994e-03
1.385887809894985204e-03
1.393583251974369859e-03
1.441491290916166847e-03
1.512505831573576201e-03
1.555149443538076737e-03
1.538801489403041111e-03
1.444604072031861102e-03
1.376724165068897096e-03
1.355299323758249073e-03
1.274517458657544421e-03
1.213648488620022161e-03
1.197786201574498575e-03
1.248898665025569574e-03
1.366524320966168611e-03
1.404280261086080428e-03
1.488721576625216684e-03
1.855477768000278298e-03
2.390984935204591797e-03
2.846915550975772594e-03
2.969234406503562431e-03
3.215831632068739954e-03
3.476517512224790510e-03
3.418003675563711929e-03
3.276603900448454409e-03
3.025478247459606907e-03
2.690118118073018399e-03
2.114985985178069548e-03
1.635992223647939536e-03
8.710537006297027970e-04
-1.348711163816346118e-04
-1.502538739758163240e-03
-3.023574433023005267e-03
-4.695323505693334808e-03
-6.443203996806983087e-03
-8.071174083797465898e-03
-9.352503046764356134e-03
-1.034689618112131018e-02
-1.113961538673160535e-02
-1.190710716935895752e-02
-1.280627662280282159e-02
-1.379643417303449450e-02
-1.542288643092769307e-02
-1.618187204364431378e-02
-1.576085171438394369e-02
-1.469566778341301928e-02
-1.372529834126250126e-02
-1.244590525061617554e-02
-1.132022152943136344e-02
-1.041390075259278694e-02
-9.553599958585628701e-03
-8.460809550338477605e-03
-7.406410698262282620e-03
-6.244590297198288932e-03
-4.374982962870375795e-03
-2.983830674589122659e-03
-2.248101164047468931e-03
-2.065509671548061178e-03
-1.738281588876957988e-03
-1.456488066566352614e-03
-1.278121539155548016e-03
-1.082481184244351051e-03
-9.910999390142305812e-04
-9.352530900295363825e-04
-8.372457996206602920e-04
-9.261653455647998181e-04
-8.896315182835157079e-04
-8.479787632131126004e-04
-9.048226659522457188e-04
-1.107846605261892043e-03
-1.444806971706824464e-03
-1.474209742685539566e-03
-1.495358286831620321e-03
-1.413348965976769962e-03
-1.132744676674868247e-03
-7.645544497604774220e-04
-3.911184884188180087e-04
2.793008138739369530e-04
1.009369742510087464e-03
2.013322725218585820e-03
3.181544154665996715e-03
4.618114422719797087e-03
9.586429522665342040e-03
1.066392953809001259e-02
1.156302259401273402e-02
1.141559018343973712e-02
1.026102453987593789e-02
8.203965905389713417e-03
5.823497398817598265e-03
2.147641103236390837e-03
-2.726844411523327103e-03
-8.639873317231306499e-03
-1.748802768143495681e-02
-2.889739621764807545e-02
-4.531234642517581457e-02
-6.327570331116390279e-02
-8.319456444172870779e-02
-1.069789393559563706e-01
-1.312189793782742309e-01
-1.529940942076519761e-01
-1.734816154092520823e-01
-1.969411853416973834e-01
-2.173195801853639308e-01
-2.431593156922629839e-01
-2.685330015278112881e-01
-2.916668397409677427e-01
-2.799082991102079254e-01
-2.633829147770866963e-01
-2.445763249701363717e-01
-2.208035778833933593e-01
-1.958196073253257730e-01
-1.723103565948196358e-01
-1.498035917424903884e-01
-1.231450348487489466e-01
-9.849131738961809657e-02
-6.745277266780534686e-02
-3.416685052944733875e-02
-6.359435472939786163e-04
-4.782314194501899904e-04
-1.699782665281044348e-05
3.101826769732352203e-04
