1.635724600683325855e-03
1.126957929110971365e-03
8.746007433219741851e-04
1.298699005145975390e-03
1.594214282436258456e-03
1.647499857161285495e-03
1.707451144680361896e-03
2.159977119957393835e-03
1.706666433669694902e-03
1.656180198071645609e-03
1.654838742707115265e-03
2.142154476970612158e-03
3.362948030614040969e-03
3.745249018740393759e-03
4.235267194080022043e-03
4.292466857468247438e-03
4.507124590224074849e-03
5.847097134652693394e-03
5.558954180780751979e-03
5.347784509356813196e-03
5.047282589253089188e-03
4.198225897190296756e-03
4.507062054935081705e-03
4.087238865406476497e-03
3.832845384612420560e-03
3.176071288323082352e-03
3.791072973873478753e-03
3.478456978766044337e-03
3.228883402835143815e-03
3.166760042944650241e-03
3.913160052641456894e-03
4.482501275017506011e-03
6.271419852994519067e-03
7.351471264696365568e-03
8.867162330361581454e-03
9.268777976519062406e-03
9.586744452101513686e-03
9.076208288523002904e-03
8.770664703233814127e-03
9.835666843045856936e-03
1.060859662890894194e-02
1.066290826354901987e-02
1.140454175531857225e-02
1.325044451964143589e-02
1.245034333109378000e-02
1.307484228842301956e-02
1.519574657361161436e-02
1.515663290265109944e-02
1.255980171511666098e-02
1.124309271921602495e-02
1.029971205977989537e-02
8.431396323625980904e-03
5.985549211110221916e-03
4.058779853252249444e-03
2.761029188574451541e-03
1.774346283875732162e-03
1.929136046470515285e-03
2.101337650955323062e-03
1.675894398466167435e-03
1.159752822379118368e-03
6.295194258177451473e-04
8.733688910572642329e-04
4.458186183974431767e-04
4.152328419820372311e-04
-6.828542073601442919e-05
2.260280435319592313e-04
2.363866815454164537e-04
3.831251036831073492e-04
3.428069687848599211e-04
2.917740554522165104e-04
-1.356619965054298778e-04
-8.326120743056109161e-05
-3.412016985538008111e-04
-2.500959882823957899e-04
-2.711178413654142150e-04
-3.685674529627898724e-04
-5.476618789404896857e-04
1.491683106445096331e-04
7.771964576926565244e-04
7.073735274677065213e-04
-3.176981386263258520e-04
-7.332826729786866976e-04
-1.338825920039517963e-03
-1.341322647251021486e-03
-1.397626328440309791e-03
-1.711282423678110775e-03
-1.430342055233596154e-03
-1.482603789266424875e-03
-1.372004725820422013e-03
-9.543839516148182496e-04
-1.030015274095528403e-03
-1.695685020088504372e-03
-1.505642242487190011e-03
-1.678561110370651492e-03
-1.912317314328070266e-03
-2.253493128910356857e-03
-1.990792567568861610e-03
-1.646233966429861469e-03
-1.548416215889232214e-03
-1.397288346292187419e-03
-1.270775938961820435e-03
-9.900819788674919148e-04
-1.111360592530929309e-03
-5.228085609506365672e-04
-3.049266304931514088e-04
-1.113440874332515939e-04
1.624499054733294292e-04
5.517061006296133724e-04
8.996128940216063579e-04
1.284731551233761872e-03
1.720435552126817333e-03
2.043459789081377570e-03
2.007608993783804949e-03
3.035882556084004095e-03
3.154539683148891663e-03
3.030225731445617288e-03
3.140400762587974327e-03
2.152298584951616630e-03
1.566906404440014753e-03
1.165407286230672225e-03
2.448401176579418411e-04
3.025142628709818018e-04
4.260255770072993772e-04
5.813260766312170619e-04
4.611166112187498967e-04
4.327465537118785062e-04
4.172975007202459324e-04
4.695372452248225588e-04
8.973006567781979803e-04
1.270376783087865747e-03
1.074552873594182556e-03
1.405162000877726225e-03
1.279862745009871820e-03
1.477768782289500286e-03
1.537183143981681304e-03
2.413553678389162259e-03
2.620830548718092873e-03
2.549860672992491310e-03
1.875166620429903142e-03
1.996830924352281135e-03
2.194978987644337180e-03
2.299706148990221088e-03
1.729069550392490877e-03
1.564507957813726256e-03
1.717440531833828695e-03
1.833301380550097798e-03
1.617447905349267499e-03
1.126632852122830004e-03
5.363601804455953633e-04
-2.167909331140132386e-04
-4.158321977589005494e-04
-1.085105746039187729e-03
-1.635736039949128471e-03
-2.269960407716254541e-03
-1.989797025779027097e-03
-1.577494630818133438e-03
-1.326454933272668913e-03
-1.804866698015207722e-03
-1.877617705025283641e-03
-2.097545319929358752e-03
-2.921464490008807320e-03
-2.469853245605030823e-03
-2.368085017734705439e-03
-1.907614287665330326e-03
-2.213049959901923058e-03
-2.749481752611759172e-03
-3.144842382712777391e-03
-3.791547516837520844e-03
-3.356877188500161525e-03
-3.484419685882798358e-03
-3.650981713298648203e-03
-3.478597545565785629e-03
-2.708898354566832006e-03
-2.373010267094765192e-03
-1.642591386127381908e-03
-1.676852832688201971e-03
-1.448382415334923583e-03
-1.388837645157561026e-03
-1.489856734457200692e-03
-1.782486017414489565e-03
-2.014524716847668640e-03
-2.399494796377256087e-03
-2.731732853433988580e-03
-2.775307069257462473e-03
-1.594789498933370415e-03
-1.107470748145562150e-03
-1.287539600096525077e-03
-1.593099090248317447e-03
-1.354570861668824653e-03
-1.020799541802137628e-03
-1.192635511066214571e-03
-8.995417267071779532e-04
-6.696975790687732062e-04
-8.943091244907361119e-04
-8.427261021057662468e-04
-1.066054087451457624e-03
-1.240092188532037785e-03
-6.151965414064028198e-04
-2.026575857903423618e-04
-2.596842582244416556e-04
-2.712574199061105963e-04
-9.145795370078616535e-05
-3.660872077941857957e-04
-5.882828078420083246e-04
-5.568518981384874356e-04
-7.484812117899320057e-04
-4.827737863714533402e-04
-3.250315548290506895e-04
-5.272591071651653877e-04
-3.092784928606962273e-04
5.096886277224065145e-05
4.056939706390879513e-05
-4.125830363972266262e-05
-3.755940803036889194e-04
-4.549425795268710539e-04
-5.353750077488939095e-04
-5.089516514871771395e-04
-7.700501515255477394e-04
-5.818933235280775856e-04
-6.324738475425287134e-04
-1.265736671971414004e-03
-8.758952875886816172e-04
-8.113692863403553336e-04
-8.889894936259421735e-04
-7.734014864677759508e-04
-5.714356608735027526e-04
-3.324273932534609305e-04
-9.364792500203612834e-05
-1.544739562450973705e-04
-2.869165879237146649e-04
-1.724152990777388743e-04
-1.006687716357622641e-04
3.409796188253256068e-04
6.730405577176632511e-04
8.060831906283950953e-04
1.071658026303735304e-03
1.315027847490740425e-03
1.161685356596762076e-03
1.128802151765658131e-03
