2.834232407644253129e-10
1.856730266435490372e-08
2.664981291427823785e-08
1.061663990389621431e-07
9.068444215255939055e-08
5.157420426788280133e-07
5.703252480913302353e-07
7.262438574692693673e-07
8.018261285410596697e-07
2.114448783644125851e-06
2.193100154482946999e-06
1.995192659945930103e-06
2.467244330880489418e-06
2.904500061522683708e-06
2.934606648717906382e-06
1.787743271870153347e-06
2.265143829767305745e-06
8.557364194827639213e-06
8.736319406239776382e-06
8.580978583730300381e-06
9.659875308323621901e-06
9.551365787163785070e-06
9.693723102221226570e-06
1.395109090596925776e-05
1.748871327308456367e-05
1.908467506851908908e-05
2.270243292110140677e-05
2.878548623993431598e-05
3.380729934042025922e-05
2.449024605179753576e-05
2.492015580056537293e-05
2.390703225026563278e-05
2.021302501974471357e-05
1.572469070815502243e-05
1.346233536311849346e-05
2.042059646622650199e-05
1.680989779135755454e-05
1.838318240895872287e-05
2.172672138608679646e-05
8.025947200818044395e-05
2.612832632308616536e-04
3.983827751611396174e-04
5.806718786050663571e-04
6.152739076231795784e-04
7.211424311451053231e-04
7.062381014309393685e-04
6.978653839269113000e-04
4.039197813989135223e-03
8.630067888974220572e-03
1.148679399091097168e-02
1.446330546946137698e-02
1.587802635131578891e-02
1.656054526075589201e-02
1.439679781490995659e-02
1.155718674680555370e-02
8.889794849956342629e-03
5.825060528272289588e-03
4.388052635075694215e-03
3.538663114744310893e-03
2.215941189501169448e-03
2.815805086940539187e-04
5.515459135115153259e-05
3.307860403812054465e-05
1.008493131895905739e-05
9.271733083347906648e-07
6.868452106381026635e-07
4.850596023753906185e-07
4.298613767832602347e-07
5.749720189250789146e-07
5.561465201441388980e-07
4.920540618226997318e-07
4.916170733440213472e-07
4.482634721823294139e-07
1.150407197586157162e-06
1.019735845539583135e-06
1.069991503042044929e-06
1.065664658890001801e-06
9.142779823659058888e-07
9.095838250868095756e-07
1.577350155014271240e-07
1.150567650074925395e-07
2.940303598045577705e-08
1.313656471265809906e-08
1.195499234023414875e-08
1.270751102206626872e-08
7.645718786783110447e-09
7.236492086600626933e-09
4.301824262682561091e-09
3.623059234557515553e-09
1.471404435187254369e-09
6.528833275586046187e-10
2.029786892872572787e-10
1.471039606018877876e-10
1.470388880219020315e-10
1.469925635089745327e-10
9.160351061718720284e-13
1.690738927931896152e-15
1.660843033540101696e-15
6.230165626837094762e-16
1.302743540569164422e-17
1.383623469639257814e-17
4.404596439282216717e-15
4.492964658957781714e-15
3.006853273981179102e-14
6.095754424471150760e-12
6.217456368733013080e-12
6.188721134134005227e-11
2.241346360261555996e-10
3.850995986405225323e-10
6.374920088838695840e-10
9.101389388909653646e-09
8.191482709600964906e-07
8.712205350684677614e-07
1.437423398004374245e-06
2.982234463295339405e-06
3.031985821634419106e-05
3.174995807259464470e-05
3.098272802720329042e-05
3.237638779154098810e-05
3.190436577470284209e-05
3.038301967088903295e-05
3.048197058831995584e-06
1.620350923431239231e-06
1.600047778162441673e-06
1.585725316124511621e-07
6.433541505429500711e-08
4.097574420715903343e-08
5.085991414963233980e-08
4.284865383226576887e-08
2.567232194773717704e-08
1.645365660400873697e-07
2.691315699747007942e-06
2.691078706229684840e-06
2.678141719488553424e-06
2.675429873317342255e-06
2.670108916424467067e-06
2.526942125801849801e-06
6.888390710265127765e-11
3.967153233615115925e-11
4.213577054150603026e-11
5.181214416070980967e-11
3.547859048974467987e-11
2.557346900050831976e-11
1.370030177785939446e-11
1.365051286374420182e-11
1.044409568844036323e-11
1.902950351603646667e-13
3.799429782094680839e-18
-4.549603923131069886e-15
-3.109003472889317973e-12
-3.057012771173323963e-09
-3.182396047503811765e-09
-4.064482427339053233e-08
-9.172754582041852355e-05
-9.176110718781160965e-05
-9.215950914156396132e-05
-9.217665396060308351e-05
-9.239139585333707881e-05
-9.297579223055098740e-05
-1.347600704638279596e-06
-7.405736678372949993e-05
-7.384535365183600116e-05
-7.425518935263774939e-05
-7.406842891028788420e-05
-7.351994148198093000e-05
-7.346776518396793874e-05
-8.980605654134468608e-06
-9.252585329663695816e-06
-8.929636932769114123e-06
-9.188977392570050389e-06
-9.371785538630239575e-06
-9.601501785117309311e-06
-2.194582091398366864e-06
-1.850156728653376897e-06
-1.809598825843712238e-06
-1.644034941803451052e-06
-1.392545970726104070e-06
-1.183468242160344155e-06
-6.667779263868885320e-07
-1.202044372118177097e-06
-1.160445309942027767e-06
-1.142695586782270884e-06
-1.483603440208092763e-06
-1.549233131732856438e-06
-1.221454128408154381e-06
-5.999509971026402620e-07
-6.574859870243430333e-07
-2.115960679581393175e-06
-1.826978496734319506e-06
-1.776385564816922609e-06
-1.092300973680741131e-05
-1.103376102649321966e-05
-1.102344949046690568e-05
-9.462584194592608695e-06
-9.420716932136793573e-06
-9.526367978537038855e-06
-1.711723069911279466e-04
-1.710562470053308178e-04
-1.710019681641483235e-04
-1.710014530747513528e-04
-1.709914878518044214e-04
-1.708436535160348299e-04
-4.631771134576788396e-08
-2.468391579448658066e-08
-6.946465698011814504e-09
-1.336137660026044338e-08
-7.777366895826936924e-08
-7.825205638286348086e-08
-7.882784604733016959e-08
-7.806850881442193837e-08
-7.799276748331456861e-08
-7.035142675501493002e-08
-1.155454474539021505e-09
-1.331063657636736636e-09
-7.490199379466527621e-10
-7.766811358860019842e-10
-9.610020920688400214e-10
-2.630616143240754602e-09
-4.470713380910647194e-09
-3.993402696659523653e-09
-1.951108129387294706e-08
-1.952995893695921921e-08
-2.411830174772370554e-08
-2.332193268126333876e-08
-2.210484110812142044e-08
-2.414513654363971744e-08
-9.867839475542996875e-09
-1.007523699322781475e-08
-5.242201037284112552e-09
-4.369447082103771618e-09
-3.929337263742348512e-09
-1.690665343004896776e-09
