beta2
1.091294480655785604e-02
1.089946951634651259e-02
1.096896445383387965e-02
1.098770784668619618e-02
1.104361407522440677e-02
1.109345343716777038e-02
1.115725244779498457e-02
1.120859113640225446e-02
1.138335943073301784e-02
1.152649376739012244e-02
1.157851275438516805e-02
1.155600419990220583e-02
1.161178328896488726e-02
1.164283847371730407e-02
1.169524288249236370e-02
1.182219663482780327e-02
1.196167245458711406e-02
1.214601278936898628e-02
1.213431382416028763e-02
1.220955408675171612e-02
1.225241567208401952e-02
1.222086390622629387e-02
1.218850443496020952e-02
1.213706209881320469e-02
1.209303117322580237e-02
1.204185849924516508e-02
1.211103818311029534e-02
1.214636457020916785e-02
1.219997192402691791e-02
1.224467121792074606e-02
1.230764127081424887e-02
1.221816901826776672e-02
1.220268294136547110e-02
1.205053242148877712e-02
1.196429522078108765e-02
1.185801865618925713e-02
1.168665703290634739e-02
1.163626974209519549e-02
1.152371048695050720e-02
1.146232638237485238e-02
1.137319831326594199e-02
1.123144434653591470e-02
1.110079363898431107e-02
1.101174083594972340e-02
1.084611904164606636e-02
1.083776524671352381e-02
1.088823860888961034e-02
1.086614450341924672e-02
1.084466157990589437e-02
1.088115776912345310e-02
1.090650927856819802e-02
1.102302105563503568e-02
1.116662113189882850e-02
1.132961723835820660e-02
1.149477672041388995e-02
1.154390028410706877e-02
1.145814968109021975e-02
1.141896875499632744e-02
1.142262194120866221e-02
1.141416332139694526e-02
1.139110101639740844e-02
1.147810051458200351e-02
1.151080897001785334e-02
1.150101579649048800e-02
1.151294588608397368e-02
1.147895703311414828e-02
1.147592404093105561e-02
1.162148568560645787e-02
1.164049515112836920e-02
1.160638850080024029e-02
1.160197653455614583e-02
1.163378491532678430e-02
1.165494371741568683e-02
1.164353134061667412e-02
1.168205570725199156e-02
1.169174389338977806e-02
1.169108288799819081e-02
1.169320828261965865e-02
1.163002780460955718e-02
1.160402691750775546e-02
1.167370433482495251e-02
1.165205054621687095e-02
1.166862194589953980e-02
1.170523726854679966e-02
1.174278477022145176e-02
1.184246163317424425e-02
1.194194131683801174e-02
1.190305680661871493e-02
1.186913185685344041e-02
1.189495600378607555e-02
1.186136060693466013e-02
1.185990396882691603e-02
1.188519439144775439e-02
1.184975159378024237e-02
1.179483757455715778e-02
1.179242949855670297e-02
1.188592815176946031e-02
1.193241832882781586e-02
1.199225111704333574e-02
1.201337821254358680e-02
1.203650285736505496e-02
1.204404053269775808e-02
1.203878619242590778e-02
1.203059293478509623e-02
1.202636482844969719e-02
1.200982269220806503e-02
1.204993345813210048e-02
1.205550268291424171e-02
1.208025450731745228e-02
1.212597700873874543e-02
1.216595764076415162e-02
1.224693123217077649e-02
1.217062120898319486e-02
1.208655013120366745e-02
1.207697813582836108e-02
1.211588402364709161e-02
1.214104747912117359e-02
1.212311185699764017e-02
1.210317353951547922e-02
1.208761084962787537e-02
1.209482166623375085e-02
1.207853207329026221e-02
1.205076436642752574e-02
1.202366078583115214e-02
1.193809529712557688e-02
1.184591127483059295e-02
1.174816489188282818e-02
1.170545576981217931e-02
1.168587319137204261e-02
1.162211113396465628e-02
1.159279699757461909e-02
1.155445664975704619e-02
1.149171419969484235e-02
1.147201215420414790e-02
1.143722042896245031e-02
1.134922598204723271e-02
1.127132252186879499e-02
1.117912311653616528e-02
1.111588556004516198e-02
1.109718936789547659e-02
1.108928654290416288e-02
1.104101959765749555e-02
1.104036944807529688e-02
1.100828498881613673e-02
1.106262868857216426e-02
1.109087138968096325e-02
1.113608135628356074e-02
1.113896403075419553e-02
1.114324254177077866e-02
1.117494826473553263e-02
1.128205230370094014e-02
1.138881426775309458e-02
1.141443116165899094e-02
1.130593100090961090e-02
1.108264018842943302e-02
1.086017697027102241e-02
1.078842282903880526e-02
1.088545430431713500e-02
1.090926619951733748e-02
1.092185802553187306e-02
1.099341661451453712e-02
1.102626057460328809e-02
1.102599338129880285e-02
1.107913549344267598e-02
1.117311729797259776e-02
1.121914609698073870e-02
1.126546481235152566e-02
1.136084572967028562e-02
1.140548292166531849e-02
1.145270013244956489e-02
1.156780579565255818e-02
1.172306147995323851e-02
1.191562194732957020e-02
1.191795545430391831e-02
1.189983787250745162e-02
1.193617010429512057e-02
1.197165920699840014e-02
1.194259942484650165e-02
1.192664989410823634e-02
1.198185283070771212e-02
1.196420475227652144e-02
1.198041464917985049e-02
1.200452031691090146e-02
1.213030655669775082e-02
1.225016985986961127e-02
1.236375836500566358e-02
1.252291334110743060e-02
1.263283575521279359e-02
1.264866853419071083e-02
1.256335908520935483e-02
1.252447705285847715e-02
1.249221109243993204e-02
1.230449358031073664e-02
1.220060275514907311e-02
1.219665393670957623e-02
1.217671949567751023e-02
1.209300853664929329e-02
1.208592121821574703e-02
1.209817920606735646e-02
1.207681766814443919e-02
1.206817143324005401e-02
1.210675625145429465e-02
1.208948821878622418e-02
1.212748608115314652e-02
1.208105195233736412e-02
1.200197439046283079e-02
1.198218038368957690e-02
1.197174589188344795e-02
1.199371457273302154e-02
1.200971650193903215e-02
1.192950366864801992e-02
1.189017539888269533e-02
1.180429639781671765e-02
1.170806040503110171e-02
1.167987926581764285e-02
1.153089080850615289e-02
1.141362414200233072e-02
1.131356030292003656e-02
1.123282733763710656e-02
1.114113099560565083e-02
1.112817334832598079e-02
1.104129423335190908e-02
1.095603118781162018e-02
1.100452994062358497e-02
1.102382237462914104e-02
1.109582919898482317e-02
1.116403232482392552e-02
1.123550334841097800e-02
1.134461000278404186e-02
1.136833452285975626e-02
1.137214322450630366e-02
1.138275505605792007e-02
1.138746086861458506e-02
1.142270506091735971e-02
1.144557519029269776e-02
1.145472516170830020e-02
1.142101957318521210e-02
1.145242603048339351e-02
1.147279196282472574e-02
beta3
5.590317901692871874e-04
5.871527488546185794e-04
6.493622542207606613e-04
5.839727816177588907e-04
6.367027232619544000e-04
5.681413883364321103e-04
5.244402259393386766e-04
4.656483698451320432e-04
3.622391673244456257e-04
2.887349718363470372e-04
2.746090610780244599e-04
2.768248724171267720e-04
2.943358085303489618e-04
3.303060658082226323e-04
3.820247645265218025e-04
3.957752133607145241e-04
4.248141037257115345e-04
5.072187472896567311e-04
7.011154584056218230e-04
6.749363155630300291e-04
6.396371824383343795e-04
6.147474645005967468e-04
6.140614248675028888e-04
6.091142008747165012e-04
6.412537025107334452e-04
6.531108139194829586e-04
6.233338460149167627e-04
6.314683604507122933e-04
6.181207035817052643e-04
5.353683433242093816e-04
5.076064263416027195e-04
3.764337360280977014e-04
2.558219536271615470e-04
2.290101734133804753e-04
2.025537998828663873e-04
1.908369871544935651e-04
1.584910836134531542e-04
1.899195575125533033e-04
2.270245070963446111e-04
3.544684812028268072e-04
4.744130498901474868e-04
5.582792620295381082e-04
6.756474634525264956e-04
8.731594061174375102e-04
1.147541159625832703e-03
9.716372923932333448e-04
9.586025600836164430e-04
8.035703150717523040e-04
5.861993424012201456e-04
6.505186647907334162e-04
5.283763311842860477e-04
5.866217481537195928e-04
6.697326999048664083e-04
7.913523820630733938e-04
9.063032474011028725e-04
1.053920069122127150e-03
1.250435450127149791e-03
1.452526899669610936e-03
1.728672771185582081e-03
1.812933595471558643e-03
1.828666249368906009e-03
1.773147356725034152e-03
1.844676773690777198e-03
1.904058943244349086e-03
2.004077537226941694e-03
2.361265899681611741e-03
2.879687478559485141e-03
3.152803352409538212e-03
3.149208024553695577e-03
2.915907921309485000e-03
2.707488036401893734e-03
2.610576175583569254e-03
2.558207685929056452e-03
2.544010408404575110e-03
2.524099181511308288e-03
2.633116785670378164e-03
2.528270754823479759e-03
2.529640565028527972e-03
2.257182088463600533e-03
2.080835680631358195e-03
1.727520233155429175e-03
1.559296783760111445e-03
1.555680618436586270e-03
1.537529184369478387e-03
1.475413593045007705e-03
1.407455517890552656e-03
1.392766155889799693e-03
1.270781740928376719e-03
1.153440586643696662e-03
1.304106609049330038e-03
1.100357229463442763e-03
1.087375155018175613e-03
1.109250379239658550e-03
1.022105564684721007e-03
9.047611794019979432e-04
8.073351237287724070e-04
8.361335426622657895e-04
8.852766174891355064e-04
9.588863677041853991e-04
9.433258547201227610e-04
9.014082768188136667e-04
8.994395761486820729e-04
9.046508696977911129e-04
9.257384091796313184e-04
8.724254282603161222e-04
8.134571005247684828e-04
8.124399539573927669e-04
8.939986932454740617e-04
9.186621290830203086e-04
9.761280408480952405e-04
1.015872381994779687e-03
1.193917945300102153e-03
1.143616656243264234e-03
1.080358268431439632e-03
1.108481181492177109e-03
1.185544956220757704e-03
1.264296422222031032e-03
1.285203801501348967e-03
1.402929444195502237e-03
1.485336775286087577e-03
1.638006860397832852e-03
1.790025955274668389e-03
1.723998877138038441e-03
1.680158858391512123e-03
1.574383104327267040e-03
1.452425266257060263e-03
1.356513844350774357e-03
1.323919954491058681e-03
1.307572658353353288e-03
1.226517770367856414e-03
1.221418148377554106e-03
1.196524907514656764e-03
1.154422374516318132e-03
1.077082702215753033e-03
1.076494530571762412e-03
1.123510531492333958e-03
1.111624061969556949e-03
1.098345676338201076e-03
1.153061301259284592e-03
1.237295797315118460e-03
1.200668848789468836e-03
1.207809112337052647e-03
1.330678606372986180e-03
1.428877942017495097e-03
1.595253934337333233e-03
1.789508132556917033e-03
2.025747091967950234e-03
2.286302790857487176e-03
2.356489366964409186e-03
2.449286165239305049e-03
2.152385665837142081e-03
2.082995855658581127e-03
2.140950766326458858e-03
2.169982863332249427e-03
1.980985161292784895e-03
1.659570969264589999e-03
1.523109254255332855e-03
1.430487723363370106e-03
1.399381786459216650e-03
1.279875847873367632e-03
1.181639473164277027e-03
1.120757699341776116e-03
1.078276895120188882e-03
1.045632214852588527e-03
1.049845693939790384e-03
8.879968012671187903e-04
7.751968823287644361e-04
8.618383667417355834e-04
8.765251764368127115e-04
8.529319106493388376e-04
8.945365872117996137e-04
1.034874191757394549e-03
1.125048371579543630e-03
1.040698378934141934e-03
9.785077863094563365e-04
9.738317224372197278e-04
1.058852558318967765e-03
1.087229305994338044e-03
1.057333642314921230e-03
9.606323008832953845e-04
1.090816385629301156e-03
1.216995236921014070e-03
1.350631997319410140e-03
1.465771670272045159e-03
1.547194874207336729e-03
1.739689277423257319e-03
1.871834280208529294e-03
2.082658490392223609e-03
2.113762045922422048e-03
2.091928344406948116e-03
2.066114157788752521e-03
2.085730582303359226e-03
1.957211279603092782e-03
1.820457838828797806e-03
1.603628143130702340e-03
1.409756270570419875e-03
1.230521685867979210e-03
1.169424853675247533e-03
1.108153209397397601e-03
1.036202473864386055e-03
9.389396946894753952e-04
9.374394397483681255e-04
9.224527557104183258e-04
8.892418446078702212e-04
8.265277066993762878e-04
7.531021442184386919e-04
7.609099390770113994e-04
6.521299874709190428e-04
5.343739710354831291e-04
5.498593487522980723e-04
4.812493047292163610e-04
4.494497966425596309e-04
3.564231939187291909e-04
2.750955101137156941e-04
2.111574173424143820e-04
1.761584521570945517e-04
1.029037167960231722e-04
5.975301534436074633e-05
3.726863690339480694e-05
1.692282104744865536e-05
1.473482959763078929e-06
-2.499212317685542847e-10
-3.576937909477815166e-12
-8.062924822046245975e-09
-1.259199555536873860e-08
-8.978297377751586421e-10
-1.696112896764782166e-06
-2.473602678952738230e-09
-3.750777942302134296e-10
6.394382723985915073e-10
6.542783211138995183e-06
1.782024727364753036e-05
3.732825290485693387e-05
2.369551163963097088e-05
3.955137909265040656e-05
7.606687046581611287e-05
8.210558494879986128e-05
9.838867468942461632e-05
1.074628362951608436e-04
beta4
-9.774105070811454489e-28
-1.314486235543773831e-27
-1.247574737297159987e-38
1.490973958331394577e-24
5.817553940961781741e-26
3.896998201358323224e-21
1.948400852879357874e-20
6.837818220504673213e-19
4.206375524515003405e-19
2.849783093790663667e-20
1.765621810723735935e-20
4.607002056306775994e-21
4.186285484493654585e-21
3.756717956353546506e-23
6.323395330852545266e-22
2.874525382379241042e-21
1.099183101312424951e-21
2.187648063350491321e-22
1.240656737732298153e-23
3.332351078539463423e-22
1.602892817709273220e-21
2.063362647546776132e-21
6.230646547449457402e-21
1.020479551630369967e-22
1.194793968387605130e-22
1.242437593244359067e-25
1.108951350355780844e-22
1.174840055824443528e-22
1.286106888557440141e-22
1.745512481727157666e-22
2.105670984712669944e-22
1.832127897991478961e-22
3.946613431287907204e-23
3.596885746807266337e-21
1.754439570079386820e-20
4.082327659455081084e-21
2.351926659150932894e-22
8.132747984603848579e-23
1.612276931817975324e-20
4.528249519477537844e-20
1.895201465168853390e-18
1.865216317874462481e-18
1.205864893855600684e-17
1.513114665794652158e-18
2.397408487598610785e-16
1.050587268737727619e-16
8.083996480939210455e-18
2.914402831297673629e-18
7.745893400350353043e-18
1.900071115121614541e-18
5.395256002647753086e-19
2.505117783529315938e-19
2.999866196112630600e-19
7.670536491048804968e-19
2.558090299855449373e-19
1.035378855118747677e-18
2.785935324946812742e-18
1.857631318363999335e-18
2.536934616498128057e-18
1.743030714808252864e-17
2.039130103500182593e-18
1.039673774896641655e-18
4.482485881086816022e-20
6.302717221103555535e-19
1.191226391010491212e-19
5.582062618684724322e-20
3.417046537316595604e-19
3.954808952961440327e-19
2.540945767502880599e-20
7.002946140843820263e-20
4.185791641931795305e-22
1.367986070826464213e-21
2.425867816042650829e-22
1.095104999431493883e-27
2.730646101651833686e-24
1.671280129339877635e-28
7.538029881065192617e-24
1.817434462841752310e-31
-2.543207724262843795e-25
-1.295197678183099858e-31
-7.364492353629913716e-24
-9.124777393891818644e-26
-3.600759049565376960e-24
-7.354607360443269734e-32
3.601014494616804212e-30
-4.048816198278523656e-32
-6.388718537166447477e-27
7.747843354415227127e-32
-2.828322032744016000e-33
2.390408295618165795e-29
-5.864850890326829286e-24
-4.905621168442245569e-33
-9.078453896113916411e-29
-1.292606204037612189e-23
-3.328243617334182756e-30
2.539315818218231141e-35
2.969662830972889365e-27
7.550964327258100233e-25
1.251228957278994077e-23
1.086286919438587286e-22
5.324656837605687488e-23
1.620646892255282195e-22
3.266699703928695685e-25
8.438084944136353563e-23
2.159256098732559319e-22
8.122775737099933629e-24
1.115966710085027976e-21
3.639604420153087503e-23
1.199730688646738112e-22
1.400370642414914654e-23
1.263247329010403042e-22
1.252147731675021780e-24
5.464754889745410812e-24
2.821335193657761454e-22
2.672068755720509084e-22
3.312779277760703657e-22
7.743738723761868866e-24
2.272805433293601516e-22
2.843002522226169856e-22
2.354182337601493858e-22
1.073691094264417857e-26
1.938062094678122541e-55
-1.000837736683754329e-62
-1.084545856319050846e-29
-2.228108667303873889e-29
-1.959355081336554323e-26
-1.246814091314522133e-31
-6.828024616770063361e-25
-3.965751439430267507e-25
-1.144941622888079575e-27
-5.964944255313501032e-22
-8.899754642202045549e-25
-4.237486994639445225e-24
-7.116152330570087437e-25
-1.348270810125361323e-28
-6.307225104342027027e-34
-6.978261772874699562e-68
-1.047360306600807985e-28
-4.543853958823844589e-27
-1.052468623231029037e-29
-3.024608203241174259e-27
7.592144080357007730e-26
-8.981926192572752142e-38
2.771054699330218336e-67
-9.021316623186576426e-32
6.956132093163279838e-32
-1.260622547564130153e-26
-2.869203243986760022e-23
-3.215077343816781181e-33
-8.204180186874021255e-29
-7.321094164618542269e-27
-3.107003515028185025e-22
-9.166193802913379424e-22
-5.157670307230694941e-24
-3.268152349155990915e-20
-2.233151133967764190e-19
-1.517612837404706989e-19
-3.276826095758672119e-19
-6.145261339863957072e-20
-1.090682525284551604e-19
-3.885977497053121109e-20
-1.481980885142603816e-19
-8.426313090323517227e-20
-3.078318790689228840e-20
-1.606814686956144154e-22
-3.770405259413662281e-23
-4.823261727972455544e-23
-2.598406614055891551e-29
-1.948910683795218845e-38
-2.442874667453862192e-28
-2.644528892674319138e-30
-1.028341232392455816e-23
-3.506569893894782105e-24
-3.521837071961147946e-30
-7.771939199225751561e-32
-1.441605601331722263e-25
-6.090479057696936447e-31
6.034011875966838043e-25
4.646423930924040502e-28
2.032592026182443611e-28
7.339269352483069155e-28
1.682370788372788600e-64
-1.137398854687269547e-24
1.481656552734594924e-22
2.393843595221265448e-28
-2.854469152030163708e-53
1.163030790461444362e-65
-1.633560676739022675e-30
-2.512701845770496044e-27
-4.951826691249120842e-24
-6.536579937412717167e-23
-5.319003766794551687e-22
-1.871440090375609454e-24
-4.895072126259511777e-22
-1.724112372254043470e-21
-1.955870253586399637e-23
-3.025900708278029224e-27
-4.634449368715270226e-28
-2.955806579139279784e-27
2.631926326614265584e-31
-3.549598868797151663e-33
-1.448120464214376419e-27
-2.160493786430524491e-38
5.547469078499197250e-26
6.751000354595398889e-23
7.176612389902661556e-28
4.831274374704036238e-23
4.217617402851899574e-25
-3.013945954019168043e-28
-2.706336280783028363e-23
-6.466379381726051205e-22
-4.993151281622844161e-23
-2.642724474198249498e-20
-1.424253035915156102e-21
-2.294416491779665291e-20
-3.310056060282541640e-22
-3.072302828856999617e-21
-2.623434982397094236e-22
-1.369071633601235914e-21
-1.020889978404962518e-22
-2.108504079388382920e-22
-1.085935543940588728e-20
-8.294472821431361931e-23
-9.560060435459774392e-21
-1.947654067635826770e-21
-4.011827792261523529e-22
-2.856091103467357158e-24
-1.009764024655702267e-21
-3.362630236142268733e-22
-4.246498167446808991e-21
-2.952057871977616728e-22
-6.566870248235646169e-23
-5.504918123700661590e-22
-6.508340919625936637e-22
-8.800519904675954752e-26
-1.843230932942093438e-38
-1.944417510871203336e-31
-1.799633370791820787e-32
2.086095644062152536e-27
beta5
-1.887018773964953854e-20
-2.397683648084132509e-21
-2.177078739138365455e-20
-3.919776707903402413e-20
-1.066020507689341122e-20
-3.236688995523478899e-20
-2.505869133747141958e-20
-2.291417843073332625e-20
-7.845740020402230336e-20
-4.804533902083907041e-21
-3.285344510434454629e-19
-1.449140307540514275e-19
-2.283287624722418896e-20
-6.527492985769611228e-24
-1.202302044404317215e-22
-1.847716100620049598e-19
-1.745079334604978983e-20
-2.027177602971049163e-20
-1.534684393981115226e-20
-2.365132104622969718e-20
-1.550789971751620184e-20
-6.696624537861690993e-20
-6.905608377030589619e-19
-4.345835179470700951e-20
-1.719274160858404386e-18
-3.170619828441162082e-19
-8.764559731343375996e-18
-2.936279029959534114e-18
-2.027222949433876679e-17
-1.034354541811428651e-17
-4.707875000161611210e-19
-4.287293759631617127e-18
-2.516364462302731798e-19
-1.867697083333626383e-20
-2.300943767314375826e-20
-3.856320488856595198e-19
-4.659563445236356078e-20
-8.622109846052129773e-21
-1.652722932189199820e-21
-1.462806174079229662e-20
-6.186071308053320408e-21
-7.938507049112185912e-20
-2.190886572280240632e-18
-6.620788919275161976e-19
-8.544832042388014931e-19
-5.033532781657632950e-19
-3.021779817033774779e-19
-2.421344778132544115e-18
-4.157341812078272112e-18
-2.392301039797683272e-19
-4.305190807741944405e-19
-2.074413802526290849e-19
-1.146303260090390720e-20
-4.113278547063082003e-22
-1.697188100890996816e-33
-5.282893947310803392e-24
-1.498422055465512705e-22
-8.511146780823649477e-47
-2.276337922582438348e-23
-3.752087566675023680e-48
-4.328371335801318583e-48
-2.538189374860363110e-48
-6.481860572158240443e-24
-1.749795430504990660e-32
-4.998168844295543308e-48
-1.317720576915307109e-21
-2.672122258291443693e-21
-2.282516309385422039e-22
-1.576103074025468956e-21
-6.291254542408677188e-21
-1.102685390243817378e-20
-2.542889710845155577e-20
-1.469778227320971027e-20
-1.945758252871033357e-20
-1.945543503884232457e-36
-2.182550238708987823e-24
-9.632238423054949726e-26
-2.518165327242576105e-22
-3.801151520900843151e-24
-2.629072421268025763e-58
1.912471796906001189e-44
-3.313181189792508448e-44
-1.440503162672534817e-23
-1.232933598846810480e-25
-4.591014038048449625e-25
1.808020613590239548e-38
2.794680852431167212e-42
1.515641959541726939e-21
1.220081225887519228e-19
4.055141935927024489e-22
7.380425529793725053e-24
9.041085257762412627e-23
3.499854834785554894e-21
1.502367124260486582e-19
9.430574129488869722e-20
2.177952738798672627e-20
7.436104215232052323e-20
1.300079068020496742e-20
2.408608941786555528e-23
3.320498102105577519e-22
3.882592351630295663e-23
2.595626956777853186e-22
6.285840528345597626e-26
2.907477123675037236e-59
2.617824189906538421e-23
7.549721847891905360e-26
4.979216486570931110e-32
3.630950053939807482e-26
2.924439630215095051e-27
6.826448476906580075e-22
2.218378383913565704e-20
3.862616266426881253e-21
9.553699336329077651e-20
2.634345906845326413e-19
5.806058011402883903e-20
3.088083255872884272e-21
3.052301447304276002e-20
1.384487704374933154e-21
8.655297393248929648e-20
2.392722894664363716e-19
2.048904412039220709e-19
9.560707806294138762e-19
1.782176757958418454e-19
3.449551577408443412e-19
5.801889917888402246e-19
2.189075007037080256e-19
1.047493771615638167e-19
1.743440203983076440e-20
1.595438824141275698e-21
4.154221513441706135e-21
1.228679785561514305e-22
1.554578766610342422e-23
1.551990834673933428e-22
9.668045436493112438e-21
2.595149964370199775e-23
9.917562737669937494e-20
1.116007689691834402e-19
9.683589328905195853e-21
8.493182338487712605e-24
2.401257430842504696e-22
1.052008560868329722e-22
4.033598478649845705e-44
4.886459601114242387e-44
5.035535010386736071e-35
-2.939766668620106636e-60
-4.108910678436925054e-49
-1.905730378397314943e-26
-2.941984003971734217e-59
-6.213736741997625542e-33
-9.130866345973729439e-26
-2.691607487499919963e-45
6.625968657083422263e-56
-3.179266454710218481e-36
-8.583588385856126163e-47
-4.056693367674459421e-33
-3.602010977285670811e-49
1.462757849879079319e-37
-1.080081894605191718e-36
-2.150657630141657587e-26
1.904433220354332911e-44
1.485323989925486592e-44
-1.545595015443130190e-46
-9.482048801477728335e-32
-4.354791228638846605e-49
-1.651791962690985989e-26
3.106774621896217198e-46
-4.202475764334959780e-49
3.679606737944459691e-45
-9.229080817597235351e-27
-2.405028273614849646e-26
-1.055744029563509413e-26
-7.467344206163128506e-45
9.147102184934048171e-50
4.684206304473774207e-51
1.886531000715548537e-58
-1.710616257812267394e-49
-1.004503899609166190e-26
-8.167082414852460832e-49
-5.169981626720201913e-26
-1.925594223968903767e-31
-1.385856369150302681e-30
-2.384404568231672692e-49
-9.486381612275675344e-26
-7.502614117443025337e-27
-1.475294904039327264e-40
-3.342979121802684700e-28
-7.264881880923566254e-26
-5.590326092952768754e-23
-3.022083571872067610e-45
-1.336800410937492585e-20
-1.924892561444031461e-23
-9.696947816237756669e-21
-3.818367107265486121e-21
-4.423474750098497929e-21
-8.934707979565517567e-21
-6.806489042593355071e-22
-2.304361629586180345e-20
-5.074023763510618213e-21
-1.224000077965635768e-20
-4.287081785708841062e-21
-5.271311700400518968e-22
-1.927582699280376549e-19
-3.241551625488954975e-19
-6.283563399344669497e-20
-2.343304054795136821e-20
-3.374794564057494274e-21
-1.360981037558141977e-22
-1.246532177752025683e-26
-7.673560925521233978e-31
-7.861499009557806378e-30
-9.004480153506906991e-25
-2.106094996221262866e-42
-1.024047092411559488e-21
-2.448066839790755675e-49
-9.671714384995659003e-44
-1.988153955128202733e-58
-4.607956065642849624e-22
-2.897976058181971067e-44
-1.238283781713313950e-31
-3.061159739562314902e-30
-5.309682669360089419e-45
-8.602097036326834406e-59
-6.769382759035157335e-26
-3.699989196771727261e-22
-5.593417443562854041e-30
-9.474515372654981666e-27
-5.723010991013682484e-25
-2.530766375719786733e-22
-1.337050839473481611e-27
-4.836394094963363178e-27
-2.250889165799659953e-26
-9.004351626982594996e-37
-6.889508637630214642e-27
-3.770803219772366342e-26
-1.580874402481012888e-26
-2.300412626128939955e-47
-1.963268010745925091e-26
-2.048632702683757379e-26
-1.908841352434625732e-26
