beta2
-8.703001263557165815e-03
-8.764432099131951731e-03
-8.828293418510563956e-03
-8.924256942284772981e-03
-8.997539760891730409e-03
-9.096305964341459827e-03
-9.071451833827747641e-03
-9.115148512781572412e-03
-9.141899627819123283e-03
-9.183457221998026637e-03
-9.323779138144461937e-03
-9.434371901875703015e-03
-9.537028957248956662e-03
-9.648663740014155887e-03
-9.648548614350813124e-03
-9.577956191893943760e-03
-9.444450903503300021e-03
-9.279162386666581219e-03
-9.242680159427005965e-03
-9.110576646912510110e-03
-8.934702088416884153e-03
-8.952747705267542766e-03
-8.988529421086126348e-03
-9.048938252738641941e-03
-9.081228354006444167e-03
-9.259568402684752869e-03
-9.518479778227131871e-03
-9.781722448171235873e-03
-1.000907536396190151e-02
-1.024966381227764532e-02
-1.051023415569103496e-02
-1.030470682689615947e-02
-9.958614420671814405e-03
-9.642475825427918035e-03
-9.564342480037246047e-03
-9.490250468200213396e-03
-9.457650522549081867e-03
-9.355266194882347341e-03
-9.297307367494142202e-03
-9.274127121477748065e-03
-9.319619016472440939e-03
-9.194003193137376823e-03
-9.088090075734307771e-03
-8.976938477561650226e-03
-8.844990961211489366e-03
-8.838952768189481390e-03
-8.877379934341584483e-03
-9.017895432198295980e-03
-9.025162923977404772e-03
-8.995164588241098130e-03
-8.845968683938547350e-03
-8.892689545593248160e-03
-8.926961611953417378e-03
-8.944863488643685356e-03
-8.961881663881369683e-03
-9.183497046570565647e-03
-9.133689413558842077e-03
-9.168924600145043208e-03
-9.259887920326389382e-03
-9.336924528363630543e-03
-9.393862413270309686e-03
-9.190482103384113588e-03
-9.138413255510697414e-03
-9.201505089258920148e-03
-9.288583825638295141e-03
-9.437736874839289941e-03
-9.619682401268671995e-03
-9.628889846783384582e-03
-9.520275509555236465e-03
-9.355397784423628155e-03
-9.465465459874138066e-03
-9.554195365122194333e-03
-9.603741314559436498e-03
-9.783364590125161533e-03
-9.949736837598734118e-03
-9.978693867816419705e-03
-1.004377629880403439e-02
-1.018802517512164794e-02
-1.034842565477895118e-02
-1.048052942011289991e-02
-1.026803516974656230e-02
-1.014504391994968183e-02
-1.007308384510997162e-02
-9.821675071561215484e-03
-9.663077808002015073e-03
-9.609161675482747605e-03
-9.491332634412760066e-03
-9.575338033196847259e-03
-9.573228613924029268e-03
-9.621548899345246444e-03
-9.581975729906971190e-03
-9.510253480751421074e-03
-9.436648964076019275e-03
-9.640430698839509011e-03
-9.805022813426541445e-03
-9.909437127141606377e-03
-9.909966332358403907e-03
-9.962216409028380043e-03
-1.006708950492831052e-02
-1.010639405373085775e-02
-1.013284455336808249e-02
-1.000118869605030186e-02
-9.917318643490092428e-03
-9.825159513408485840e-03
-9.818645506431588482e-03
-9.780133176050077176e-03
-9.623042096839319604e-03
-9.785277294227269496e-03
-9.867682896529277048e-03
-9.892976744331566374e-03
-9.843493209453550025e-03
-9.788820196582285332e-03
-9.903795371082234344e-03
-1.002975800175641072e-02
-1.008822779745635438e-02
-1.006686794714570232e-02
-1.005549697918039879e-02
-1.008223816057232311e-02
-1.016939859815712416e-02
-1.025470144668318498e-02
-1.022697289103977059e-02
-1.021346183252021950e-02
-1.024229308404743348e-02
-1.027904925816080367e-02
-1.009511538949995312e-02
-9.926403692062716472e-03
-9.810803445696502159e-03
-9.732248314685786744e-03
-9.631151038988219892e-03
-9.658462765989769480e-03
-9.656635101497657719e-03
-9.673366564302600390e-03
-9.729612945430933524e-03
-9.775481418843927350e-03
-9.814803608183236827e-03
-9.791779082526198136e-03
-9.895179281231094442e-03
-9.992460448017596863e-03
-9.959582309960638563e-03
-9.890940608744500095e-03
-9.866947361699008462e-03
-9.934630035006417753e-03
-1.000539115692599193e-02
-1.005720694771053414e-02
-1.001531654549006438e-02
-9.902669833314507036e-03
-9.852538572882055257e-03
-9.874535677292843594e-03
-9.935316569060610725e-03
-9.701714360337744189e-03
-9.513212085397459994e-03
-9.286667119556836839e-03
-9.244976409320397256e-03
-9.407351213859872080e-03
-9.961050419054710142e-03
-1.045600281937998990e-02
-1.071940198097656727e-02
-1.063450483375115441e-02
-1.035502355794371172e-02
-1.026742938544131234e-02
-1.013301348871178606e-02
-1.002103737880052220e-02
-1.001423210460365178e-02
-9.909985096513612701e-03
-9.841028197590672918e-03
-9.815787517896360642e-03
-9.883043131148787352e-03
-9.936841792066178347e-03
-9.872700633590440408e-03
-9.747666818277593570e-03
-9.876037424399679299e-03
-9.910878326672159511e-03
-9.751892464307826414e-03
-9.757377965985636337e-03
-9.688398058898905693e-03
-9.450098115618379979e-03
-9.574599858142291212e-03
-9.566685294887029845e-03
-9.547361880140194101e-03
-9.599733538464026023e-03
-9.624006135840365919e-03
-9.538751761635363979e-03
-9.436664753782931028e-03
-9.364320346577633541e-03
-9.262991735169864155e-03
-9.171966082135350751e-03
-9.040313042005886091e-03
-9.383434056128769560e-03
-9.434943547551817578e-03
-9.437449829666266776e-03
-9.446131417718984374e-03
-9.436764019500002570e-03
-9.470605798602496628e-03
-9.720330766553231597e-03
-9.899843714665623740e-03
-1.010546362550190924e-02
-1.015944144290794465e-02
-1.002906450717291897e-02
-9.883593099636048956e-03
-9.846317829951886993e-03
-9.797076481384208585e-03
-9.675770879199579663e-03
-9.546193043979621720e-03
-9.391714227111649591e-03
-9.443831038778705694e-03
-9.455518680232678774e-03
-9.565773698622289864e-03
-9.582846550046411963e-03
-9.559687230239930292e-03
-9.598120528880515687e-03
-9.779535356651519740e-03
-9.786952698760287284e-03
-9.868282286255924268e-03
-9.829973022119107423e-03
-9.691086824458673005e-03
-9.735255860223789720e-03
-9.675141584862455291e-03
-9.617432474728630082e-03
-9.562916432088047064e-03
-9.511908184044621031e-03
-9.485439101963312816e-03
-9.445937584236181739e-03
-9.412667177517479444e-03
-9.532149448091720156e-03
-9.660783085320596986e-03
-9.581733827685172400e-03
-9.516612270624495717e-03
-9.458577241878058511e-03
-9.284674924609985502e-03
-9.403929333509511782e-03
-9.470687912303869804e-03
-9.543780163418572049e-03
-9.560441439955961671e-03
-9.558730098543986864e-03
-9.558217066376582111e-03
-9.459919226436457051e-03
-9.486116420872752614e-03
-9.431015354695669595e-03
-9.360999884833024615e-03
beta3
2.160248681613685662e-03
2.170671064465739923e-03
2.227837154285742909e-03
2.265336161421549477e-03
2.305895759586106333e-03
2.310030251402651977e-03
2.371770910702458799e-03
2.381886931513709643e-03
2.398150767879056282e-03
2.373561786650801083e-03
2.365880195698320289e-03
2.359506814177988847e-03
2.351373496461095676e-03
2.339340100640399309e-03
2.326621712662027552e-03
2.274226335722327394e-03
2.224500026301644805e-03
2.196338362824795751e-03
2.181026030380463741e-03
2.097920484495027077e-03
2.022067924791684859e-03
1.923653569494018778e-03
1.870214261399721998e-03
1.844587009664839204e-03
1.781365712707671774e-03
1.731192573768557726e-03
1.682059784592102730e-03
1.634249364714928559e-03
1.611845912240185072e-03
1.575331412820554127e-03
1.526635128789587213e-03
1.541797563676555651e-03
1.547484648716844144e-03
1.537992752305982012e-03
1.537278402024833991e-03
1.537645708107868592e-03
1.518391733383345384e-03
1.529422197379808144e-03
1.538482609321681523e-03
1.532070660407250980e-03
1.564370347582267912e-03
1.604337468694346739e-03
1.660172701404838847e-03
1.713028323027349781e-03
1.756173397471777692e-03
1.867758789720639972e-03
1.934956708116335362e-03
1.981606363757217396e-03
2.018118668872206055e-03
2.124868949247612614e-03
2.093709454677554309e-03
2.015057562017797538e-03
1.956534018879597762e-03
1.906811453030237465e-03
1.857821541139679893e-03
1.822243779519924171e-03
1.805303540416668953e-03
1.748192567618126088e-03
1.693704446865636161e-03
1.635515340460410878e-03
1.612085174981107592e-03
1.560853568046505300e-03
1.530512229567743653e-03
1.507367173663128491e-03
1.443029366728800075e-03
1.472670967016844997e-03
1.482213015359009657e-03
1.463380453049157887e-03
1.481042097905816389e-03
1.530719668931533476e-03
1.558681579058451058e-03
1.624691553758514677e-03
1.690796128414800981e-03
1.749913930475197835e-03
1.800612153940345109e-03
1.793830864618868202e-03
1.773521833055143222e-03
1.770493059429071193e-03
1.757855464495133553e-03
1.729083346857837990e-03
1.668779061834327598e-03
1.607974467880415913e-03
1.554816603610846082e-03
1.497662566296063076e-03
1.453587750048130050e-03
1.385893625068355603e-03
1.339433749333941367e-03
1.284518967402131177e-03
1.242197976467549186e-03
1.183266594491029847e-03
1.180454521505776332e-03
1.186734457444678544e-03
1.191740130468548885e-03
1.153318938794888797e-03
1.126485989776402534e-03
1.097174613261602764e-03
1.082602593702426414e-03
1.079882144783678426e-03
1.084838812143206280e-03
1.095939735374676068e-03
1.113135286194895813e-03
1.195373648644283693e-03
1.280215443816690342e-03
1.329853036661681268e-03
1.316217324353207005e-03
1.298778634537787330e-03
1.308151280141634301e-03
1.330136275997839375e-03
1.365169762913971425e-03
1.386394172531187248e-03
1.436194669052244174e-03
1.478005431946752355e-03
1.505033119179091097e-03
1.484979893470212298e-03
1.473714788480628762e-03
1.495749406293763167e-03
1.493428177714032279e-03
1.492572140772135871e-03
1.505432389467284936e-03
1.506193867698510120e-03
1.564201562299518018e-03
1.617606098657082452e-03
1.629169761588453733e-03
1.646670985211302982e-03
1.723337434608924936e-03
1.814771819903667274e-03
1.806140962107060169e-03
1.799712477792295498e-03
1.797581052637668448e-03
1.762142761711347604e-03
1.735350290580626488e-03
1.706436510815939004e-03
1.696557152563751576e-03
1.675933859158330961e-03
1.657747173370680005e-03
1.616214453244599336e-03
1.579093936233580409e-03
1.539141998592297774e-03
1.539015544816547693e-03
1.522739184465231885e-03
1.522897626666678455e-03
1.519888117088900262e-03
1.531600859734115645e-03
1.522804194785094519e-03
1.529293943142184505e-03
1.531897403583914064e-03
1.546058893103793071e-03
1.568690280730039447e-03
1.566293805556499179e-03
1.555533589061252253e-03
1.567898353979568608e-03
1.576748823793666741e-03
1.606776611842313223e-03
1.615307676193837539e-03
1.559264097121471331e-03
1.555238222587430278e-03
1.549703349490893622e-03
1.566622870133289359e-03
1.589476660721866799e-03
1.569959833962582697e-03
1.576031587578694557e-03
1.578316154888831976e-03
1.553692324813631467e-03
1.542873517306514843e-03
1.522152833317167364e-03
1.451026731757534133e-03
1.408303858519409282e-03
1.374375658816463786e-03
1.338009478077347922e-03
1.316362173636707617e-03
1.264906818525066406e-03
1.288137269935518345e-03
1.315457433920435302e-03
1.319585038265578061e-03
1.327153954124165279e-03
1.371027961442697731e-03
1.367850256568168069e-03
1.369662366403579575e-03
1.371751412064645473e-03
1.364339224856542026e-03
1.350292049108940771e-03
1.372707524352519658e-03
1.402338824974155330e-03
1.422921120797056337e-03
1.441592092395599205e-03
1.467266210830156774e-03
1.488579252220249101e-03
1.441372199218581961e-03
1.439397064673669227e-03
1.445469876458698594e-03
1.438617046586680801e-03
1.424844817274027947e-03
1.406513126716607553e-03
1.415730714779885047e-03
1.421430348910235342e-03
1.421934826051410349e-03
1.427569773375271002e-03
1.457541038341101259e-03
1.446729625189521144e-03
1.445550110498434928e-03
1.439982616593694746e-03
1.446194006625178743e-03
1.449192331197030493e-03
1.494528617267501611e-03
1.528760901853818506e-03
1.567372791099318468e-03
1.587125044057624730e-03
1.569580083238874667e-03
1.568532506714427448e-03
1.589032562441577241e-03
1.610509411890544227e-03
1.620579524382128028e-03
1.600432841183656958e-03
1.582564418824882824e-03
1.571462238868047336e-03
1.586800744920491800e-03
1.579503637415840276e-03
1.589944748404935500e-03
1.594656092680403784e-03
1.512716590940079309e-03
1.438001800279981989e-03
1.354584033815698762e-03
1.264608001756203221e-03
1.180762094585682950e-03
1.087811500320398118e-03
1.098520294398485590e-03
1.120113747581918517e-03
1.176809495204997683e-03
1.238777248378477008e-03
1.296768123382863397e-03
1.319850402888681417e-03
1.353208500974269288e-03
1.395827126208638684e-03
1.416380167903807464e-03
1.436864607142974721e-03
1.458705783956420641e-03
1.446995053137577853e-03
1.426733648088708908e-03
1.424751846256152969e-03
beta4
-1.119720612444172495e-22
-8.059901162333586830e-24
-7.754879103219613661e-23
-3.514138518943365414e-25
-6.477638289977248436e-25
-3.941168299334760572e-25
-4.748255545699404413e-25
-1.945841195911863984e-38
-2.277367455001835021e-22
-3.570553150341390855e-22
4.243266223122592222e-31
-1.512032117599560212e-32
1.827202194914201984e-23
1.724862442346375811e-22
1.216429158182162453e-26
2.536826624058976861e-32
-2.344708239966549460e-26
-1.667394936865176093e-24
-3.395208825652592297e-23
-1.321208937234285497e-32
-1.215808857120683366e-27
1.173654837983096202e-19
2.463010404525205594e-19
1.953478019123035469e-20
4.604578199471183964e-23
4.434280829405311007e-21
4.741623943984513969e-24
3.223824411074719389e-20
2.999125405470214279e-23
1.009167013991887316e-22
-2.266607936951464562e-43
-5.257800660170255895e-25
-2.213869056128509707e-24
-9.778363169982714903e-33
-2.271078147663128110e-21
-3.044205043950992938e-19
-9.381456667200424883e-19
-1.712388757737339773e-21
-2.542133160047380609e-21
-5.459517681984476194e-22
-3.530709680413040422e-23
-2.388550733730079328e-20
-1.126978376301861009e-19
-2.628234257328233005e-19
-4.681399668919776951e-19
-1.201079429901988914e-19
-5.104954525747736875e-19
-6.704712926805305512e-20
-6.487781957274176900e-18
-7.372510962330063958e-19
-1.646826140767913675e-18
-1.298856422256811178e-19
-3.010304317802737440e-27
-1.338186075278441518e-34
-1.382248223196220526e-28
1.995178187895496411e-34
2.781562706319802416e-42
-8.718129887336716367e-29
-2.568403147853759197e-24
2.276826667192998358e-25
2.502238151285437674e-25
2.984294619952564408e-19
2.183982314758305715e-20
3.643022301455124838e-20
8.429713649570658222e-23
2.933313854654239770e-24
1.514152967569595509e-19
4.528002251434809391e-20
6.088715806628907419e-21
7.447149330282675530e-43
8.882318337863452724e-22
1.490830504318701622e-22
2.225378755934805237e-22
3.680459512925439164e-42
-9.156358915734418682e-28
-7.224558963922551599e-27
-3.545254377057596494e-26
-2.190829059751536479e-26
-1.805613550686504753e-26
-2.547260006332937919e-28
-5.556022819532361105e-26
-5.276764350298790387e-35
-1.363000612636946201e-31
-2.484649543926793299e-32
-3.220679918126072285e-33
5.783300536931853702e-26
1.535263218258873316e-31
3.781181102397040886e-42
-6.873367384223945887e-29
-6.807008091065613195e-32
-2.791778855328603042e-22
-4.991996698368129445e-19
-1.719806468052843414e-20
-8.249652875118813693e-20
-6.283301217636766505e-18
-4.283336342030070843e-17
-4.139384557942339393e-19
-4.240818591909610159e-18
-4.285653766919561663e-17
-9.132236090308170094e-18
-7.037091360424821287e-18
-6.926276418070789744e-19
-1.829260129966724091e-18
-6.038417525211342890e-18
-1.150057741538664996e-18
-2.060987616732924649e-18
-3.744071205010410304e-19
-1.690695274356432118e-18
-3.666763596180302124e-19
-2.575666607279074323e-17
-2.415294539794402824e-17
-5.787221211761470169e-17
-2.408433291751803636e-18
-1.770439242609903214e-18
-2.565783713166837192e-18
-1.325552954026907384e-17
-8.150464016135822152e-18
-7.663456499253692658e-18
-8.830950867018394866e-18
-5.105450941562464836e-17
-3.616574154299089943e-16
-5.360091142356632331e-17
-8.076855980145820983e-17
-1.994422923916669635e-16
-2.054064863707069602e-15
-4.373828405842920664e-16
-1.376768793854961105e-16
-1.123158531272819784e-16
-9.260289330979564693e-17
-1.326887627246607508e-16
-9.093948883524655070e-17
-7.377718704158220570e-17
-8.410309606610821337e-17
-5.898106478822460597e-18
-6.288210067517329365e-17
-1.138986016451460405e-16
-2.007107594056101429e-16
-7.032013113190849902e-17
-1.924453227639764314e-16
-2.330987357000659942e-16
-3.319835273633565004e-16
-3.648076531843452507e-16
-6.649103468809233865e-16
-8.859222447764449023e-16
-5.226416368590021470e-16
-3.718517296152698759e-16
-2.446666080800613150e-16
-3.378723036424513240e-16
-2.792943997376929465e-15
-2.361453216592895113e-15
-1.723513388037038614e-15
-1.466406189727852054e-15
-1.685063576280357496e-14
-2.203858145560781318e-15
-1.023525529310896221e-14
-3.607475176328970853e-14
-7.260486366044561129e-14
-2.848320446681612685e-14
-1.006756694018257178e-14
-4.865270509472936962e-14
-1.217880614003949161e-13
-3.317571039052276114e-15
-2.274910283894664340e-15
-6.945550107577183536e-16
-6.361818687171351419e-16
-1.190413104201018043e-16
-1.020423582865703559e-15
-1.249881462996809453e-15
-4.877422064167370632e-15
-5.859272232433967061e-15
-1.635348601634509239e-15
-2.497582237212678163e-15
-3.916366856147114738e-16
-8.787304539420037149e-16
-1.138362778423590573e-15
-3.733459214108091645e-15
-3.779757725473107619e-14
-1.989475200196927502e-15
-6.595519077909738400e-15
-6.305647216019967103e-16
-6.246088126078977555e-16
-4.700964264948765645e-16
-2.856746904471054653e-16
-6.566260853638656397e-16
-1.997314635560471213e-17
-8.823172981523298897e-17
-7.454994611250776469e-17
-4.815794641607903685e-17
-3.577618754697054851e-17
-5.208422493944292380e-17
-1.251838300377671059e-16
-9.205864122571271722e-16
-1.728560503684849986e-16
-8.540439303622734026e-17
-1.978568301524451545e-16
-1.917383894958341436e-16
-2.391085547990568518e-15
-1.859366433529233212e-16
-8.585503826965853682e-16
-3.911911261997253489e-16
-1.147632542819892178e-15
-2.184770192382505248e-15
-1.108290963519069385e-15
-9.214367752206562568e-16
-3.727223252403963732e-15
-1.557448409787629163e-15
-6.049416189747354171e-15
-1.734911976495977423e-14
-2.002035951449199435e-14
-7.873836552805524642e-14
-2.637758912390941244e-13
-7.303237269128622768e-14
-6.455559508462178708e-14
-5.347421979375660992e-14
-3.051093850947017574e-13
-4.041768848527073245e-13
-8.713826579963136668e-13
-6.575316534168032802e-13
-3.522103307912230949e-13
-7.988934664360321861e-14
-8.894287969023195177e-14
-5.404414771242304190e-15
-9.593637464738001042e-15
-9.731213811792283217e-15
-1.174260378040305039e-15
-2.480819774815726816e-15
-1.740435728211561132e-15
-5.601404497383792351e-15
-4.816377812875318305e-15
-2.148595236876971774e-15
-3.480727537980029069e-15
-2.543229930601271482e-16
-1.538690034489254231e-16
-9.138267500114335963e-17
-8.190877774887551944e-20
-7.966388730996713595e-18
-9.472707548329571700e-18
-6.590535590232707661e-17
-1.448637777740244052e-16
beta5
5.922250036190945217e-15
1.155628910678079642e-13
1.365204836359154957e-13
7.664154596444201252e-16
2.310285092466695489e-15
9.719581846068335512e-16
8.872743192849274975e-15
7.482751626949865771e-13
5.900399586038003953e-14
9.718719638202829481e-13
5.479346008009627621e-12
7.154012559841751373e-11
1.907270039783152476e-09
4.222763457643797068e-08
1.126422522381541638e-08
2.587912185559580368e-08
4.192990155629252088e-07
3.452855091746443811e-07
2.492958196733198996e-07
7.727991475089807357e-07
1.427415170262296519e-06
3.014665931686771235e-06
4.381516935402828138e-06
7.235842966690519509e-06
5.935912540056201015e-06
1.405464973260276692e-05
1.752528839717089302e-05
1.861446438463595807e-05
2.063031854317563959e-05
2.158532342013716563e-05
3.874730532722213731e-05
3.503194849047836217e-05
4.106392947909152263e-05
5.472941987962536914e-05
5.884330237007277228e-05
6.991693255289447022e-05
7.119820129175292436e-05
8.231359487703623088e-05
8.197180923635608517e-05
1.132808497176581873e-04
1.167080903702916617e-04
1.620713938428084777e-04
1.938876135464694984e-04
2.609579159934423669e-04
3.373947886558412374e-04
3.641741410567112197e-04
4.141542616925381016e-04
4.007410846146055553e-04
4.091659127278986490e-04
4.802393981368858534e-04
5.287658265858066883e-04
5.149904850129863711e-04
5.066990231368368423e-04
5.242859684558881690e-04
6.169345769860345519e-04
6.106915250982652282e-04
5.880134837015403787e-04
4.896474373133330709e-04
4.578873934123642384e-04
4.228012948582174249e-04
4.017178823861511827e-04
2.546193147241845216e-04
2.068984501677258604e-04
1.767772070853415557e-04
1.555989263380759449e-04
1.238749214121875430e-04
1.189625292116506747e-04
9.591536282205941674e-05
7.372041416471534635e-05
2.821241164347664012e-05
2.675822958193595143e-05
1.331889716764863757e-05
1.104736272305624286e-05
1.089104706289720719e-05
1.690033939593365696e-05
1.366309354727657498e-05
8.292033597178605561e-06
8.535557583331947171e-06
1.290352110500218196e-05
9.383659263779958710e-06
4.426095343581614759e-06
8.051902330122687347e-06
4.034525767274183778e-06
2.674502136037173410e-06
1.736889280032141849e-06
1.038517392817094224e-06
8.757718046362870661e-07
1.553233564125376550e-06
1.324861053514682922e-06
2.291885486485093758e-06
1.304238861074799132e-06
2.871540880761206499e-06
2.477498330216083690e-06
1.035635264870470243e-06
5.301301852878491445e-07
1.819322710722577018e-07
9.788973834132076793e-08
1.154252707819513458e-07
1.845239556748042432e-07
1.165773276949180265e-07
9.866225597804362472e-08
2.308408968618021997e-07
3.903631642737645415e-07
1.093786477856537697e-06
7.456262189812295740e-07
1.307150793364022964e-07
9.714709299496630439e-08
1.455062873881192198e-07
1.040118572481105113e-07
1.884396313056087695e-07
3.956843263633744636e-07
6.404558060066084837e-07
1.250279363876737666e-06
5.903931049874401641e-07
7.497676577989965382e-07
8.414070082692506122e-07
5.467269802831061807e-07
4.340579095089843170e-07
1.270055459007624379e-06
5.776842773124126695e-07
2.122679640896092107e-07
6.198033153833807033e-07
9.868370145313525645e-08
5.075484902455088771e-08
1.185502860875719882e-07
2.736911166244425183e-07
9.594062911850687367e-08
2.003571987197971924e-07
3.199896721898928456e-07
2.142979191381440608e-07
3.583205513746193613e-07
3.557059627921796926e-07
7.876812096835714848e-07
6.644736779992508735e-07
7.532516170036415942e-07
1.612982996108357110e-06
3.497747132260902098e-06
4.784261718898421932e-06
4.618138763235229512e-06
7.159220920881442465e-06
8.268581991301725330e-06
2.337795068396544177e-06
1.774458060376804750e-06
1.093000167749493110e-06
9.410432293496028714e-07
1.999043374666629484e-07
5.911112532639327097e-07
7.645282837399631614e-07
1.681525585263891284e-06
1.514984942911752417e-07
9.443489667531185170e-09
3.255400229226261837e-14
-1.971461569921579736e-15
-1.765427721728623174e-09
-2.473950917390813007e-13
-3.548441233884117763e-11
-6.665912559696735070e-12
-1.163969970310088230e-09
-5.987464565819731968e-07
-6.379850779902260306e-08
-5.333374815945317418e-07
-4.834460764180479870e-07
-2.308977808201402898e-07
-1.728018386551843454e-06
-2.816266892818373383e-06
-1.420323266132635504e-06
-3.818822481014782729e-06
-5.870413381118155899e-06
-4.695467074991115764e-06
-2.135225890413298301e-06
-3.247598191026885612e-06
-4.814962527135667334e-06
-4.798741109400986504e-06
-4.148539691521434594e-06
-4.497834592490549461e-06
-1.662231045545682561e-06
-2.681444007322428529e-06
-4.693819916122617011e-06
-6.376553808230387254e-06
-5.299743246230282653e-06
-9.572231457569160921e-06
-9.528726698674120488e-06
-1.049693311449223359e-05
-7.894070837818588235e-06
-1.060752506737644607e-05
-1.069103792816199097e-05
-1.204181156632944783e-05
-1.622602399922238561e-05
-9.998383814305722783e-06
-1.598345475850998916e-05
-1.332235315656513067e-05
-7.016620047204368151e-06
-6.817456072205763203e-06
-3.762632337953797292e-06
-4.123780907957367141e-06
-1.113512020703904700e-06
-1.018250210099820791e-06
-6.791701741015003902e-07
-8.761556728630038613e-07
-2.191509947965943119e-07
-4.273452651679346856e-08
-1.460474980505932489e-08
-4.416529084438259792e-09
-1.452620760084408704e-08
-6.427616589704311560e-10
-2.235222493795603852e-12
-8.708326347798977604e-16
-8.479146591140022244e-19
9.873608008983305974e-24
1.862585986422152713e-16
1.601506535203070425e-12
2.377272709231200220e-10
1.081465488580581394e-09
1.754267485815768050e-09
9.236816383715561268e-09
3.800267621769842148e-08
1.716961638265152550e-07
6.972026090657201323e-08
3.225294219856540524e-07
5.340509685390757743e-08
1.799884476196558831e-08
5.668718427918357058e-09
1.406978933999520444e-09
2.824237494095250544e-11
2.884409491274093467e-12
3.784086024227079095e-13
1.162380727501998569e-20
4.133452872962084413e-24
-1.509275544558737594e-15
-8.445787647420024840e-15
-1.923837761013977068e-10
-6.623927523387984563e-10
-5.674149036954137928e-09
-2.243213939359965368e-08
-9.302662872229410129e-08
-2.546453037072314055e-07
-5.089456855046445801e-07
-4.022353373024878598e-07
-1.017894380300678827e-07
