9.182257788878326609e-26
4.186782660180205077e-22
2.792872348652153755e-22
2.095098800606472008e-22
1.676081294481124502e-22
1.436381499389464540e-22
1.231184188619073153e-22
1.079251173357205594e-22
9.593344126619185434e-23
8.634009713957266773e-23
7.849099739961158451e-23
7.195008094966484100e-23
7.194242906817411137e-23
2.170369946661419009e-24
2.128272233360998244e-24
2.113454262799523980e-24
2.113360403491807719e-24
1.900251331712091888e-24
1.963558765109155209e-24
4.053403136366990418e-23
2.121559438470071736e-21
9.461503245475780818e-17
9.701825793141121886e-17
1.066601887626287827e-16
1.811968155579724880e-15
5.380320110519985183e-12
8.455472975728675012e-11
9.746221185100834693e-11
1.015532536562393169e-10
1.080906502584912002e-10
2.692118049099836936e-10
8.957495351394667918e-03
8.957495355648081511e-03
8.957495362235631461e-03
8.957496236335222781e-03
8.957496323644367070e-03
8.957496778678531932e-03
1.742413478939352361e-02
1.742413473020404738e-02
1.742413474687587796e-02
1.742413484206290289e-02
1.742413488336454902e-02
1.742413486877326251e-02
8.466639831081354539e-03
8.466639837743370964e-03
8.466639839411177482e-03
8.466638973975584501e-03
8.466639401569024323e-03
9.296421906751665964e-03
8.297839001198970823e-04
8.297845976156615700e-04
8.297845715130896431e-04
8.297844760497864736e-04
8.297844284380825062e-04
8.297853241265498031e-04
9.615375403321319491e-04
9.615375294175425129e-04
9.615375211620972489e-04
9.615375124983059933e-04
9.615369975957345668e-04
1.317540373774817378e-04
1.317540279832336630e-04
1.317533105025510225e-04
1.317533070258069020e-04
1.317533032110419376e-04
1.317533029837051250e-04
1.317522607653688063e-04
6.883146035201644128e-14
6.799086136021375480e-14
6.798419418305583577e-14
6.777537529344785910e-14
6.775445227307531737e-14
6.749541822724401274e-14
1.272150236406828438e-17
-1.589689671580103836e-18
-1.732720263324101014e-18
-1.734742563826883518e-18
-1.734742568399493800e-18
-1.734743247612070832e-18
-1.734743247616416115e-18
-1.734743260724016442e-18
-1.734744758008079317e-18
-1.742385995880763609e-18
-1.742385995887049459e-18
-1.742385996644059720e-18
-1.742385996671333199e-18
-1.742385996671339362e-18
-1.742386011333634311e-18
-1.742386011091442072e-18
-1.749307114029144407e-18
-1.749307114029164437e-18
-1.749338262879119375e-18
-1.750170048525518782e-18
-1.750173407037214687e-18
-2.057096194309383125e-16
-3.540610387708795101e-16
-4.020253717777506495e-16
-4.308311707177095741e-16
-5.913258364373404101e-16
-2.088681750010072897e-15
-5.221348149605080735e-13
-5.270330407924344678e-13
-5.282214363254724620e-13
-5.297844287368676013e-13
-5.298029813471697191e-13
-5.298076100308461577e-13
-5.309343389484467894e-13
-5.333172800894460511e-13
-5.334629316890717571e-13
-5.334344608017722835e-13
-5.333693210405702384e-13
-5.318719702031411199e-13
-1.182583931390232117e-14
-6.927681717826160732e-15
-5.739286661028274700e-15
-4.176294260255161683e-15
-4.157757535762977974e-15
-4.153128860957994960e-15
-2.822973874062559401e-15
-2.927806753013037202e-16
-9.924273154301953612e-17
-9.906763008239015720e-17
-1.450585877619304523e-17
-1.542294195178390190e-16
-1.543479964840582840e-16
-1.547169177720708691e-16
