1.417203236091938226e-03
1.437240906951162828e-03
1.732377495734402752e-03
2.152455466429262134e-03
2.419077380585088997e-03
2.580003667131579564e-03
2.550857657450399368e-03
2.526858923452335315e-03
2.404295189710082149e-03
2.202926225405481189e-03
2.011606216075459592e-03
1.850132720270456768e-03
1.737544204486095962e-03
1.624282042110296699e-03
1.441835021032334329e-03
1.165574855777545566e-03
8.837726255700060693e-04
6.316905098923959565e-04
4.515679646454702685e-04
2.640464925654366119e-04
1.671544672328307733e-04
1.499792483735063679e-04
1.477646298527112096e-04
1.495017709372150445e-04
1.511393978221580326e-04
1.578580676638752678e-04
1.574932776848919852e-04
1.565239487485009507e-04
1.565445785817019418e-04
1.359028066233577893e-04
1.247046748318989971e-04
1.202010989684932821e-04
1.103460993169450797e-04
1.058468403112834227e-04
1.351330227521550678e-04
1.533382270114457891e-04
2.068969366061063173e-04
3.004095955867091454e-04
3.716096528399749632e-04
5.177543762265704496e-04
6.525624518607456293e-04
7.062495964254960614e-04
7.690014402871519572e-04
8.398665501133063468e-04
8.796194632726917970e-04
9.459630985663795280e-04
1.073063963176918182e-03
1.234137359179847491e-03
1.330470063706864700e-03
1.430733458048363133e-03
1.556648919367391130e-03
1.455549018372611150e-03
1.355482746867592595e-03
1.327598543116224666e-03
1.281049930991896672e-03
1.212265247765430048e-03
1.181670886409895036e-03
1.146108000677104923e-03
1.013210699640759022e-03
8.451077329416871583e-04
7.082948953127031445e-04
5.129130376655908477e-04
3.236065628225088587e-04
2.819494424016793978e-04
2.437705483034876067e-04
2.184138926545044158e-04
2.110096896583582658e-04
2.189068961628872466e-04
2.166695751491461456e-04
1.812906595719873800e-04
1.550259500696634176e-04
1.371030302070130706e-04
1.206751426292416751e-04
1.092022355452329925e-04
9.085724610644154212e-05
8.037571301382216737e-05
7.520109687762382988e-05
6.542638419318887969e-05
4.994957260558146602e-05
3.542467198821579633e-05
1.653846595522554834e-05
9.267511959737515472e-06
2.132776995135468754e-06
8.205840572763753159e-08
-3.957998967352637826e-06
-6.739543455968396883e-06
-1.085972545833631972e-05
-1.759166672652474312e-05
-2.151419710201782375e-05
-3.684244195214374273e-05
-7.693967931611353668e-05
-1.503351945404459301e-04
-2.146861796625379774e-04
-2.924031659225280488e-04
-3.543444107094812705e-04
-4.934292321605873938e-04
-6.040376409377912073e-04
-6.669529213476441815e-04
-7.715277108842636062e-04
-8.595572586488384008e-04
-9.443783609076340227e-04
-1.016194056665705109e-03
-1.035809842102560158e-03
-1.042098750588302866e-03
-1.114003913101984126e-03
-1.118253956365652946e-03
-1.207022454087908637e-03
-1.193207906524723508e-03
-1.199482935699699342e-03
-1.223973561780128437e-03
-1.177144750654157300e-03
-1.118796263268870272e-03
-1.080575876384860150e-03
-1.027721423481177962e-03
-9.843479553642642613e-04
-9.138881809228946830e-04
-8.024958606282707636e-04
-7.288041363752305497e-04
-5.761282749528353177e-04
-4.504487981562392291e-04
-3.334502303970951747e-04
