3.095613077549851817e-06
4.723911386754966611e-06
3.677034615038731856e-06
2.164655575915616462e-06
4.069162454508006003e-07
1.638579346300527405e-06
8.218320495999179298e-08
9.018932970911544632e-08
1.257101576600947916e-09
1.276849127082293155e-13
9.941241840515378464e-20
1.088955611136851682e-41
-3.419338565698910395e-45
2.378764443332091294e-20
2.610955545984945551e-13
3.899031756326771531e-11
2.006945624913005294e-10
1.364213383366292464e-07
1.582571018233318087e-07
9.207128420339471514e-08
8.133388948549035384e-08
1.209998657771758778e-06
2.331899985254550250e-06
3.296400856066486195e-06
1.678105139922371806e-05
2.385760781126995166e-05
3.927097571943933510e-05
8.636415940474351650e-05
7.843044511468798003e-05
2.196603486189936661e-04
4.448941936644339764e-04
6.618336735000554397e-04
1.007144513117569883e-03
6.584155979155628495e-04
1.219675149162336054e-03
9.851067790533187332e-04
1.312825519762810152e-03
3.207654854433777958e-03
3.599202192021063243e-03
4.981007196189138689e-03
4.795803923853435985e-03
7.369919960677958140e-03
7.831857900236351838e-03
9.972966935934284710e-03
1.099891448446987940e-02
1.139362178187879049e-02
1.289697295147705300e-02
1.420653209066140288e-02
1.291619611206766202e-02
1.064181670087601186e-02
9.232966138871244802e-03
9.119093820573808545e-03
6.997318719015457184e-03
6.430719785411505469e-03
7.771131099387308845e-03
7.715577412040715288e-03
5.464790874772268263e-03
3.084207208829169503e-03
2.581526629633539103e-03
1.035572276258755900e-03
7.912796023289078717e-04
4.045831526200144171e-04
4.800947930013964565e-04
3.192203036663905321e-04
6.426279828236923291e-05
1.096459700733894128e-04
1.495536255027572520e-04
1.086517994811688219e-04
2.366524920753614524e-04
7.206250039493535594e-05
5.165897421914202980e-05
3.748357188147031387e-05
5.302579668619926515e-05
6.160768213025449771e-05
2.841414009050769878e-05
1.906390265981455361e-05
1.377162300924787691e-05
8.083481906821746464e-06
1.018300032140726398e-05
1.064932373263741342e-05
5.393580622051217250e-06
5.041894998531762861e-06
3.548382733573601952e-06
2.518648813431829096e-06
8.046873610528100661e-07
6.479183185223077601e-07
8.237591938771626206e-08
3.869070834860475377e-07
1.689703865529430190e-14
8.108559072085287140e-38
-7.741352337436609039e-20
-2.010700188079772923e-11
-1.456290754032353424e-08
-1.057628308283454889e-08
-3.632652491479624357e-08
-4.585790431952191941e-08
-2.263549774671872295e-07
-1.054502341303386603e-06
-6.166713574093605693e-07
-1.951772965195330637e-06
-1.380771058192169478e-05
-1.491219676493298968e-05
-6.394780782377831874e-05
-1.540257641814084499e-05
-4.694871966947224124e-06
-3.823281638622348121e-06
-4.908570992746592328e-06
-9.734069321409818783e-07
-5.038807478000524959e-08
-6.087722586865916221e-07
-2.454933270786750556e-08
-2.071305743605518992e-09
-5.959827764003292450e-14
-1.255636607597946949e-13
-5.823782398922114365e-15
-2.183515051564290553e-18
-4.751749178517769430e-14
-2.067215852409131099e-13
-1.967114470616875372e-10
-2.683018761478010830e-09
-5.728371311733158135e-07
-3.422057585740097162e-06
-1.233605723581583367e-05
-1.112137120996219047e-05
-3.181666532044715400e-05
-2.723562736788191421e-05
-2.042334896592710915e-05
-8.638649415340245142e-05
-7.837917906305977929e-05
-1.160655511852690244e-04
-4.085749970474984727e-05
-7.270120811981401962e-05
-9.666860205925298724e-05
-8.386076036560491137e-05
-1.635542739587618987e-04
-7.878896618005996780e-05
-5.920319514323811870e-05
-3.485684038073092600e-05
-1.971475694649639011e-05
-1.507743680555932830e-05
-9.294743696264941987e-06
-1.075705594384718949e-05
-2.243307344528891755e-06
-1.089741646461613697e-08
-3.248444472058359544e-12
-1.950100320235581971e-12
-4.208981368070612051e-18
-1.660998239261834406e-12
-3.454070470949666424e-12
-7.887855492421764191e-07
-3.169482801302668583e-05
-6.848987293218244509e-05
-8.744435462197200381e-05
-5.469267687159043141e-05
-2.622281490732521393e-05
-5.953905804435783371e-06
-5.515006166682225169e-06
-2.828079446847952248e-06
-1.027944809967292478e-05
-1.461721465699389513e-05
-9.235865151046277919e-05
-6.811600472846559445e-05
-5.840877755355202230e-05
-7.334649362698893323e-05
-7.565326267836990255e-05
-1.001266400596614100e-04
-7.130684974623897464e-05
-8.072305274577784443e-05
-2.214686205396106642e-05
-8.186270952151243532e-05
-4.187692590907411997e-05
-3.315676106086701584e-05
-4.563466593255844966e-05
-2.140417459203352571e-05
-1.938422497165008328e-05
-4.174002362292368232e-05
-6.238017365185508458e-05
-3.037288418586609108e-05
-8.137471725692840851e-05
-9.269355180957190106e-05
-1.560881973129607026e-04
-9.750812881650843347e-05
-1.117039157285855139e-04
-1.387735897737713995e-04
-8.702203864937921025e-05
-7.512781474726512500e-05
-1.462141580568958386e-04
-1.087936371734137491e-04
-1.103791203698983154e-04
-2.950892988557256551e-04
-4.299404508535973691e-04
-1.936373040051101780e-04
-1.851303679321382727e-04
-1.674804929226117879e-04
-1.025731352831722872e-04
-2.615870455143250845e-04
-4.451212352180167588e-04
-2.072731067445387240e-04
-8.824532554407061604e-05
-2.108745743287545043e-04
-1.344457960602616730e-04
-7.991624789833587708e-05
-1.701178722427504775e-04
-3.626297476690028276e-04
-8.721453928728693881e-04
-1.070580300018704988e-03
-9.745202026813699382e-04
-6.409360762335837266e-04
-3.421298343766201945e-04
-1.537304705176564736e-04
-1.173150619431621991e-04
-1.615612446767054173e-04
-1.232840246419625503e-04
-1.367862486652049784e-04
-2.903715908465521198e-05
-6.904193334000230885e-06
-9.493171667926688604e-06
-8.398196330356064211e-06
-4.284542029795831617e-06
-5.846357379281331958e-06
-1.467958296512775286e-05
-3.783716843255776089e-05
-1.568427775390498355e-05
-9.628908362786811159e-05
-8.011637058328773345e-05
-2.434303770832456153e-05
-1.497700842698984841e-05
-9.572215098608032377e-06
-1.945585185002448176e-05
-1.053263192705358928e-05
-6.616593681080335724e-05
-1.115214489726744731e-04
-1.588569767545934379e-04
-1.575884762603705605e-04
-1.209061271492546370e-04
-2.396824670327144359e-04
-2.537568452455827824e-04
-3.346433698943044504e-04
-2.090851134351558757e-04
