4.185915752701239133e-03
4.430329419199395026e-03
4.928443967658804013e-03
5.554466214667923285e-03
5.874106373996245030e-03
5.999555960350298582e-03
5.989144920820881415e-03
5.956448269838063823e-03
5.894766706228556606e-03
5.891726170355679124e-03
5.910702705137402778e-03
5.986868101296834860e-03
6.200391914625616972e-03
6.365627547397376129e-03
6.387606821082705832e-03
6.230149704228481883e-03
6.071044967691289346e-03
5.913142036993049820e-03
5.823615037244257026e-03
5.719591047885263894e-03
5.624103734516379231e-03
5.534200959499997220e-03
5.409470135172191572e-03
5.245310280197781200e-03
5.074134690773224321e-03
4.825764958580741441e-03
4.615198186739128544e-03
4.474445911074849749e-03
4.392554271548274221e-03
4.285605002242463650e-03
4.194141262718108741e-03
4.097627936653259681e-03
3.996687716729412435e-03
3.853850996513983555e-03
3.696476390785522620e-03
3.523213176407868647e-03
3.347060644055625464e-03
3.245791011714394252e-03
3.156825460657177590e-03
3.114024362122245777e-03
3.061204029249852635e-03
3.077430440752120921e-03
3.089631161305155665e-03
3.083135908854428217e-03
3.073356960455194287e-03
3.047201207661477240e-03
3.104408384672643472e-03
3.122053727678117049e-03
3.206366464023744766e-03
3.339217798051406869e-03
3.484729701924841813e-03
3.524608021079794415e-03
3.529908388844222450e-03
3.522220467001218030e-03
3.477432583961704866e-03
3.463184287563624616e-03
3.479352966581035923e-03
3.522053219848352013e-03
3.472916472276434911e-03
3.452905231913379596e-03
3.375367124418562469e-03
3.285686219871534943e-03
3.176162621687998126e-03
3.104548482035807046e-03
3.056973236876643022e-03
3.068632019303735217e-03
3.046241391391096495e-03
3.051474838407508116e-03
3.055936780670353865e-03
3.064703741385482304e-03
3.085275236346394015e-03
3.106043979234667050e-03
3.078973761873078554e-03
2.959907022344991211e-03
2.834466653966654596e-03
2.701230426636959479e-03
2.570374985945943214e-03
2.376686727074019730e-03
2.248990097727646912e-03
2.110909037962644969e-03
1.962074252834482366e-03
1.765319264000684814e-03
1.586383591242673113e-03
1.406916026323067883e-03
1.288216465676935395e-03
1.249180601913105855e-03
1.202029085431830522e-03
1.171967413024556934e-03
1.111575471611126950e-03
1.056862550953829643e-03
1.000402979830371415e-03
9.522472615246805249e-04
8.836319954271823702e-04
8.403598041735725090e-04
7.953849110101145680e-04
7.585323362189990608e-04
7.007534236019517240e-04
6.268512972257794628e-04
5.682706793146498391e-04
5.134727674132743723e-04
4.713855722186859553e-04
4.327455429016387428e-04
3.824265493741340759e-04
3.238075680137737235e-04
3.085839080482823149e-04
3.330045901607291766e-04
3.880374855795079569e-04
4.437431567936943170e-04
5.572274948987944541e-04
7.482546845204890744e-04
9.678077796730681854e-04
1.248213445960638397e-03
1.609920809744315798e-03
2.025799161994574441e-03
2.407662385461622340e-03
2.741670727257193574e-03
3.003494370788558927e-03
3.157841900355152619e-03
3.222758188035972689e-03
3.257775190023076348e-03
3.228461874955955522e-03
3.141519414047479631e-03
3.025834473540415463e-03
2.885695651680417282e-03
2.673628918858082446e-03
2.352311507931613161e-03
2.077948394259392529e-03
1.870503817125077376e-03
1.716728125642248389e-03
1.669550211338767564e-03
1.725504251713578900e-03
1.826181691071693215e-03
1.905049825055052512e-03
1.941970051162374145e-03
1.952417949145852970e-03
1.929092416312904812e-03
1.883703282068145560e-03
1.885694081641120555e-03
1.843192599722923456e-03
1.790028597352308392e-03
1.742909867834582793e-03
1.652970704283479976e-03
1.515824974338536102e-03
1.344007091562901719e-03
1.208229760401453509e-03
1.089335352402796483e-03
9.972375547719579663e-04
8.825913015668595445e-04
7.669357358493130708e-04
6.559868018035075986e-04
5.676515156097962497e-04
4.769994629748674597e-04
3.824858027158222601e-04
2.886354183170992526e-04
2.075802977685500394e-04
1.532038353586962821e-04
1.074182614441082997e-04
6.888329753569753420e-05
2.363095376764169363e-05
-1.079197811242823400e-05
-3.235018104442939418e-05
-4.386253141356626957e-05
-4.548128261895018851e-05
-4.738040560453999619e-05
-5.313991950205193315e-05
-5.159071914301943202e-05
-5.333411592973928646e-05
-7.419719385341893452e-05
-8.921564000579832289e-05
-1.093513942383558590e-04
-1.291798223999424892e-04
-1.408872697206458777e-04
-1.549106898733590334e-04
-1.601689607084093390e-04
-1.689032539031708191e-04
-1.782203720069093110e-04
-1.875529835930125216e-04
-1.933487177978335204e-04
-2.062264942944153762e-04
-2.072070442370552862e-04
-2.207676919252456649e-04
-2.480122176559252756e-04
-2.812528867999360116e-04
-3.159200874564760050e-04
-3.405460282570868850e-04
-3.754919297439120542e-04
-4.330507249495055733e-04
-5.065376775860592476e-04
-5.725418658899478295e-04
-6.333077942776494567e-04
-6.891411757792131193e-04
-7.287755224808124951e-04
-7.472375232407830461e-04
-7.670379824734082199e-04
-7.789540253793457566e-04
-8.128218016530969073e-04
-8.585956169791208710e-04
-8.915469818419307886e-04
-8.879698955415908168e-04
-8.757573827276355109e-04
-8.862347330964477632e-04
-8.944331851320906808e-04
-9.177980103627544342e-04
-1.003569955824746987e-03
-1.114959731592506413e-03
-1.209389468942746564e-03
-1.299501594136808326e-03
-1.330309032351075600e-03
-1.356641635814517148e-03
-1.357313723045733929e-03
-1.365861423733082591e-03
-1.371674091061609452e-03
-1.345721932886801905e-03
-1.348123656492881224e-03
-1.316096152481811138e-03
-1.248920199147103257e-03
-1.175809526505403177e-03
-1.107807913239439298e-03
-1.017464713267686059e-03
-9.348218706938740555e-04
-8.491756342064344125e-04
-7.986614122481557401e-04
-7.554001677369917610e-04
-7.257230495788148531e-04
-7.016735585183745500e-04
-6.703785416431014754e-04
-6.333785711257721969e-04
-5.743036303796109987e-04
-5.005432140369929853e-04
-4.097934436581491570e-04
-3.433849354364394810e-04
-3.113148658225134381e-04
-2.749385451245582482e-04
-2.369320855650648271e-04
-1.900610968078150960e-04
-1.078213626302122996e-04
-2.327235361742431346e-05
6.002841392920943257e-05
1.196377596372630384e-04
