beta2
6.788451085041107870e-03
6.884227034989667121e-03
6.901065493964792311e-03
6.935709606951651236e-03
7.026394140868783694e-03
7.073923853435757150e-03
7.068654425356877061e-03
7.172293366016397470e-03
7.386195390840531727e-03
7.526738452214867814e-03
7.790474632148849249e-03
8.089850705877411202e-03
8.475112704766526311e-03
8.773625792906605131e-03
9.110867744056011172e-03
9.385421199602499154e-03
9.308244769633182078e-03
9.235919479979873975e-03
9.056932092587077071e-03
8.822853680316426750e-03
8.836496020167061705e-03
9.017938278896193982e-03
9.131088431177956932e-03
9.298918627297991096e-03
9.507919011632483264e-03
9.611034065713468591e-03
9.916394155134965888e-03
1.015843814420109431e-02
1.057790786712705863e-02
1.095035505082169944e-02
1.128004963533213792e-02
1.132901944801530461e-02
1.146159280473313391e-02
1.150303903627095808e-02
1.123139711517144243e-02
1.084358648207268266e-02
1.049898144699395672e-02
1.006651861821624902e-02
9.676260997198368047e-03
9.531455136599921787e-03
9.471414643806115238e-03
9.248401306601469751e-03
9.203245857227145693e-03
9.059046520051409340e-03
9.076733723940973164e-03
9.029533196194639705e-03
8.977130804858412388e-03
9.116569402801835004e-03
8.918613951151789856e-03
8.806070842979170019e-03
8.758009777924388728e-03
8.925179463595365320e-03
9.175269389771055495e-03
9.353974171415407185e-03
9.492088039573746278e-03
9.801598983659565167e-03
1.035550568813018921e-02
1.087420314184582223e-02
1.110714560188036902e-02
1.142156541675638098e-02
1.180451597177677864e-02
1.182467739246833432e-02
1.187378510085422903e-02
1.178723989246219586e-02
1.169104235767366370e-02
1.159629478217157755e-02
1.153118030985299247e-02
1.158535418676807059e-02
1.179968595692424890e-02
1.196290086095457006e-02
1.198888799010570938e-02
1.195771352505241129e-02
1.178618762469721068e-02
1.162328556918947736e-02
1.148141544106580023e-02
1.139074961457289814e-02
1.137185431600773455e-02
1.099182874790095854e-02
1.071545280791728200e-02
1.042911728756996947e-02
1.072456159351417061e-02
1.086940481071822610e-02
1.103167008353145642e-02
1.109671807146658806e-02
1.112456744631259292e-02
1.105574643156038289e-02
1.095054309201935749e-02
1.100979147946640896e-02
1.110418469871458751e-02
1.111423392390019013e-02
1.116993555545270009e-02
1.120999962708554148e-02
1.121828604443187230e-02
1.092419748892428655e-02
1.064978291287118489e-02
1.065256070035440657e-02
1.070242688673497464e-02
1.080892108741995927e-02
1.093294499860006375e-02
1.107224708606342929e-02
1.119607195187893520e-02
1.127977793576845182e-02
1.136671918855743264e-02
1.144933471019534896e-02
1.144284668937461599e-02
1.128312187493968333e-02
1.143100015538994416e-02
1.143603135394164090e-02
1.148319779581286233e-02
1.140511691306176148e-02
1.139055416583711552e-02
1.144272451844432700e-02
1.138676758984165718e-02
1.124940186476007867e-02
1.137809786208690728e-02
1.144242949227769479e-02
1.148531435153786300e-02
1.132843030064571710e-02
1.104688932599755258e-02
1.078224135460699971e-02
1.060759538178269838e-02
1.044604434155286220e-02
1.033804565087084737e-02
1.022157509323645339e-02
1.028765931187910695e-02
1.030921367177462834e-02
1.030176873817895480e-02
1.032726274533355380e-02
1.027836192846825168e-02
1.040029966085743995e-02
1.035950799473202635e-02
1.020256130101544929e-02
1.011198388400375708e-02
1.015606593073432179e-02
1.030666457757160349e-02
1.031093509319984738e-02
1.044257742502296277e-02
1.056413465140956798e-02
1.081302778811787935e-02
1.113482479413952300e-02
1.139523564672034403e-02
1.148548771922404052e-02
1.169956690092430716e-02
1.187218513094889100e-02
1.227961791532354921e-02
1.223343057165105635e-02
1.223062797343901081e-02
1.209129608045547526e-02
1.212122844584772111e-02
1.177972259001765568e-02
1.148939620257154182e-02
1.108431470337524830e-02
1.071353308652702070e-02
1.067415703905112354e-02
1.061805832840131969e-02
1.051803248310249905e-02
9.905887321397743861e-03
1.035306457050454501e-02
1.071452272242173938e-02
1.061530570635686385e-02
1.040971409428805526e-02
1.021893202290751444e-02
1.029259591277366208e-02
1.031429198915037072e-02
1.027646293767181876e-02
1.040467075529240282e-02
1.067447074647098065e-02
1.084731282821391717e-02
1.064803590269363873e-02
1.031691622607533963e-02
9.831373628891842270e-03
9.478533134480018191e-03
8.989923184340428697e-03
8.660406393461217434e-03
8.481617931325045184e-03
8.615444284562350993e-03
8.415469614535174558e-03
8.372147537026022532e-03
8.307383077827600049e-03
8.087307091675884074e-03
7.914170521479654483e-03
7.955279489510287336e-03
7.916420381900077935e-03
7.973154706197700670e-03
8.064569714498336095e-03
8.212598966028359510e-03
8.200290223699797237e-03
8.284578187451468317e-03
8.603293255938185280e-03
8.540695325915295677e-03
8.502804472148919879e-03
8.507316557193500550e-03
8.625336790487729902e-03
8.199750401422175455e-03
7.903672132108300469e-03
7.550990578365378639e-03
7.364075340725735261e-03
7.451570919187803371e-03
7.584784643265051265e-03
7.775707113607350715e-03
7.722057484392806301e-03
7.812997385697028480e-03
7.834514974377041613e-03
7.869948497597008610e-03
7.693285821741466766e-03
7.664770238943213743e-03
7.614597398710707538e-03
7.457987038211594602e-03
7.221171309314862105e-03
6.978901281992070348e-03
7.052888355399212009e-03
7.065616832151719318e-03
6.741209963054333072e-03
6.730558570943347488e-03
6.932629256187749014e-03
6.881576779202475472e-03
6.968983552515555652e-03
7.192875172789239997e-03
7.360847461047462584e-03
7.528846055211237120e-03
7.698252014981128363e-03
7.791323264409196966e-03
7.905709926450441016e-03
7.805212034143621698e-03
7.817294783108897846e-03
7.952204621934315723e-03
8.217968477373676153e-03
8.480512240691717371e-03
8.871732266486048735e-03
8.721780355479952923e-03
8.567961730972566137e-03
8.470744397021504751e-03
8.494256711085066205e-03
8.513941001959259708e-03
8.575397227232373770e-03
8.504392351391977523e-03
8.330389295283751119e-03
8.210103467669184474e-03
8.090724989913760865e-03
beta3
8.542848812747614456e-03
8.723187372627980857e-03
8.899396271399084152e-03
8.872211956746551414e-03
9.014229321336917483e-03
8.983634508896363308e-03
8.898302258399173881e-03
8.845619241696377200e-03
8.818063191667863121e-03
8.977945375906628070e-03
9.060628877843614898e-03
8.951747501675363927e-03
8.748807309119300407e-03
8.517117054837698015e-03
8.330247091392590369e-03
8.283053799820992713e-03
7.823293335743832302e-03
7.427835169032908150e-03
7.114995832267661732e-03
6.870421965825747324e-03
6.717687923891166660e-03
6.674602767993529848e-03
6.697565272595759275e-03
6.636763715982093442e-03
6.672335095678489161e-03
6.635545039194683595e-03
6.544932932811339289e-03
6.536652141569596758e-03
6.632190195551208520e-03
6.765148858230641410e-03
6.828429686127570133e-03
6.795085295820495891e-03
6.725748888907557080e-03
6.720021042749128523e-03
6.677952539524286378e-03
6.686106185447585060e-03
6.744556042528717169e-03
6.645382429978140791e-03
6.499773922884916413e-03
6.618807732594373175e-03
6.710527127308303641e-03
6.730055852469917985e-03
6.645796331749949382e-03
6.551144710954830662e-03
6.301474255114628692e-03
6.080333923208571488e-03
5.821096149162726871e-03
5.690703453447875683e-03
5.835161261270722238e-03
5.910638014572996632e-03
5.812555826777185408e-03
5.805187439052091405e-03
5.893176867249922887e-03
5.864539061274665240e-03
5.831376665009673291e-03
5.777142534953452063e-03
5.733991094482670733e-03
5.710334517770832355e-03
5.662999903153137504e-03
5.448117482615966872e-03
5.338468594257584840e-03
5.301877968916094905e-03
5.223390208487803908e-03
5.195290332558086949e-03
5.224368217826046330e-03
5.261498127244327791e-03
5.286305029879435555e-03
5.318927314753472621e-03
5.398872848595239957e-03
5.442599749128270922e-03
5.500697165642532381e-03
5.416129561315340124e-03
5.346451329130024778e-03
5.310885421875102992e-03
5.258292436864370548e-03
5.139538633532355835e-03
5.112487523321449304e-03
5.213931095332443970e-03
5.339301100579381051e-03
5.461928392284251532e-03
5.477443862387952958e-03
5.532000632469449668e-03
5.621893209552107640e-03
5.660790901250859278e-03
5.787473220506172793e-03
5.882539375439671536e-03
5.933240914727118051e-03
6.062408644597797047e-03
6.199496097617971518e-03
6.271587619677640273e-03
6.360056329068745559e-03
6.478967845914266992e-03
6.575409504877924131e-03
6.617799005797556609e-03
6.705803059017171122e-03
6.581712131414542422e-03
6.571624598596037189e-03
6.525736445516797796e-03
6.473477340798936865e-03
6.367955808251732699e-03
6.388139413626326910e-03
6.377049766784945520e-03
6.380984498653815423e-03
6.323242968196149741e-03
6.055035726947660332e-03
5.842291099167071580e-03
5.771677110010005676e-03
5.667926976143239370e-03
5.564307390110840440e-03
5.523710399178867296e-03
5.503811188147517477e-03
5.588866247295024361e-03
5.630575973031208201e-03
5.427099267686759376e-03
5.341694608537081099e-03
5.259675456507513329e-03
5.179994519618053711e-03
5.058219830216228313e-03
4.841547660679566475e-03
4.587757336539509401e-03
4.425380712708442202e-03
4.314545701882645246e-03
4.348172240565451215e-03
4.322592913836782388e-03
4.435492321342689517e-03
4.492750229278415913e-03
4.465930100917410613e-03
4.418748741685619291e-03
4.421060566262654916e-03
4.468085562005381581e-03
4.429403742789181017e-03
4.460571184311659665e-03
4.457416622430215511e-03
4.389950882153749456e-03
4.334964209091313019e-03
4.283651183489617029e-03
4.217887290198185819e-03
4.136005861691182707e-03
4.189242233990628228e-03
4.200903546670952185e-03
4.217231890046434228e-03
4.264025285926842379e-03
4.314389062284296715e-03
4.382919925460313296e-03
4.472648202945610912e-03
4.491397313368443445e-03
4.551220426482059656e-03
4.611330234729581548e-03
4.822047899857538622e-03
5.082373145413464528e-03
5.396001735756874793e-03
5.599491910922902056e-03
5.815711596110007160e-03
6.090034342489388658e-03
6.303849610981730744e-03
6.447575297613972189e-03
6.480750696095985072e-03
6.672951303206706153e-03
6.834672050012979838e-03
6.745763856464324047e-03
6.637938088692873703e-03
6.522190707805447692e-03
6.494065400349849880e-03
6.448783794834829497e-03
6.392195408327199999e-03
6.458202393786712132e-03
6.481336217772288785e-03
6.387555030548500851e-03
6.288390624155846403e-03
6.201789551777459747e-03
6.060703992050470168e-03
6.145305854985135853e-03
6.271065715162950707e-03
6.433628066890852495e-03
6.590731471742054121e-03
7.086334712948409199e-03
7.410865325130581299e-03
7.795176268518638762e-03
7.890131657248415295e-03
7.931580392535712842e-03
7.908771904989370105e-03
8.061047560257311034e-03
7.829539847629449212e-03
7.602546695389854163e-03
7.384449727235987970e-03
7.200907938742593523e-03
6.852314203160424222e-03
6.594731658172692940e-03
6.468090756394561693e-03
6.244842549175099941e-03
5.997144763216592615e-03
5.722348104907158846e-03
5.559008855504156063e-03
5.635615663642875098e-03
5.630055837393250356e-03
5.655943976685165984e-03
5.656636501915631061e-03
5.761530657972152407e-03
5.960702402665618745e-03
6.156534933105365509e-03
6.312293925012603044e-03
6.487133574309914691e-03
6.617736935898662319e-03
6.766885562272609810e-03
6.901915090251003505e-03
7.045863720639219605e-03
7.194025950310786385e-03
7.543176650809217676e-03
7.702442001145765223e-03
7.923831847068799755e-03
8.302347154879494498e-03
8.673129443564693564e-03
8.739900670395199522e-03
8.658007754779064452e-03
8.764666674601795382e-03
8.921206815015788466e-03
9.070933730966576972e-03
9.313728803248443738e-03
9.608921030974857530e-03
9.261670273371717249e-03
8.949877828035959423e-03
8.459174456600399711e-03
8.060438110348483454e-03
7.635131362546267175e-03
7.473921918741742096e-03
7.679640155817340531e-03
7.751901056789151784e-03
7.836819941984454058e-03
7.971293710245616615e-03
8.015459027394518030e-03
8.178746710680896703e-03
8.135630919173585801e-03
8.273095910914476936e-03
8.310084807669348636e-03
8.277377035699641852e-03
8.299310122562264871e-03
8.156438276175735289e-03
8.060296559601314720e-03
7.785966676013909848e-03
beta4
-9.978272027146438579e-04
-1.031077657499828056e-03
-1.146012961665080973e-03
-1.122612243160856513e-03
-1.121360061237248410e-03
-1.107556849702484364e-03
-1.093312309336482357e-03
-1.071028256315499985e-03
-1.121370840988958166e-03
-1.231822622649479324e-03
-1.393653487341640473e-03
-1.590688001423841555e-03
-1.807906992388747100e-03
-1.975743136881405806e-03
-2.124270138361159486e-03
-2.261606539729918083e-03
-2.278454945020168092e-03
-2.314401945198103598e-03
-2.308943217078462777e-03
-2.316941477582878939e-03
-2.300517139356101932e-03
-2.389202745037749369e-03
-2.519531615051126550e-03
-2.610598467315036059e-03
-2.635317427438134234e-03
-2.600703182338114008e-03
-2.557946082200443245e-03
-2.516392891051476635e-03
-2.671361699733776698e-03
-2.842676707359892592e-03
-2.939514506983243423e-03
-2.993186067435964909e-03
-3.096136009230390958e-03
-3.200090118618231175e-03
-3.130772461326558967e-03
-2.948447015832440267e-03
-2.950233726172711395e-03
-2.950234793872939104e-03
-2.929728572451714003e-03
-2.786615513221028274e-03
-2.703012928783626694e-03
-2.570733520089117999e-03
-2.449237149691732909e-03
-2.334402827439944431e-03
-2.153036458774897077e-03
-1.933079110385018274e-03
-1.649135193238398514e-03
-1.573711420184326342e-03
-1.495930280727902212e-03
-1.368746551289418308e-03
-1.176905466170968155e-03
-1.199908540340370719e-03
-1.190222864909589156e-03
-1.119211790972566688e-03
-1.102170578756034606e-03
-1.099505960094718541e-03
-1.215388886944239162e-03
-1.306284313498193555e-03
-1.299916068973432136e-03
-1.513419046013487730e-03
-1.826124070771658432e-03
-1.795408794247206489e-03
-1.885330868508535221e-03
-1.810623955960136925e-03
-1.792172095748017450e-03
-1.761517197544699119e-03
-1.904904960358667822e-03
-2.061467794322338794e-03
-2.184207530788700828e-03
-2.299883100081515953e-03
-2.416142832705478818e-03
-2.601212901890290630e-03
-2.621884057512317498e-03
-2.555769500640477695e-03
-2.519948395654093409e-03
-2.491695121144627684e-03
-2.573729235816204532e-03
-2.617444445451679903e-03
-2.630839509033224260e-03
-2.606149898319619525e-03
-2.692549471917425087e-03
-2.624036804384888722e-03
-2.543279535866298235e-03
-2.507550971947518012e-03
-2.494164744144375563e-03
-2.524269213397235204e-03
-2.544418042771222875e-03
-2.580793134299702064e-03
-2.652144738661704228e-03
-2.731606920985011049e-03
-2.824906295852912773e-03
-2.899953416870568700e-03
-3.012453663809595839e-03
-3.152306216267567341e-03
-3.231814976780681900e-03
-3.221257527676215596e-03
-3.116535061228982093e-03
-3.043348927179195806e-03
-2.922396627412900995e-03
-2.784664431706212941e-03
-2.700337734913557663e-03
-2.614089408400430657e-03
-2.633440398103396515e-03
-2.528786520707385511e-03
-2.541518193128514472e-03
-2.449864545096225917e-03
-2.347288101316652009e-03
-2.166763809352359807e-03
-2.039019130577227404e-03
-2.038397696326957418e-03
-2.101373175184602198e-03
-2.157072935359416119e-03
-2.149058260054008407e-03
-2.289724722150533742e-03
-2.520293953667807757e-03
-2.647446740086786474e-03
-2.770671123303487804e-03
-2.874913843860820405e-03
-2.900259835164253376e-03
-3.030858696160436579e-03
-3.082092829140331731e-03
-3.147884707825950729e-03
-3.198301780551445275e-03
-3.276865309895548792e-03
-3.425197198094134463e-03
-3.447467484062630323e-03
-3.387060561420541464e-03
-3.240815474604819609e-03
-3.163662480195255332e-03
-3.062530731476123536e-03
-3.030215687638016138e-03
-3.152557546428696837e-03
-3.241927864533543195e-03
-3.375425694230001217e-03
-3.499610007837485656e-03
-3.616674989340291392e-03
-3.692328446583669713e-03
-3.843361203838421836e-03
-3.840174462891741882e-03
-3.973132511478153980e-03
-4.070342012668942515e-03
-4.017306879826166785e-03
-3.910666829388943083e-03
-3.759454153426084952e-03
-3.664618980162063621e-03
-3.592264041939600624e-03
-3.508364411825653367e-03
-3.500593652124089732e-03
-3.478074033880134211e-03
-3.487743534898990298e-03
-3.408105594883922319e-03
-3.474900637670419457e-03
-3.534461017093926561e-03
-3.605529037088146902e-03
-3.586157729870298287e-03
-3.566527311214172380e-03
-4.208212524421026807e-03
-3.957741646743239555e-03
-3.714137534739516723e-03
-3.838169737066074623e-03
-3.977653031608274423e-03
-4.073253352177406798e-03
-3.902147455914664002e-03
-4.101153529885893587e-03
-4.291504289670217305e-03
-4.381676977482739863e-03
-4.445829018420196024e-03
-4.590800824181012416e-03
-4.640790849134967741e-03
-4.784168343117671529e-03
-5.070950859149162687e-03
-5.101584727082074389e-03
-5.288064808772733986e-03
-5.253690166024956032e-03
-5.273559687218307146e-03
-5.101511573796863735e-03
-4.830336113727877120e-03
-4.684468143126729878e-03
-4.483145431651461114e-03
-4.421793357618566955e-03
-4.407468665926829628e-03
-4.249560166821802348e-03
-4.007137578738384498e-03
-3.877049792494445535e-03
-3.695674273123778289e-03
-3.480743638339960436e-03
-3.388469145509450265e-03
-3.211474891173518847e-03
-3.075644700517816705e-03
-2.908191689569920337e-03
-2.779253219660744213e-03
-2.606105463479954990e-03
-2.497529579520328495e-03
-2.349231900871644879e-03
-2.211389391434584635e-03
-2.107200437960538540e-03
-2.016249767792535619e-03
-1.863882369460488544e-03
-1.701507011553309414e-03
-1.521513543776415334e-03
-1.420579146930778681e-03
-1.556140786686111346e-03
-1.636700197434725734e-03
-1.689823607178098184e-03
-1.819486459469663638e-03
-1.862926371828845049e-03
-1.918773950232411773e-03
-1.968606044341624471e-03
-2.072082206972220876e-03
-2.245353053719239839e-03
-2.366246891392910674e-03
-2.627224622449932795e-03
-2.736843507891871877e-03
-2.723365653463360840e-03
-2.770980364493350143e-03
-2.835710605755891161e-03
-2.786369309812062635e-03
-2.790806798752788580e-03
-3.062501074806113586e-03
-3.117276565788742234e-03
-3.184723652327888736e-03
-3.188952366455684913e-03
-3.278431158198849907e-03
-3.292904487141654415e-03
-3.166354688098193138e-03
-3.198047335456435502e-03
-3.487632099155315961e-03
-3.781110372208316105e-03
-3.955379935459498245e-03
-3.887545127024115681e-03
-3.879254334641021873e-03
-3.705092941497928338e-03
-3.774295509667345214e-03
-3.859241325812392057e-03
-3.935667358114108144e-03
-3.940908309962579820e-03
-3.926759404562203334e-03
-3.953691149515829034e-03
-3.920413731823261042e-03
beta5
-4.109287177822381681e-20
-1.383416848167327078e-19
-9.011996075034830204e-17
-1.358118354707925442e-18
-8.179680774247963025e-20
-6.193809840871615081e-23
-8.555383241093447816e-60
-6.365780956216656221e-22
-5.441491187650669361e-20
-1.540428014065193986e-20
-1.685078053641029422e-21
-4.410241297233029258e-27
1.714327458857434593e-91
-3.503166631992446368e-34
-3.935910413472662617e-22
-1.117640629514674751e-23
3.832110268272854331e-96
6.271876600389584754e-28
-3.245363282223334052e-92
-3.397018553320861632e-24
-2.866026385469576892e-60
8.919088065736800378e-92
4.676644402972469427e-22
3.035962749008443919e-22
8.928840058476144944e-23
1.331220275376170117e-20
1.776410139622437161e-19
1.401471674033063968e-17
4.258031250688228050e-17
1.878352323280782002e-15
2.080316715910985694e-14
3.887452044456120911e-14
4.433323292944511491e-13
3.541739778855425912e-13
2.956858137519446539e-12
1.631086527892553549e-12
2.420735339686145399e-11
3.094270198094967603e-11
4.609221696287425958e-11
3.143652547992924859e-11
2.627434149802138939e-11
4.779774978999882322e-11
4.795244378907578286e-11
1.074427803074102928e-11
9.327635892162994095e-13
8.363325973277465509e-14
2.100163372643907533e-15
3.334127328679949440e-15
3.015507382019555747e-15
1.380164887373793910e-13
3.150364199978342190e-14
4.094135878499868827e-14
5.635083238471564582e-14
1.448688963677312743e-13
1.885330887707967022e-13
3.299714455551485989e-13
1.817648282694817405e-13
2.621009788200946545e-12
6.430647631225511651e-13
1.172562003597281203e-12
1.669377543995047407e-13
2.807853631986522821e-13
2.460827872684995319e-13
2.647298146572147505e-14
1.237171440315234421e-14
2.081728448556233683e-14
7.055118873688253247e-14
5.967821805858027126e-15
3.572455603204587759e-15
5.213038755256374497e-16
6.452428229010183222e-16
2.329110625337978857e-16
3.770859165010530559e-15
2.333638708560779630e-14
1.185448345624669632e-14
3.248618215222612453e-14
1.934987831627526769e-14
3.229248901179704294e-14
2.299939614824069521e-12
5.138989352898545198e-12
1.536996484560070660e-12
2.089110395128657238e-13
1.739017773863420137e-13
4.446754143867214864e-13
3.230936275414830607e-13
2.316179103441424574e-12
1.299578892123342024e-11
7.734267916393666702e-12
3.816969253135947940e-12
8.869454039409474798e-12
1.813876984683804130e-11
1.879429392480516355e-11
1.876314765829405067e-11
3.039362322150212919e-11
3.890778540912630866e-11
3.854476249587343792e-11
1.120551374742409104e-11
9.142897067800032213e-12
8.447241124959429481e-12
4.066305124016091967e-12
1.966094115922346802e-12
2.592932507981929574e-12
4.789791443342965500e-12
5.563255920695086667e-13
4.780098679411015984e-13
2.027482993722721490e-13
7.962123245063569234e-14
4.133938199787712607e-14
1.275509065829041322e-14
7.962443169470748770e-15
3.689324177055712923e-17
9.664594764699294799e-19
-1.086474647183956223e-60
-7.821489407935648515e-27
-2.219932540352705069e-19
-4.095545472725238705e-19
-1.105611067583947577e-18
-2.225794159980158782e-18
-1.688491812305087971e-16
-1.951822881037699688e-15
-2.185224888730027842e-14
-3.786021008590540241e-14
-1.678976455283381248e-13
-1.207743293062960812e-13
-5.256730676215960694e-13
-1.397354026473848241e-12
-1.030606053676890933e-13
-1.792923086879969731e-13
-1.882715950039452601e-12
-2.778946140579524940e-12
-2.882510388115860831e-12
-3.530592035387805786e-12
-3.919988163655608768e-12
-5.764708863932991184e-12
-3.504426085455913524e-12
-9.205673526579523096e-13
-2.439267194945895322e-12
-5.280108623392310885e-13
-2.257944992511272218e-12
-1.402094036117532037e-12
-3.308750692799476488e-13
-1.288442521965153248e-12
-1.353689007933538741e-11
-3.147973561156427318e-10
-1.223241752502692583e-09
-8.942424638413062071e-10
-2.581122812495428320e-09
-2.366471177466628143e-09
-3.177394188925872657e-09
-2.179814763286292466e-09
-1.350704301932297659e-09
-1.236676043220594682e-09
-9.257871160151345927e-10
-8.825388894636248154e-10
-8.471625187240226774e-10
-3.490193256539318128e-10
-3.660354865388715166e-10
-7.445027533966964288e-10
-2.995348665231424611e-09
-1.336442184341724191e-09
-3.224895614202673481e-10
-1.065630047505727476e-10
-5.972891418262066088e-11
-7.345393920678398434e-12
-3.823239920014061352e-13
-5.960264205772456123e-15
-2.198947431290107288e-17
-1.957603764492863944e-20
-9.445797853260407243e-20
-2.589871349117124237e-20
-3.312265297084742782e-20
-2.986868927734559765e-20
-5.004810286582654893e-20
-8.233886285223566300e-20
-3.194736129001836064e-21
-2.185765965127416404e-95
-2.599184555566743197e-32
-1.958849754225752323e-92
1.466424439105955134e-92
7.423032704803084937e-45
-1.565643174159401073e-95
-1.798090310079094002e-91
-3.015151156663887909e-96
-2.236445080298915942e-23
-1.440533622336102915e-21
-1.421251674626534399e-24
-1.643579824616060539e-23
-6.865163290339880227e-22
-2.380972702008494136e-20
-2.039648001157492257e-24
-8.387714370931471536e-27
-1.393329277353291917e-90
6.750531330467664391e-33
1.712514436057183882e-21
6.752922088321501493e-19
1.586016613718985344e-17
3.416141160925320369e-19
1.781827178142823666e-18
4.835862320657459825e-22
-7.022136737920357308e-92
-8.269833843250886504e-21
-2.363637757231684100e-22
-1.770488334580310558e-24
-2.128110383290113733e-21
-2.761229182120694905e-22
-8.507875407120239011e-92
3.135313638778622463e-92
-4.126427461865749665e-95
4.843023388136701529e-92
5.806580428738697949e-21
1.905435370657321789e-17
4.002448970377352895e-17
1.796282671216590937e-16
2.112447705878509114e-17
5.754824398682997603e-16
3.535926909871398134e-16
1.109246632462768594e-16
2.373373272975417073e-14
4.881803287031902448e-14
2.742026823198479028e-15
2.152232536797545598e-15
6.489956218855186655e-16
3.690138029658571539e-15
1.654968782646397174e-16
4.349601589455084445e-17
4.311760342849316695e-17
2.123170181218393631e-21
9.714724985055661695e-20
1.682426132975215944e-34
-2.615251754116760279e-22
2.505601717046678975e-91
-2.887757609289401807e-25
1.004699315095650856e-90
-2.932067972906036185e-25
-1.137925819664228087e-62
8.228827141482775181e-92
2.109061162219828403e-19
1.889222344400549974e-22
1.245730484544701309e-19
