5.723146690979479282e-04
4.118547060159865225e-04
3.272501593666243477e-04
1.700887676007835315e-03
2.114253664697416865e-03
1.903031808012630235e-03
9.239449646874877721e-04
3.182822357668029824e-03
5.200804873933856549e-04
4.574766096773800420e-04
4.280397770870160044e-04
4.491495252844481326e-03
1.406751191523216262e-03
1.026848675811760196e-03
5.623109529039394591e-04
8.951105883284385520e-04
9.828079116538683199e-04
1.764857423261642199e-03
5.117935271921963351e-04
6.483852868684868848e-04
3.624529070339064900e-03
5.578020637294564283e-04
2.593122600399575981e-04
8.133618016787310160e-05
3.773581017152135100e-04
1.772305765355464992e-04
1.404824903974367305e-04
2.126630068063868682e-04
3.219761263494374994e-04
1.676632991523992200e-04
3.789065882555951487e-04
3.120974126999490885e-04
1.212073210608274399e-04
7.545810324408401255e-05
1.046800939599654666e-04
2.477873354210007053e-05
4.224138466122900074e-05
1.132278967862547991e-04
7.264670890172925154e-05
4.443366864841188815e-04
4.313881902177276340e-04
1.238925525125757698e-04
7.158490922313165070e-05
1.028840110911570315e-04
8.761875904226617488e-05
9.486917201312378590e-05
1.126297960893378518e-04
2.299262887587219376e-04
2.096403091891818854e-04
5.766183749735225971e-04
2.489764002110867467e-04
2.883680051811721428e-05
9.221322433956193466e-05
1.508619276380071441e-05
6.989579320159808342e-07
2.465665534260184038e-07
6.150720416945688763e-07
1.660699962814410520e-05
3.039556539534728783e-08
6.319934410319832808e-09
9.170559226664072125e-12
7.108613307758265124e-14
1.526122062842308525e-12
7.113622805794849641e-16
2.943074998401103934e-17
1.413408295605754865e-18
-1.278822256569743306e-19
-5.040351046451098132e-13
-5.307034114975269630e-09
-3.572608516514650578e-08
-4.087778731920252265e-06
-2.623603239687800816e-04
-1.341672373093531084e-05
-3.297882101994358136e-05
-3.897490143617438616e-05
-8.226716136096437525e-05
-8.292881197978835468e-05
-2.995053919571136159e-04
-1.096061998257320997e-04
-7.136916359710666023e-05
-1.862105302505146333e-04
-3.861455558568703626e-04
-4.120541984853123016e-04
-4.182193036824057757e-04
-3.010748541452738488e-04
-1.562710413357447858e-04
-2.954381335438472853e-04
-2.327301475671456803e-04
-4.745682537375148051e-04
-2.212691159302406798e-04
-1.672076604722773200e-04
-5.584185117604386923e-04
-2.665358315974634528e-04
-4.426022053895107937e-04
-8.348089132030596469e-04
-1.408191670452993514e-03
-3.859927626504708331e-03
-1.702270031354470321e-03
-1.887184180451450958e-04
-1.407321076001052788e-04
-1.583241606065144674e-05
-1.766312084076561331e-05
-8.841479002785101104e-06
-8.562784834203106571e-08
-3.038931566249277502e-11
-9.444743641028795863e-35
1.235314549158864179e-08
1.237272577127834998e-06
1.296654157541346220e-06
1.983505108849255608e-06
1.094067624540502938e-05
3.314284442197020235e-05
8.125141846918024538e-05
7.239455424396954103e-04
4.615727500134790486e-04
3.686997953294194035e-04
4.186749827531640136e-04
1.443035688256255492e-04
2.880442678627646250e-04
1.065875439376092837e-04
9.273461095293092957e-05
4.900854864445450260e-05
1.468599086060705340e-04
8.554312493138692213e-05
3.667357003101772849e-05
3.099826233324145077e-05
2.487860412251004813e-05
9.814142898471329274e-05
3.038759697352218106e-04
3.133792276209457694e-04
3.175925079496847055e-05
2.331898413916957025e-04
5.648262114288484035e-05
1.392904126485802631e-05
2.671267101657890632e-06
4.196977210905839827e-06
7.998921610496597648e-06
9.067374109055826876e-06
4.196270690308430255e-06
8.655776091968054450e-06
2.482937115107748402e-08
1.766225619647879193e-07
2.769768048104217262e-10
7.894124497314171648e-32
-2.778334652369948814e-27
-8.058361766796503815e-20
-4.876543619323649972e-21
-1.114500377466560711e-09
-6.145957280826750999e-08
-5.080546171248442581e-07
-9.911799132364189799e-07
-3.158328035691067303e-05
-7.600147632892304776e-05
-2.625547240119958416e-03
-6.356615887938563744e-04
-1.111259521335062109e-04
-3.115919618589444541e-05
-6.319189846091331883e-05
-1.110655241866753700e-04
-1.086673420108687850e-04
-2.679476282945474937e-05
-1.622497902542495825e-05
-6.045926086268499421e-05
-4.113710651634426373e-05
-2.246506168051199179e-05
-1.498522065658585626e-04
-1.094043579504608825e-04
-1.062203547488043570e-04
-5.353539801265197896e-05
-5.496112348062624802e-05
-2.206660151615289514e-05
-9.052166907149943975e-05
-2.200705068209799176e-05
-1.280405070678369383e-04
-4.302111827105081050e-05
-1.502516085075158823e-05
-1.337327865677178551e-06
-4.016068921547233039e-06
-1.906281701491462695e-05
-9.398879744921236974e-07
-9.150265207796501902e-07
-1.309808586792947857e-05
-2.332830645556741649e-06
-2.974344695902434489e-06
-1.914279757547806043e-07
-2.742209852649067313e-08
-2.182623232747256517e-05
-6.963146063829784178e-06
-2.044508314062626182e-05
-1.485073069451663390e-05
-1.086775753057698301e-05
-2.334714343923780807e-05
-1.033335949259675678e-05
-1.288452550374087846e-05
-8.483645219280517191e-06
-4.183645461699445111e-04
-7.163488400628290932e-04
-1.218001656700974384e-04
-4.032974256310093987e-05
-9.676888732340993104e-05
-1.395219592970028716e-04
-2.065860826698375592e-05
-1.108646862737195212e-04
-2.650484011615284624e-04
-5.387676102177322473e-04
-6.479841459281129043e-04
-3.972778911547727217e-04
-2.111768129813773533e-04
-2.862775084332051345e-04
-9.998492937873042457e-05
-2.972657576765183759e-05
-2.220544860878913249e-05
-6.804311625074341903e-06
-2.228770681639467206e-07
-6.574298064557794928e-10
-3.371769140974444300e-30
2.301952056593810550e-13
2.521360337953599431e-08
1.437544815823428829e-07
1.884834894888780713e-05
2.937535219278446623e-07
1.129623244053979916e-06
5.391078621595125181e-08
1.114927656396050331e-07
1.120334782931654930e-08
2.279829461802924346e-06
1.288604412258355585e-06
1.868004082621985116e-06
8.348565624507887858e-08
1.763826106425642495e-09
1.478684655044602895e-14
3.243239442794968032e-15
4.092295724442412611e-12
5.112161212225426835e-19
1.266462083240838777e-12
1.761212963208340788e-10
2.063792896841112202e-11
2.460210578107364610e-16
8.854002141178521583e-21
