1.011514252102302912e-02
1.044070795812584301e-02
1.102901361159238335e-02
1.006077158953999628e-02
9.430387354028577432e-03
8.807536968285470391e-03
8.329449420618721331e-03
8.012557952489908139e-03
7.871418370924162730e-03
8.057666970748273219e-03
7.904771764107634477e-03
7.791519531964485705e-03
6.939328181194258198e-03
6.190784950516709136e-03
4.705274799467146739e-03
3.815985467542769294e-03
3.241414613311453894e-03
3.080088159518598340e-03
3.311646707423849655e-03
3.005506254632011025e-03
2.597832747556040513e-03
1.422363607324867536e-03
-1.136798146496290665e-04
-2.308174336659337637e-03
-4.136987023533805936e-03
-5.444247370880559052e-03
-6.629781557713799144e-03
-7.786145174244395346e-03
-9.671907279095120699e-03
-1.105640849843327750e-02
-1.182183062657944476e-02
-1.194800640082877008e-02
-1.213420375731953660e-02
-1.292306073397563558e-02
-1.209170437727132008e-02
-1.138054420954880130e-02
-1.045121662689778817e-02
-9.622151354736187268e-03
-8.255218441305429630e-03
-4.672847616682147126e-03
-5.236657261785196416e-04
4.150287810963728362e-03
7.889090793377292327e-03
9.786385203660838070e-03
1.155824935370299185e-02
1.285957783069028269e-02
1.367291484004958500e-02
1.374751626876870823e-02
1.274336059275752754e-02
1.173071499505402154e-02
1.049397292614805306e-02
8.597521338434997371e-03
6.026474606625501114e-03
3.548018108108194710e-03
1.925343578386248984e-03
1.222255478572728538e-03
6.255972113321498938e-04
2.691702505199019147e-04
4.425475435853120065e-05
1.857130044976767084e-05
-1.557575214940736522e-05
-1.827958309479991097e-05
-2.594635752645185083e-04
-1.646075659474871729e-03
-2.865414055340777255e-03
-3.800595347540730931e-03
-4.246944171903171278e-03
-3.976618890582689532e-03
-1.911509283143089958e-03
2.926943667807809044e-03
1.079439658413848535e-02
2.034964222070794262e-02
2.996513920209546364e-02
3.792930560583535754e-02
4.532053426352267156e-02
5.112108396447703068e-02
5.389660813669989309e-02
5.467431812734171309e-02
5.451285464550772314e-02
5.513289825354990986e-02
