1.430735736752176447e-02
1.413713481663312309e-02
1.332451756017551288e-02
1.309580267832834329e-02
1.303554399378172024e-02
1.341066517635842829e-02
1.363637151657241635e-02
1.386951511731578796e-02
1.396235406454028431e-02
1.390013149117081195e-02
1.367359035757740281e-02
1.326926950884349359e-02
1.267824673285293524e-02
1.206905600273467695e-02
1.160611880301391959e-02
1.117214887994756080e-02
1.074270340527569596e-02
1.015937483806110715e-02
9.710621956044659248e-03
9.202950510860201036e-03
8.610268893151024408e-03
8.060928248000606353e-03
7.634582221155460265e-03
7.396476201654614800e-03
7.309278780070639810e-03
7.293091925409942063e-03
7.244682275530225923e-03
7.121091416625647576e-03
6.871423485002084268e-03
6.578295751397719715e-03
6.159612086314474738e-03
5.801942787040580314e-03
5.594408554963109688e-03
5.406167926467586593e-03
5.296675657345695926e-03
5.342533648368907179e-03
5.417512390443844118e-03
5.573963478526005634e-03
5.791652585436781082e-03
5.987678219278824016e-03
6.278503307495242325e-03
6.565665180459891864e-03
6.758550063576816008e-03
6.950227319941459404e-03
7.215179528872742859e-03
7.596194882238816413e-03
8.075831599234023842e-03
8.464197978031830563e-03
8.861275116123822418e-03
9.179129416589163620e-03
9.474833839109365538e-03
9.605329126230971112e-03
9.571588768406443307e-03
9.400049434274289004e-03
9.256010580627299991e-03
9.102863134038349097e-03
8.861938954564855739e-03
8.540311992113148662e-03
8.075134442020693790e-03
7.520033149731346865e-03
6.843254506769275852e-03
6.106414468395098862e-03
5.325049132491839650e-03
4.612558784574925970e-03
4.008439837472452423e-03
3.517055738267662549e-03
3.102060931727599388e-03
2.656180569257868881e-03
2.207452088172254592e-03
1.786645302278916424e-03
1.364040973812865156e-03
9.869456002667533270e-04
6.737672444300952255e-04
4.001564795437487676e-04
2.069314777215891087e-04
1.170863988580110962e-04
6.048517258909716935e-05
2.432764886530899967e-05
-2.809649448590419206e-06
-2.757400429131765448e-05
-3.370735601787200369e-05
-5.190473634550327864e-05
-5.786872608933639711e-05
-3.696322226711451546e-05
-1.202014829042736535e-05
1.762032704889805520e-05
4.631829654520037547e-05
7.155678249516389706e-05
9.080638715521393200e-05
8.384779564204764696e-05
5.451126038273810349e-05
4.399028134758276949e-06
-6.020842637292622013e-05
-1.398120674750935827e-04
-2.110950395637899992e-04
-3.069825064282962401e-04
-4.400060989455020755e-04
-5.970358451663602831e-04
-8.089802566843552452e-04
-9.849189031371915429e-04
-1.092961878220983282e-03
-1.128623747851234755e-03
-1.106110934045985948e-03
-1.049672109676739887e-03
-9.480690354856024724e-04
-8.279147124969415614e-04
-6.794293784474619022e-04
-5.084395980117035942e-04
-2.848403600069316179e-04
-1.461055961549349078e-05
3.053541486148009438e-04
6.557106122536154229e-04
1.032280401677870005e-03
1.370723579922870049e-03
1.720402892511077196e-03
2.094436836470931450e-03
2.400357331496566840e-03
2.685282916548477079e-03
2.944055766501750201e-03
3.231663917616546620e-03
3.504671786875235978e-03
3.808368251809914409e-03
4.161259969340014991e-03
4.445169080630973803e-03
4.687573389234567754e-03
4.977329528945323260e-03
5.150338013979629051e-03
5.316688841191880011e-03
5.471743107985743010e-03
5.626902486014487802e-03
5.682647381289206677e-03
5.721662658564355582e-03
5.657108493155108865e-03
5.489585301991201094e-03
5.233477578122389638e-03
5.024159846015016119e-03
4.793626453988972767e-03
4.452531685792464507e-03
4.117005550640213084e-03
3.699926707269192514e-03
3.242732572378553748e-03
2.769396337815437873e-03
2.344580334697817826e-03
1.872227641992341195e-03
1.478155806992308792e-03
1.121919559758453215e-03
7.974943747706249525e-04
4.417918040736395113e-04
7.761367058221879927e-05
-2.627340672545647464e-04
-5.619592289543246877e-04
-7.780863952631250635e-04
-8.292130675413637549e-04
-8.031801536476516944e-04
-6.825832665718496164e-04
-5.387597062190852557e-04
-3.384661283211590319e-04
-1.312446692533879842e-04
1.445928293687721465e-04
4.320629649589274716e-04
6.908698605284591338e-04
8.730085319247647474e-04
1.028763420191478430e-03
1.103238159907257232e-03
1.086364340594834273e-03
9.864851005144594388e-04
8.243972357385784397e-04
5.930477656391662999e-04
2.782638777717597934e-04
-8.543222087271672746e-05
-5.723433925747752104e-04
-1.110557629144797972e-03
-1.631598468354003963e-03
-2.086486209047377742e-03
-2.520027102311200081e-03
-2.921964781369922742e-03
-3.265651863719515671e-03
-3.568034595624701346e-03
-3.778692384331955312e-03
-3.861688387018367280e-03
-3.964757971159350164e-03
-4.191687610030532529e-03
-4.502949582255111327e-03
-4.762140278775829454e-03
-5.050649513164120509e-03
-5.434897834884332840e-03
-6.061862499554663587e-03
-6.708354738951810038e-03
-7.516397755012920422e-03
-8.372300066405132316e-03
-9.265102018050573943e-03
-1.008547881551655027e-02
-1.070234798467880645e-02
-1.122598727213647979e-02
-1.157225808940889888e-02
-1.190979193148714553e-02
-1.208792983196866656e-02
-1.192845149175640086e-02
-1.128334088093171927e-02
-1.042733923760207071e-02
-9.375699924665784404e-03
-8.234345465999715064e-03
-7.121901437688872051e-03
-6.174933809367584743e-03
-5.363001406247700463e-03
-4.427249327673076461e-03
-3.494676777908073840e-03
-2.591927543790236311e-03
-1.791424097019338538e-03
-1.157619132288300245e-03
-6.864031680079776820e-04
-3.906846071242548704e-04
-1.988592260737613701e-04
-4.429181404037881275e-05
1.132295254260558504e-04
3.006313045459421099e-04
4.773309430201258942e-04
5.673793124384952317e-04
6.369687300066645104e-04
6.938945701282056263e-04
7.321244843902029826e-04
7.182209212810331152e-04
6.397369321342222552e-04
5.586897425327665189e-04
5.155522341016515429e-04
5.195379786301556821e-04
5.115963653955557305e-04
5.506511542865183319e-04
6.213620540016608681e-04
7.602450847903645045e-04
9.142949487298352102e-04
1.053428194926958172e-03
1.147593323482537985e-03
1.202166627588141566e-03
1.220200588917016342e-03
1.211534013406965213e-03
1.195374002546795373e-03
1.132087366620409532e-03
1.067159765269640658e-03
