beta2
8.495674745896079211e-03
8.552716885661120969e-03
8.666285429926777473e-03
8.746363219115727353e-03
8.850657356638352152e-03
8.971736897361502067e-03
9.029021176154936046e-03
9.050583839314840784e-03
9.051244175574946899e-03
9.092492963192949640e-03
9.246499747124475171e-03
9.334936418374691069e-03
9.400290245418146257e-03
9.472078958716557626e-03
9.517389786397763979e-03
9.425840415067540667e-03
9.324495963979710644e-03
9.179610143672052927e-03
9.177154940463600960e-03
9.176060135626568776e-03
9.141835183865800254e-03
9.206323020887054870e-03
9.235012357879936531e-03
9.248472048075950108e-03
9.271130400111460279e-03
9.259781710401739085e-03
9.251119697151980598e-03
9.260924721614624197e-03
9.245826517235674821e-03
9.157474675637751124e-03
9.007086993419854276e-03
8.984736392989932374e-03
8.868743937586229253e-03
8.872231629134899947e-03
8.878198344330758690e-03
8.827344144695103978e-03
8.843228445921981484e-03
8.743945408938143260e-03
8.634676154613477386e-03
8.629204393033464843e-03
8.652053316529663418e-03
8.638336475433300299e-03
8.577524215305602773e-03
8.538121044385716535e-03
8.488240503350397148e-03
8.574057589277244568e-03
8.671563510319935802e-03
8.823054985507689657e-03
8.907044574967760281e-03
8.972556265090168154e-03
8.912689691174646711e-03
8.943079068612826837e-03
8.972544371354833001e-03
8.898254806516488549e-03
8.867765480951316642e-03
8.869868146841642514e-03
8.720101832218909305e-03
8.576463301849517051e-03
8.624393398407179806e-03
8.694977957201742783e-03
8.749355186492713959e-03
8.840628815403529100e-03
8.876624039908216982e-03
8.841992049709746643e-03
8.834713515705371750e-03
8.839864217791752743e-03
8.918903174021167862e-03
8.937324430881445070e-03
9.082081607753540731e-03
9.191759779930089996e-03
9.194461964810288213e-03
9.185528058813646757e-03
9.239939878797833947e-03
9.293118287022669038e-03
9.379184788902004966e-03
9.390952442981829323e-03
9.344393169703070490e-03
9.340672105097567318e-03
9.347398297271285530e-03
9.323204668323922112e-03
9.285944842785671949e-03
9.194411919858064275e-03
9.216592145322643689e-03
9.168090914614433068e-03
9.102855996924605342e-03
9.075835038611508934e-03
9.015594790019416244e-03
8.832854419223139936e-03
8.789059399099272835e-03
8.748208322771570261e-03
8.703625683792213380e-03
8.632436097864681912e-03
8.635909660636728255e-03
8.627633110841241570e-03
8.635080177698012394e-03
8.683307025861328188e-03
8.641468642274417050e-03
8.687356195172673407e-03
8.663766463079111343e-03
8.635773495971414346e-03
8.590381206818601539e-03
8.556553792634775252e-03
8.429730308245668435e-03
8.280858485031289754e-03
8.204929635368826690e-03
8.110843737378817253e-03
8.045720752720550081e-03
7.938280133473727546e-03
7.945087554028588614e-03
7.988933258950777633e-03
8.024453324205834889e-03
7.945399775220900185e-03
7.948868260847310324e-03
7.942344418790344904e-03
7.959283211426762539e-03
7.982480499704023083e-03
8.006927144696342202e-03
8.132264771921804414e-03
8.243815828580873875e-03
8.361856920304153173e-03
8.478162592657278313e-03
8.617575035110963330e-03
8.666788615333390067e-03
8.716915417276704936e-03
8.938047841406168009e-03
9.168970848585797362e-03
9.383719622337471922e-03
9.524639242119083138e-03
9.682168567158691216e-03
9.648811287551779456e-03
9.698918965973624823e-03
9.676715312355952531e-03
9.783293672403822056e-03
9.826344023529283433e-03
9.866953725482383725e-03
9.907238982702414737e-03
9.919319786579136253e-03
9.918068941701975449e-03
1.003996476552214759e-02
1.014338551260822625e-02
1.013868867659490150e-02
1.019842060078518693e-02
1.030155087458511053e-02
1.038501509782524188e-02
1.029122088071782182e-02
1.021287042013250580e-02
1.018209303596294933e-02
1.029630853060757752e-02
1.031238928567582494e-02
1.019591206724454815e-02
1.011282851874115152e-02
9.998784722259934296e-03
9.796825407473706143e-03
9.959633455532822255e-03
9.796488359524204576e-03
9.658521447666327392e-03
9.593764009426576991e-03
9.859941656716001562e-03
9.988148605361877458e-03
9.949517093719060026e-03
1.000074836969959760e-02
1.004781042681632611e-02
1.008907877393562524e-02
1.017494528922337563e-02
1.031103708669193347e-02
1.043053174624725826e-02
1.055455045827557309e-02
1.063671960721751172e-02
1.063668359958857244e-02
1.060489093798233293e-02
1.059648955289527530e-02
1.071977378704136452e-02
1.078106192482477382e-02
1.074401529324546696e-02
1.047920705996341351e-02
1.025806897566868339e-02
1.016383695351505759e-02
1.017498996047134369e-02
1.017588940354114194e-02
1.023344809899640745e-02
1.034256415147718003e-02
1.046586424209949504e-02
1.058776661346449641e-02
1.062486718186811396e-02
1.067092093129019467e-02
1.069827311706081537e-02
1.080687807107038462e-02
1.080210639618743237e-02
1.064397470044341036e-02
1.041421593741363033e-02
1.022027566386177894e-02
1.004070432180694319e-02
9.744306354667751219e-03
9.533775478459124292e-03
9.404117790425140302e-03
9.310326946454568209e-03
9.235951959636418129e-03
9.123667575087649612e-03
9.039086435450319895e-03
8.956733244712475686e-03
8.940007604780593475e-03
8.882553712796305984e-03
8.873198304919276136e-03
8.853053114743738433e-03
8.721087499940577414e-03
8.569872524193023269e-03
8.334866016120701798e-03
8.139006264308815131e-03
7.996952104281383755e-03
7.896972006045220246e-03
7.885207790672602024e-03
7.870022515087863810e-03
7.870355534825151933e-03
7.839540689485353236e-03
7.839497309283925686e-03
7.801146915345783667e-03
7.849923694752715397e-03
7.953492740526419205e-03
8.059566930280646566e-03
8.188838208215592704e-03
8.262171121903381932e-03
8.290534412702887934e-03
8.286495563466441533e-03
8.199809590194208353e-03
8.075608349121181362e-03
7.985263519087555315e-03
7.887945289898942031e-03
7.808769563672561878e-03
7.784834797532362224e-03
7.817846941965949509e-03
7.886830622438032595e-03
7.941155416138273235e-03
8.031855116446089821e-03
8.073751117586413367e-03
8.102474656398706357e-03
8.128661558522806696e-03
8.045495742284995352e-03
7.958411328025128198e-03
7.911532589758258488e-03
beta3
-1.537649351599721000e-03
-1.586757442104374215e-03
-1.748673263630012419e-03
-1.858997493917191688e-03
-1.960482786490320289e-03
-1.713661906842993930e-03
-1.586081183054968355e-03
-1.620480365355127109e-03
-1.649694105230745068e-03
-1.909861691232183148e-03
-2.352744177028762672e-03
-2.598137619981836198e-03
-2.911368559891974912e-03
-3.249349206697246459e-03
-3.710709352697311864e-03
-3.358788795709840604e-03
-3.008559993892101492e-03
-2.910063805914523544e-03
-3.087970922418004603e-03
-3.183174834800072371e-03
-3.471062396667781973e-03
-3.605573225807236128e-03
-3.369006807092161243e-03
-3.235208835226143290e-03
-3.048700488290857942e-03
-2.982381979642467935e-03
-2.897053654191109398e-03
-2.810291843399815616e-03
-2.760180089488724689e-03
-2.306102527377096832e-03
-2.267943394304298976e-03
-2.176258034464258195e-03
-1.993397451044998277e-03
-1.953429683745345515e-03
-1.916094189878624239e-03
-1.815645451492241443e-03
-1.625498491888587981e-03
-1.881332351678939542e-03
-2.062989467123695943e-03
-1.730196999011499428e-03
-1.566516525417664240e-03
-1.602269168159116972e-03
-1.575222723076393936e-03
-1.477344871981707986e-03
-1.459294946967662574e-03
-1.827451154844222415e-03
-2.166241135176288739e-03
-2.450710281421752262e-03
-2.499777150424275368e-03
-2.905827590195067013e-03
-2.502416512209617531e-03
-2.024393245856465594e-03
-1.672566175198045638e-03
-1.773340963994523515e-03
-1.837519744240024341e-03
-1.892117111881966383e-03
-1.963180785339267709e-03
-2.012292162085314948e-03
-2.066966375848066587e-03
-1.850030097672546820e-03
-1.864090250815271868e-03
-1.890982147663435985e-03
-1.840687649857639628e-03
-1.763788898249973392e-03
-1.824444142617077588e-03
-2.134774405841331768e-03
-2.223700945501979123e-03
-2.219350964903609412e-03
-2.042948799521218488e-03
-2.097150705187963461e-03
-2.222914669695567544e-03
-2.093931215933249844e-03
-2.102424410556696585e-03
-2.230342484949299209e-03
-2.222941008987248425e-03
-1.965371415108229953e-03
-2.125177400015022637e-03
-2.362847357204499003e-03
-2.581005844340938677e-03
-2.770474387452856891e-03
-2.959318701543783414e-03
-3.035714186947965909e-03
-2.936925789235832022e-03
-2.843058910370299848e-03
-2.746889410769045702e-03
-2.642331897025403976e-03
-2.564809961057777990e-03
-2.585415333880949993e-03
-2.198030681480401746e-03
-1.970269458918320199e-03
-1.721455390715324234e-03
-1.528257465890625220e-03
-1.432493213144504611e-03
-1.298795168615666726e-03
-1.126123267089203760e-03
-9.789652258704493407e-04
-1.007644510146060409e-03
-1.117014177365817287e-03
-1.138389151653873121e-03
-1.158473385886793364e-03
-1.134024094833385905e-03
-1.051354523103117684e-03
-1.199926374808436922e-03
-1.275097590853369479e-03
-1.171728060897960205e-03
-1.101955470805591510e-03
-9.746057038218275577e-04
-9.259862140409677372e-04
-8.205096188920312384e-04
-7.375799489931989450e-04
-6.735976720801234961e-04
-9.523290800144696821e-04
-1.073743612524322762e-03
-1.050420772727034095e-03
-1.107698409555833100e-03
-1.117852397494105681e-03
-1.130059085009706837e-03
-1.019784648873815714e-03
-9.392340623215865306e-04
-9.339879493649631088e-04
-8.034307993729299883e-04
-6.786185502454406557e-04
-8.417879859513498425e-04
-9.861620169525477184e-04
-8.749101969107430385e-04
-7.539668097396275744e-04
-7.134564486141365151e-04
-7.643442611787449985e-04
-7.207073478344284793e-04
-9.236210703651005858e-04
-1.051713207193451759e-03
-1.154737569348211670e-03
-1.269366704254690443e-03
-1.368256501662989781e-03
-1.563074505203620925e-03
-1.743580929353836292e-03
-1.962696237584053011e-03
-2.101826492001916853e-03
-1.951514394052507317e-03
-1.854284105330838116e-03
-1.458470535472276234e-03
-1.154732460223328741e-03
-8.021605449508935511e-04
-4.566445133258542903e-04
-2.133831415853559474e-04
-1.432793310685924302e-05
1.997754357375136343e-04
4.172118074387141029e-04
5.111173080994528030e-04
7.101088704944958068e-04
8.362457334583894017e-04
8.747412172229857528e-04
1.008075340868171133e-03
1.362469340955536207e-03
1.130992425081750116e-03
1.084287498250863496e-03
1.143305650977558159e-03
1.418793666880586351e-03
1.716596691998118884e-03
1.611252179368175344e-03
1.432476532631452634e-03
1.197757473302241398e-03
1.042277444445348887e-03
9.450179740030100091e-04
9.067719543610773709e-04
7.139850861345285347e-04
5.573049569914484370e-04
2.069789358372846962e-04
6.217193170541342098e-06
-2.257737267950509765e-04
-4.859288690899323448e-04
-4.084494449452507475e-04
-2.927967099305303850e-04
-2.685647136397826293e-04
-2.927733195291709958e-04
-2.477498615157517660e-04
-1.876604305310768561e-04
-1.128726499901505154e-04
-3.302848214704616790e-05
4.774257557341318807e-05
8.495753011621465819e-05
1.052907999333168416e-04
1.361559351998993192e-04
1.894559169160142469e-04
2.310833480833506459e-04
2.852334078427640890e-04
3.769410385089655424e-04
4.178659303915292929e-04
3.394741989816493907e-04
2.981226768317834933e-04
1.959015590048564898e-04
1.087274457931745013e-04
4.618897500098825536e-08
-8.045338139332569105e-05
-2.083090350867336765e-04
-3.145380934594543170e-04
-5.317275314369145078e-04
-7.173759881653683475e-04
-7.688466239512883188e-04
-8.809498294354815720e-04
-9.054867376017759328e-04
-9.406275564958932901e-04
-9.795164718701689609e-04
-1.006486953705143950e-03
-1.005825261258521883e-03
-1.065422517205762924e-03
-1.209438200934532864e-03
-1.327631850407094260e-03
-1.224766911776553526e-03
-1.243878632409752298e-03
-1.084341132172245538e-03
-1.009454099624365738e-03
-9.449115563588883146e-04
-8.423499771736003318e-04
-7.597616101620196160e-04
-7.144728167486349372e-04
-6.896511977558990054e-04
-6.200455334939492706e-04
-6.140385238055036561e-04
-3.812678407568713163e-04
-2.411790522946633669e-04
-1.619088102570652411e-04
-1.681786594161033743e-04
-1.615512604729615442e-04
-2.744727006972398110e-04
-3.588336433166064996e-04
-4.214232837796772543e-04
-4.525253639859607921e-04
-4.678203185547271693e-04
-4.789502658664016618e-04
-5.055639566677162886e-04
-5.101515698733786585e-04
-5.486557640402129309e-04
-4.249356197952397452e-04
-3.708637365510340615e-04
-3.377607033516627109e-04
-3.945250866333655285e-04
-4.818301224381401791e-04
-4.578860607937319327e-04
beta4
-5.767032477906906601e-04
-6.159273573182752828e-04
-6.735109190829677121e-04
-7.893521881035903218e-04
-8.727189283496163390e-04
-1.046934762319768741e-03
-1.168313071248620752e-03
-1.292453656697415895e-03
-1.466859536028098255e-03
-1.474870365753707790e-03
-1.476160229241303690e-03
-1.511202321588738830e-03
-1.529855995520964813e-03
-1.534613118856534199e-03
-1.499056693169016023e-03
-1.433999899114709372e-03
-1.392167396737212671e-03
-1.446757202078265050e-03
-1.438899089883682956e-03
-1.414385072935541495e-03
-1.420101840473475541e-03
-1.487055377623589881e-03
-1.603035741155431782e-03
-1.686383299118137660e-03
-1.729078792256017079e-03
-1.747074103858857214e-03
-1.795439352876357711e-03
-1.802023783387664670e-03
-1.815437613304200434e-03
-1.713916627064839514e-03
-1.689655780857384805e-03
-1.764893549426920644e-03
-1.738181870849002603e-03
-1.768756641247679756e-03
-1.827339765703622125e-03
-1.863284903921321681e-03
-1.929289619267805919e-03
-2.021084346322130510e-03
-2.055192672177082614e-03
-1.930600815537280700e-03
-1.935267686625652232e-03
-1.792021161172933485e-03
-1.691627443361259399e-03
-1.538591829295454317e-03
-1.351889496559753817e-03
-1.296869108238214805e-03
-1.225720502532557472e-03
-1.191379541115811453e-03
-1.153667283229696788e-03
-1.106771330899612715e-03
-1.190027581875621656e-03
-1.408409029565398096e-03
-1.608021729329021498e-03
-1.428784040565606647e-03
-1.601529246550249157e-03
-1.783276488373505136e-03
-1.638587699504784768e-03
-1.505632612649950974e-03
-1.744444167151053141e-03
-1.672388647110070303e-03
-1.594080152336553417e-03
-1.646768298506461363e-03
-1.628665506497937619e-03
-1.574546016436671487e-03
-1.572192088673059597e-03
-1.500780105947859162e-03
-1.695457427516792841e-03
-1.822358702351726308e-03
-2.011375755195323085e-03
-1.968852362093283410e-03
-1.993551069417001317e-03
-2.011732538485167063e-03
-2.173938038467531936e-03
-2.376259573157622415e-03
-2.552457209607171193e-03
-2.598884053315187424e-03
-2.545680300890473379e-03
-2.513746757940514900e-03
-2.436814391006230252e-03
-2.526695930372996335e-03
-2.650954030247468229e-03
-2.601170415513326742e-03
-2.668291110645136868e-03
-2.608292631469614348e-03
-2.582818809704761753e-03
-2.561519271418055514e-03
-2.429231259018192757e-03
-2.279474458194537083e-03
-2.154829669409899506e-03
-2.061116612436587545e-03
-2.024288937109505401e-03
-1.965910160591532226e-03
-2.034582400606613911e-03
-2.058168019235910150e-03
-2.054150866045934866e-03
-2.019403559797509906e-03
-2.128952225803249290e-03
-2.183656013090122701e-03
-2.255837037481282954e-03
-2.353536673054258416e-03
-2.452626963077198137e-03
-2.562587031197153219e-03
-2.358200588348327489e-03
-2.260538290385765217e-03
-2.147483226759319165e-03
-2.111975139796102088e-03
-2.115881516484559993e-03
-2.143815485768894597e-03
-2.235997156433484206e-03
-2.095364310309180862e-03
-1.952988901975643166e-03
-1.864657192741877830e-03
-1.884483089497203650e-03
-1.769267184495948182e-03
-1.679478561080264155e-03
-1.584069079919853303e-03
-1.589708477064247488e-03
-1.518919342532529769e-03
-1.484092702550999371e-03
-1.466722740320219355e-03
-1.407504290488086670e-03
-1.359453113095922218e-03
-1.233645528118422052e-03
-1.207267361822724708e-03
-1.386311195516498488e-03
-1.549160866361832915e-03
-1.649598597914578475e-03
-1.657898942222859728e-03
-1.664923104380054957e-03
-1.727216031095070263e-03
-1.751632431349777873e-03
-1.920318533873749530e-03
-2.089040757029949485e-03
-2.275212085768897607e-03
-2.465566137081947121e-03
-2.623518043330141589e-03
-2.818803991175846194e-03
-3.070981255837720338e-03
-3.107339392038782708e-03
-3.114263661367892670e-03
-2.960479100593643460e-03
-2.995201551350521081e-03
-3.009584385958994843e-03
-3.037667270499343382e-03
-2.905638860223510797e-03
-2.757659572643894955e-03
-2.691998952987550986e-03
-2.628062881164251394e-03
-2.540816767671625048e-03
-2.444096029691210196e-03
-2.410447849796068173e-03
-2.436568788072379123e-03
-2.384430940563394413e-03
-2.235994160300646717e-03
-2.463102045611221397e-03
-2.795206119912190586e-03
-2.885998817114820980e-03
-2.616474234807336912e-03
-2.384394774005899054e-03
-2.367113829728444488e-03
-2.333659518452549202e-03
-2.293004591467693795e-03
-2.225164903947902603e-03
-2.023443515378090668e-03
-1.894978219901006112e-03
-1.826757511874354568e-03
-1.743250422130623867e-03
-1.708203854452778865e-03
-1.677395841163713697e-03
-1.699552977120701849e-03
-1.712295161803610837e-03
-1.505620788707633540e-03
-1.358996207153724198e-03
-1.288008352653648896e-03
-1.263203879924243780e-03
-1.192404153667820862e-03
-1.139663384490351844e-03
-1.178977086102943675e-03
-1.196216946417384946e-03
-1.205336109301024389e-03
-1.210236083645098611e-03
-1.211021911287740640e-03
-1.218942081438049866e-03
-1.199703540232453054e-03
-1.157097935194476273e-03
-1.146711188671078237e-03
-1.094641371442143032e-03
-1.064804286503581634e-03
-1.083155953167531157e-03
-1.054811738180880688e-03
-1.079487538568944718e-03
-1.050319198442619187e-03
-1.017076758737540249e-03
-9.655650951841104196e-04
-8.958356132971934029e-04
-8.301117284311678368e-04
-7.782196275576698085e-04
-7.367080714248469206e-04
-6.835316361437764618e-04
-6.385122003252771336e-04
-5.399121187009536110e-04
-5.106866860554533285e-04
-5.084159332459483108e-04
-4.769606091520991109e-04
-4.665472655944640553e-04
-5.162677388246917970e-04
-5.026162699850775890e-04
-4.882326304690866705e-04
-4.487666765237073542e-04
-4.008475417733983531e-04
-3.593951776931503250e-04
-3.352886709887495809e-04
-3.081016091024992021e-04
-2.783290473139198831e-04
-2.355979356663802458e-04
-2.299501334613796759e-04
-1.705655170752708562e-04
-1.399340927173034314e-04
-1.126770871418010506e-04
-1.207489013020043335e-04
-1.002311552794036436e-04
-7.727144525939838853e-05
-7.637486877257307133e-05
-3.884115090814554765e-05
-3.109006139648468666e-05
-3.411292072818788014e-05
-4.639169084628328685e-05
-4.762052961796767436e-05
-2.167167518112027194e-05
-1.397989206102948826e-06
3.712321083721042669e-07
1.509969547032915395e-06
1.331240217447529587e-05
2.446660971484760635e-05
1.285734973301577388e-05
4.038903801748671365e-06
4.526770185132774782e-08
-2.503999971305267368e-06
-3.199709533746461975e-06
beta5
1.813969376231550301e-05
2.705849961287655974e-05
3.453486094684101891e-05
5.185924205701716362e-05
8.934203909386604259e-05
9.043700835084791468e-05
1.035435811365099479e-04
1.472396299836403050e-04
1.542058665252411061e-04
2.291150757804240952e-04
2.736234209096217920e-04
3.469983951713263804e-04
4.604168640124615703e-04
5.870057898278201527e-04
7.178877112540440033e-04
6.590985147112121256e-04
6.251750129288133513e-04
5.452690534333753730e-04
5.846142116138920014e-04
6.330608147804752533e-04
6.787602469085141825e-04
7.658418569965080077e-04
8.032033630580515593e-04
8.797017610631036912e-04
1.010415112985368642e-03
1.153708290800153739e-03
1.303080867559190583e-03
1.538707620958856218e-03
1.920164501841238949e-03
1.784304967509376012e-03
1.876860231544900384e-03
1.935342917258846187e-03
2.146938420635033026e-03
2.170869359834591561e-03
2.393609079058328995e-03
2.203090754112305150e-03
2.272328704334060367e-03
2.324783144604847598e-03
2.620891069681604429e-03
2.141651381619662578e-03
1.904741638521622021e-03
1.519020785401833896e-03
1.212403449381035990e-03
8.754560681399469607e-04
4.605435497703689847e-04
2.915107907987187505e-04
2.038812657972078604e-04
1.575136270634425878e-04
1.084913135532291999e-04
5.516755961916363352e-05
6.435824820563444053e-05
1.301546792785688873e-04
1.818972893554684155e-04
5.538226567747201237e-05
3.357527363739993274e-06
6.127132060073981991e-09
-2.296303334507507858e-12
-1.337103548917564145e-06
-1.218534037019036192e-05
-2.191893674219170810e-05
-5.732955322385343587e-06
-4.000196504530611366e-06
-2.531846363382447438e-07
-1.268394728582708014e-08
-1.980542587008605487e-15
2.756419099953968778e-16
-1.952420458592420025e-18
-2.511032731002725407e-19
-1.760256153021706631e-08
-3.052302116525065356e-08
-8.464350694265591705e-11
-5.489745754988652595e-17
-3.400810556407833698e-11
-9.585582688565435460e-14
-2.909579886554143914e-11
1.116448281071225688e-21
2.794712917261256215e-09
1.070530574578344312e-07
3.257994090238249119e-07
3.083104242345117753e-06
6.082830203641375038e-06
1.964428781641209843e-05
1.036397677800876810e-05
1.884076931755179079e-05
2.520471816592426625e-05
3.153552989201210017e-05
3.028796934444157789e-05
7.585175030429109851e-05
6.159745031875346437e-05
4.633042867179189598e-05
3.815508667913492858e-05
3.278222357617769831e-05
3.301943261352132400e-05
2.839847145934800348e-05
3.621748451352558917e-05
3.739033108904454009e-05
2.377651189220963775e-05
1.718188642031342935e-05
9.748695847309325646e-06
4.594318708508714323e-06
1.410465000841558968e-06
5.630943822505679189e-07
3.808735156439311893e-09
1.402669149657591528e-11
1.032747612148409235e-11
1.800551668211911894e-11
-1.957803339996014432e-30
-1.508880594853492189e-14
-2.833897911460795069e-10
-6.047113767379592590e-09
-1.759422522479979673e-09
-4.046055254816554131e-09
-5.600827848953334499e-08
-6.156975974846298272e-08
-3.333991211815809629e-08
-1.554238004557583246e-07
-5.681052519488583789e-07
-1.044129359606031928e-06
-1.321316039228588577e-06
-2.479300633465138183e-06
-1.563821952865849966e-06
-3.297833377605338295e-06
-9.286495592345863926e-06
-1.264185954230019951e-05
-1.107346326336990626e-05
-1.135879969917898342e-05
-1.439153475144943710e-05
-5.114212764306748980e-06
-3.167247997373483378e-06
-4.716200610820439224e-07
-6.184820074331471236e-08
-2.142460444360168393e-08
-1.350938795433701754e-09
-1.914068041400154710e-10
-3.443036465724562339e-28
5.557721019857414958e-11
1.763580293435163121e-08
1.834600349597184458e-07
7.987426255395307752e-07
1.272700664801665420e-06
7.044567634280332306e-08
4.138843996877380456e-07
9.758661206503046451e-07
5.504839563247751897e-06
3.507919942853946042e-06
1.004572977534564823e-07
3.252281380253844367e-10
-1.758764792259382581e-13
-7.410139371128921578e-07
-1.803061117684931834e-06
-1.932094863508409712e-06
-7.437568202784951583e-06
-7.797306820811496147e-06
-2.347445152326235819e-05
-1.461039243772552216e-05
-2.432170043507397858e-05
-1.702604213938369384e-05
-6.008536554087498570e-05
-8.693003082727533953e-05
-2.982729053877558831e-06
-7.706880433749039518e-08
-1.393647747934212360e-08
-7.000637764814958025e-18
-1.800684719951914040e-15
-2.127836913044501236e-27
5.337019050381594531e-14
2.980402253344532195e-10
9.878225439355810839e-09
2.166197217247774383e-13
-7.704994011858419734e-17
-8.132602907611033483e-10
-2.683616144958652110e-09
-1.143463040220672274e-11
-1.247921799765050996e-14
-7.288773956520693168e-10
-4.680936206646062245e-09
-1.010581771710551381e-08
-2.701201849662770861e-08
-3.802065644591804959e-08
-3.514027125284784416e-08
-1.867715374131318376e-07
-4.057844502943640864e-07
-8.967539946616425440e-07
-1.863804696988681991e-06
-5.947108376590029690e-06
-7.961284863478941388e-06
-8.923617410429137217e-06
-9.377021766412450558e-06
-2.293572245657555443e-05
-4.015304501070946755e-05
-5.244084412194360118e-05
-4.499041719881423363e-05
-1.685757773538534789e-05
-6.251076139813054339e-06
-3.731452638077149996e-07
-1.876855463605532306e-07
-2.904709706807500213e-08
-3.463764869201347990e-11
-3.407164578863054954e-17
-6.453645644594632872e-14
-2.890894100066820075e-19
2.917371602533571543e-22
1.614850906456797798e-18
7.610123788120883971e-23
2.849142090904964990e-17
1.314712628111209462e-18
6.038148885803976522e-24
-1.894323957824953542e-23
-2.492985469558751643e-11
-1.644678312459360648e-09
-7.460627517013860274e-08
-2.841822704004692596e-07
-7.790785611411808378e-07
-1.631133702037586456e-06
-1.939538769697624114e-06
-3.148822717340357701e-06
-5.565229234748640382e-06
-9.766568963942174204e-06
-1.055078911546909729e-05
-1.612042540105935074e-05
-1.592851396210956676e-05
-1.609217963477121787e-05
-1.387580744277930661e-05
-1.778580921192408890e-05
-1.777210558830873166e-05
-2.027731449458307131e-05
-2.504196286466520979e-05
-2.297016020497486119e-05
-3.505194262041936242e-05
-4.664548393886485029e-05
-8.970401821961192929e-05
-1.236256744294947645e-04
-2.044298044393437280e-04
-2.271375215648502592e-04
-2.314238306270144862e-04
-2.379756121000276708e-04
-1.990900592830669195e-04
-1.487811718892967524e-04
-1.205666625643830078e-04
