beta2
8.036713758158436222e-03
8.077338970552419561e-03
8.175484580620409614e-03
8.261265882188482262e-03
8.195293931718666824e-03
8.168070711672224121e-03
8.399787892541449308e-03
8.607367092162922576e-03
8.675638274193242169e-03
8.746006339660536422e-03
8.741329372569906289e-03
8.802376005901568073e-03
8.899573923805463582e-03
8.951972110107463826e-03
8.814760774749883648e-03
8.675775416741457469e-03
8.675992473834511984e-03
8.657597568447285286e-03
8.497405603057051754e-03
8.521705516485371043e-03
8.606525128327158214e-03
8.691807840136067664e-03
8.769849667823369221e-03
8.756502599476318621e-03
8.776960570794379093e-03
8.512819685881649681e-03
8.554327218754823742e-03
8.595653080844692026e-03
8.609071848967100871e-03
8.638200550473209074e-03
8.695467452133086306e-03
8.463393075986948982e-03
8.289768119788480660e-03
8.243914272268785398e-03
8.134732944084331965e-03
8.022373012714967278e-03
8.112950860945464943e-03
8.240135650564960404e-03
8.336494734880203414e-03
8.434802575555788717e-03
8.477071153105576046e-03
8.489169979707580221e-03
8.763360329653278186e-03
8.915541124148218532e-03
9.080293261888965073e-03
9.146032819991087304e-03
9.200599076567849560e-03
9.283512625530300141e-03
9.345928275588440831e-03
9.416731432728194656e-03
9.333617894200688103e-03
9.341257565411716091e-03
9.167934099129502329e-03
9.027237130978329332e-03
8.857884136439042252e-03
8.486944362619118498e-03
8.204959670861001683e-03
7.779447744332691067e-03
7.785685915293603584e-03
7.779681717746176825e-03
7.876207774463442682e-03
8.331209887474193970e-03
8.542149495202495946e-03
8.566585583178968483e-03
8.604936467465405456e-03
8.582848150923243213e-03
8.433863485226324175e-03
8.293590616647894195e-03
8.528619413352856587e-03
8.698356043984552949e-03
8.805287537709635681e-03
8.904607966529953442e-03
8.947244006469994709e-03
9.010965939094270349e-03
9.161766947327509847e-03
9.078871136606608480e-03
8.987107221865211354e-03
9.146050046751418028e-03
8.987850128771868521e-03
8.768591580765552895e-03
8.673024532989374522e-03
8.581803835865299546e-03
8.798316415978415378e-03
8.918613429810349352e-03
9.164934281156625340e-03
9.300928786080474991e-03
9.515501744041582680e-03
9.693471015642409622e-03
9.747880315905701337e-03
9.860881912902137725e-03
1.003184185654794683e-02
1.026267407518195382e-02
1.039500406148444189e-02
1.021760295518205595e-02
1.008459029549484826e-02
9.880122419564906985e-03
9.831980850050867082e-03
9.803762546789170085e-03
9.816244399403574461e-03
9.751905171828199187e-03
9.659948228438908213e-03
9.594094733262104741e-03
9.527809910604154511e-03
9.491595220400614666e-03
9.447480046492900962e-03
9.518696287830939740e-03
9.338495562625507423e-03
9.327806185058032384e-03
9.327548346261971962e-03
9.269086170094659877e-03
9.142752159967421771e-03
9.195185676546372561e-03
beta3
1.255209087620830048e-03
1.321430676943603777e-03
1.492444401889730585e-03
1.576778393444249870e-03
1.458182806248570652e-03
1.206463942133501055e-03
1.219754625706622776e-03
1.211473905778632457e-03
1.252144752649971601e-03
1.210689941146074304e-03
1.283348123106692502e-03
1.126645933374630960e-03
1.027745899270125210e-03
1.139900606415564796e-03
1.251313236825189225e-03
1.390665184332469774e-03
1.647976616461887395e-03
1.942406118037823693e-03
2.393618209103469917e-03
2.038134778455450314e-03
1.820163498291001852e-03
1.666419757223330409e-03
1.534868104031222652e-03
1.629349657311628726e-03
1.717499425536857856e-03
1.818938163394878335e-03
1.831173036471732711e-03
1.905487444441468850e-03
1.966975532539154848e-03
2.096521513257077959e-03
2.271874167054284584e-03
2.251298375790572806e-03
2.186435476403229827e-03
2.030120947993159508e-03
1.883608721298066788e-03
1.769268601332600523e-03
1.605420526717524828e-03
1.530355584248203589e-03
1.423636938506748486e-03
1.217103925338023414e-03
1.131144541013264296e-03
1.022745809705381554e-03
6.299668983829451088e-04
7.718546593594629299e-05
-4.989646239234259064e-04
-8.626627910684192546e-04
-1.203884102388091612e-03
-1.533053908480143911e-03
-1.848210955967064060e-03
-2.588293585910729413e-03
-2.512355569548208913e-03
-2.292806415827849248e-03
-2.376531212255380242e-03
-2.516661091264287258e-03
-2.703320460429235912e-03
-2.842726146690020654e-03
-2.997821607669945519e-03
-3.447157840368227436e-03
-3.839634718869841014e-03
-4.076699808782495438e-03
-3.660011109767604201e-03
-3.498604849203714069e-03
-3.157774463801233007e-03
-2.916372092839881157e-03
-2.648612062245554906e-03
-2.246455359756607817e-03
-2.247743340379123288e-03
-2.363161550983373851e-03
-2.058901981412875580e-03
-1.977783118836934102e-03
-1.892235334860743225e-03
-1.931153432284810935e-03
-1.892304553862045454e-03
-1.812245064299395974e-03
-1.777218550042590365e-03
-1.408660233500723911e-03
-1.079667807368262390e-03
-9.078422026447833994e-04
-1.010098545121610684e-03
-1.020009256582763823e-03
-1.060997391427273128e-03
-1.115716345126404772e-03
-9.638381189317792030e-04
-8.168180011543671546e-04
-7.564553010639468375e-04
-7.074442965493302291e-04
-6.176559068851474304e-04
-5.757962599329481592e-04
-6.522756501310957803e-04
-6.805022381493482618e-04
-5.298807869758539926e-04
-3.861793601327500680e-04
-2.637621430233765213e-04
-1.964868951140733054e-04
-1.662576923927713498e-04
-1.121578582140893976e-04
1.341942582302418531e-05
1.443410153601676522e-04
2.543939576901051722e-04
2.200892320098244109e-04
2.255504960328699781e-04
2.734267255184242087e-04
3.259483482362096748e-04
3.373003539901185351e-04
3.362728139380891101e-04
3.404522724451993073e-04
2.100727466406472079e-04
1.250102044409420916e-04
6.182735279257713708e-05
1.077713470381868520e-05
-7.647593633276242536e-05
-2.540090787578054601e-05
beta4
5.307117161165616513e-20
9.069523740171479353e-20
1.725769173049350517e-19
5.321616567163044356e-20
1.340909206153992536e-19
1.024692457441262339e-18
1.543497229411178832e-18
4.387015450001779912e-19
2.393790994220074587e-19
6.680486680532904760e-19
6.399807758823167809e-19
3.067762123040683445e-18
1.778537368345334210e-17
6.286052446086045698e-18
3.024665222867136283e-17
8.889723653979608841e-18
1.262417829267430392e-17
7.797246496750779334e-17
2.453073142248203357e-16
1.998198066999781684e-15
8.393772985009657454e-17
9.093623672147737978e-17
6.501376278642269237e-16
3.159958038983792867e-16
1.763057291866101838e-16
2.171301839941390952e-16
6.514353368616675036e-16
5.764279794967634908e-16
9.540987164156845514e-16
5.603647775971735880e-16
2.639208855090660386e-16
1.994901099770150321e-15
7.001774457451371227e-15
6.663976603349768941e-15
1.025174837882170537e-15
8.700316803374523629e-16
2.657945434793613638e-15
6.130041048831364416e-15
7.377985474385963917e-16
1.139550934336521414e-15
6.493150610933666676e-15
2.025030171802165026e-15
1.763406676864968746e-16
9.512612337307312582e-17
3.163942005389480526e-17
1.129926405863934550e-17
5.902177145857052342e-18
2.686371145739399958e-18
1.865416847745272643e-18
1.302983865787433263e-17
7.012687903516213933e-18
2.035500972345539540e-18
1.986655418050500801e-19
2.951313214580869411e-20
2.215276370571133219e-21
2.616357076345284017e-20
5.006211408496216574e-19
8.440289660608711656e-19
4.638718856489649497e-19
1.925536963650224741e-19
6.669639007780254941e-20
2.842289648141929737e-21
1.523491788281274950e-24
1.958960536516709754e-25
7.264568174930107938e-31
1.784151868894325849e-37
-6.519883138298736942e-42
9.355257966101873523e-39
5.303972590719233581e-25
1.181944582562670543e-26
5.966138716815920862e-22
4.852836670062225039e-24
2.247614427543842288e-21
1.645158079437663747e-20
2.610413562500668638e-20
2.131325156413436458e-19
3.642631341890029840e-17
8.021479082724670548e-17
2.340677582520247836e-16
1.328635703383060329e-16
2.126358928315406210e-17
1.285887377800793358e-17
5.053647831288311427e-18
3.982995360843338753e-18
3.909649105805819787e-17
4.862474038238587656e-17
5.945338229888086582e-17
4.188077153207685131e-19
8.253513241847309761e-20
4.088925123248448110e-19
6.165925144681872189e-20
2.642116380354767442e-20
3.660107812392975128e-20
8.824149975316936219e-21
3.740466990666675725e-21
1.822952069605922485e-20
1.415940543904922640e-21
1.535303606172000485e-21
8.379101174484940401e-21
3.979967808676908052e-21
1.036080200133204823e-22
1.990265397825970478e-21
3.562739477747808970e-21
3.341810614758825332e-21
4.523780663647303600e-21
4.772760963026525154e-21
3.498140379464207787e-21
3.833960948860844746e-21
4.017935298236941517e-21
1.976847662261011055e-21
5.161735853970872466e-21
2.882263798454923750e-21
beta5
5.210446965042281909e-22
1.389519616189499105e-22
8.748609465744761165e-22
7.354219029285126891e-22
7.570160550771313181e-22
1.744776607249257084e-22
4.975046285543891564e-24
2.100890223179576064e-22
9.524640109985637552e-23
4.417459624502869482e-22
4.338232155178726672e-22
5.293473610366155579e-23
2.349903335024892337e-23
1.222118673732152694e-24
3.504418251346902414e-23
3.058359690582094183e-22
1.425167243570307973e-21
1.273632338206588676e-21
8.770191390255464466e-21
7.731537529943197947e-20
9.496540591504660983e-21
9.065432476138616201e-21
2.975779122872059381e-20
3.076685725767914283e-21
1.173998591205240713e-22
1.758121249670194070e-22
9.374432279427613774e-23
1.998637687309728178e-22
8.012651537944621324e-20
4.630804355218426548e-22
3.703066170580709583e-21
6.636277327278935010e-21
2.931738601289089113e-21
8.663507899505246378e-22
1.531736890415898818e-21
4.087881573828971204e-21
2.295243560673277346e-20
8.143674592500522643e-20
6.591477969482968432e-21
5.427588072750061941e-21
7.296451475667789724e-21
1.124626610025452077e-19
3.199554970302435827e-20
1.523251201369454834e-21
3.487069295035533735e-21
4.200131618026284328e-22
6.438212719226003846e-20
8.023324175566688618e-21
5.685733825313109111e-21
8.243991750985352982e-21
9.510529213330487115e-20
1.414148066319236691e-19
3.290511215442498047e-19
3.020031585414975549e-19
4.805005644347817878e-19
1.460788562285668898e-18
1.008554809323274448e-18
2.079681994666169058e-19
1.042123559247077607e-19
1.923279851131009582e-18
1.113682660133721065e-19
5.020430681134116401e-20
2.179721886264775963e-21
1.494620321660071029e-21
1.987122865898214942e-20
1.934683213082069067e-20
7.279679820309849673e-21
2.262520353129208855e-20
1.131584121785865946e-21
4.827144838022302860e-20
5.192161940245818610e-20
2.256066366268569072e-20
1.129641673884083309e-19
2.998621917094864542e-19
8.411544090335706124e-21
1.872525398366052683e-18
1.651394331132385321e-17
2.313212373553826208e-17
1.387173829497483849e-17
1.715997265289365251e-17
5.572031073140788407e-18
6.420186163573475070e-17
9.622395769070494561e-17
3.059616077613557585e-17
6.735260668061193605e-18
2.264073672619890495e-17
2.881361703640523890e-17
3.426353584926237173e-18
4.015134905818023034e-18
2.755289800073336810e-17
1.175981247206063490e-17
5.557361964516157732e-18
1.197383542530068299e-17
1.445804688321315643e-17
4.960453654257945422e-17
5.968609821206452168e-17
1.380939024323139387e-16
1.414949449328287944e-16
4.206382562225057678e-16
1.199931819709259222e-15
2.547823850637387138e-16
4.852130397115214503e-16
2.539138918555591221e-16
3.236942417699773853e-16
1.036072569254664369e-16
2.368796552884771920e-16
3.170376091990901879e-16
3.961298933913440533e-16
2.350337398306284695e-16
1.009930904291755980e-16
2.529639722851174544e-17
1.297435471931490028e-17
