-4.416632450882043703e-02
-1.973583926708911973e-02
-4.765866475249149609e-02
-3.945506317376406419e-02
-4.023740875457267746e-02
-3.265297273005220158e-02
-5.696642941339900151e-02
-4.876643748359699160e-02
-4.323633332178600241e-02
-4.140416959326156249e-02
-4.326997576373824844e-02
-5.094011819232367039e-02
-2.702222504388604452e-01
-2.708092328368447155e-01
-2.623631908382885736e-01
-2.611043988963164808e-01
-2.582252916135044374e-01
-2.664092581838190532e-01
-2.497343838646150782e-01
-2.506565655319005215e-01
-2.506978998142299075e-01
-2.538540288659154043e-01
-2.494720038288638086e-01
-2.380593262972922064e-01
-1.568690530452169704e-02
-1.773848352575595894e-02
-1.785498427707518307e-02
-1.857421795604166995e-02
-1.777178492644176586e-02
-1.001459638509514041e-02
-9.869826531092340191e-03
-9.732409647924033028e-03
-1.060623517704837628e-02
-6.933315083334876117e-03
-8.171803717455591518e-03
-3.609476530911207015e-02
-3.536849157484854567e-02
-3.255865720206644470e-02
-3.215825189418342056e-02
-3.316207397620890562e-02
-3.336444477370496126e-02
-3.481334959284022867e-02
-3.544514053902104306e-02
-3.588503624402421960e-02
-3.584463098161900368e-02
-3.562567637756015176e-02
-3.481659772907459011e-02
-7.539475612517716578e-03
-8.072104893763016806e-03
-1.352110209705351118e-02
-4.365869670112822870e-02
-4.094765898313867253e-02
-4.083890537633286938e-02
-3.884665718970184423e-02
-3.723893583179169881e-02
-3.599617922340574844e-02
-3.540403179210849932e-02
-3.724528030822155111e-02
-4.372163915696105491e-02
-4.709644917912125112e-02
-5.131156644194539290e-02
-4.571087434308398340e-02
-2.153187956257481342e-02
-2.175188333942502592e-02
-2.713218520871569020e-02
-2.721646316990895473e-02
-6.120630681338522922e-02
-1.843931985352732783e-01
-1.837123291183719864e-01
-1.807771614357801537e-01
-2.031567622473888779e-01
-1.992698855887365117e-01
-1.945778182806126022e-01
-1.952781939489008078e-01
