-6.226335050556047572e-03
-8.307136926206357824e-03
-1.421074105092871853e-02
-2.196331391853046516e-02
-1.889267861556858524e-02
-1.094051057011044721e-02
-6.066852342649375202e-03
-3.884534028827995797e-03
-4.833484163574391750e-03
-7.400254657252062877e-03
-6.637512153755335646e-03
-1.948921290388092725e-02
-6.301942183067202330e-02
-4.869392871970586872e-02
2.012144895067697421e-04
-1.128123978949908089e-03
2.737381549635297542e-05
-8.663952531184481321e-04
1.283163198517374177e-04
1.298266134660660187e-04
2.386003168360510684e-03
1.091966192718011024e-03
1.462500962711447928e-03
3.890479064881381590e-03
1.955063956151258803e-03
-2.285021713570928835e-03
5.339745559542869412e-04
2.314531794591443846e-04
-1.987421272779848255e-03
8.803032820080311895e-05
-7.100789362455192633e-05
-1.737942127501298714e-03
4.290082637928359735e-04
1.090880520173481780e-03
5.478784356676719841e-04
2.531342677432740231e-04
-2.175758552059173028e-04
1.571014906616153542e-04
-3.024821560855210818e-03
-9.124228492148219165e-04
-3.577956170255414126e-02
-4.412287413154369897e-02
2.054718917074738226e-04
1.612804016074966896e-03
-4.698543769160291352e-03
3.778241671783519112e-04
4.539504488439786425e-04
-1.496692351478249618e-02
-1.619564777386317267e-01
-4.558132895713027932e-01
-2.323692071475811083e-01
3.192219575943329966e-04
1.822714842020606253e-03
1.563281403165275385e-03
-5.846769411223454302e-04
-1.395799615112450643e-03
-1.305585655709995798e-03
-8.858944241920303775e-04
-4.318174304898617782e-03
-3.517624828995185877e-03
-4.118110562747415854e-03
-1.753139447248229033e-03
-1.204498322371440116e-03
-1.125590833790978632e-03
-4.324839308326003970e-04
1.362080909354623709e-05
-1.505994269949017432e-03
2.245232523900931644e-04
5.116544633836873825e-04
-7.372542429317983069e-05
-4.729249669281413750e-03
-6.261967164349130019e-04
-1.572495640137556387e-03
-1.991721665289892737e-03
-7.116752975441116395e-03
-1.153419084392353841e-02
-9.110990126256360636e-03
-6.421554249520310988e-03
-1.513408338089469729e-02
-4.019957517751895394e-03
-7.516349706803488644e-04
-4.790103212090375193e-03
-1.340951275167573745e-02
-6.811135482684763098e-03
-1.648862350477346000e-02
-3.014622799387042806e-02
-1.070180424020502306e-02
-5.320117644660572829e-04
-3.344902314208469539e-04
-7.511625688100735481e-05
-4.625990953870158929e-04
-2.548311241238222910e-04
1.520001139668043831e-03
-1.746412686960331639e-03
-1.749519032337973389e-03
