-1.811256641891529351e-01
-3.986149264799872249e-02
-4.491956688011550236e-02
7.867758167260136166e-04
8.048892284620370874e-03
7.928550187638621141e-03
9.352201236422608144e-03
1.319613718174564992e-02
-9.761837779921608838e-03
-7.928224494870449515e-03
-4.405665584576662699e-03
-2.809546546844605627e-03
2.721075426206100243e-03
1.868896323293204372e-03
-2.902664156714634958e-02
9.417520719714843683e-03
-2.959786377940527499e-02
-1.064428907235923831e-03
-2.417663611405220739e-03
-2.876946574668333336e-03
-1.984437477535358398e-03
-1.230389237203486589e-03
-3.396594618066942406e+00
-2.924661970243769282e-03
-2.563092715012394666e-03
-2.280215976479988815e-03
-2.431206725508121454e-03
-1.528343848961692328e-03
-1.378214970934546146e+00
-9.250589326574644097e-03
-5.195393921637895748e-03
-2.161417751006777105e-02
-6.730179515925735489e-02
-1.085119727349018182e-02
-1.667086189196168196e-03
-8.814336178930471874e-03
-1.447479462086606432e-02
-7.895417691400013691e-03
8.343355391156292988e-02
2.077945925612455572e-02
1.395246684640820238e-02
-1.123310813937039706e-03
-7.354736665661002620e-03
-5.562946055681109933e-04
-1.213836360759013300e-01
-5.745543773275872679e-03
-7.519583849794840222e-03
-1.783291741249269646e-01
-7.787579232897247697e-04
-1.081202238743372845e-02
-7.885537853942622966e-03
-2.446863677780270960e-02
-7.561001575813640178e-03
-1.019753616204991352e-02
-2.319942289135012298e-02
-1.698524826791628084e-02
-1.164311739540343504e-01
-4.226761833705008908e-02
-1.646478192179899602e-01
-6.416511161331037161e-02
-8.261934253757496904e-02
-2.131911578598727486e-01
-2.699546772637787233e-03
2.228884759132516991e-02
2.847877826448071831e-02
3.445782325549085184e-03
2.516190266631315731e-03
2.493892489909459078e-03
4.596022624018815741e-03
-3.612646214372331466e-01
-2.448865362185222942e-03
-1.154242519467479688e+00
1.754518909162367185e-03
-3.456165617595911886e-04
-1.196404526176962331e-03
3.223468629953142334e-03
-4.348752167737664036e-03
-1.663154714142557177e-03
-1.477410615410423541e-03
-1.905251004646909109e-03
-2.019834775617363170e-03
-2.404879972139002068e-03
-8.737501833950360973e-04
-1.124853481893037417e-02
-1.357044242126194487e-03
7.969680192319326733e-04
-5.962083406079348065e-03
-4.876424729517648410e-03
1.591515613043946713e-03
2.532687160515832443e-03
-3.724248713752822786e-03
2.357582464605860288e-03
7.662316102445946870e-04
-5.533543419709751254e-04
-2.186709312434211103e-03
-1.562554385174303980e-03
-4.677641483380840740e-04
-5.250853195599492970e-03
-6.245893546958402372e-04
-6.287445024804234634e-04
-2.316129927672870049e-03
-6.793712492028212589e-04
1.033448548320423750e-03
1.687501044098953110e-03
6.471065069853483911e-04
2.401595825187577849e-03
2.398198313983074877e-04
-3.023756903926521841e-02
-2.953599302507799867e-02
-4.153985772131240685e-03
3.399375290778432635e-03
3.240579802734281332e-03
1.659952476904708995e-03
-4.754730667576239169e-05
-1.028287770827750712e-03
-1.138270930288381132e-02
-6.161988679410783680e-04
-1.170992197165928724e-04
2.232211214682181758e-03
1.547883061385255934e-03
-2.179185111601971195e-04
-9.650690139290424643e-03
-1.205270875142857960e-03
-4.106265226698027106e-04
1.275028713587801794e-03
3.793208563998741976e-03
2.250204504933711169e-03
1.407841292703260021e-03
6.755644222587344058e-04
5.684521408331681507e-04
1.238168549438633474e-03
3.571116559621384436e-03
3.708258405808559366e-03
4.800115591793283412e-03
-1.425248513407727843e-03
2.728773278033362268e-03
3.610563771902320718e-04
3.654773791995369076e-03
3.225345995250535752e-03
7.101828157218690457e-03
3.726008933293554256e-03
7.556196427579429161e-04
-1.161782389921644016e-05
5.053921185759675284e-03
8.431252425020065557e-04
-2.844624123625122750e-04
6.042554695110436986e-04
7.112659077125600519e-04
-2.562293461267460548e-02
-2.215774922094654971e-04
-3.463887995888947067e-04
-5.409165854982109049e-04
-4.386380971759940364e-03
3.405971103957342126e-04
-3.955812330233850205e-03
-2.611594323003189368e-03
-4.744322246314082447e-03
-1.040278410111343532e-02
-3.675016621359079340e-03
-6.658923032431186828e-03
