1.431521841153931282e-03
9.089222452337854773e-04
6.793215205948265620e-04
4.296222132677930206e-04
3.471031348420693954e-04
1.896089840291195457e-04
-4.845589885264185633e-05
-1.144808970064379065e-04
-7.684388476642980785e-05
1.262123115659479313e-04
2.781422185874919055e-04
4.643270909239320676e-04
5.219687007552645122e-04
7.216855862083666924e-04
8.548166850141956452e-04
9.345011415815581259e-04
1.138964981078670032e-03
1.511661996257076699e-03
1.754771236097979080e-03
1.720505662508472339e-03
1.717159515716718682e-03
1.687921731346189768e-03
1.881992631438605046e-03
1.543469965304837370e-03
1.496179526409160444e-03
1.504340867780187612e-03
1.405542650617955637e-03
1.320354359005229987e-03
9.141918543946542719e-04
9.767205007552269298e-04
9.579919740272786971e-04
9.784534705144839334e-04
1.178793847896140697e-03
1.355341343680530790e-03
2.099860362741927042e-03
2.220406321652546467e-03
2.477202397058173629e-03
3.900948351013113543e-03
4.572053963004542830e-03
6.084089043976662579e-03
6.337429149352895828e-03
7.534919199909282002e-03
7.987354096105535317e-03
7.796204738574590530e-03
7.968090446260484017e-03
7.167366026420284031e-03
7.104701783323921077e-03
6.803365867928947049e-03
9.056545869223655773e-03
1.022293318718903513e-02
1.132386800985268373e-02
1.441361843415452614e-02
1.545141550204678048e-02
1.598838894752786441e-02
1.427755324579005856e-02
1.317342901608395921e-02
1.222618224927915324e-02
1.090012337480193542e-02
1.199784899342206008e-02
1.153463119569346669e-02
1.092697059976324714e-02
1.016337014001061738e-02
9.666836785725838391e-03
7.639636901449443733e-03
4.984102843167124465e-03
4.331606480491044520e-03
4.304687173427707708e-03
4.318272551291427175e-03
4.164511593338862498e-03
3.792924301770957216e-03
3.727955765693699661e-03
3.300017518690775368e-03
2.761669311077698339e-03
2.214709574810666548e-03
1.746844489475378633e-03
1.544464672940885691e-03
1.019142390061891215e-03
8.193630155514109977e-04
5.422960297205131055e-04
4.972917854529989396e-04
4.520378285989338466e-04
3.632211821191473427e-04
4.820304881400868280e-04
5.373940374638127172e-04
5.786402479087134716e-04
4.362190171641200116e-04
3.148826170871596897e-04
3.535373544601854465e-04
2.368657054356352026e-04
2.905108348207692168e-04
3.518581326873026376e-04
3.652124945617053493e-04
4.176117570304053463e-04
3.302543894150472320e-04
3.570725012176723459e-04
2.814779358713219285e-04
2.602010704495802493e-04
4.443142232281593342e-04
4.799454023485354159e-04
5.962286086921404988e-04
6.396846286648616604e-04
6.286627387640752974e-04
4.953882323649659537e-04
3.571136089769357132e-04
5.880737137332600400e-04
5.546399136691225647e-04
6.888425203878998206e-04
9.206369412586702487e-04
1.189810244173160770e-03
1.674833908737360455e-03
1.563877333116951750e-03
1.707545676336286655e-03
1.767138913550671438e-03
1.817926656938760209e-03
1.985168197352267169e-03
1.782739211480191197e-03
1.845157548288851868e-03
2.295764576753107997e-03
2.622250604801189613e-03
2.844620957777817521e-03
2.818885008216079433e-03
2.897094882362828434e-03
3.278504703640428269e-03
3.028834114566964202e-03
2.680311891970033750e-03
2.397003185697896711e-03
2.247506807693116192e-03
2.044755442026783762e-03
1.573004309560166155e-03
1.558341622970241128e-03
1.728055399548107966e-03
2.068364037906117534e-03
3.015816011372478202e-03
3.408837770304555450e-03
3.897623459081553388e-03
4.323763848590283544e-03
4.669205257000022015e-03
4.566271541373508741e-03
3.712119940666329387e-03
3.539065207591940692e-03
3.431300173942842743e-03
3.155870433031269986e-03
3.148884604928847263e-03
3.573762128203253428e-03
3.907509804239372130e-03
4.175342016910264277e-03
5.282427291993401809e-03
5.517583177950318059e-03
5.473761150917352998e-03
4.675700247881842304e-03
4.028842094336041943e-03
3.254331864748832067e-03
1.394338785910614756e-03
4.335777916698008269e-04
-4.343789598830863938e-04
-3.004161423421109899e-04
-2.837577530241558216e-04
-3.273951988838507050e-04
-1.435517214657223506e-04
5.276911503245731695e-05
1.982971180763251141e-04
-1.649523847657903032e-05
-4.277332987694219417e-05
1.533958351540416710e-04
9.183193285617485694e-05
-5.454496766342100214e-05
-7.325318048451424067e-05
-1.632297153124195454e-04
-1.904390386021273648e-04
-4.235760116518174213e-04
-4.596138291729906771e-04
-4.643833305114739452e-04
-5.041720149160970003e-04
-4.823731076280463113e-04
-3.177291646747529936e-04
-7.996220783913570405e-05
-2.069196367381605789e-05
4.424883579939893613e-05
1.035816523532708048e-04
1.784972488901183493e-04
-3.778922565967989368e-05
-1.214967718834193271e-04
-1.811411082385464954e-04
-2.909530121798008327e-04
-4.668223208025123051e-04
-8.290156617944917155e-04
-1.461482126561988162e-03
-2.696936840056343970e-03
-3.970361081500573160e-03
-5.272203368464712346e-03
-6.151079417824340499e-03
-6.092953848107959640e-03
-5.653987123307761646e-03
-4.616702811455454351e-03
-3.414508810168628925e-03
-2.166136750319556849e-03
-1.479088726512478363e-03
-1.461681410584510232e-03
-1.273099367142489780e-03
-1.164568069832625516e-03
-1.044233067348232340e-03
-8.604140532988093686e-04
-5.595843936364651265e-04
-3.165219622308556506e-04
-4.529566579972545744e-04
-7.231887416784880908e-04
-1.020882689120920566e-03
-1.208096578812784460e-03
-1.312759860978383571e-03
-1.392795672588327538e-03
-1.267012751703553005e-03
-1.010002447143384463e-03
-7.046678269600134548e-04
-5.064629232841582783e-04
-1.845572627095914281e-04
1.018830426504072268e-04
4.002786529895868868e-04
5.401231455823028238e-04
5.983592293746332414e-04
6.227120032818361578e-04
5.171326507269088891e-04
3.663361412844929319e-04
1.401147370531230908e-04
1.830759431503405801e-05
-2.336719292387524796e-05
7.786640504783782970e-05
1.839766615055143755e-04
2.850499214612106668e-04
3.756456849964521648e-04
5.921981767631921342e-04
6.029608223879204991e-04
4.200451637729414101e-04
2.650303280102512052e-04
1.643758459070873484e-04
9.045388956240974605e-05
-2.821700909151970190e-04
-2.786273184845431956e-04
-2.088102493604884226e-04
-8.326716869729896945e-05
