beta2
9.029862981295199223e-03
8.976527432855256616e-03
9.004003449833569706e-03
8.971328101392572058e-03
9.084388625750377394e-03
9.266471453785453741e-03
9.399943466183871901e-03
9.515182523890903382e-03
9.664696207092055708e-03
9.833941702391216927e-03
9.602443214427949791e-03
9.513394519392051607e-03
9.487966024032153459e-03
9.488981897330318188e-03
9.818022484471077005e-03
1.032261473274641295e-02
1.068526599762311541e-02
1.089305850190116186e-02
1.089004349472475278e-02
1.086196065710848778e-02
1.106340492501810269e-02
1.085090644914972306e-02
1.083320678500090950e-02
1.075552705961802143e-02
1.068754491568198878e-02
1.050145341808982405e-02
1.032520809510048196e-02
1.014606752070448467e-02
9.829480433875412843e-03
9.718875551955667019e-03
9.673106099508660752e-03
9.416115915600950168e-03
9.435534696465887328e-03
9.576207141240234560e-03
9.567264171715789828e-03
9.772152299985556456e-03
9.958876228479539294e-03
1.036565645680201375e-02
1.051897964552995189e-02
1.059088613958789060e-02
1.059578804889331309e-02
1.066498376181282057e-02
1.039330727242048467e-02
1.012027746355162634e-02
1.001494065416911466e-02
9.906159348334775405e-03
9.696254515187824330e-03
9.438580092124660564e-03
9.403565579084342124e-03
9.402065745188252499e-03
9.344960670090454724e-03
9.256047512742431732e-03
9.342002047429173728e-03
9.552879004203925634e-03
9.629955202015746951e-03
9.565473248313419857e-03
9.672220509994163690e-03
9.894067268913396204e-03
9.873615872744396366e-03
9.745583376369035267e-03
9.638785444243701261e-03
9.724782109722523993e-03
9.458801115402532336e-03
9.360244799801973117e-03
9.299066981420292186e-03
9.175714074239605528e-03
9.004384250469149586e-03
9.146327604499151359e-03
9.326478617367357782e-03
9.448832614440039537e-03
9.658157824763114255e-03
9.757819754928721140e-03
9.770736061798668964e-03
9.722385798589108091e-03
9.563179839984850550e-03
9.518514628231562746e-03
9.583473539595016577e-03
9.504008993830422025e-03
9.562681111523326991e-03
9.677853536011010033e-03
9.497979941137078136e-03
9.488287162317306928e-03
9.543245496719671150e-03
9.483335203156426432e-03
9.589510040046409639e-03
9.554731987933440251e-03
9.582721368048024990e-03
9.720744221607961061e-03
9.762343528696631328e-03
9.967055886016444946e-03
9.973149742155334313e-03
1.007526749981232581e-02
1.016602898515151301e-02
1.059604114452957976e-02
1.102465977236437474e-02
1.130285506496655004e-02
1.157106125690554599e-02
1.164354694669818974e-02
1.164157950064960076e-02
1.145855439740640913e-02
1.140312227771088024e-02
1.140569202691214291e-02
1.122348063913821553e-02
1.101993112359422010e-02
1.097815618028098045e-02
1.080997939647203657e-02
1.043313945073272818e-02
9.966761558417143452e-03
9.723035520544855148e-03
9.543164806357220392e-03
9.140921014551321722e-03
8.806401501554730199e-03
9.016748932038510383e-03
9.143169548737985208e-03
9.347328149806224951e-03
9.505800561281828320e-03
9.658492073190871191e-03
9.936179956766058585e-03
1.007189175083027764e-02
1.024316522267014647e-02
1.047191257044016721e-02
1.073084256671904060e-02
1.105526909926415544e-02
1.124660057949386678e-02
1.120862606452341544e-02
1.110326219151143434e-02
1.113471410421047227e-02
1.106548410019725370e-02
1.108851616041189869e-02
1.104071918473197370e-02
1.115191998869307505e-02
1.115996006009364536e-02
1.127680626440637213e-02
1.145957959282065987e-02
1.149829995080297457e-02
1.140493676972170224e-02
1.149543033092217947e-02
1.168507197693210292e-02
1.149030202813961649e-02
1.122701186220205830e-02
1.087645725018803952e-02
1.060466003465900323e-02
1.026365740164237629e-02
9.951480635537407818e-03
9.612557411700386328e-03
9.302303355620549982e-03
9.109022934485861561e-03
9.034356907904331907e-03
9.151912109726351163e-03
9.338519963495184664e-03
9.453048772207952449e-03
9.484349061375695750e-03
9.387183933148697534e-03
9.419504923016210757e-03
9.829982904884536354e-03
1.015692436268581661e-02
1.003337286138206164e-02
9.609896338770103699e-03
9.835420085967171849e-03
1.008383451756278762e-02
9.812391428754594497e-03
9.496484739753289356e-03
9.268481345367500512e-03
9.073723714192726345e-03
8.941762414037908793e-03
8.764970720190320974e-03
8.760329406716336684e-03
8.933304505033840687e-03
9.160233770925247515e-03
9.571365195811074034e-03
1.006375045881067500e-02
1.042073401690257056e-02
1.016782740684163411e-02
1.026315442293860951e-02
1.026464071079103563e-02
9.891103303539728123e-03
1.017641295114077998e-02
1.037692880367127937e-02
1.053240300723294956e-02
1.074945351108188771e-02
1.075250769040445378e-02
1.092797184675230876e-02
1.109406712195113061e-02
1.145190528153561260e-02
1.189466061084813037e-02
1.247428766767199465e-02
1.275375226099037182e-02
1.310166431045792224e-02
1.287649395023322471e-02
beta3
2.489196194909464217e-05
1.672673009632140431e-05
1.405312482604980154e-05
2.653625543314007294e-06
5.160501897895464146e-06
1.694911448742251930e-05
3.665839316569939263e-05
6.882641423908619684e-05
8.419155219393676943e-05
1.015599786495729415e-04
1.527291776331334298e-04
1.674476532618666231e-04
1.903359650435010298e-04
2.115545336349910414e-04
2.537431183865377282e-04
2.484755433551619251e-04
2.309308945436570979e-04
2.038402796772505697e-04
1.830878711465925429e-04
1.836348459921657091e-04
2.075412782143940384e-04
2.178022472856409517e-04
1.844007620562952742e-04
1.748003292959196000e-04
1.675353821101859550e-04
1.565246388139878266e-04
1.488653090892658247e-04
1.453122004916678443e-04
1.323005316213168099e-04
8.774532203838702679e-05
7.485911508669211177e-05
5.521570473930442204e-05
2.946371125685502706e-05
1.070314692449435260e-05
-7.811060693998960256e-08
-1.095185045101105723e-05
-4.323266740720345256e-05
-6.225885306831851226e-05
-4.997808631316564822e-05
-4.813092680380452054e-05
-6.121806050750464197e-05
-5.274069067997564167e-05
-5.208159075820090785e-05
-3.858676194296804243e-05
-4.421067788705564415e-05
-4.919506673274537308e-05
-6.171113238367251165e-05
-9.152502979370527895e-05
-1.323422546951303572e-04
-1.463857149889930215e-04
-1.750881767857067890e-04
-1.974677035609470762e-04
-2.154219602198248593e-04
-1.748975359195868414e-04
-1.726176452341761109e-04
-1.684409869267093358e-04
-1.534873598237835647e-04
-1.107738013708196021e-04
-9.484812825706823896e-05
-1.006900149168129020e-04
-9.496533074776752209e-05
-1.051476777780169670e-04
-9.094325990054738604e-05
-9.509697999310427058e-05
-8.823461087137772908e-05
-7.204632176703567182e-05
-6.522709714140546519e-05
-6.400596254460601286e-05
-6.249742401457744514e-05
-7.248991144116623676e-05
-6.343097203169330278e-05
-8.899179178717686871e-05
-9.776467065029920524e-05
-1.164690200454924867e-04
-1.480099757266827173e-04
-2.002590553124791468e-04
-2.171420806446632045e-04
-2.199774313420094175e-04
-1.962857211119890593e-04
-2.187919750889300366e-04
-1.948730167955660527e-04
-1.818359707228937058e-04
-1.782302672358997294e-04
-1.790461853339287660e-04
-1.986831449922373547e-04
-2.026219443685102007e-04
-2.087887709089990252e-04
-2.231596299975478455e-04
-2.455428630475761827e-04
-2.183972982294518249e-04
-2.991513818297587791e-04
-3.710170074436221232e-04
-4.283172997254972416e-04
-4.443431185466226434e-04
-4.580498802249903675e-04
-4.625324646705100597e-04
-5.093628608231568627e-04
-5.183770397069298970e-04
-4.966069195590575025e-04
-5.842218449183245437e-04
-6.723207594389773219e-04
-7.583902816154510732e-04
-8.571151947671992039e-04
-9.964848190844150487e-04
-1.014572257243428642e-03
-1.046161735590749433e-03
-1.171435595775531524e-03
-1.315495468683067909e-03
-1.428460719460767541e-03
-1.566689467504142836e-03
-1.799469759452169276e-03
-1.978614853064864475e-03
-1.920080881734497272e-03
-1.962467056070784158e-03
-1.939542555722620527e-03
-1.981609372971762043e-03
-2.026230147385001731e-03
-2.063189046355703125e-03
-2.099762057580705638e-03
-2.153055204375274156e-03
-2.151465100143515417e-03
-2.179099653161085427e-03
-2.162201764580893703e-03
-2.126712362119463108e-03
-2.216108950246121860e-03
-2.329889982262780580e-03
-2.164068702483793252e-03
-2.032283584603071427e-03
-1.941798463683966011e-03
-1.897297648913431282e-03
-1.827553038388280825e-03
-1.782988671915195032e-03
-1.740179625443780218e-03
-1.685231931236414512e-03
-1.698730347267062620e-03
-1.601204843897799032e-03
-1.524058506355364766e-03
-1.461723689518762458e-03
-1.560362147749450729e-03
-1.661230998056867705e-03
-1.716561115256499351e-03
-1.775164647718053103e-03
-1.858792267349591637e-03
-1.988259599213644882e-03
-2.103949446220535272e-03
-2.242946155234935585e-03
-2.430408449993481934e-03
-2.706276872095098908e-03
-2.686741187147669192e-03
-2.687589236627894139e-03
-2.400527566701459586e-03
-2.349803818222724518e-03
-2.315127333421810717e-03
-2.249666061139909967e-03
-2.032318832856669019e-03
-1.941938680167604354e-03
-1.982610508148434456e-03
-2.060021796069658098e-03
-2.117243844348819584e-03
-2.170734633853326281e-03
-2.045925987271206281e-03
-2.003222376860380825e-03
-1.938067142726923294e-03
-1.879203068183484763e-03
-1.784468999796773574e-03
-1.749991445271843922e-03
-1.833268289275207397e-03
-1.633992068954674779e-03
-1.487566525183379269e-03
-1.271147973824193842e-03
-1.037367065407438773e-03
-1.049676625010128109e-03
-1.040831732852538945e-03
-9.570072521015474901e-04
-9.262150062364981696e-04
-9.507803438912300819e-04
-8.996696973633526873e-04
-8.364337357917833293e-04
-8.252264838747015675e-04
-8.555692492834200040e-04
-7.834480179860360115e-04
-6.857301845453157244e-04
-5.877433429845710291e-04
-5.382861300238658223e-04
-4.285601492081870688e-04
-3.694343771898788049e-04
-3.170297067541379913e-04
-2.794122490739478688e-04
-2.674355608265186921e-04
beta4
9.945553624073912545e-04
1.082723848832109915e-03
1.221283302334525995e-03
1.358285775347514799e-03
1.472313214791401296e-03
1.479640214892937160e-03
1.508637062920923635e-03
1.567319704961932757e-03
1.616902349421448729e-03
1.821338233808360947e-03
2.028808798466119612e-03
2.272666635623838728e-03
2.386804475084959402e-03
2.466930306469343817e-03
2.305106726785247345e-03
2.107140516086001593e-03
2.067230958549156478e-03
1.976690547656029598e-03
1.880624141302722138e-03
1.806131903661082477e-03
1.745606950711326311e-03
1.921613989890599145e-03
2.097751672505900923e-03
2.173181437040546272e-03
2.183260793841316268e-03
2.205471864302754881e-03
2.202128898179471148e-03
2.166080609970301614e-03
2.316582257369568989e-03
2.312866368541569885e-03
2.366478188115657584e-03
2.527156246831672309e-03
2.495987194930471796e-03
2.409546581189653085e-03
2.420999638827864807e-03
2.295303243116898415e-03
2.160988869509518177e-03
1.991830816968808565e-03
2.012198919724231868e-03
2.019491396065908363e-03
1.959945164371728298e-03
1.967685306313525159e-03
1.977435776513784306e-03
1.939694848809317591e-03
2.032814506395413424e-03
2.130829403395689998e-03
2.356235506457170399e-03
2.702585061858922034e-03
3.083407867861040659e-03
3.373539112691247878e-03
3.616547391049657403e-03
3.976908519004991246e-03
4.081070901649793900e-03
3.827177344025922516e-03
4.316060342677650180e-03
4.976726741599382491e-03
5.176100156116154177e-03
5.007645711512761708e-03
5.521982834884446231e-03
5.278328482523842596e-03
5.049726852553355211e-03
4.434330679073464343e-03
4.377548635474716454e-03
4.168361096091571100e-03
3.922205466489097139e-03
3.636899496861301095e-03
3.500306405229913764e-03
3.140647107605487338e-03
2.800884466262534671e-03
2.385966063449791209e-03
2.034596858283027609e-03
1.714248187919926395e-03
1.674942774950062465e-03
1.776989641450941494e-03
1.891913511156705779e-03
1.896886431953999884e-03
1.665361346662199782e-03
1.449515606459298757e-03
1.326128119840387382e-03
1.361028715461340150e-03
1.432790913249810168e-03
1.389139539603882582e-03
1.326225724410496536e-03
1.359681527904605400e-03
1.416369037453912372e-03
1.363088116576163149e-03
1.288819231798020307e-03
1.184506913572155526e-03
1.098828021936043087e-03
1.082704468430723335e-03
1.203527999621653707e-03
1.306068807889889175e-03
1.395078632634544260e-03
1.575725691858949730e-03
1.792094276414627017e-03
1.989262914676734849e-03
2.099474822019880161e-03
2.175673741465306184e-03
2.260879657698345799e-03
2.175769054642697625e-03
2.064334838962081364e-03
1.943439177437491930e-03
2.068557310164469143e-03
2.082411923325717257e-03
2.161922275231179576e-03
2.335569551429753435e-03
2.386918496811189002e-03
2.458367135694518486e-03
2.390220571276369717e-03
2.410782009645665979e-03
2.665223604668193538e-03
2.923833134402914827e-03
2.946079175688259832e-03
2.933363838084976447e-03
2.884638424917360978e-03
2.889233076204238831e-03
2.881378620100840011e-03
2.926126586570775272e-03
3.000533041506080363e-03
3.068846615719967273e-03
3.146863154471917640e-03
3.357463456970245699e-03
3.630909068805054409e-03
3.565915096069840248e-03
3.809625092714341923e-03
4.213275470661007396e-03
4.001228404599382546e-03
4.004944138447471234e-03
3.974326076403324019e-03
3.915291533032582913e-03
3.947825688835547922e-03
3.720719111678902173e-03
3.597256296170026069e-03
3.451621475647087892e-03
3.233899600223480442e-03
3.137172242410109918e-03
3.016984581640931064e-03
2.991811929934762044e-03
2.573198789876654600e-03
2.468902465682684504e-03
2.444437389443681555e-03
2.363632379470153276e-03
2.268669696084101017e-03
2.144830824441083458e-03
2.037697841832776004e-03
1.987791150542250144e-03
1.972028887954223840e-03
1.823005831170465725e-03
1.718982148613180331e-03
1.578464621941610101e-03
1.690171490773261084e-03
1.722441677493521690e-03
1.830611419342066497e-03
1.909187539286054305e-03
2.258311134946514726e-03
2.734603382231623470e-03
2.561843736538302850e-03
2.215192422807078787e-03
2.103381789018947054e-03
1.976756007466624193e-03
1.810936883409935885e-03
1.731707240794023691e-03
1.702937762693220065e-03
1.666922192039184403e-03
1.717245250903233576e-03
1.669852120348243188e-03
1.608770330326966119e-03
1.637928897864173719e-03
1.681364538169523998e-03
1.875776481971801234e-03
2.135985942663195733e-03
2.069119055711733744e-03
1.919625622438595998e-03
1.954027737325382715e-03
2.086208417215031172e-03
2.157927963084395676e-03
1.991526981353123303e-03
1.887281005153763468e-03
1.866805803171633828e-03
1.895792980053160898e-03
1.863875999801259224e-03
1.914172194805262642e-03
1.902330895874308585e-03
1.831555642859152965e-03
1.946332074849120661e-03
2.066670481302490536e-03
2.019046557907774701e-03
1.994172011437309218e-03
1.942229212197781876e-03
beta5
-1.058967955954249422e-03
-1.155376448511824528e-03
-1.233544395544984833e-03
-1.316092362046816181e-03
-1.369489877994262790e-03
-1.487497777896694493e-03
-1.589827638221186223e-03
-1.702502351174217362e-03
-1.825475864661585401e-03
-1.909090217004084629e-03
-1.938198660284589942e-03
-1.979971823104703828e-03
-2.049987922265889169e-03
-2.073981866828714191e-03
-2.136350022951989235e-03
-2.114181905656397666e-03
-1.973427633199911595e-03
-1.905294426242009221e-03
-1.878121844821527362e-03
-1.914970796451510643e-03
-1.909086845736194995e-03
-1.908607254125956054e-03
-1.884808286953820917e-03
-1.971192239707806205e-03
-2.070946997990768743e-03
-2.158881184162582401e-03
-2.278022271949816605e-03
-2.425488455224585841e-03
-2.576444108603450234e-03
-2.466979018815579957e-03
-2.459924509043791112e-03
-2.435412631724044250e-03
-2.448679841799417112e-03
-2.519044781723953595e-03
-2.655592637283962169e-03
-2.625274667975842097e-03
-2.587224244798993524e-03
-2.571510189562320643e-03
-2.515714794435568169e-03
-2.348201948715642785e-03
-2.224974030965378921e-03
-2.126806528593555828e-03
-1.983304279463744650e-03
-1.783320082732638145e-03
-1.720165756843557506e-03
-1.643835294702315677e-03
-1.618317970726367537e-03
-1.640232018397967109e-03
-1.730742292018644900e-03
-1.778679964455222307e-03
-1.804076648043897568e-03
-1.874848800253639969e-03
-1.728734740299664886e-03
-1.506932652431857995e-03
-1.288831115297373476e-03
-1.132624432934180737e-03
-1.009471871612459791e-03
-8.120415066460454296e-04
-6.475033689174747049e-04
-5.872169837009123903e-04
-5.690953135116369379e-04
-6.123772891573219966e-04
-5.537885251806146450e-04
-5.350187025932118604e-04
-5.286745522682172963e-04
-5.366776002885156709e-04
-5.029528460761806654e-04
-5.213413763518002370e-04
-5.398039977537103223e-04
-5.660282820252041840e-04
-6.227535591382541216e-04
-6.765948430870480715e-04
-6.698587708223961018e-04
-6.126114867886678535e-04
-5.484012484496373924e-04
-5.030946422737180880e-04
-5.375424066498444512e-04
-5.329124794774132545e-04
-5.614186423307512483e-04
-5.538857000186320906e-04
-5.007590182226405538e-04
-4.813096304317871464e-04
-4.717385349685796641e-04
-4.355343271588704235e-04
-4.246084349631426905e-04
-3.969062887768457903e-04
-3.792430814226641035e-04
-3.844340914229390561e-04
-3.656561265578647845e-04
-3.567322826609766687e-04
-3.732400059399011835e-04
-3.637921955902858728e-04
-3.831783610496404579e-04
-3.682195229843347999e-04
-3.709093454188811564e-04
-3.368592577364822298e-04
-3.169486287646041322e-04
-2.776361092326313997e-04
-2.376918849544024266e-04
-2.723278363786148541e-04
-3.024250841052660379e-04
-3.109996791104204135e-04
-3.444388999280140239e-04
-3.668172308050369427e-04
-3.252727474552589136e-04
-2.765554837089670296e-04
-2.598136108533866595e-04
-2.493010172945448692e-04
-2.509494312811427828e-04
-2.467960737026626524e-04
-2.336764016850786355e-04
-2.148597264686809445e-04
-1.987171924051356082e-04
-1.752141624018223570e-04
-1.768076554431719763e-04
-1.691414826242147750e-04
-1.714863242140183077e-04
-1.646122615914594471e-04
-1.536370947011258810e-04
-1.531042345329445956e-04
-1.554879365344267214e-04
-1.179552703938286566e-04
-9.257105323583497572e-05
-6.285766780230286118e-05
-7.578440701666566953e-05
-6.778144747508890451e-05
-4.319287433725237498e-05
-1.206053047211520196e-05
4.879761088353079693e-07
1.796895769783743056e-05
4.229242367405073840e-05
6.674836456480056734e-05
9.189128234856993086e-05
1.267377138445973956e-04
1.249229789828705398e-04
1.232808074682394876e-04
1.204219931301830085e-04
1.198534794123490857e-04
1.595429590706005636e-04
1.916069556609589590e-04
2.091945833651008579e-04
2.602236958689474987e-04
3.456947346091387247e-04
3.675685567415688912e-04
3.834826175944988560e-04
3.754771308786549020e-04
3.119824555548274042e-04
2.647208413584013244e-04
2.837649203098489880e-04
2.777685822428722570e-04
2.270921417325347529e-04
2.168609604008437937e-04
2.083373622121441836e-04
1.943950540945827473e-04
1.428631458213411851e-04
1.308940997118641426e-04
1.044923140252320348e-04
9.938287144642548340e-05
1.757955721446805030e-05
-5.472691224030777938e-05
-3.569626484894611069e-05
-3.619583622366773191e-05
-3.892825249441506932e-05
-5.450137551576451911e-05
-7.631251459498863412e-05
-1.020096668929092686e-04
-1.351428087179880723e-04
-1.452383133387022418e-04
-1.386258363219608166e-04
-1.184966254033597812e-04
-9.134994318393936609e-05
-9.135997393878726161e-05
-9.628719527918024501e-05
-9.163045361217618404e-05
-8.079218017921620070e-05
-7.945063239191553321e-05
-6.153574637290622814e-05
-4.664629286150203763e-05
-5.307577956676356198e-05
-4.842129673459557031e-05
-4.975116677710479310e-05
-5.418038501516670038e-05
-4.007135162282294313e-05
-3.312484764273404200e-05
-2.342739776597455438e-05
-1.073019233599847738e-05
-6.258144141195835910e-06
7.474658618587794032e-12
-4.423188056724025062e-07
