-2.155766930520086611e-02
-2.353828916905945784e-02
-1.586748693352471595e-02
-1.190072467031421180e-02
-9.520579796768780662e-03
-7.933816730710984561e-03
-6.800418232278175774e-03
-5.950366924186327629e-03
-5.289215352416536814e-03
-4.760293907462512762e-03
-4.327539915879866778e-03
-3.966911589557839228e-03
-2.170439147457767486e-03
-4.386339471459654171e-05
-3.985617666031211054e-08
-3.366119701320150336e-09
-3.340904113821132942e-09
-3.224202252975298338e-09
-9.539896315102375526e-10
1.803156761238244551e-10
4.119009599338955308e-10
4.871441672863381517e-10
4.874406898355183372e-10
4.876567199675690586e-10
4.876567366036425246e-10
4.876567366036346664e-10
4.876567337932380772e-10
4.876566664908952205e-10
4.876567335005742353e-10
6.232929403468845920e-10
6.503675015563284609e-10
5.010791313845777389e-09
5.529241787095658583e-09
8.396054555798279231e-08
9.953907212285433226e-08
2.114359810289566142e-07
6.926588934692448354e-07
9.964816097187023736e-07
4.770519921991724018e-06
1.418324529211309285e-05
1.588742108155980349e-05
1.934607517322839797e-05
2.465193881365559112e-05
3.847183112508815664e-05
3.902878050093969641e-05
3.904212202362761507e-05
3.983437245715595621e-05
4.003807385144800643e-05
5.850159358127237893e-05
2.075734104769935814e-04
2.056994209949421107e-04
1.973761397410349078e-04
1.988558054273353469e-04
2.038111230287693865e-04
3.525070736227788309e-04
9.341964578686946579e-04
1.344587765477281774e-03
1.351389842405705671e-03
1.357489610259161048e-03
1.358481755044113745e-03
1.340477699168517861e-03
1.200542897106786399e-03
1.199246805773076250e-03
1.209192753922434891e-03
1.206249874857729830e-03
1.198073936817548469e-03
1.046358453615838738e-03
4.509001782703186555e-04
4.015107712840528838e-05
3.348283523528377707e-05
2.675528513256274343e-05
2.547661830281902057e-05
2.463360743664575866e-05
1.520330010141844363e-05
1.466225568422352010e-05
3.695523161162092115e-06
3.467801671632287533e-06
5.930536592256111401e-06
1.965612448981615007e-04
2.006779997882742134e-04
2.005236709162343570e-04
2.003337519380620488e-04
2.001554007021777480e-04
2.001446778456301577e-04
2.000553640813292208e-04
2.000486983076884542e-04
1.999920523987074354e-04
1.999257624426339518e-04
1.999236935357080736e-04
1.972236038805409827e-04
4.398185003863071604e-05
3.981009627362459082e-05
3.976489957577795069e-05
3.972921573843523263e-05
3.972751997363119697e-05
3.970916722095775895e-05
3.970080508828627606e-05
3.969694064697952546e-05
3.969067347664680714e-05
3.968830369020989859e-05
3.967713167555639032e-05
3.967631712094485782e-05
1.004477150369216358e-09
1.547063785980937863e-10
5.920344744631753032e-12
8.749625834683842166e-13
8.964360238213435522e-13
2.930622189788356812e-11
2.016798347913311376e-10
7.432664684881367141e-10
9.312501361251455929e-10
1.154898069525280767e-07
1.156894855405603303e-07
1.157028085048453401e-07
1.170773767503595922e-07
1.438649151161441329e-07
1.457893075950301482e-07
8.210917666077427015e-07
3.406758337464047611e-05
3.416812828853475900e-05
3.421354308714244258e-05
3.423720956167252387e-05
3.432013397426365262e-05
3.528834428625108395e-05
3.547103084811008359e-05
3.582435374731396085e-05
3.606984076887431788e-05
3.621148368242962820e-05
3.754682313233487857e-05
4.848172839072849597e-05
2.649723546553376329e-05
6.089309351998015369e-04
2.005711439017337106e-03
2.234248799225238818e-03
2.246854653175495414e-03
2.249056912142016144e-03
2.249767380823579875e-03
2.249942789371829188e-03
2.249697956454369853e-03
2.249533075333099309e-03
2.248201612741307798e-03
2.236592470839817576e-03
2.225334859958922901e-03
1.642806463443446940e-03
2.459902095359653147e-04
1.742864549728207008e-05
4.739680132881946848e-06
1.454652423924770793e-06
5.612975139140875775e-07
3.255274349624212810e-08
3.052407114995116449e-08
2.697474049990889433e-08
2.117349284766100737e-08
2.010817838112399427e-08
1.572157147132860060e-08
9.857233224031618501e-09
2.465674945093928420e-11
2.149636697658661712e-11
1.280463234853182812e-10
1.324189987730518487e-10
1.330579467420692018e-10
2.416511917373335046e-10
2.459181933061751648e-10
2.460448508705521276e-10
2.477202808164774693e-10
3.251442768976957832e-10
3.251539780485682379e-10
3.172015111093542597e-10
5.799674862653466396e-10
7.412044811541480333e-10
6.410404973220182199e-10
1.434603354240882231e-09
1.433971857537100306e-09
1.325380030512347355e-09
1.321114792495510889e-09
1.320988152246894102e-09
1.319308936911409439e-09
1.241379112211083425e-09
1.240150692188870733e-09
1.235035013731616273e-09
9.677596989110883610e-10
8.054526400039922000e-10
7.980845521047731676e-10
2.265165409244267667e-14
3.163060686472031846e-15
-2.586091623993743589e-14
-1.913649131680149776e-09
-4.405504192817967927e-08
-4.406261966572727523e-08
-4.406263510409162247e-08
-4.406263510577929592e-08
-4.406263510577929592e-08
-4.406263510572404025e-08
-4.406263510572161827e-08
-4.406263504762200714e-08
-4.406263498931618320e-08
-4.406261950158829765e-08
-4.406247107651027161e-08
-4.214874827458399549e-08
-7.221441734482600391e-12
3.158802598168889605e-10
3.195819526058446442e-10
3.196098327427067589e-10
3.196098327428538936e-10
3.196098327428538936e-10
3.196098327424592251e-10
3.196062596750272408e-10
2.344951124267864611e-10
2.261130335883332911e-10
2.259897228436291451e-10
2.243961756220311263e-10
2.201793496899295206e-10
-1.878928080600883407e-10
-1.924963135352958376e-10
-2.041252415262788883e-10
-6.894468231108721511e-10
-8.890780544847334956e-10
-8.914427264162501668e-10
-8.962732425858973995e-10
-8.256933542248729573e-10
-8.300524243395587231e-10
-1.156330123511543201e-09
-3.107480886473706033e-09
-9.553842176327505723e-07
-1.027895561106244499e-04
-1.028172227302471571e-04
-1.028176122954589249e-04
-1.028171287766974372e-04
-1.028169291614016004e-04
-1.028169280558914128e-04
-1.028169293741869154e-04
-1.028169186978732818e-04
-1.028174305021348510e-04
-1.028171797719616958e-04
-1.028185991446254639e-04
-1.018812925089243045e-04
-5.149384026903314194e-08
-2.513514046221125612e-08
-3.598497828225391098e-08
