beta2
8.583898196593543056e-03
8.470132140070585347e-03
8.504527776202407477e-03
8.408747653743201336e-03
8.396727165758822997e-03
8.509978943024913006e-03
8.793422812795678375e-03
9.292742088961507968e-03
9.200976571617603544e-03
9.219896332207516698e-03
8.498164209053324022e-03
7.893208534845900723e-03
7.838059686428457129e-03
7.816204291324476902e-03
8.026175590303639279e-03
8.206930642302294118e-03
8.911984220475939120e-03
9.252378119972292855e-03
9.708381175074701566e-03
1.036393410809109683e-02
1.002730025201570806e-02
9.491685891465911212e-03
9.297531860691564398e-03
9.177717756962560508e-03
9.084429868380766368e-03
8.910780115216329622e-03
8.901056932864036958e-03
8.905235018890997334e-03
8.963853445109195087e-03
8.883138181401271233e-03
8.911491802517955418e-03
8.524083642925707471e-03
9.058052808030653269e-03
9.238203895670146076e-03
9.415152872037963958e-03
9.557283564649913382e-03
9.526123351750596588e-03
9.824960068314562978e-03
1.035231760616948417e-02
1.035060597566524535e-02
1.006617987519751838e-02
1.001340047196702318e-02
9.463860782855357950e-03
8.955240801610699422e-03
8.427634715308785981e-03
7.972002106002049754e-03
7.684098824468453895e-03
7.124431300731014390e-03
6.707859489348674473e-03
6.315945650527987273e-03
6.051523072839093756e-03
6.132249948618237120e-03
6.528655821197108106e-03
6.819135482907507859e-03
7.047282029052685803e-03
6.984986518610818672e-03
6.541256812887781893e-03
6.082449313156234640e-03
6.281507469760408066e-03
6.547409368296916096e-03
6.793566999829192543e-03
7.086345091626986351e-03
7.180185239961663773e-03
7.131579057324243312e-03
7.022891164048841207e-03
7.152402375098578478e-03
7.288836370766837297e-03
7.783299241019904155e-03
7.422881794462762167e-03
7.229522200649242392e-03
7.072464422948464106e-03
6.698807230831571938e-03
6.413812508509388749e-03
6.125488654986103662e-03
5.905514109070602972e-03
5.810214002328219392e-03
5.651966616397188954e-03
5.111097129264439640e-03
5.385356037219312698e-03
5.763277396935724550e-03
5.741423424804791877e-03
6.175829363525084034e-03
6.272451492136844366e-03
6.409547741665362619e-03
6.891324602847917306e-03
7.220279883158126945e-03
7.515616926544507054e-03
7.539436237978796446e-03
7.316989952911597157e-03
7.318539198899748008e-03
7.628497086788353990e-03
7.904806707704485624e-03
8.316710913665197047e-03
8.028970582768465286e-03
7.743915576859876360e-03
7.474915246741832206e-03
7.508497525763433919e-03
7.674809467425629771e-03
7.816111576627048779e-03
7.907935939479762699e-03
7.877487896192341549e-03
7.704334116880286881e-03
7.547421642159841265e-03
7.371397935940408527e-03
7.152813711742383833e-03
6.961012521720097608e-03
7.327359583729477384e-03
7.292748281333727954e-03
7.419421181754046538e-03
7.560787737830080256e-03
7.848286920984891973e-03
7.771777331613154149e-03
7.241207060569763987e-03
6.762984909310069612e-03
6.625014546709920640e-03
6.539136801356301709e-03
6.482676338849217498e-03
6.511021729496791616e-03
7.026097133746141143e-03
7.572219224782958565e-03
7.977194687888482239e-03
8.351390364364160573e-03
8.522494838567486533e-03
8.615712079991939484e-03
9.020144494803202656e-03
9.468656147845038937e-03
9.762785307464735482e-03
1.035788128130206084e-02
1.067735347037560706e-02
1.047765958543980455e-02
1.033193484024072517e-02
1.029380582873422670e-02
1.011974874639832642e-02
9.981040201373084925e-03
1.000107001644192847e-02
1.023697911771330460e-02
9.963347756700303981e-03
1.007735878217370235e-02
1.020668981206583961e-02
1.055785039793438913e-02
1.082812590479746533e-02
1.121177456580349854e-02
1.132070265294620251e-02
1.132690241721558133e-02
1.145015827608165601e-02
1.181475683056589128e-02
1.213489143139564325e-02
1.194437402073397075e-02
1.160722752570995248e-02
1.222524234642397359e-02
1.273506854890140219e-02
1.371354755033930492e-02
1.508276243750686536e-02
1.354027679679544946e-02
1.208376812632517769e-02
1.057363394020458675e-02
9.898606765441537308e-03
9.585310454005596670e-03
9.762066372394864744e-03
9.220329257212927371e-03
9.019017943521326006e-03
8.663209722815487859e-03
9.480463391827616965e-03
1.002421645073929383e-02
1.008508200521900794e-02
1.009931779056268131e-02
1.021229076823910314e-02
1.022884282861070623e-02
9.974777521666040869e-03
9.324865655433011574e-03
9.024661955342308528e-03
8.491606395713786892e-03
8.427874991045851416e-03
8.062389849234231215e-03
8.453959305434202709e-03
8.883520054102585911e-03
9.293540853534662527e-03
9.371012042839002923e-03
9.481213911235903194e-03
1.007982631894795145e-02
1.070458331211868522e-02
1.052043963847759667e-02
1.037297283183412702e-02
1.048567455309432593e-02
1.075709289875478869e-02
1.104380327978561963e-02
1.128852842221679878e-02
1.213495097672891675e-02
1.163190482005069248e-02
1.150492776214536578e-02
1.131130882573189514e-02
1.122114679388864708e-02
1.139068362708538576e-02
1.133957753924689192e-02
1.169196847238971118e-02
1.214356115212356091e-02
1.208178376594941546e-02
1.146049731400565312e-02
1.088850348028803754e-02
1.051433725703898071e-02
1.041943728227460661e-02
1.056917097859807683e-02
1.079290489912347606e-02
1.100611521703758269e-02
1.052353725254732628e-02
1.028739637353449227e-02
1.011658032650458727e-02
1.021673303154943709e-02
1.032469236105706262e-02
1.021472153785217898e-02
1.001987921278410694e-02
1.034021370754912954e-02
1.018961887713370346e-02
9.594256444662791622e-03
9.383436224593174127e-03
9.226285275587036566e-03
8.951520151668279635e-03
9.050321300892182758e-03
9.046849745126522152e-03
9.106944297652151687e-03
8.954245379735648741e-03
8.557509555077752461e-03
8.002432366781974879e-03
8.191063822931495680e-03
8.149077535389560173e-03
8.345944514060697761e-03
8.296391878251903676e-03
8.241098294491395332e-03
8.496238944103270962e-03
9.045872249804687293e-03
9.622294565452830378e-03
1.011649362488590241e-02
1.070664146410010842e-02
1.127963998060351955e-02
1.183608020313259637e-02
1.164964043411378589e-02
1.092060150800580262e-02
1.036208172702206623e-02
9.909086313619763081e-03
beta3
1.788616335151442904e-06
2.762111418132044294e-07
1.581596021868419622e-07
-2.640848646337471122e-10
-2.321256385538346809e-06
-1.026343140364332190e-06
-6.017760897390487204e-07
-2.599091072281675340e-07
3.142568070288298624e-10
1.701108184176804384e-08
1.097485564270518201e-06
1.189342210005619432e-05
1.834709922281429004e-05
3.885468988942864280e-05
5.913572012553573601e-05
1.039636787177599530e-04
1.857837612166883361e-04
2.502003825904165518e-04
3.539534494133892654e-04
4.257862887075253809e-04
4.451641541616003237e-04
4.582242414392908377e-04
3.983479323990561432e-04
3.312549222593609045e-04
3.079513661358579532e-04
2.570392098719191361e-04
2.431308379585719545e-04
2.173135090080027506e-04
1.716740621419569142e-04
1.619355008833269351e-04
1.752234571936263407e-04
1.977831489954753950e-04
1.555984283493539626e-04
1.750275803218808172e-04
1.845171956928462953e-04
1.804622834706254937e-04
1.460559553810111431e-04
1.946030530515262323e-04
2.730016205482789786e-04
2.113849705103083561e-04
2.573322791692935667e-04
2.433411090666829854e-04
2.847532363998991705e-04
3.226981716378051574e-04
3.635097003469898525e-04
3.798541548555602314e-04
4.346615989625149260e-04
4.104706433753256903e-04
3.746701424585667690e-04
4.707687321185618362e-04
4.978827409270980510e-04
5.916017968290792576e-04
8.584167181063060564e-04
8.598424252808347301e-04
9.450633368387321466e-04
1.005180868381362960e-03
1.047823113344531487e-03
1.180725669895505044e-03
1.378387970206368385e-03
1.524408875420366072e-03
1.709026537770550955e-03
1.969691681763029688e-03
2.300826214710428429e-03
2.715632797395851547e-03
3.132136806278579266e-03
3.096699904949563702e-03
3.403196170215090979e-03
3.509803071790604419e-03
3.151762354009906252e-03
3.129282051556214750e-03
3.149683115022145798e-03
2.676482272825598478e-03
2.296675299158022765e-03
2.074723381873533334e-03
1.877644820607876066e-03
1.453459042138874249e-03
1.175887591302399865e-03
8.431496380748620045e-04
1.121655976963958565e-03
1.210753999478464578e-03
1.439840831111866785e-03
1.431386004879435167e-03
1.363283903855535412e-03
1.384732786150933478e-03
1.320197387624553933e-03
1.182611035631383990e-03
1.121925836486422409e-03
1.016844815435942982e-03
7.588075865286273303e-04
6.579715743894195244e-04
8.535051350045950221e-04
9.366007655534210009e-04
9.714827538964673553e-04
9.217273498854817049e-04
8.373404635855414852e-04
7.496111999106404127e-04
8.320780438517470876e-04
9.075823067644813152e-04
9.403956603019193814e-04
1.014266635021886416e-03
1.032446836712207997e-03
9.837961486905332995e-04
1.001194706753536943e-03
9.433166060192654020e-04
8.427617375512214083e-04
7.808505400940201052e-04
7.894766099860238244e-04
9.091296217222004719e-04
1.030937639987072451e-03
1.209117233795079654e-03
1.512470925316306784e-03
1.376262788065137077e-03
1.013060648274207842e-03
9.488229740791944648e-04
1.018071692176480796e-03
1.084363905785316624e-03
1.130975077515986027e-03
1.244909080589715663e-03
1.431019601302276588e-03
1.798645676110685425e-03
1.912729093745962547e-03
2.103405984135933802e-03
1.964133980966966363e-03
1.799243284893779641e-03
1.827166725582066945e-03
1.873056327110737915e-03
1.774821844723363084e-03
1.698274957191953571e-03
1.711004401051183926e-03
1.748291381908120487e-03
1.709294847614983501e-03
1.711844304699139743e-03
1.636073261958892770e-03
1.643178867241897566e-03
1.669996261811986567e-03
1.614620845234034877e-03
1.596077861448761716e-03
1.447692829561792729e-03
1.348865343296758081e-03
1.370113673733322664e-03
1.280163201517128899e-03
1.230219268653388875e-03
1.108800216461001747e-03
1.047694389430300996e-03
1.027849573161033992e-03
9.925081453478088941e-04
9.670915133952440700e-04
9.593002846836733979e-04
9.076067103949423450e-04
8.818510025433328511e-04
9.347404215637124172e-04
1.238017885328026712e-03
1.591160031356201373e-03
1.660553950697138794e-03
1.722930996252752724e-03
1.671670393934162517e-03
1.778211967618791977e-03
1.912588994191332563e-03
2.059097080186660881e-03
2.009381923328376184e-03
1.849511179993365562e-03
1.693724549639546734e-03
1.817521599225377978e-03
1.871834564879327296e-03
1.801769668026247107e-03
1.738768079541393782e-03
1.731362199600831701e-03
1.640816772246638834e-03
1.744365532658545635e-03
1.695105285098534760e-03
1.749181748201062564e-03
1.491927728758229207e-03
1.334573735806258727e-03
1.161020140273345694e-03
1.052409757877053242e-03
9.109998964117848718e-04
7.964334304657960748e-04
6.894962871036470087e-04
6.599068776301961984e-04
6.385374264730096869e-04
6.067702757359400142e-04
5.163492193025599839e-04
4.743392479835676539e-04
4.930801640381811662e-04
4.420681460985609258e-04
4.504512060041986586e-04
4.098160030891251143e-04
4.347466648557781941e-04
3.577300682810638597e-04
2.847955670015783519e-04
2.221729767772104660e-04
1.481081912006176611e-04
1.281457823649989581e-04
9.106057012222912924e-05
8.048637195993242014e-05
5.845648675790164904e-05
3.526216411537021488e-05
2.709759231814770037e-05
4.206976333091571178e-06
6.605286990571925668e-06
1.061448896674138102e-06
2.307221197339063316e-08
5.206056754491110454e-09
4.280234879216531580e-10
-4.654210073518974185e-10
-1.623168562496656253e-08
-9.348574699834342150e-09
-2.997820118029682831e-06
-9.912426639595784260e-06
-2.389028243199535275e-05
-3.985230668041729851e-05
-5.817000528793662002e-05
-9.142419774293081898e-05
-1.416538077129889345e-04
-1.742142021471265484e-04
-2.380687084764987655e-04
-2.912948505356707492e-04
-3.183342636200896573e-04
-4.239566514423495180e-04
-3.524428114308062929e-04
-2.705527816375346119e-04
-2.536328057738987223e-04
-3.068731240759350063e-04
-3.519212881223050338e-04
-5.343816413126711590e-04
-6.529282266179132306e-04
-6.939428064600739778e-04
-6.937151198487627717e-04
-6.348830713426183766e-04
-6.272830543394962996e-04
-6.019507441125311088e-04
-5.150622864465862275e-04
-5.321196843768342347e-04
-4.522251417728169573e-04
-4.215116610782317173e-04
-4.193719735376222964e-04
-4.345529735118541879e-04
-5.444930394396609074e-04
-5.248529511056570368e-04
beta4
-2.337313684668880796e-05
-5.482245434201114486e-06
7.983305497011944230e-07
7.447533025523164416e-05
2.240826996005639633e-04
3.025602758485466991e-04
3.559758959784830494e-04
4.176948025003700596e-04
6.146101759819820511e-04
1.026038983998838524e-03
1.551963253727119997e-03
2.141576092635009976e-03
2.575255090225935482e-03
2.645421650769010091e-03
2.587489871212532780e-03
2.597557536096179939e-03
2.326061204015546138e-03
2.010055795908693294e-03
1.691625553920583433e-03
1.372929905590843580e-03
1.128637683656392391e-03
9.545695695575420270e-04
8.394130552276433217e-04
8.390777890344555331e-04
1.004232026336705687e-03
1.182374937713866333e-03
1.349024627238936454e-03
1.492405580149311654e-03
1.696178676027723393e-03
1.902504343047903192e-03
2.166486178924840675e-03
2.673823728439171047e-03
2.328094482435792874e-03
2.243657627361024705e-03
2.261187110412194584e-03
2.283955161236478869e-03
2.812961704506992781e-03
3.201454150880890526e-03
3.485800411549217718e-03
3.297985630497974816e-03
3.425866829999251253e-03
3.404187489925672438e-03
3.587212591823136718e-03
3.876733597352802901e-03
4.207700657505067734e-03
4.313904333183838508e-03
4.282389998979403700e-03
4.753029648990596268e-03
5.384583262463506735e-03
5.272023238037446338e-03
5.828337942825619067e-03
5.475581423352030713e-03
4.274066451953889220e-03
4.279628648671389771e-03
4.399604920945775904e-03
4.625210131515008344e-03
5.787523632431739937e-03
7.259985045343839843e-03
6.499256346971210574e-03
5.764935666047024503e-03
5.234272216300412360e-03
4.492978224768010530e-03
4.300339440530433557e-03
4.423612442074535342e-03
4.531123987428477273e-03
5.041342130298068214e-03
4.983848830635681688e-03
4.785490374325305010e-03
4.988691927109045743e-03
4.657109234779908610e-03
4.310496953425200367e-03
4.099689673438549828e-03
3.988342502156997163e-03
3.272955186790626938e-03
2.581665387563482524e-03
1.645914315422505663e-03
1.027194844395250706e-03
6.243363103379613501e-04
6.313224979041901245e-04
8.034727411455149220e-04
1.097758095996165337e-03
8.574704901121350548e-04
7.946045509602741187e-04
7.275561754329393054e-04
8.149720962755666910e-04
7.285573016463653406e-04
8.768564354142093214e-04
9.593566772973912077e-04
1.029294482021357766e-03
1.311189286402962258e-03
1.247729250716601715e-03
1.242253265000893862e-03
1.108303019343556640e-03
8.240926704626205454e-04
5.707923125298262164e-04
3.937023168767123213e-04
3.555967336763761781e-04
3.517084781356169293e-04
2.969758966176606462e-04
2.244854318631871550e-04
2.403659110597072021e-04
1.198505391240836594e-04
7.939324434907976485e-05
7.668798063382473260e-05
9.074603255888197013e-05
7.117994251364014990e-05
1.031892534440385196e-04
1.346645682093358350e-04
1.361175209457077392e-04
1.852945999483899230e-04
1.671335613253991672e-04
8.920739685293948228e-05
9.159323566849996226e-05
1.877170400835217394e-04
2.556877162843918731e-04
2.701066191794852908e-04
3.476948948593171348e-04
4.266829589242444312e-04
3.662161667347612433e-04
3.261363666434807492e-04
2.618514877034589005e-04
2.035419207745914013e-04
1.902324282011533317e-04
1.069659423566895925e-04
2.049184975972540221e-05
-1.176957381299921027e-06
-3.649650975133316241e-05
-7.952883761004167127e-05
-1.315438042353205624e-04
-2.483967068553005406e-04
-4.147851288774499247e-04
-3.973465436895685455e-04
-4.031816989761938339e-04
-4.311770588518186367e-04
-4.186808597082963563e-04
-4.450401976094655828e-04
-4.679603952981893763e-04
-4.097112981894664944e-04
-3.741429076189727054e-04
-4.749006443964604507e-04
-5.678209079062483591e-04
-6.558379061704588085e-04
-7.823347149404462353e-04
-9.429770638831510557e-04
-1.196618930171687925e-03
-1.452402631289502867e-03
-1.710842045432757128e-03
-1.933445338067949285e-03
-2.210585436659168613e-03
-2.576714972654660721e-03
-2.556750841428588692e-03
-2.265282375018593409e-03
-2.147384679860745403e-03
-2.489037428006085802e-03
-3.001119711379222899e-03
-3.520988193285653177e-03
-2.885207121998981973e-03
-2.313255679913622971e-03
-1.571589418924731899e-03
-1.224758132625430656e-03
-1.005559729849125634e-03
-7.220048272591680092e-04
-7.505890512379362225e-05
1.310680627005426665e-09
6.296018240090040744e-05
1.773073740361548608e-04
3.203845662031461639e-04
5.140587096226567143e-04
7.223158216487467198e-04
7.676150109952337239e-04
9.198318001631232291e-04
8.554419728212476820e-04
9.318229525121657234e-04
8.086295277512079143e-04
7.157270038643929501e-04
7.101108354839179597e-04
6.530671882594999084e-04
7.101298442552863308e-04
7.764467665906207069e-04
1.051441092457384811e-03
1.246224879038890926e-03
1.235557823483728664e-03
1.136542432658895190e-03
9.455370152971467792e-04
9.955787173538794242e-04
1.053241064495543788e-03
1.047101081960131541e-03
1.254467437562743846e-03
1.229189926053915949e-03
1.381632963956703347e-03
1.396510564322904708e-03
1.585205088401623382e-03
1.684870027100915900e-03
1.793833525541275098e-03
1.905488550152997264e-03
2.023674940152997599e-03
2.201320828258539111e-03
2.328108082144720453e-03
2.510796909143757707e-03
2.809382390187138267e-03
3.394828519179936797e-03
2.837562324121855294e-03
2.311098934729648429e-03
2.045872226587346770e-03
1.628007734049392993e-03
1.238550031509026012e-03
1.010354687197276280e-03
7.914300798084897628e-04
5.776505079350294052e-04
4.072676627589723254e-04
2.364495725819897010e-04
2.192175087006005899e-04
3.051891722754078960e-04
3.614983460227830453e-04
3.931060221851369199e-04
3.375246325430590177e-04
3.592234701274880861e-04
2.785199810782251371e-04
2.483270797116444127e-04
1.328955506150572997e-04
8.071294785589146811e-05
3.166894379299351435e-05
2.718114509361207499e-05
-1.686217873077949459e-06
-8.700961225017370246e-05
-2.982822763011938670e-04
-4.077173729635163394e-04
-4.139781806208969414e-04
-2.733520805182701463e-04
-2.462496759301326999e-04
-2.292646095801527048e-04
-2.501714406183920200e-04
-2.916964201297612557e-04
-3.392618133943286064e-04
-5.519869126477828375e-04
-5.340341809152214601e-04
-5.161159491107801360e-04
-5.183504829081388198e-04
-6.165133301787693735e-04
beta5
-1.906393270277318688e-05
-2.920237455128245482e-05
-4.705358334495807063e-05
-5.233145746287952551e-05
-5.771863662918264460e-05
-7.351385606957965761e-05
-8.673910685613416796e-05
-1.122906581356398689e-04
-1.513416758683301471e-04
-2.098723288576039622e-04
-2.148318183221226737e-04
-2.315339827871496425e-04
-1.974715434432451643e-04
-1.729863352444755179e-04
-1.408861863208668629e-04
-1.079250450533613586e-04
-1.045640179697381348e-04
-1.426587171932179425e-04
-1.832025381043865010e-04
-1.697280786877560844e-04
-2.190595614233623262e-04
-3.148123684069181792e-04
-3.644425071400805589e-04
-3.805626109227571319e-04
-4.436378626051940693e-04
-4.836621214318953467e-04
-5.008125849650356138e-04
-5.539579080318665985e-04
-5.967668705075088349e-04
-7.299028145227981056e-04
-9.059966574261855976e-04
-1.081803039344342125e-03
-1.276716752835046478e-03
-1.426599117948239249e-03
-1.595451212793401290e-03
-1.838551412004750529e-03
-2.148873287666623090e-03
-2.485598179183431435e-03
-2.942312648779355638e-03
-2.750660942627564370e-03
-2.798281328319847557e-03
-2.895891931561941132e-03
-2.782370454239187219e-03
-2.713097632126684148e-03
-2.628299017521810131e-03
-2.507132286115523225e-03
-2.390083994881318265e-03
-2.503090134996956671e-03
-2.698459004484849398e-03
-2.560452154344820298e-03
-2.660847028522463943e-03
-2.511108749369645073e-03
-1.779256373795919674e-03
-1.639933549403150897e-03
-1.510514117671538223e-03
-1.551708849925810237e-03
-1.514223625921812949e-03
-1.468438036679046380e-03
-1.353534389811100486e-03
-1.322311642076979318e-03
-1.369736529357514507e-03
-1.478718541873196663e-03
-1.468090802837186942e-03
-1.444141382178100929e-03
-1.456541485594620069e-03
-1.380280266373466475e-03
-1.448194693961628700e-03
-1.664090794869546282e-03
-1.406309872190290595e-03
-1.336106671155943421e-03
-1.190194103037442181e-03
-1.101137729991685668e-03
-1.019900071359907800e-03
-1.052936708572603779e-03
-1.125083238617125437e-03
-1.360812235222996552e-03
-1.513386418269448185e-03
-1.594341319497526079e-03
-1.816309136148077080e-03
-1.998185974413238444e-03
-2.023673831399197022e-03
-2.378999549250803390e-03
-2.081380807752306744e-03
-1.797265663067283952e-03
-1.711128178201384333e-03
-1.613033996794852216e-03
-1.477364459570073944e-03
-1.370931397101878219e-03
-1.042608505528101357e-03
-8.446815166275782952e-04
-6.690634293488675628e-04
-5.040821546645857069e-04
-3.563185959891704497e-04
-2.990716283571577929e-04
-2.588678968386133291e-04
-2.329453442765486485e-04
-1.420518932987399640e-04
-8.620472489028847753e-05
-3.325374036317506538e-05
-8.217821226323327124e-07
1.647466651762206620e-09
2.606108411522051328e-08
7.601786495462539741e-07
-3.536457646259512930e-07
-1.116305940784867082e-05
-5.322661672248133992e-05
-4.678689817107936307e-05
-2.787507784754419320e-05
-1.499382499948746753e-05
-1.753675111099490993e-05
-9.570815289643649112e-06
-1.646585804161281385e-05
-2.147689603803940267e-05
-4.104232518121849958e-06
-5.879883828288329820e-07
1.729011231101094296e-07
-2.165007872634173295e-07
-6.831612469551920074e-06
-6.781082559859265071e-06
-1.457961380951695071e-05
-2.819237245064298299e-05
-4.154236247080967726e-05
-8.449129540264744013e-05
-1.207232713303609190e-04
-1.307515038115467576e-04
-1.442999971758422196e-04
-1.680656244107412225e-04
-2.438534266527678956e-04
-2.976187943557835527e-04
-3.496819066947691934e-04
-3.849421482662083809e-04
-4.224075141984349937e-04
-4.560484210873688260e-04
-4.781101801686167487e-04
-4.938261084499851556e-04
-5.369975079300101130e-04
-5.337979543660990867e-04
-5.580210365138507699e-04
-5.884069923064417455e-04
-6.588884107495180005e-04
-7.092772079270747744e-04
-7.875120233328451822e-04
-8.631920894821918776e-04
-6.274069355087951621e-04
-4.223542286660431338e-04
-4.014536789890485458e-04
-3.028517231608992503e-04
-2.346139445935381247e-04
-1.482497026359057128e-04
-2.665755685974307643e-04
-5.003647039067510250e-04
-8.567733459589028195e-04
-1.303606714181123434e-03
-1.482534306680056979e-03
-1.664122495141246881e-03
-1.639696254706244976e-03
-1.534828408359770711e-03
-1.574747932806257623e-03
-2.006149100085368418e-03
-1.327337079071533657e-03
-1.120620355271637753e-03
-9.673303991891391788e-04
-1.190064658339123459e-03
-1.091758596205369327e-03
-8.985007244767188438e-04
-6.468503556571109959e-04
-4.139063522978884166e-04
-2.973214257868829328e-04
-2.279989013254106640e-04
-2.331308803493056196e-04
-2.109212772655705108e-04
-2.326247128524970976e-04
-2.479851400206117959e-04
-2.686874660538686043e-04
-2.770536608529746434e-04
-2.805817679496844371e-04
-2.810507328170888859e-04
-2.953603853108603574e-04
-2.723798630416737190e-04
-3.274050545047471920e-04
-3.037550098984769030e-04
-3.790930331787462060e-04
-4.242503918773101552e-04
-4.411828530340792241e-04
-4.300941542968555716e-04
-5.081162997508728574e-04
-5.323459074044890448e-04
-5.434916947840901826e-04
-6.647538173849491371e-04
-8.569063454752893789e-04
-8.507673542041123242e-04
-8.842460544902957294e-04
-1.026836328518575779e-03
-1.160880506460126860e-03
-1.218997100114704597e-03
-1.335367799690602864e-03
-1.383310218705562783e-03
-1.300412808336791305e-03
-1.291531434057070077e-03
-1.341336283920333255e-03
-1.396040714054146408e-03
-1.483892543347565835e-03
-1.570303069108980147e-03
-1.796685986145727266e-03
-1.872652903585302325e-03
-1.864669902194782212e-03
-1.853482556008847083e-03
-1.866916175848411068e-03
-1.905673106457198181e-03
-1.809711370562423066e-03
-1.838567601415460771e-03
-1.856197898986266690e-03
-2.054906767152983940e-03
-2.312222704778035039e-03
-2.554108147023535520e-03
-2.802471529340615133e-03
-3.000958720055035313e-03
-3.199675397480369714e-03
-3.412634857614524429e-03
-3.104359648801007822e-03
-3.090673536695942407e-03
-3.040886525508673492e-03
-3.031724779090181655e-03
-2.952664405940862331e-03
-2.873440112998683869e-03
-2.737028251872142791e-03
-2.741257778690972362e-03
-2.727434604490495355e-03
-2.950275338505080336e-03
-3.354595218701662829e-03
-3.643286929432124066e-03
-3.870438440067636328e-03
-3.996667351099043690e-03
-4.062879485728241626e-03
-3.825752792480560313e-03
-3.847509687527951930e-03
-3.478226132548358634e-03
-3.173725247513396568e-03
-2.752135988144266236e-03
