-1.576927271680194588e-06
-3.295813681827707036e-05
-3.222870679596600343e-05
-1.264399185854141682e-04
-1.373398286940529889e-04
-1.179863322616288464e-04
-1.011634254343422894e-04
-8.854342380411225595e-05
-7.870549370667456811e-05
-7.083504944234154639e-05
-6.439551271553834279e-05
-5.902921998928581447e-05
-5.889780938331248345e-05
-5.353619718623965753e-05
-5.097204329029432886e-05
-1.688257952735005405e-05
-1.800162183430488903e-06
8.096958786050605230e-08
1.547140367269394941e-07
1.720285673430142529e-07
1.722507371532095697e-07
1.723396373535375763e-07
1.725409835097663190e-07
2.062646247475381679e-07
5.009488021057662953e-07
1.235259949461130174e-06
5.811499585919892865e-06
6.802347002584862808e-05
9.810848811762114122e-05
1.066197934669573980e-04
1.085519154133703481e-04
1.125338095544467011e-04
1.125616202342754062e-04
1.125875657928204028e-04
1.126845556658684008e-04
1.137888413116826079e-04
1.139003938503840456e-04
1.848514642496879099e-04
1.806219825719072511e-04
1.185414576985689347e-04
8.845440028705514731e-05
7.983020130403893535e-05
7.784354431536001705e-05
7.386128667637608172e-05
7.383342490400161438e-05
7.380747803386831509e-05
7.371029893523466342e-05
7.257228943833217048e-05
7.216433576781862793e-05
-2.092370221364756523e-07
-2.319521300165000071e-06
-3.922563990806049135e-05
-6.380576200006012673e-05
-6.723316523083812445e-05
-6.950392258711384408e-05
-8.887252936306736352e-05
-6.348690227700290629e-04
-6.381047889201757299e-04
-6.413593023093462674e-04
-6.417645241577567662e-04
-6.422657354684745785e-04
-6.417749734836921066e-04
-6.400920966846662240e-04
-6.033605671184607503e-04
-5.800424409791873166e-04
-5.768869837953160239e-04
-5.749093820386031936e-04
-5.557023019585218123e-04
-1.017355624803335107e-05
-7.903638620499779861e-06
-7.087027640863038874e-06
-1.690828106968348296e-05
-4.396213960923873754e-05
-4.759291387802344186e-05
-5.141250545736143329e-05
-7.662957201644305663e-05
-9.171495866213975326e-05
-1.386098654719869515e-04
-1.850923456177298388e-04
-1.903934880167240825e-04
-2.135063774024756973e-04
-2.185114954911598299e-04
-2.187644059876266091e-04
-2.085379307466077824e-04
-1.809811439418809644e-04
-1.771529404145829039e-04
-1.732526993149203305e-04
-1.479924902142035149e-04
-1.316471965459081923e-04
-8.448034432138129362e-05
-3.770508595030900960e-05
-3.224241711351609078e-05
-8.661781130104084857e-06
-2.690814525267621961e-06
-1.619214170636208185e-12
-1.373109255354069660e-12
-1.373109047017456968e-12
-1.373109047017438591e-12
-1.373109047016214178e-12
-1.372505318706166192e-12
