2.844970847110660532e-04
3.600739334520269711e-04
1.445214998553169354e-04
-5.785774164841178506e-04
-7.215845804758322726e-04
-2.190262940844259600e-05
3.963025003112717018e-04
-4.330455976775748157e-04
-3.597299595874263109e-03
-6.799916408206724099e-03
-9.761196554876455309e-03
-6.039549400904668797e-03
-3.483423669601484751e-03
-1.453340925033748182e-03
-4.596415776691597393e-04
-2.770921535368978182e-04
-7.636009962735169389e-04
8.919715421863704007e-05
1.136397408799480360e-04
3.258908176876857484e-04
3.205241778473144946e-04
9.589302970157253918e-05
2.616106182652472778e-04
-4.019149713181366140e-04
3.120147750238402959e-04
-8.545023255423524460e-05
-2.441178757735353369e-04
1.702914696826234823e-04
8.751719988439007111e-04
-1.412161606756399458e-04
2.665097198507280769e-04
3.290193098285009918e-05
3.160902789711910279e-04
-4.142174461598941131e-04
3.860165647755131688e-03
2.127660054966612339e-04
1.323148904861285629e-03
1.694874241102998710e-02
3.230074258089978088e-03
6.824156741446002310e-03
1.411758659387543418e-03
1.475136984562854144e-03
2.895134407159094363e-03
3.335325124428037847e-03
4.207590646328151357e-03
2.660690859389014656e-03
2.416577494159158519e-03
1.240008712811681551e-03
6.063178425261791290e-04
3.085406686940466380e-04
4.847572345395674488e-04
4.477651094623912248e-04
3.579259012162438699e-04
4.964626406678458465e-04
3.203388716537210255e-04
1.471510174181318766e-03
-2.373130585530168758e-05
-1.216752688819456099e-03
2.540524803612233783e-03
8.206187447856811085e-04
4.771466019922755968e-04
2.766696113480925415e-04
3.204536704515611881e-04
-8.060767940451809242e-04
-4.778921337533572375e-04
-6.970508742260113008e-04
2.041309377673367780e-04
-1.668580221626728545e-04
-3.447419018061895907e-04
1.895478981054457318e-04
-8.192402376306148889e-04
-3.341517183296563974e-05
-9.067467392695318165e-04
3.330207373146666845e-04
1.462634843655343268e-03
-1.931606328981941398e-04
-1.763954626087207338e-03
-2.209838244680496398e-04
-1.190184435124211999e-03
2.228909837042388094e-04
-7.279879295245944831e-04
-6.195312875930049541e-04
-6.635576602491413331e-04
-2.745454684780600100e-04
-5.784469444577880568e-04
-1.225712769183741552e-03
-5.769972710238723901e-04
-2.835805166965004918e-04
-1.170515000817022241e-03
-1.395677977927854479e-03
4.270951723878023756e-03
-2.541082319028604812e-03
-7.026099248644140927e-04
-7.116470878039903546e-04
-3.948823721795444337e-03
-1.107553229197189709e-03
-4.850581939917425001e-04
-4.178816658294690805e-04
-6.100297384736974452e-04
-2.704964300877979496e-05
-3.744006312821023235e-04
-6.547545553769622056e-04
-6.232878524223762129e-04
-2.437353947999610574e-04
7.474614613126498008e-04
-5.274201006586720598e-04
5.346307164393497091e-04
4.120326230441913274e-04
3.203769527144671963e-04
6.192665509589826908e-04
-1.267231882520865804e-04
4.352035109685367968e-04
4.860913378887424491e-04
-1.368093662478384780e-04
4.302967178738170874e-05
5.164400771525847313e-04
6.327006474910447592e-04
6.536922546775861915e-04
8.830903643779569557e-04
3.659133928062519264e-04
1.870277593855011603e-04
4.695825706976611844e-04
1.456702668449319591e-03
4.190144605047091777e-04
4.020075945624307477e-06
-5.182269693769952004e-05
-6.259897169363919263e-05
1.564731054844473396e-04
5.099921711719749423e-04
7.994501688806255734e-04
4.466314234402325576e-05
1.215779773956494544e-03
1.471760648850246878e-03
5.960904702199075738e-04
9.805938333516512305e-04
1.494364079438273863e-03
6.028031206532654361e-04
4.978867306073246493e-04
-4.694554630111412788e-04
-1.382767808795534693e-03
-1.268902398629298111e-04
-1.610935097000436029e-04
2.321161140811691650e-04
-1.717105261672226605e-04
-5.105928861782835660e-04
-1.574179160222920898e-02
-7.740046604796199279e-05
-1.299982264926176106e-05
-5.854125903202278791e-05
-1.285897749441673038e-03
-1.913161731144909401e-03
-3.120794392644790898e-03
-2.640718155928973958e-03
-4.874202345052467723e-03
