1.430148759668167791e-03
2.047951127906190525e-03
1.742526748961043676e-03
9.773766174319587115e-04
7.658877480108230214e-04
3.465866292327095754e-04
-4.716015993386517193e-05
-8.304110177758267921e-04
-1.311797398304581337e-03
-1.391780019073606206e-03
-1.660604024789825777e-03
-2.478830556703491908e-03
-3.266125509133711250e-03
-4.099444157676536589e-03
-3.931114517246348493e-03
-3.712838269915027817e-03
-3.587066169656392533e-03
-3.624542177644170336e-03
-3.025254345942180508e-03
-1.890698639060572591e-03
-1.803975882596165620e-03
-1.727359299062633741e-03
-1.705063024227065167e-03
-6.386998515266259632e-04
-1.310635313839487700e-03
-1.331983362864850272e-03
-1.263860068341383881e-03
-1.295903612254129932e-03
-1.188556587350423190e-03
-2.099361276727495194e-03
-1.185357325913993657e-03
-8.240161614768486088e-04
-1.561618030200877466e-03
-1.608433026479741401e-03
-1.764754984055077981e-03
-6.590232127023312562e-03
-6.907280811384680815e-03
-7.016840934724301315e-03
-7.177040696865435998e-03
-6.948598097853665549e-03
-6.710056427094475938e-03
-1.036473774862349843e-03
-3.243457840635469700e-04
8.322275099818740585e-04
2.481539498631602208e-03
2.637962547441894106e-03
2.351699896521231882e-03
2.468897740337314736e-03
2.524974693753914701e-03
1.528519540491058044e-03
7.240749860078018888e-04
1.341461404823873381e-03
1.963757813971201641e-03
1.897871974340085153e-03
1.604073380797708601e-03
2.436667775102508652e-03
2.374154093478111384e-03
1.537985196468526520e-03
1.420854672293983762e-03
1.480385265926767229e-03
1.493816247651052684e-03
-3.006732055044665858e-05
1.129714057371899121e-04
-5.692767715734855117e-06
-2.061671663379307812e-04
-2.679673061174933646e-04
-5.840916627094205589e-04
-4.155164342152003597e-04
-7.958834254859057820e-04
-1.247729502026382860e-03
-1.543627818245746006e-03
-3.108867105721400351e-03
-3.518871446902370817e-03
-3.826661358686117564e-03
-4.121014477752067175e-03
-3.883462465616850049e-03
-3.820276836159629003e-03
-2.664066267062681955e-03
-1.953193510363150382e-03
-9.990042401005095208e-04
-2.807712275166863980e-04
-1.240401714754773568e-04
-1.787961329804507076e-04
6.958866991753425932e-05
-9.258509382627124048e-04
