1.603489953965546659e-09
3.917903676178005507e-09
2.713291436427978842e-06
7.259429983413274502e-06
1.140493098426976688e-06
2.403658494074685391e-06
8.183902784339413456e-08
1.886190174355227804e-06
2.667178045144388982e-06
3.546131139859293120e-06
1.167568907079610745e-06
1.464804963544236765e-07
2.389162730050621909e-07
1.126936405611032721e-07
4.423284428838563057e-07
2.289451083307232364e-06
7.033595772829006603e-07
1.747765366740021728e-06
1.828996361809764359e-06
7.627313253090164029e-07
2.780640887506911405e-06
2.347534002082547453e-06
4.165724856756645368e-06
9.952621537585136180e-08
5.265745093151713587e-08
2.990067485713502897e-09
1.919539908360552411e-09
1.011934687789361059e-07
1.955619191987947269e-08
8.646094309891393022e-07
2.235921836008322168e-07
3.821827186799527449e-08
5.558158164667772584e-09
1.497513097505273151e-17
-5.975622528095266818e-12
-6.796497157478690655e-05
-7.454181090295325176e-06
-4.410370274092161109e-06
-2.343732978016300712e-07
-1.552849967482622510e-07
-1.249591770357061944e-06
-6.813184468769535608e-06
-3.059966139093465379e-03
-6.267358449792465210e-03
-1.224150687435003430e-02
-2.436811895033336867e-02
-3.409387222728231526e-02
-2.893653623736971991e-02
-1.328594492058449497e-02
-7.751776971420874449e-03
-3.809295328387025882e-05
-2.979287844960273413e-05
-4.754603100185920338e-06
-6.008687534832644030e-06
-5.211813930676444895e-06
-2.601709572119017535e-05
-5.331273222040929216e-06
-3.009137521133480711e-06
-5.480475913696635109e-06
-9.988672296888730743e-06
-2.109769380845574356e-06
-3.362508331815589217e-06
-1.098852473398155507e-06
-2.523651160380792074e-06
-6.277934907351143180e-07
-8.503419523840133615e-07
-5.879594773776614008e-06
-4.543793826296365672e-06
-6.747232491413882511e-07
-3.937511768114351473e-06
-1.509356983878706372e-04
-7.160704187362989139e-07
-1.694640542996297881e-06
-3.145080301296899847e-07
-2.657565555979549838e-06
-4.749069811180329983e-07
-3.140577437727291125e-07
-1.777173099915455041e-06
-2.650060227619065124e-06
-2.049514618438524954e-06
-6.448104891480677006e-07
-1.171643097076970611e-06
-3.181035458516859289e-06
-2.574985887800258478e-07
-1.533648517183207316e-08
-1.979709452360302889e-07
-3.930318544525139931e-08
-3.437790062376851934e-07
-1.302806470011469048e-06
-2.888054907749224930e-08
-5.724071772877349797e-08
-2.412818643275233142e-08
-1.040945854094114528e-07
-3.445055375581921340e-08
-1.908636181431359205e-09
-1.275138863135340360e-08
-1.146552795936087590e-06
-2.231286384686895574e-08
-2.795103507576966423e-09
-3.307673229126495960e-10
-4.059503947275014059e-10
-2.833414915672295298e-09
-1.118117057317882782e-10
-1.263064877387043479e-13
8.670960273993974307e-15
1.193851834706203113e-11
3.570030894456759764e-09
1.829762866415009207e-07
1.012296943348061992e-07
3.397547888208567617e-06
4.912578514124145354e-06
7.792095841733579615e-05
7.351074289544433978e-04
8.670345224754282334e-03
3.737014421668778327e-03
1.208628701185556625e-02
2.578421617595755277e-02
1.337020629920587615e-02
5.888028035799343970e-04
4.775733543383636396e-05
6.366446691881278287e-06
2.404729713937306824e-04
9.574563759137303494e-05
8.062493865727369611e-06
9.755858850610246231e-06
3.883946607205183112e-06
1.156621630280899816e-06
5.668014175856449466e-06
5.552415877957621017e-06
6.339286163619837866e-07
6.631126413401363087e-06
1.982040943234401599e-05
1.616936435236493246e-04
2.667486538499031024e-05
3.754718017322575653e-05
1.345117553150412217e-05
2.481577204961478347e-03
1.819735119937725826e-03
4.141105941597408076e-05
1.198559828750146669e-05
1.688813467467626552e-05
3.714703880274116673e-06
8.130576378761020345e-06
6.283993457942324555e-07
9.165453015326706309e-08
4.352274410110130116e-07
3.585256173051117113e-06
3.197375185896613503e-08
1.336827479251939469e-07
1.921223745980400270e-07
2.557186950997828176e-09
5.731684085560825251e-09
7.946270259347016617e-09
2.739327032513544561e-08
5.963583225247462340e-04
6.994383591091429559e-04
1.016778033750445967e-02
1.334152515932007094e-03
1.588356220921287255e-04
7.357680918099041142e-04
5.957248199067607989e-06
2.406634307539522722e-06
4.636447381112792619e-06
7.338715914618801515e-08
1.725436384486882118e-08
5.022779142956792952e-08
2.503462270594983869e-07
8.006160666788702804e-07
1.085328527996112806e-07
7.216957909410804406e-06
3.567025617676954576e-08
1.072344631179973057e-07
1.012138978029542982e-07
1.074452462542344105e-08
4.732756136994614060e-09
1.031644100442612052e-08
1.343391657248900269e-09
4.687988556616381160e-09
1.188035859808854409e-08
8.077827607415567559e-08
9.790566089028239887e-11
9.401732644410207459e-10
1.148722883917262422e-09
7.096353243957714466e-10
6.113065041497411247e-09
3.174632413453875866e-08
4.724951618146938498e-09
1.513247063208563963e-10
9.011606158380719890e-11
1.121707304261667204e-09
1.031684919409849124e-09
1.341673170205538074e-12
4.161685836709840729e-09
1.306648237046653830e-09
1.123838762113892705e-08
1.985447388540156665e-09
2.661200702793411023e-08
1.445099089588275043e-07
2.725992910470460245e-07
4.091810605143932181e-08
3.909026702571184100e-09
5.019539758717096413e-10
8.411124116819277292e-11
4.831465131738485040e-15
1.742326247632695416e-16
5.135041738601534058e-17
5.711084772729745643e-11
2.760307543649478010e-09
7.138635923217702487e-09
3.354407744815492882e-08
7.914122320153007113e-08
5.403397482059216625e-09
2.041256643462777358e-09
3.284546746135030427e-09
4.266360721060848342e-08
1.699020425532522503e-08
1.138015045208962943e-08
8.427000866046224307e-08
1.672948282213850359e-09
6.401764718696029962e-09
1.005886730137590524e-10
5.790953417242815685e-11
-1.101306938168918002e-28
-1.299800021865703293e-13
-9.440284103099100883e-10
-5.580530655407343111e-09
-2.083439533024594422e-07
-8.765632045756322465e-08
-8.492969766330347356e-08
-3.475081461860854797e-07
-5.429389354334020806e-08
-7.621391459989126146e-07
-5.414089239482464886e-07
-1.536497350491658100e-06
-1.559891543570086881e-04
-9.287165661134014942e-04
-5.531552601221007785e-04
-4.968574279460271156e-05
-3.023271788814279103e-06
