7.783729427391925318e-03
7.549371396335716015e-03
7.091592647747495259e-03
6.784262851723042893e-03
6.873750389202057387e-03
7.316286829196405085e-03
7.678343818789421481e-03
7.902588341472553679e-03
7.819066526808872084e-03
7.727938319066113108e-03
7.477118259230911522e-03
7.151679724005057491e-03
6.791895999840972219e-03
6.431360581061759153e-03
6.179426683363765764e-03
5.937639044283442996e-03
5.600673455402585023e-03
5.043868838844623066e-03
4.453395228686585043e-03
3.919335086203912417e-03
3.653155478436403286e-03
3.393871536277254502e-03
3.375141030713073916e-03
3.495585471932573587e-03
3.571224122390014369e-03
3.581678305856221892e-03
3.567859363368611290e-03
3.570340470510370220e-03
3.574133772467985148e-03
3.576717833910035300e-03
3.536446656246304641e-03
3.442722562601865325e-03
3.331239786531475528e-03
3.193391465078155092e-03
3.019754021600910224e-03
2.747959815442346798e-03
2.555990874090562689e-03
2.472794698593557949e-03
2.409356652605055150e-03
2.417730226060695650e-03
2.463670074003943434e-03
2.502937495503764105e-03
2.594233737134725264e-03
2.799420544711392258e-03
3.001573315897033360e-03
3.289574816858545619e-03
3.674794657236292190e-03
4.330960942977809570e-03
5.093277319632559356e-03
6.004335863327780326e-03
6.964250738607451197e-03
7.846732997564383888e-03
8.570097939048792329e-03
9.116367101310420343e-03
9.555030249152192748e-03
9.791320258551242106e-03
9.904142908592459410e-03
9.967017508470218945e-03
9.861363234658521507e-03
9.461328916728206986e-03
8.883566094260645155e-03
8.118061886302433555e-03
7.312747736067091477e-03
6.481915490692962377e-03
5.701389340430007384e-03
5.122830406335464500e-03
4.688337025184629442e-03
4.447436803120825843e-03
4.251847667825152388e-03
3.979149144164585185e-03
3.686313609767117097e-03
3.435283323016475026e-03
3.240198310706574741e-03
3.125218020427799562e-03
2.994674218926381918e-03
2.846675041498036244e-03
2.769385137732607513e-03
2.772854847960579735e-03
2.805168146869618708e-03
2.697211882826490003e-03
2.548732604473359122e-03
2.415498979736265504e-03
2.319732697800669808e-03
2.327923248690820946e-03
2.320318241836168312e-03
2.247858864100544304e-03
2.153014922886037092e-03
2.077644518467953484e-03
1.978384344908006801e-03
1.786315916284726387e-03
1.508868945990513586e-03
1.291229412761087970e-03
1.143952631393747562e-03
1.069536216581216123e-03
1.021149523318788752e-03
9.118588742091952512e-04
7.951494493771221967e-04
7.120667073795638015e-04
6.378866189963747170e-04
6.055087712195078966e-04
5.812545348020946604e-04
5.828131860607833762e-04
6.099878610944937636e-04
6.498488401242784838e-04
6.805226224964487300e-04
7.230641283548776580e-04
7.613631212161931514e-04
8.095778630519675839e-04
8.600405707036660324e-04
9.659513932191587807e-04
1.130984442180147992e-03
1.352925743208337368e-03
1.587852587040716225e-03
1.777529323820239418e-03
1.943416954464035696e-03
2.134563541669018578e-03
2.379048736262854430e-03
2.547935141538379411e-03
2.635585898025086336e-03
2.674968978176917294e-03
2.683752797289380970e-03
2.613995181792577120e-03
2.528880310435043400e-03
2.370386742305286617e-03
2.213077603546094538e-03
2.112832408969805755e-03
2.053226010700339929e-03
1.988974378140451367e-03
1.847456528898435389e-03
1.799419703901921795e-03
1.833457615792435415e-03
1.899716680887564941e-03
2.008762043027062256e-03
2.122355583381483994e-03
2.259317110081621605e-03
2.372972535891108934e-03
2.489090297844995421e-03
2.580415034307907175e-03
2.604964673306451369e-03
2.615210214687735662e-03
2.622638044750361889e-03
2.601880869508202410e-03
2.574608571284562556e-03
2.550389917338066748e-03
2.536822195826250823e-03
2.576346771626787397e-03
2.566613810154380355e-03
2.574760286302208660e-03
2.559738071046752453e-03
2.511772373193519713e-03
2.428867446420489903e-03
2.288080375130379946e-03
2.168849440633319799e-03
2.023671784970358569e-03
1.881053331967699792e-03
1.771460816321989698e-03
1.658266108882987082e-03
1.482587239296157379e-03
1.290152419334230456e-03
1.093028944484238010e-03
8.821159486875548850e-04
7.069220250294615954e-04
6.107194276064718428e-04
5.566404801489783670e-04
5.019329046327126705e-04
4.578404868598244764e-04
4.038657669135604857e-04
3.335185345043917434e-04
2.543516364713736431e-04
1.894202203070207129e-04
1.340128428725208601e-04
9.173368195715171658e-05
6.412007506552911274e-05
4.427751446098093991e-05
2.458263949036691668e-05
5.832783221063558275e-06
-3.163861070295460682e-06
-5.569767259943927105e-06
-6.117102722159394425e-06
-6.121653011858566245e-06
-5.966135085926578279e-06
-5.963568892184670316e-06
-5.774794184943242589e-06
-3.929279917577650748e-06
4.737054820663385131e-06
1.859354122492747776e-05
2.597492864301154415e-05
2.862264859606705354e-05
3.234010522587088917e-05
3.453719396647161248e-05
3.736657762740997504e-05
4.670955607605770105e-05
6.329339158897206931e-05
7.854947623446612460e-05
9.962753747662643792e-05
1.081677121629486584e-04
1.102547329942743184e-04
1.117519678191794611e-04
1.240281136609112077e-04
1.410536287244757543e-04
1.615087878513772493e-04
1.906939764142342954e-04
2.175484123167656348e-04
2.276285769740763821e-04
2.297146176562090867e-04
2.316844329633285869e-04
2.336512020477489774e-04
2.658546141157243034e-04
2.971577431834997000e-04
3.344568650928093564e-04
3.751014725265680301e-04
4.211449992251143585e-04
4.570943196931102123e-04
4.781647422635599133e-04
4.951105551474706311e-04
5.197742277270121346e-04
5.369122243686763737e-04
5.496830615888714019e-04
5.551690928219100941e-04
5.472784528013999996e-04
5.373719644399813566e-04
5.245783296675786541e-04
4.895954820369180895e-04
4.446957337990329814e-04
4.037745792628763541e-04
3.701864899692962514e-04
3.495350388497166770e-04
3.490839453878611808e-04
3.522864577577358995e-04
3.714129676444997388e-04
3.919767513762513543e-04
4.097468966982787297e-04
4.633494052726498560e-04
5.315520617920707234e-04
6.107211799819964792e-04
6.862748186834034684e-04
7.733318831102496812e-04
8.380642710336965893e-04
8.994123941732954991e-04
