5.680246251517628029e-04
4.642214899253436339e-04
4.926576381822552744e-04
7.361525957459005365e-04
1.020544968651404061e-03
9.007771987935475535e-04
6.573309516031864645e-04
9.947021489041987363e-04
9.484705397273749663e-04
1.014977543397700124e-03
5.174030347496747558e-04
6.992776226058222515e-04
8.348508166228783053e-04
1.000429890332888306e-03
1.081582106281722558e-03
6.877150581113627113e-04
5.317183124147203217e-04
5.595315693524027280e-04
6.256296751897046527e-04
1.050608435677721081e-03
1.675539326538540109e-03
1.673736229403145238e-03
1.750327101942740797e-03
2.077997688197313203e-03
1.866624027077116261e-03
1.742209506502643201e-03
1.550049362172707798e-03
1.453761381611741801e-03
1.436052425872128089e-03
1.114106979811240730e-03
1.101928759342292452e-03
1.128432286655373660e-03
1.751833408349975311e-03
1.591130610706161267e-03
1.771942437561708312e-03
1.892244682985398229e-03
2.022554437175401107e-03
1.697782705175765114e-03
1.136860782487060994e-03
1.243041997698016935e-03
1.206278826938357064e-03
8.739623995406244810e-04
8.793943609436983546e-04
7.334651587715036334e-04
8.708498731790132895e-04
5.559212665192785627e-04
5.395475765347807753e-04
8.300733437096493575e-04
5.386063226448788719e-04
4.030620707311489493e-04
5.684195048510133370e-04
4.397795695047412769e-04
2.828157951028786193e-04
2.855350198234400997e-04
5.329698412397283758e-05
-2.604399364073194741e-04
-6.274983609147060954e-04
-4.357617783348738242e-04
-6.925498866066847562e-04
-9.006700212948472953e-04
-1.488186532331190913e-03
-1.367684423676605388e-03
-1.383963956101230729e-03
-1.926305121419854757e-03
-1.520722053239519089e-03
-8.479833028045185087e-04
-5.037273127516417879e-04
-2.749166570187639336e-04
7.125678994440005042e-05
1.922067306541878375e-04
9.342325916289129163e-05
4.840476396237653389e-04
4.770351291627821704e-05
4.340318949535412665e-04
4.525399551875730923e-04
4.413578162078902523e-04
5.033431541808223606e-04
3.735188523931248718e-04
4.112763258879676776e-04
3.395873896278933440e-04
5.719500393849006117e-05
-7.382321995226682327e-05
-4.360030121135420822e-05
-7.227993975196727401e-05
1.598823359197889656e-05
-2.759389888569516039e-04
-1.964989496880635697e-04
-2.461503802085715422e-04
-4.618709469385537413e-04
-2.419817707204881079e-04
-4.447997672638844880e-04
-8.266904340668127004e-04
-5.311243167022079758e-04
-4.641717652224380797e-04
-6.649984564836585767e-04
-9.306660358251974329e-04
-9.165795588843939990e-04
-7.297037632450340721e-04
-5.781212657480744961e-04
-2.682450071647286805e-04
-3.421314369787703557e-04
-4.603381362719733837e-04
-3.963714587530361186e-04
-4.103803054512294253e-04
-4.057547080072304037e-04
-2.662466968993166682e-04
2.852468108034467085e-07
1.768554847422861465e-04
1.162135719932658287e-04
4.052684761024409154e-04
5.526728036343556052e-04
1.004188331599538886e-03
1.729002910908755642e-03
1.133839475683490411e-03
1.063549206521879464e-03
1.266037991670833363e-03
1.944677934234088868e-03
1.502804466683616176e-03
1.035218446037625096e-03
1.009077739866537328e-03
4.877103637741310210e-04
3.665276821960721573e-04
5.458790935570677827e-04
7.815100497013313923e-04
1.074907726670839116e-03
3.980200379405453054e-04
3.826626603551582808e-04
5.488907040561968181e-04
4.943526474294468454e-04
7.823600946047949830e-04
5.869904240387213614e-04
6.949085635741562503e-04
4.354300156039174604e-04
3.932649202146105060e-04
3.922193728021557569e-04
2.363277145913600320e-04
3.005036028597621984e-04
5.387407176950326443e-04
5.382465072487955214e-04
3.689582284381211891e-04
2.467797745075563727e-05
1.375852498369029746e-04
4.270448617578629172e-05
-3.513575993646461481e-05
1.380856952286834912e-04
2.799494724550572670e-04
1.295137708075470677e-04
1.175751026690917053e-04
1.315202017481602662e-04
8.410569170639075524e-05
3.138427110721688060e-04
1.637480474281703506e-04
1.820519039393488718e-05
-5.478372606991810231e-06
-2.880881853196605338e-04
1.515435445143345505e-04
3.081786348291973916e-04
3.700447263840062040e-04
1.363424722844800688e-04
-2.176182765710004926e-04
-2.740849734272440981e-04
-1.649448153478630494e-04
1.148003077930158623e-05
2.103142034183685407e-04
-5.854416571469077662e-05
-3.405720409495530793e-04
-3.284384665432161848e-04
-9.378423336107139614e-04
-6.920319026513153081e-04
-7.312705446090794151e-04
-6.180425262701270484e-04
-5.056048544437355928e-04
-4.537130668157471737e-04
-4.807802906422368821e-04
-6.292568915824242300e-04
-6.963023805727285931e-04
-7.690143564516411460e-04
-1.233352458738287433e-03
-1.257018844452338288e-03
-1.057911013875979930e-03
-1.257834962213970386e-03
-1.713903978192722046e-03
-1.775197817982593395e-03
-1.922132913820796384e-03
-1.293484413218508149e-03
-8.191030437333010053e-04
-9.870972229569533948e-04
-7.389166401018684802e-04
-5.373851134877201223e-04
-1.316400740457277538e-04
-1.051468638002382732e-04
2.737290936823391294e-04
6.184413289630871953e-04
6.497724074409353323e-04
1.221397422577687349e-04
3.447676375324472994e-04
2.699294436907708340e-04
4.430055755666577344e-05
-1.184350687689043218e-04
-3.401169508519513284e-04
-2.417747129602219403e-04
-1.704759927791342207e-04
-5.196161664119062617e-04
-5.251138848150357051e-04
-6.740088668914102476e-04
-1.420138191092515769e-03
-1.828981879152955219e-03
-2.689617494825998802e-03
-2.899835739851900577e-03
-2.478473327602550690e-03
-1.867404851415615553e-03
-1.370529601859711479e-03
-1.254887409868215859e-03
-2.208189338470244178e-03
-2.346085071319979360e-03
-1.903335940911401233e-03
-8.493895690206937181e-04
-5.461003335178411583e-04
-2.162109078662775895e-04
1.735166632994063641e-04
-7.610013654607748431e-05
1.318564028203428432e-06
-1.502396028744671275e-04
-2.357594081947451530e-05
-2.598205192326974357e-06
-2.729199321512325454e-05
-5.719410372616173533e-05
6.167252577000083475e-05
4.302858848498710862e-04
7.130116866135347399e-04
1.102852083056748847e-03
9.748666150554594848e-04
1.195175013515835947e-03
2.099660057565577460e-03
1.965067354609043981e-03
1.863484322845212907e-03
