3.880589528607563364e-03
3.890598373057212612e-03
4.615359812531359338e-03
4.004797861454755664e-03
4.587087473767870530e-03
5.449560797989054170e-03
6.214008630347425330e-03
7.562298044977613931e-03
8.157259796773695670e-03
8.533730475547592412e-03
8.898338369082429977e-03
1.128242403247284829e-02
1.283293612284579395e-02
1.435081464946250801e-02
1.495977900396623303e-02
1.464429048888777479e-02
1.537873479407243435e-02
1.643390704102431002e-02
1.629948747306024515e-02
1.623078312044869131e-02
1.712677539722714387e-02
1.584586280400076749e-02
1.475429155503775978e-02
1.503285962478716903e-02
1.356839696977150955e-02
1.214459275379298903e-02
9.993968642753595782e-03
9.918268237402619314e-03
9.130535224211078910e-03
7.747814931624175810e-03
7.432099072921839744e-03
7.116103964250411647e-03
6.341357039884983060e-03
6.180498113458669091e-03
5.356089608124746382e-03
4.811132379234896173e-03
4.187399503969829913e-03
3.306032513725214693e-03
3.272107699588248236e-03
4.066673812701145779e-03
4.048215174018801946e-03
3.395285121211369123e-03
3.036838184385288325e-03
2.891770233479681873e-03
2.681303292914779569e-03
3.311683242198328395e-03
4.124450010341333683e-03
4.171285382332781157e-03
4.276294491274671913e-03
4.156173411315343749e-03
4.050275140517003297e-03
3.429337946556058545e-03
2.936427143651813669e-03
2.985036307642408883e-03
3.111092397996526124e-03
2.536552000843467734e-03
1.327329896622212162e-03
5.049522431613395063e-04
2.107653459423049921e-08
-6.491647881576958264e-04
-1.355565602795529402e-03
-2.297107158188431593e-03
-2.591331278711720906e-03
-2.858858206744178780e-03
-3.015537190312342700e-03
-2.839255221445121519e-03
-2.108464530537931293e-03
-1.698155744252472822e-03
-1.436204910901166081e-03
-1.428677299936851773e-03
-1.630355407640222791e-03
-1.764038556706021450e-03
-1.458913088957005440e-03
-1.199405329931504168e-03
-1.305987168325420432e-03
-1.541802539645397482e-03
-1.790790496242760429e-03
-1.669754352927725963e-03
-1.661847410169678754e-03
-1.773628452714281611e-03
-2.423547384066358432e-03
-2.795642935323808947e-03
-2.845919678476040680e-03
-2.284841657542491938e-03
-1.680673196217230330e-03
-1.797601470639759386e-03
-1.810723790509433714e-03
-1.769366198565225975e-03
-2.034242964693431382e-03
-2.324601708506087924e-03
-2.552908364700341541e-03
-3.165025177166736273e-03
-3.026888905620147598e-03
-2.835550679212320117e-03
-2.076777865348228540e-03
-1.416994514402281167e-03
-1.267727622950678415e-03
-8.998197942684891398e-04
-4.842258092406556257e-04
-1.046343852950092914e-04
-1.042990010731122737e-05
3.700453787695802741e-05
1.022826759203722521e-04
3.870058917460275508e-04
7.245106927460984820e-04
9.478236315468356425e-04
1.227463723417483287e-03
1.252556266209405370e-03
1.033153422167786169e-03
1.263507083762678302e-03
1.205926548192444523e-03
1.316454251193830815e-03
1.268528528642614813e-03
1.473838180401176087e-03
1.208638691047727014e-03
1.248692339930005182e-03
1.188201632451834668e-03
7.874293543039326271e-04
9.023893918355487855e-04
8.195910716211272625e-04
6.453551450182975179e-04
6.221260806263380436e-04
7.773520708664006726e-04
8.932139010863926910e-04
1.182710726649399734e-03
1.056693345681649580e-03
1.231730689115026652e-03
1.393894364500490026e-03
1.182266959459669876e-03
1.335178170739387488e-03
1.295779412627010626e-03
1.073896877814891487e-03
1.133775538721137205e-03
1.415578454509313234e-03
1.799321273034423189e-03
1.731832944187468651e-03
1.999246073889258089e-03
1.822472265992706921e-03
1.644791306906495491e-03
1.834462661870636235e-03
2.126179959635355297e-03
2.365134407563002084e-03
1.851598594852494825e-03
1.770156234101509388e-03
1.739407079059348150e-03
1.921252637311454941e-03
1.650904019614029931e-03
1.606614178630041230e-03
1.317694904760571047e-03
1.149871565957509816e-03
7.591404843176195912e-04
4.592156663829615208e-04
2.500779191262676336e-04
1.304809098240735678e-04
4.866937825040695267e-05
1.349671124852844305e-04
2.331589577678765297e-04
1.748381932745060141e-04
2.088018545848085127e-04
7.802914944302300078e-05
1.160952754428516925e-04
1.983276445932762033e-04
1.552789624810554535e-04
1.106596857914530162e-04
5.341934277959707665e-05
-4.353880278105896717e-08
-5.474227602277137661e-05
-3.439865687059704552e-04
-6.590614944557017085e-04
-1.013081863180667012e-03
-1.177074119314586165e-03
-1.707240588054186568e-03
-1.711832142042271545e-03
-2.223414016769659392e-03
-2.306997233153968655e-03
-1.666337416289341913e-03
-1.387727936238584113e-03
-1.383157602532108284e-03
-1.202509607907584557e-03
-1.338316181387005227e-03
-1.365024362919287342e-03
-1.238242773688676569e-03
-9.125252529313294947e-04
-7.373200306966577484e-04
-5.405459184618475067e-04
-4.913382105671623571e-04
-6.223594192042909180e-04
-7.418236075618520270e-04
-9.726253055591905453e-04
-1.346710125842120022e-03
-1.667602681904003983e-03
-1.411534621335868269e-03
-9.630410576388711988e-04
-8.717385963679746917e-04
-8.671882154147508891e-04
-7.954668734286695492e-04
-6.674091904459672573e-04
-2.887557012900229835e-04
-1.427330915682313811e-04
-1.320899477049135707e-04
-1.118545288816726724e-04
-3.682315864960653012e-05
-6.548237335390357352e-05
-2.462878334993142543e-04
-4.866675065404225432e-04
-8.709378081805768364e-04
-7.488663960773986848e-04
-8.643296142646376880e-04
-8.365071770027180439e-04
-7.922955662763116929e-04
-6.501613980349806379e-04
-6.205693502647653941e-04
-7.826340869682979484e-04
-8.525930444168625631e-04
-6.722433860253472070e-04
-7.328761279910031394e-04
-6.784502050270356435e-04
-6.740770286820119833e-04
-7.773456529758264368e-04
-7.329996458051110143e-04
-1.059817614795674013e-03
-1.195925858363128431e-03
-1.369743472891306714e-03
-1.070356165599748713e-03
-6.383920419241243243e-04
-4.022265429875262468e-04
-3.714417823919591863e-04
-6.322892974973872565e-04
-6.696673346394942669e-04
-7.579237938855928718e-04
-7.833363651937302191e-04
-6.877855329858425289e-04
-6.079371474851716622e-04
-4.747140925613682876e-04
-4.400837169431851253e-04
-3.580091204628525368e-04
-4.488859447268939325e-04
-6.744707870177263104e-04
-7.046079529161339110e-04
