beta2
1.012694961640953246e-02
1.017280405361698642e-02
1.028991262636616208e-02
1.050328668720456812e-02
1.059022313854041109e-02
1.066294565115116083e-02
1.081145017472394734e-02
1.093339821263709585e-02
1.110851513232584062e-02
1.133618705649068990e-02
1.155346297078706924e-02
1.168729694679787948e-02
1.163694537398277280e-02
1.157876484293978922e-02
1.150073267013894396e-02
1.129074053308120815e-02
1.111444135276381216e-02
1.089661804351571561e-02
1.084096485151204298e-02
1.070231646590431331e-02
1.063544047536294987e-02
1.071693410145851261e-02
1.069381229050320875e-02
1.072739429025501914e-02
1.074230888023196967e-02
1.074766937444331973e-02
1.073265689095922668e-02
1.074075068491631320e-02
1.077143273861569731e-02
1.075739938921334987e-02
1.078718664876031526e-02
1.089186445095809141e-02
1.087451501254580594e-02
1.076139685576756391e-02
1.082082258970969851e-02
1.076783760978874613e-02
1.073348262323871490e-02
1.077702970420489278e-02
1.073097720775543530e-02
1.068571479850631382e-02
1.066564420510954583e-02
1.052082123912653419e-02
1.028390191159647693e-02
1.003912652881279628e-02
9.807238185149794174e-03
9.677565752464117876e-03
9.618602622915879002e-03
9.539148200570165409e-03
9.614016907375844134e-03
9.648020152838042776e-03
9.687691430088060662e-03
9.808760227754701952e-03
9.868749921562034594e-03
9.970227231716510471e-03
1.009508405407113368e-02
1.020605965351392350e-02
1.041474317309805733e-02
1.056773335404493676e-02
1.069221898188299838e-02
1.074223989803614956e-02
1.079860721913490640e-02
1.086084187278787277e-02
1.090977846213015204e-02
1.088741837017479300e-02
1.085576706558462855e-02
1.074751004981661789e-02
1.061284395769468945e-02
1.047506202313438356e-02
1.044731104548576525e-02
1.040651768584446163e-02
1.046205779566484161e-02
1.053242943423930364e-02
1.051882594707505975e-02
1.049744855733312013e-02
1.036214964307011904e-02
1.030998978392192594e-02
1.025662296788612537e-02
1.007494068602585689e-02
9.753693629095788395e-03
9.457153767429544652e-03
9.452736388584256563e-03
9.592239893655495758e-03
9.781542617285393648e-03
9.700003601746345905e-03
9.686304205621887320e-03
9.664075854098839666e-03
9.664403682526299597e-03
9.801147150549797959e-03
9.861059564847625414e-03
9.956455014590978939e-03
1.009974415751725522e-02
1.025174173789443997e-02
1.033504389642684630e-02
1.022703247146808034e-02
1.011284683416046465e-02
1.007147254728745292e-02
1.007604864400531153e-02
1.010856520833730218e-02
1.021504083479567865e-02
1.029216458596841216e-02
1.033605970199840719e-02
1.036555485391546169e-02
1.026528086568629164e-02
1.019491744459948002e-02
1.011406924003179809e-02
1.007983482627761163e-02
9.984993239369433296e-03
9.949770339152319218e-03
9.802241954552180087e-03
9.657325773850941250e-03
9.560878441669824063e-03
9.598696024183679676e-03
9.645212203922705341e-03
9.653899241069147791e-03
9.691425973504086411e-03
9.740043890712399982e-03
9.767551179427019434e-03
9.702172095270744645e-03
9.783514545152239422e-03
9.855872067967109268e-03
9.979059926577878853e-03
1.004428424779238785e-02
1.006361705619427879e-02
1.012992183914332781e-02
1.012388318826452915e-02
1.015338938472543605e-02
1.021028444205297064e-02
1.017582107322455125e-02
1.014794319245681739e-02
1.021329181516463826e-02
1.033552495599260150e-02
1.042192155337027734e-02
1.047180334039995650e-02
1.049553162945104749e-02
1.051389811464006549e-02
1.060007326681642117e-02
1.054035522938573041e-02
1.054620137182498904e-02
1.059847888322262496e-02
1.058758074179586353e-02
1.060826154734363300e-02
1.058916743765767748e-02
1.056191029339212037e-02
1.055320290334824974e-02
1.062815186195019239e-02
1.069759770990935666e-02
1.075820176422984630e-02
1.080728017817182696e-02
1.077494765116874739e-02
1.074285294456550632e-02
1.070063600365251180e-02
1.069012858335868267e-02
1.065492475593566961e-02
1.081416148431701627e-02
1.068844625849295002e-02
1.058280683175142137e-02
1.051968417280929255e-02
1.050529032332543980e-02
1.071115432055605096e-02
1.092396059349816373e-02
1.102829440459264336e-02
1.113405642602477777e-02
1.117670205110061869e-02
1.129542512841035136e-02
1.123276074643177885e-02
1.117631525591416576e-02
1.112075707601326707e-02
1.103829520677256440e-02
1.086746613585791443e-02
1.066369640072097232e-02
1.065661578240077040e-02
1.072717671110142920e-02
1.079907654342068812e-02
1.079155475731963937e-02
1.086245269540065533e-02
1.091052151176279128e-02
1.082756057460787513e-02
1.078953343820801894e-02
1.072151817973086840e-02
1.074262415383163416e-02
1.083023122666860322e-02
1.072985049456105615e-02
1.064103071212742224e-02
1.060863916335428800e-02
1.058386756939332270e-02
1.060464598907422118e-02
1.071779731295868614e-02
1.061114286191157559e-02
1.059320952819023387e-02
1.073039303324849897e-02
1.080937121934398212e-02
1.093552596646085208e-02
1.105487800398218846e-02
1.110622582758532401e-02
1.107636080275512316e-02
1.104998724695243836e-02
1.098085014277164900e-02
1.104478508166703045e-02
1.109302666399453879e-02
1.109212106437422116e-02
1.108494475607596681e-02
beta3
-9.385199421708931493e-07
-9.491748573388568127e-07
-1.246981363838827244e-06
-4.572559398509479787e-07
-8.257312921897323076e-07
-1.604444041286409190e-06
-1.180516523295523097e-06
-2.189917777848172624e-06
-5.890496459214446446e-06
-1.609875939722504217e-05
-4.199633946414442563e-05
-6.014028016694344757e-05
-6.952451022297902682e-05
-6.423199574421976010e-05
-9.769274841804669257e-05
-8.203078770205912327e-05
-4.807911087735451010e-05
-5.489954457736707818e-05
-1.104038826816994539e-04
-9.497716829513215238e-05
-8.845637922192035353e-05
-1.064152446357803731e-04
-6.668276915146461540e-05
-4.642345236182222819e-05
-4.778260283900386538e-05
-4.944256533406891094e-05
-5.115694376995355455e-05
-5.585800971521209378e-05
-4.450576557410124655e-05
-3.924313334237392991e-05
-3.292238777132785923e-05
-2.371122244029636345e-05
-1.521967470647657259e-05
-1.227825424103069749e-05
-7.631925481667857673e-06
-4.372348774411393473e-06
-2.432120573128510949e-06
-8.859381630219850686e-07
-5.954364434961371192e-09
6.217475072383332115e-15
7.719902306242883350e-10
9.347424240942426554e-09
3.952937273885004044e-08
1.239288479903317827e-07
3.069491049355009970e-07
2.092493662279722216e-07
2.746657407363732964e-07
6.617918352082933275e-07
8.909394077941068633e-07
1.034062826994529247e-07
1.433845621853943917e-08
6.510184788290834325e-09
4.647089401445820712e-11
3.259986513693708431e-09
4.020438015449008704e-09
4.546340153530077517e-09
7.814827488109411476e-09
4.130474793879750604e-09
2.947937304001739769e-09
1.808626381781496532e-12
-3.604615744416293565e-10
-1.341005520068495025e-08
-1.834132056683366614e-07
-6.680416204269020564e-07
-1.350109940912414208e-06
-5.266295502867698933e-07
-1.772715377117292960e-07
-6.110314941438548406e-08
-2.061001966384155836e-08
-3.432352743023098480e-09
-2.380828524962302363e-10
-3.338741267984527699e-16
7.229469440869402257e-12
6.356204605659811133e-09
2.663680395279133266e-08
1.283658739257723049e-08
1.852095912581929742e-08
1.480599906432868022e-07
2.370678396424274146e-07
2.110367707671976818e-07
7.400939791138732958e-08
1.946996549402859860e-08
8.757479792538242930e-09
1.919683135400616950e-09
4.501937519497734052e-10
5.957231275069120614e-11
1.770373357567033020e-14
8.414536043145360184e-16
-6.005218402060405950e-13
-8.351050421599045384e-13
-7.570714508213035642e-13
-7.876569841017740888e-33
1.557580632831298155e-15
2.472596987817234470e-18
-8.051832460866177721e-19
-1.557084192371570337e-11
-1.439591706789276224e-12
-2.140277465922916484e-13
-3.092482500776961293e-12
-5.136246446251979234e-13
-3.028546998354413693e-15
-4.192625466309060177e-13
-1.182184405527924070e-12
-4.468540690968289644e-11
-5.878451282442374543e-11
-6.451268391213200636e-11
-7.110012916073642174e-10
-3.357694413240648187e-09
-3.323800915802958946e-08
-1.222942948284408164e-07
-2.903996365479357762e-07
-1.637243021387580004e-07
-5.974184774420312834e-08
-5.944196813188017137e-08
-4.506716885368353540e-08
-2.939516334776025080e-08
-1.663328985532091013e-08
-1.811168033040977915e-08
-2.099719964370497783e-08
-1.338497314997722701e-08
-1.373071488230418714e-08
-5.449246018986741830e-09
-2.554327211078412392e-08
-1.095168225194578608e-07
-7.520620332491369424e-07
-1.481488453604684182e-06
-1.207676136172698303e-06
-2.099791591094632518e-06
-1.612323302235184456e-06
-1.344919215456104332e-06
-1.206861876721368434e-06
-5.783245093105257769e-07
-5.336569803621951849e-07
-4.071157898654314356e-07
-2.283358936655479554e-07
-1.125895017408300579e-07
-4.220340669573580426e-08
-1.769442750830226137e-08
-1.846651533705315704e-08
-7.039006239002933731e-09
-5.864450733148614709e-09
-5.232118552422658856e-09
-3.079458888472742367e-09
-5.047913486075399222e-09
-9.050068822557220666e-09
-1.110780433564930537e-08
-8.096525386674969578e-09
-2.025235990663391874e-09
-3.133497648801310303e-09
-1.878542742514987038e-08
-1.460371437247579133e-08
-8.408847194967281271e-09
-4.609124942301404633e-09
-2.311701339988847912e-09
-6.990014755359691759e-09
-1.764311820706446904e-08
-1.215352308095849026e-08
-2.807126148964023715e-08
-2.638561660059949323e-08
-1.469483633372266067e-08
-1.452505519586466150e-08
-1.465191487847673361e-09
-8.693466554465790863e-10
-7.787824082783874335e-14
-9.548122034178049805e-13
-4.091227481518408483e-12
-2.430313665707033600e-14
-6.915573559696237106e-15
-1.027037379393745701e-15
-3.235487106926318430e-15
-3.970989909544104994e-12
3.675598874745073973e-14
6.586465751686710081e-11
1.321593922350881703e-09
1.590600995484914052e-08
1.207614338293184584e-07
1.436470019433278542e-07
1.721977645110103270e-07
2.746756626876414194e-07
4.234062185636226017e-07
3.421793587769029186e-07
1.718655681423933123e-07
1.404056502876158285e-07
7.970803650622893621e-08
1.189762297139804193e-07
7.002341743699694508e-08
6.528689722590161360e-08
1.362083761836059175e-08
1.548036503510059290e-08
1.294255946773227891e-08
1.087146820342858644e-08
6.257114448924137760e-09
3.203561900103383344e-09
4.958789793665775883e-09
5.939830854244766249e-09
2.910898438253110793e-09
5.992115316795192963e-09
3.031679234051587986e-08
1.948115825223371442e-08
1.778559006185218835e-08
1.272679557869465615e-08
beta4
-8.221025025609971686e-04
-8.869810774963567818e-04
-9.187374519126455252e-04
-1.090230924553212393e-03
-1.241209477478862283e-03
-1.332184773168315541e-03
-1.541021943276367880e-03
-1.721684591601767593e-03
-2.068528881852139522e-03
-2.083891224024745845e-03
-2.137934174790283998e-03
-2.137840450599378349e-03
-1.987176953024181493e-03
-1.935290292230175489e-03
-1.803261286691199439e-03
-1.693287401532116068e-03
-1.582445298661675067e-03
-1.507024103417115837e-03
-1.425421840576800506e-03
-1.294462743318179490e-03
-1.178703444159906466e-03
-1.220294829528861206e-03
-1.317789125720381354e-03
-1.256597770712071342e-03
-1.173942106401896709e-03
-1.105945028847095174e-03
-1.071839059661862468e-03
-1.011458007998534145e-03
-1.035417199086291571e-03
-1.041172284806768378e-03
-1.012890591481884102e-03
-1.072571836762781922e-03
-1.031848188911064883e-03
-9.345729621153640995e-04
-9.904341250349707644e-04
-8.871435308497984317e-04
-8.744496370857075557e-04
-8.466086795539209432e-04
-7.844246117415515493e-04
-7.588903194790813395e-04
-7.696980510675656244e-04
-6.129881628210915364e-04
-4.467757662325161881e-04
-3.481628855887940340e-04
-2.245437244811289597e-04
-1.488548513219427587e-04
-1.644816311604153946e-04
-1.727830042901089063e-04
-1.836492304663167965e-04
-8.047252550922275103e-05
-8.391640278171486945e-06
-1.211831763813847666e-05
1.639494370366969238e-05
-5.388018672964463784e-06
-2.759763474967461558e-05
-5.054730580892122498e-05
-1.856098257093762439e-04
-2.330772949209351580e-04
-2.491326844060731010e-04
-4.078212153166665662e-04
-5.532267004586298789e-04
-7.206143185019389706e-04
-9.090316754817935781e-04
-1.045316632364858955e-03
-1.060347439889607491e-03
-1.199223350272576264e-03
-1.230744012600456030e-03
-1.261660825348047670e-03
-1.339030492224813594e-03
-1.374435014286142171e-03
-1.405568883971037696e-03
-1.497274618073286823e-03
-1.367289505603818626e-03
-1.267849261186356109e-03
-1.235721776309639357e-03
-1.261290521086480369e-03
-1.332799812636086207e-03
-1.341766919962827584e-03
-1.475719126406151074e-03
-1.506673528176616633e-03
-1.596374850697919456e-03
-1.873851915274507823e-03
-2.269232381301985145e-03
-2.322645265333981700e-03
-2.355350244258847502e-03
-2.359421759759125839e-03
-2.286605289343698021e-03
-2.248428287217425856e-03
-2.264804402380051623e-03
-2.218255832439170253e-03
-2.272010302735841258e-03
-2.375070795178485517e-03
-2.440403543196413474e-03
-2.617098277200092735e-03
-2.818575184850642418e-03
-3.025129754591619324e-03
-3.070421727855539122e-03
-2.978821703049326641e-03
-2.954100078923190334e-03
-2.941432413081047567e-03
-2.887866701002201383e-03
-2.918370347042890944e-03
-2.534304622229412336e-03
-2.357544770989534414e-03
-2.153405237265918447e-03
-2.008414600296491367e-03
-1.967588440806576286e-03
-1.940442442819199833e-03
-1.666128545442424093e-03
-1.442317439003315289e-03
-1.379738819893708193e-03
-1.259093511250405483e-03
-1.174949316039944000e-03
-1.144605176611431787e-03
-1.135727892318274396e-03
-1.121225354432795179e-03
-1.189052866087622531e-03
-1.268071716099836935e-03
-1.403963213432732685e-03
-1.545610245214144775e-03
-1.686566683355507617e-03
-1.848689225656097689e-03
-1.999832488023245078e-03
-1.918820973294404391e-03
-1.758181950132980693e-03
-1.578396252414275384e-03
-1.807626185921123660e-03
-1.904687067246927821e-03
-1.982918793040784698e-03
-1.977450285099611842e-03
-2.022794351245154557e-03
-2.297474186385970764e-03
-2.486675651185888021e-03
-2.689826486331249773e-03
-2.918500040201454666e-03
-3.183387797770845240e-03
-3.435459752569073981e-03
-3.649314397131613475e-03
-3.889733285289255146e-03
-3.810102107566147502e-03
-3.910906001609541945e-03
-3.759354498584720726e-03
-3.636938031708352673e-03
-3.601913772845129029e-03
-3.581713552257038101e-03
-3.607219020374626082e-03
-3.612686899328554704e-03
-3.636657045668497366e-03
-3.634534944532324778e-03
-3.618001398854151993e-03
-3.446144540219980672e-03
-3.239338019595053471e-03
-2.930612172513007326e-03
-2.599734719788927492e-03
-2.752022010743955874e-03
-3.000461210627303199e-03
-3.106275423225391286e-03
-3.106349115891158218e-03
-3.001105694593818665e-03
-2.868666187898272647e-03
-2.778546938671268979e-03
-2.908178822271110988e-03
-3.150577665699468531e-03
-3.124779097427328629e-03
-3.271298510111170059e-03
-3.274020654322922982e-03
-3.311772491386743948e-03
-3.385456808002716613e-03
-3.458644451411066380e-03
-3.647628232280287000e-03
-3.602879286089864276e-03
-3.388998295184972222e-03
-3.142133584749662832e-03
-3.078862308002154081e-03
-3.035376801124096101e-03
-3.044241184210551374e-03
-3.027935305137069953e-03
-3.065403777762750869e-03
-3.057956115468178117e-03
-2.903772473885634503e-03
-2.712053631185868622e-03
-2.704517723643956855e-03
-2.707518741983770336e-03
-2.831397182408975765e-03
-2.955463380927717508e-03
-3.034711718049822992e-03
-3.013892160521527280e-03
-3.186289842725624228e-03
-3.326035045681979656e-03
-3.547934725848302020e-03
-3.725558463759319917e-03
-3.726514523874923258e-03
-3.726037320009526008e-03
-3.774539785188178731e-03
-3.822841002044402407e-03
-3.810078708723750422e-03
-3.841115249295403745e-03
-3.842375777522590453e-03
-3.829591261291713771e-03
-3.933583099306808481e-03
-4.092039521578489172e-03
beta5
1.001222183249136314e-03
1.072485149253425783e-03
1.117436980140751844e-03
1.067169640360060741e-03
9.210909373727745129e-04
8.726545129393442624e-04
7.507670328521986666e-04
7.247528281844870836e-04
7.117103014128306222e-04
1.040426803194250370e-03
1.315135345136962458e-03
1.726057681958320569e-03
1.775474804523387989e-03
2.029686649557098377e-03
2.330668720416741602e-03
2.055495511424597181e-03
1.741017603371783178e-03
1.385936582226233527e-03
1.496008305181306718e-03
1.369102276194461261e-03
1.254048221786784696e-03
1.273721228463768097e-03
1.145344398733416039e-03
1.374270933697210179e-03
1.598027796821103585e-03
1.866943860014761260e-03
2.307868266325921631e-03
2.745495921530835288e-03
3.121378807674158196e-03
2.828244409651910641e-03
2.562625079209746633e-03
2.338241085874703633e-03
2.228323705291266298e-03
2.522062705624153120e-03
3.091183741289698847e-03
2.617011984896530467e-03
2.303737420406179633e-03
2.128211984057803638e-03
2.061365163131447052e-03
2.065470204906711630e-03
2.671875260331367779e-03
2.272377586767581475e-03
1.896914691081677973e-03
1.995472057250384859e-03
1.813628468166049185e-03
2.084960738074151994e-03
2.788815919211182041e-03
3.681550021584201887e-03
4.348804968860507832e-03
3.132193987489282315e-03
2.436053134631027337e-03
2.658684595410512261e-03
2.307244627041959550e-03
3.082104489274035790e-03
3.917891408901461904e-03
4.762207497269930166e-03
5.288367633653215383e-03
4.966895790492921806e-03
4.721330855564366893e-03
2.964286795713816456e-03
2.114956732847699059e-03
1.454965577059847293e-03
9.138229546954376205e-04
7.513287553076570223e-04
8.071115012372239318e-04
7.915521542518640487e-04
1.035383042092406346e-03
1.244481160574103899e-03
1.050524527998828415e-03
1.110055609301992957e-03
9.812086275687542485e-04
7.617600435116888245e-04
8.785584645339218407e-04
1.027002116602205705e-03
1.353887425726116268e-03
1.261475881168131917e-03
1.155742411500881731e-03
1.354101915313367117e-03
1.927367254749466239e-03
2.946609586262620255e-03
2.717352000237887102e-03
1.988304599286599712e-03
9.522025786388322449e-04
1.484303981712002240e-03
1.761417526593253742e-03
2.096931609308100297e-03
2.401933821423187908e-03
1.833999358345551585e-03
2.057307020568330432e-03
2.179033480653467907e-03
2.278093463116847520e-03
2.369448546603460104e-03
2.562428147906197981e-03
2.097633240657379231e-03
1.762196705892520162e-03
1.339325936296708718e-03
1.441477925409280058e-03
1.312597052150757653e-03
1.235198600312763760e-03
1.328304448572975409e-03
1.408050877262819345e-03
1.350452867129855149e-03
1.087631174271300009e-03
1.066540860695571174e-03
1.140062189489865919e-03
1.244284861122938813e-03
1.170402178374260749e-03
9.727679164902199027e-04
1.187656836900864623e-03
1.297348524489773478e-03
1.403002619375333989e-03
1.577883026181204750e-03
1.807870842183125805e-03
1.961073774701153731e-03
2.172235063812671084e-03
2.411453682153940140e-03
2.199217720975037323e-03
1.815698854792099221e-03
1.610795660184114559e-03
1.500729203411024044e-03
1.492800892041168653e-03
1.464819071020223139e-03
1.346168202522571213e-03
1.281960747005616175e-03
1.062305581593369968e-03
7.111522005340301881e-04
7.241305336901288948e-04
1.072501598526366933e-03
1.403492501763827643e-03
1.705339217758136770e-03
1.954946973265094760e-03
2.141302842944729952e-03
2.365005307682310071e-03
2.427788013502092841e-03
2.555822037732243673e-03
2.680982037904675215e-03
2.921306128921470971e-03
3.056715146341071852e-03
3.253434721548836665e-03
3.510381835754730097e-03
3.968436423403021510e-03
3.742746924380741576e-03
3.703773782815187286e-03
3.059413806167219762e-03
2.814880931403275326e-03
2.425176565658293884e-03
2.864246614644149792e-03
3.496838843768088761e-03
3.395660587932946249e-03
3.483077606694180359e-03
3.049322329369646284e-03
2.432818151641396275e-03
1.937505690234869651e-03
1.165818814064421664e-03
1.361435936256653184e-03
1.232690638355459032e-03
1.180251836257959798e-03
1.126003522343232456e-03
5.636899555918406047e-04
7.611288440539358427e-05
1.922129123811932563e-05
5.309203432717493154e-05
1.438150221777885138e-04
7.460118650581651389e-05
2.224964500231111210e-04
3.477214348334181334e-04
5.070753049492536264e-04
6.386649710473904420e-04
5.327442670913220754e-04
3.744193598500457788e-04
4.320938871689007730e-04
5.676638521226350835e-04
8.101241443343668979e-04
1.010285145407811749e-03
1.241514052790600869e-03
1.499470508428874882e-03
1.687684755418304792e-03
2.053397494435244691e-03
2.140505388321601015e-03
2.124711177008074478e-03
2.159514832612113334e-03
1.866821851550963269e-03
1.576779236048893914e-03
1.380693866288953877e-03
1.251257526922958368e-03
1.019787875536395201e-03
7.609018889335276157e-04
5.603594534552580088e-04
3.838325366266612595e-04
2.118376648710558463e-04
1.262209394863970111e-04
1.855608898833325279e-04
2.096978913196395774e-04
2.522927870063676166e-04
2.438287998201456308e-04
1.235081475587420643e-04
6.137663196315417389e-05
1.303748123396045247e-05
-4.190148756033491005e-06
6.201411757852416492e-07
-2.544660739693574669e-06
