1.408116720234266237e-08
7.045088884691114230e-09
4.842891797460501099e-09
5.475529456968240868e-09
2.319027383061869500e-08
3.408295070079297904e-08
1.738303960672416335e-05
1.739079248059720168e-05
1.741357905947531082e-05
1.742479156203724161e-05
1.743231385622382869e-05
1.742431981242680345e-05
7.491283560920471802e-08
1.903467367352769279e-07
1.704316060425316953e-07
1.583526763913784864e-07
1.353024683713368417e-07
1.585387437797759986e-07
1.566484160286999788e-07
3.346014094414308574e-08
3.051560982343634760e-08
3.015312984007749998e-08
3.000616845266511216e-08
6.214332638597701131e-12
1.677551775128094928e-15
1.825645782114041484e-18
-2.187233568948522751e-21
-4.016302784224275473e-17
-2.941696505164607319e-14
-1.300733147897323547e-13
-2.263997626634899750e-12
-5.544660567557283478e-11
-5.895280495732811524e-11
-4.104349620921426015e-10
-4.111533463297572856e-10
-4.159526147734985553e-06
-4.159527264764836399e-06
-4.159474082156920847e-06
-4.159470575958031781e-06
-4.159119093760736630e-06
-4.159118346011979558e-06
-3.250966973943442063e-12
-1.281124007036331490e-17
-1.267762988463138855e-17
9.062396746340585059e-13
2.088779280246336450e-09
1.574931168106524951e-08
2.250117745070592315e-06
9.970857616096040087e-06
1.032888270387880849e-05
1.107365323629991207e-05
1.293009996345646612e-05
1.754650980055754380e-05
1.859806696528812269e-05
3.012275858873076848e-03
3.552417737691366314e-03
3.614567873558688013e-03
3.685912703873305950e-03
3.888102787544771202e-03
3.886000340871591501e-03
8.857356220338159650e-04
3.457442211720653511e-04
2.836347254194543257e-04
2.105839462133933093e-04
3.847959580785636359e-06
2.736783665873301695e-06
3.588524287710394398e-06
3.101700072109963654e-06
2.396273837991733808e-06
2.344077567237544221e-06
2.408814682664128277e-06
2.504338268834093044e-06
5.761297642333793373e-07
8.315800675445380172e-07
1.599852549725266089e-06
1.758706748765060393e-06
1.706478079434608037e-06
3.446286431998786895e-06
5.972312270421634595e-06
5.962498454366528717e-06
5.218143883739108359e-06
5.881048363902220844e-06
8.187932128567372805e-06
6.516694715497491461e-06
6.373699230320747260e-06
9.259459743815194043e-06
9.694851442938729304e-06
3.011445665851425610e-05
2.857868177137744435e-05
2.845208685017991512e-05
2.628523058602204415e-05
2.474414509470218552e-05
3.174792541865327440e-05
2.928505182019903614e-05
2.986462379650789095e-05
3.094201751385680248e-05
1.120282580048139842e-04
1.231460670009645669e-04
1.169557097695913612e-04
1.029117325863749361e-04
1.029786763892384037e-04
1.047567346396483201e-04
2.867587100307133300e-05
2.825788532443776761e-05
2.714941930282508333e-05
2.263546059172711789e-05
2.156327661269863123e-05
1.876664759835731079e-05
1.375578156153770837e-05
8.815262046472775544e-06
8.793239761691258152e-06
8.716303299239968762e-06
8.384291777066210505e-06
