8.687973152611308883e-03
7.356178155938275856e-03
6.290013864368140979e-03
5.694429788253681929e-03
5.639729897529347294e-03
5.840761874094195331e-03
6.291313626652458857e-03
7.232070480810646670e-03
7.852320505788970909e-03
8.054064532284792299e-03
7.729793513983404876e-03
7.242007381276144296e-03
6.712945578944455420e-03
6.543532214513351868e-03
6.429671064028422839e-03
6.371776862708081191e-03
6.128032419140319077e-03
5.747127277374927158e-03
5.073703424592635076e-03
3.934601617853947936e-03
2.777347138015426233e-03
1.866841928514982726e-03
1.435081991410187179e-03
1.290484779646274569e-03
1.124338854008970429e-03
8.710475342182097186e-04
6.907868742499124635e-04
5.459699506477618891e-04
4.077499611186282086e-04
2.775031555555690930e-04
3.137220235091010812e-04
4.326222974036448080e-04
6.780288700706359889e-04
9.768015621556926705e-04
1.231700957558037055e-03
1.543249183591380172e-03
1.723844705240960449e-03
1.804852843047868513e-03
1.999869166103647369e-03
2.098234922366927230e-03
2.346448206435647766e-03
2.881487331265095066e-03
3.094327294568959084e-03
3.385489658089829365e-03
3.720477630762387012e-03
3.849376992118699967e-03
3.990299229168663316e-03
4.135265098816853953e-03
4.370579048291481361e-03
4.591717450735733827e-03
4.680216843221993162e-03
4.937688629818645994e-03
5.098327043678321964e-03
5.169663889799203625e-03
5.724218846243199314e-03
6.392479971034134567e-03
7.509878618572256130e-03
8.323624762592136961e-03
9.158715799342386985e-03
9.486932395427241302e-03
9.588222290826522998e-03
9.735549267873493812e-03
9.633936361378330968e-03
9.275658392840257713e-03
8.830074705747261235e-03
8.199920218265705288e-03
7.382283765363807822e-03
6.353346829818177881e-03
4.792562083840147709e-03
3.660922701579881911e-03
2.458098567656007410e-03
1.585204147887987009e-03
1.039269286947959968e-03
5.032411043845084987e-04
2.816458595357749302e-04
1.670970828321487764e-04
1.518816470537693209e-04
7.310235267554898101e-05
-7.749467382726605246e-05
-2.690568877747965952e-04
-4.027796333346224042e-04
-5.183619413091050503e-04
-5.775584921255517241e-04
-5.796037727939510513e-04
-7.407516704404753767e-04
-8.976929159564952859e-04
-1.061999341916423662e-03
-1.189976650672331044e-03
-1.315460834625876074e-03
-1.385190999591831952e-03
-1.479306056623310535e-03
-1.453555319843778454e-03
-1.449345772105920969e-03
-1.488281489015160983e-03
-1.497568195969822520e-03
-1.548394065716471356e-03
-1.439084429348750109e-03
-1.334683866020156548e-03
-1.251005268434364926e-03
-1.179565502609288647e-03
-1.083482805950559307e-03
-9.804564250245255495e-04
-8.340805090084404960e-04
-7.429445544066627704e-04
-6.447232081713980207e-04
-5.293700939314132476e-04
-4.550209827906217153e-04
-3.520121597339851706e-04
-3.008515853629798050e-04
-3.050833093717213217e-04
-2.714890173864505985e-04
-2.663315056765637955e-04
-2.655605152861810459e-04
-2.708126955562810238e-04
-1.998105094826856944e-04
-1.069154596932407234e-04
-8.834687726378316630e-05
-2.844607554249731153e-05
4.744363403012968758e-05
1.644412944209084498e-04
3.198426576985199184e-04
4.947127550331030044e-04
6.548764335897995720e-04
7.458123181741177976e-04
8.068125420207907308e-04
9.091334353046989824e-04
9.340706419274008359e-04
9.152883634282298888e-04
9.002646848017169722e-04
8.589028511944746432e-04
8.172934760728639341e-04
7.125668036029571620e-04
6.023222388159096179e-04
5.716221182694951461e-04
6.582336654575586705e-04
8.845613737480973208e-04
1.114040569301873390e-03
1.127399039075446720e-03
1.155394319834576267e-03
1.192745522505922690e-03
1.259924580377212158e-03
1.378132186692865606e-03
1.581842833847624599e-03
1.707638455232370067e-03
1.673914600664388108e-03
1.590405751666446347e-03
1.339207279440222942e-03
9.412554508468521470e-04
5.330053507106576960e-04
2.785972747212599036e-04
1.573979024756681278e-04
4.783242896702583980e-05
-5.869504298064126248e-05
-2.055820444448544244e-04
-5.221873621628385842e-04
-8.339759359621928781e-04
-9.974755027093915299e-04
-1.164085610204048998e-03
-1.289246149512980524e-03
-1.359609626371280702e-03
-1.407937074177791461e-03
-1.392446555423730104e-03
-1.551595170003615366e-03
-1.723143205452638306e-03
-1.871550740032411689e-03
-2.030910615826107043e-03
-2.174548896802101870e-03
-2.249873600918269895e-03
-2.369614180206291217e-03
-2.424384697830539361e-03
-2.654039474794032613e-03
-2.820826975800076394e-03
-2.930936751632393783e-03
-3.105433230907678286e-03
-3.129701119713069243e-03
-3.128110353146467282e-03
-3.119608171208032837e-03
-3.047194494897331480e-03
-2.925275046448687962e-03
-2.755233822765131360e-03
-2.648621150728782195e-03
-2.586699457314214738e-03
-2.560555444941852842e-03
-2.355106013887909525e-03
-2.270333542600233220e-03
-2.213364504761352290e-03
-2.301203928350262478e-03
-2.276644135995044629e-03
-2.194951269321995368e-03
-2.128196810162623787e-03
-2.105118833144624044e-03
-2.154479830280272862e-03
