1.124002907514004080e-03
1.074390142762316012e-03
8.408709996670062558e-04
6.812323505015183654e-04
8.412036262901863813e-04
5.654996441268720806e-04
2.915054990840249298e-04
1.971897940106878862e-03
6.157465921123950539e-04
-1.192040850205394699e-04
-6.316314117899013425e-04
-3.344133464732254742e-04
-3.346187707155140467e-04
3.752048244226617243e-04
1.912546537440632465e-04
1.481076461123766131e-03
1.126054188339196266e-03
2.062184988640944176e-03
1.368503776746507689e-03
5.308628678491843353e-04
4.733902616271558859e-04
-1.707415522663169576e-03
4.484635896775910095e-04
8.397492625845712601e-04
9.338403127197788004e-04
9.550349765432841753e-04
7.198621891009404595e-04
1.254706927867709279e-03
1.203534967931401724e-03
6.135296162683069208e-04
7.530225341076389771e-04
9.719115418656004571e-04
5.924119297631660246e-04
4.858352332327996095e-04
1.074397635240597042e-03
8.046831469733356761e-04
9.819042198541774215e-04
1.832095486863014912e-03
8.067970943542050527e-04
1.078716217683489253e-03
5.100865450123824281e-04
7.571872498876687030e-04
-3.972328288389209120e-04
6.843564491905138102e-05
3.325983206878959189e-04
3.500251499198052591e-04
1.524337391060254015e-03
5.091492576932494163e-04
5.507503739194649682e-04
9.244742890919040873e-05
4.815852206790217460e-04
1.378260703034330696e-03
6.504896646118387337e-04
1.405377770632829874e-03
2.196529360134445719e-03
3.533127487865701886e-03
2.236403293682216655e-03
2.962489823960794567e-03
4.283739149070822476e-03
3.503275066985649805e-03
3.386522662892067943e-03
2.621535121410353050e-03
3.392402780283130300e-03
9.314866247880362275e-04
4.223466944674104289e-04
4.350795831696573665e-04
3.328442952501669259e-04
1.006757530403002169e-03
6.465382801341826649e-04
7.217047245627473528e-04
4.879434633668680148e-05
-7.775865221006381188e-05
2.015533344572343548e-04
-2.914281684857234628e-04
-2.004555599729031614e-04
2.414333716077047491e-04
2.470681920595823493e-04
1.276639218484934774e-03
2.105551671664452566e-03
2.540205134959116172e-03
1.836638884358849201e-03
1.387476334481715012e-03
1.234030523288204761e-03
1.157064329698506092e-03
1.303469550223636860e-03
2.756713025553293034e-03
2.134985069556147568e-03
1.609442236166040924e-03
2.018290449929713553e-03
9.236315025652812273e-04
1.342151522796107598e-03
2.163553033904975966e-03
2.158592518133755495e-03
1.367984125948270300e-03
1.367010348729369050e-03
2.088021576667858665e-03
1.741220003831313876e-03
2.379228323011464957e-03
3.431142861242140844e-03
4.453087185096814282e-03
1.929211813982424336e-03
1.033253711045010017e-03
6.510684124159239836e-04
1.530178810143849235e-03
6.899994716495762249e-04
8.204901860898627030e-04
1.300742972604070763e-03
6.915166003016635053e-04
2.133837728179729595e-04
9.738743698595882757e-04
1.925616205059146966e-03
3.017219874124262360e-03
1.525142739231159740e-03
1.886792916619100375e-04
5.896245510631007141e-04
6.813433820685417877e-04
5.487400796471247596e-04
5.409161685305552978e-04
6.203887950449102611e-04
1.235532760353746668e-04
-4.592710139946698175e-04
-1.910144897932731167e-04
1.166427489433425474e-03
-3.631226586603222037e-04
-5.083935666486430835e-06
-1.658065974034612043e-04
2.971479573624380161e-04
3.308139077383462465e-04
-2.082119619947147388e-04
6.125377782199519340e-04
1.523639614126889295e-05
-3.635099738676095802e-04
