2.826065780334833209e-03
3.071928713606555603e-03
3.926675535537887604e-03
4.118489926547891714e-03
3.853373872094122826e-03
3.722391800630685255e-03
3.425326108615742941e-03
3.314268135395061470e-03
2.969893277235708708e-03
3.003653819504149228e-03
3.254132116840698433e-03
3.485670467266135247e-03
3.431342588846902648e-03
3.331848163810231540e-03
2.722240342072751972e-03
2.547043848840517544e-03
1.853327729361022632e-03
1.271206614621072772e-03
8.112450018137726997e-04
5.762483267624486042e-04
4.627589935805282535e-04
2.880302372070336295e-04
3.127130048392619114e-04
4.238424170872850776e-04
4.884278221651512175e-04
5.854354831492634709e-04
4.784076735339588327e-04
4.411849219801525527e-04
4.542340736188853765e-04
7.137982719529290063e-04
5.957623005440342186e-04
6.978358739255154531e-04
1.037559741934113936e-03
1.064430044404598595e-03
1.077182055208876846e-03
1.221590968828423131e-03
1.508741617054665685e-03
1.603828290535704720e-03
1.930807217990742741e-03
1.955625248981408305e-03
2.231460857469773785e-03
1.908357083450542332e-03
1.668019100590271975e-03
1.911914389662700779e-03
1.937195816387853649e-03
2.636980716943956166e-03
2.618906869669195003e-03
2.732261955505407153e-03
2.867110511612046969e-03
2.942231627239289601e-03
3.561271814824695965e-03
3.469262714948246305e-03
2.818707844544556841e-03
2.365474424126055245e-03
2.301915635330436128e-03
2.199419954807123323e-03
2.184286738252587227e-03
2.085272689774188282e-03
2.004198885264071688e-03
1.557473545701312020e-03
1.399557997784974493e-03
1.241545607383290947e-03
1.264342284475886103e-03
1.512443968895370002e-03
1.613284771766110856e-03
1.882602861130507109e-03
1.844663597869258083e-03
1.769693797905098247e-03
1.676590989041924686e-03
1.667933715184968021e-03
1.617541166352870399e-03
1.321350725029039191e-03
1.398657397264177916e-03
1.173215238266308615e-03
1.065115971326104777e-03
7.244155203168817659e-04
3.874686874322866292e-04
3.655133104153879286e-04
2.568783404385520126e-04
2.512426908496413194e-04
2.162168999160053262e-04
1.329177091123712813e-04
8.914373693336346356e-05
1.068803804738067232e-04
1.254630240057536309e-04
3.729448290835540609e-05
5.074183208679958283e-05
7.407164470458442592e-05
7.844751523269005234e-05
1.015332907416133528e-04
1.829889576118123873e-04
2.995298334837520528e-04
4.200503150124267797e-04
8.787074547868462589e-04
1.268848895278630682e-03
1.658053653798251693e-03
1.635516766807886555e-03
1.263014302018224903e-03
1.441252970586243609e-03
1.260312587699630692e-03
1.555537380345976134e-03
1.381516561493573592e-03
1.229254990346552966e-03
1.359226268514519050e-03
1.212556347575525269e-03
1.408437214128642999e-03
1.810599523763781020e-03
1.692185661954099304e-03
1.811529317002995559e-03
1.841670195267008838e-03
1.984276858183612810e-03
2.024510207455604109e-03
2.448099894025064505e-03
2.915294508956160335e-03
2.948992454731741084e-03
2.415546692811923035e-03
2.619857521575959247e-03
2.458326945299453992e-03
3.395544485970372790e-03
3.933844185002506946e-03
3.698679963152506391e-03
4.112123829848188944e-03
4.399735852807430680e-03
4.007032243415697102e-03
3.863040611010819508e-03
3.968446894873693849e-03
5.004795547053799212e-03
5.503267755384189282e-03
5.315755743228066030e-03
4.964546805911582497e-03
3.819045684519472433e-03
3.438348335165971291e-03
3.751465650247895293e-03
3.660278354449331747e-03
3.392181543751993274e-03
3.341988060298725378e-03
3.374553915089651378e-03
2.995253453806382901e-03
2.660786775774896633e-03
2.455068851652768627e-03
1.882305079927395564e-03
1.901607988363129657e-03
1.496855447823477797e-03
1.303217981735612253e-03
1.153779550802659735e-03
1.057554016226853674e-03
7.805145934572229813e-04
7.549503574010721710e-04
6.878826224651361960e-04
7.763205247476046835e-04
7.223067371530586794e-04
5.710296476224392074e-04
3.064574578180025806e-04
3.598317310120448601e-04
2.100381648596062560e-04
1.875302390217743124e-04
2.268177872252552594e-04
1.737022005652299767e-04
5.999485700979807008e-05
6.228394141279526989e-06
1.969373342665344920e-10
-6.926262313881825623e-08
-4.252097068126098930e-05
-3.021712775959458275e-05
-7.375953076029859580e-05
-1.218438877377256749e-04
-2.027418544073476500e-04
-3.966596194150805318e-04
-5.721905399115150004e-04
-7.666113512265976607e-04
-8.309351981808288292e-04
-8.402182302234343899e-04
-6.365790385593525069e-04
-6.804995287588060451e-04
-1.097833358445213497e-03
-1.125376812050725255e-03
-1.164907756554807265e-03
-1.516247175080588563e-03
-1.615559352042942893e-03
-1.980964229408671735e-03
-2.750153722085796944e-03
-3.093878847183370757e-03
-2.889865393005858034e-03
-3.599640688134181452e-03
-4.593596748500313083e-03
-4.928001548526218800e-03
-5.249101384015512906e-03
-4.729825008820966528e-03
-4.977458912160039051e-03
-4.725268663180160443e-03
-4.983981103061344356e-03
-4.246500760340032529e-03
-3.335646385422645459e-03
-3.110269559451842199e-03
-2.261697692521509335e-03
-1.707455289771724494e-03
-1.122951082043220812e-03
-6.113249932240358980e-04
-5.836573082418953454e-04
-3.769545398510583704e-04
-3.676242489339808395e-04
-3.388909049758554327e-04
-4.705297344892342111e-04
-6.850281780367425358e-04
-1.203166689385790078e-03
-1.144884893055495099e-03
-1.381644089377990266e-03
-1.341944173804104868e-03
-9.793646620905121190e-04
-6.280782127278949911e-04
-5.248571743883193160e-04
-4.880553645326978526e-04
-8.942983343852466734e-04
-8.712678153673644515e-04
-4.391598102261581936e-04
-3.051552599404707203e-04
-2.617204342878781285e-04
-2.756960924989710184e-04
-3.088840612059030768e-04
-4.306142528269800082e-04
-5.124060313856017724e-04
-1.013940954538981778e-03
-1.865932101049595608e-03
-2.250830296563957958e-03
-2.659637211336346712e-03
-2.158822774190762191e-03
-2.309927322442151352e-03
-1.553929102598921447e-03
-1.561258466450423906e-03
-1.800141346809745746e-03
-1.532252732287225656e-03
-1.876221716733988314e-03
-1.611348695361719888e-03
-1.839747388204444802e-03
-1.799431445187976101e-03
-1.581308531454884026e-03
-1.247184325374189537e-03
-9.245983555429466462e-04
-7.844403361947955991e-04
