-1.384747887417456550e-03
-2.328990089991201089e-03
-2.418333732236874808e-03
-3.197700114341957712e-03
-3.475314918686429194e-03
-3.284291248854809536e-03
-2.892345790579709062e-03
-2.646838296734419470e-03
-2.416927168500710484e-03
-2.292332298956444893e-03
-2.213266618523704234e-03
-2.049685961740232033e-03
-2.033901694985900278e-03
-1.723820373762033299e-03
-1.563503200950624138e-03
-1.075646393490807410e-03
-5.156231432403096887e-04
-2.263925431745057029e-05
1.809921471424981280e-04
2.957914362319142535e-04
3.609147558511878397e-04
4.529976464724856373e-04
5.752328362886697816e-04
6.642547434669580008e-04
9.122360401443522235e-04
9.981077531248639355e-04
1.221549850434549113e-03
1.607829229887226081e-03
1.833081522131160433e-03
1.739588707006442352e-03
1.786807358220078232e-03
1.961521622230357441e-03
2.007711007746451615e-03
2.054588892230334307e-03
2.159335762871341692e-03
2.276998274930731522e-03
2.264544382904814905e-03
3.169680967795029686e-03
3.190228204633223808e-03
2.909587885418361396e-03
2.570271582665480375e-03
2.378969169367831701e-03
2.342475944217541073e-03
2.148129253485277831e-03
1.970665397425684726e-03
1.917186887013967679e-03
1.847898950194192804e-03
1.651689600207945649e-03
1.414645499288857619e-03
1.652174026028353749e-04
-2.787237318423230518e-04
-8.590328591399231826e-04
-1.421801659253598207e-03
-1.637616411701787837e-03
-2.013443967274045759e-03
-2.385572941778966744e-03
-3.594232573269730020e-03
-3.844618244332160140e-03
-4.114623725054638269e-03
-4.255986134532488245e-03
-4.268184769240975125e-03
-4.155782879457093314e-03
-3.959583328470748891e-03
-3.536273439513794217e-03
-3.246640701941729424e-03
-3.150352580657424847e-03
-3.077649066040671205e-03
-2.784281230543505289e-03
-1.581301672312895694e-03
-1.446446015810905206e-03
-1.357425595669255886e-03
-1.506804101405076870e-03
-1.768242107551375739e-03
-1.853685301856485218e-03
-2.010410463022826479e-03
-2.428054165303962595e-03
-2.737115065907325204e-03
-3.398544083080175856e-03
-3.827446192069601082e-03
-4.002898640056973094e-03
-4.403781418448746848e-03
-4.610546750101487089e-03
-4.829344234059521936e-03
-4.449494431439977513e-03
-4.020535639739648837e-03
-3.783872665874557940e-03
-3.528997473207068011e-03
-3.055947381155986811e-03
-2.531857337992948504e-03
-1.836481492678806657e-03
-1.324451531662052635e-03
-1.201986149650558595e-03
-7.386428362363486877e-04
-4.557785840303212824e-04
-1.537624633724231100e-04
-1.979945676881205536e-04
-3.534064196400350799e-04
-4.110748600773187606e-04
-4.213777359716684430e-04
-3.011284696604123482e-04
