1.030419984760601192e-09
5.670425122715844269e-10
3.788132925459734504e-10
2.841099905920830312e-10
2.272879924751410502e-10
1.894066829058676474e-10
1.767001893392420207e-11
3.932543868539852943e-13
7.792465570848904656e-16
7.834680322562409428e-16
9.079816093573518213e-16
9.332546656870809640e-16
6.909684284469272441e-15
6.470464954906435240e-13
7.747033302257845064e-12
2.117339651218231118e-11
4.476853719959020289e-11
1.592939395082549084e-09
1.985835511977056682e-09
1.985610820563274081e-09
1.978957507210586740e-09
1.976756543042295019e-09
2.144699093706044726e-09
2.692054731196863140e-09
1.023140037699036092e-08
5.665752078415815748e-08
9.279064510513526089e-08
3.984368974579506723e-07
9.593788187342709507e-07
8.522124783888116494e-06
2.024350712822930182e-05
2.345924541051612629e-04
2.434598824600366996e-04
2.495844760784269667e-04
2.524383298748122104e-04
2.541848305311501647e-04
2.764637969237791499e-04
7.129329835758962096e-05
1.032086039596531957e-04
9.834320110822546742e-05
9.639404676874302501e-05
8.921576765489804158e-05
5.635715915113862065e-05
4.848524677662595633e-05
8.710196046703229099e-06
1.334656933268745233e-05
1.445231744025314537e-05
1.808978786318829682e-05
2.908841560990407660e-05
4.559511676621672433e-05
4.591735729073185938e-05
4.130452408311621553e-05
3.897465526837154897e-05
3.339745169071115264e-05
2.179309395021099003e-05
4.086143151461251026e-06
3.192006387398130979e-06
1.620740444193404689e-06
1.479488109385620158e-06
1.363798375697582353e-06
8.704447567595367715e-07
7.178505068045903182e-07
2.460209851327426112e-07
2.301414508308480142e-07
1.299967015539628264e-07
5.237258563829479839e-08
3.134882022623776926e-09
3.316304962983702905e-09
3.510602455696775726e-09
3.007985937348402008e-09
2.693219747024563357e-09
3.331092060990542577e-09
2.011661297659590540e-09
1.712006766017877516e-09
1.470682014533283516e-09
7.306179923524602475e-10
7.302603377619832200e-10
7.635816284276237591e-11
4.462431421758863148e-11
4.417547312702295376e-11
1.659406338115593275e-13
8.864767247008536482e-16
2.886277000585124276e-20
2.249097192341985254e-21
2.130925661332932297e-21
-3.507287554533931049e-20
-1.570843794669328321e-19
-4.624945906139462928e-16
-5.308420671219625563e-16
-5.967377983167112566e-16
-4.161186739331187740e-12
-4.363766708368910796e-12
-4.406678498437966654e-12
-4.413247985901466651e-12
-1.235974458742331275e-11
-4.528874428536319190e-10
-3.582637246582249912e-08
-1.008227586947876270e-07
-1.603073875270772182e-07
-1.613712626039687105e-07
-1.621254610181172495e-07
-1.663511959578918495e-07
-8.628681305521277754e-07
-1.173996830679103629e-06
-1.156986402283661498e-06
-1.188625316263844277e-06
-1.298009710529564119e-06
-1.385732018369473041e-06
-8.055340178380350229e-07
-4.889578031447997828e-07
-5.886614454969063520e-07
-5.730991371733941124e-07
-1.456022385522726591e-06
-1.364059640726112341e-06
-1.212489415224599119e-06
-1.153211773262260949e-06
-1.011355373203681535e-06
-1.022640766352171765e-06
