6.470725912496389301e-05
5.893623743608558316e-05
7.204453929516432885e-05
3.841331729613360797e-05
1.575893077200686630e-05
7.745915362795809751e-06
9.789385731655672791e-06
2.223956472053997286e-10
-3.224596913914410071e-11
-5.539471880304777412e-06
-1.268700117241461527e-05
-1.540909873045323360e-05
-5.981865898046460417e-07
-7.510958155668199843e-09
-1.975427978189337816e-25
5.214361582019695914e-12
3.969682634041948970e-08
2.650009024571247758e-07
5.881961065648198185e-06
2.168408559514811048e-06
7.033265166066726841e-06
1.011157301193906088e-05
2.088788343448718052e-05
1.088719000734772861e-05
1.862137426661459414e-05
2.352688064394442330e-05
1.787739789608865145e-05
4.855109978440186813e-05
2.506807292562936634e-05
8.454754223318718587e-06
1.712349097987249648e-05
2.923802410247030469e-05
1.695283887264891967e-05
1.254642100348463574e-05
3.373683072690077903e-05
5.536725575962892645e-06
1.141492399500284993e-05
1.168433923808519576e-05
2.543165914943766945e-05
8.530037132889561034e-05
9.167217512311904887e-05
1.021489303430254763e-04
2.750862973025955350e-04
5.371198022418623153e-04
5.272367909342893545e-04
7.223993016660856456e-04
9.950444843995743215e-04
1.185169930747979362e-03
1.339996114496466544e-03
1.399477209659255334e-03
1.646275751419250602e-03
1.677157782488988835e-03
1.847315774760612634e-03
1.999237217868442100e-03
1.681951927609968544e-03
1.201412731636266988e-03
7.650146851465512059e-04
8.498769177674808878e-04
7.777709840599382474e-04
7.854834919593270230e-04
7.463872500536653225e-04
7.150641588834855339e-04
6.780941238708769513e-04
5.051107638936946313e-04
3.935950070328583469e-04
4.454658489215465892e-04
3.998917325875494719e-04
3.757755848101601093e-04
3.597126380261470935e-04
3.254487095500291837e-04
1.499645388710449704e-04
1.452586556080113448e-04
1.480579091930086903e-04
1.179391914441114828e-04
1.174942629762964976e-04
5.211391301365115377e-05
6.152332397510920496e-05
5.874275608078443484e-05
5.588646853698411290e-05
8.222712218486702548e-05
5.562863378974681637e-05
5.829892762199434411e-05
1.151686310467596935e-04
1.937540393542724199e-04
3.299895049170926617e-04
2.572757976504709619e-04
3.562687103753879874e-04
2.687074897203184159e-04
3.288174130179758511e-04
2.951342700955711905e-04
3.376426056786369957e-04
2.690286026487297881e-04
3.961429457416659056e-04
3.416209958063719850e-04
3.932784103751925928e-04
5.829939203443506093e-04
5.892715055231378257e-04
8.654192811205400166e-04
1.015429730696564437e-03
9.404126235391348839e-04
7.678068673794562378e-04
9.832931000749375872e-04
1.264124979504682375e-03
1.580500078772245545e-03
1.618277386222582992e-03
1.775867922812693215e-03
1.611748005300186809e-03
1.735053213721354272e-03
1.622741654827891808e-03
2.444323348978673632e-03
2.769215594298219361e-03
3.423587039161024321e-03
3.172755173623899305e-03
3.052156905790798583e-03
2.872009660612858707e-03
2.782856662499908450e-03
2.672577241669569538e-03
1.994952912357592610e-03
1.851474345663973011e-03
1.723227864303149585e-03
1.157399069484595956e-03
9.584975342861587130e-04
1.005549142173152704e-03
1.287006331854652959e-03
1.655359698666630103e-03
1.396841252063740334e-03
1.558947876163453402e-03
1.757102836707867457e-03
1.305473842084403429e-03
1.221547218001134633e-03
1.544305577462140328e-03
1.841090432733002730e-03
1.794771889154746919e-03
2.018691892354185745e-03
2.041331834388415960e-03
3.052405983870896868e-03
3.075485912971520630e-03
2.882059948226991901e-03
2.367172818134101117e-03
3.145886516041872943e-03
3.826549826814185096e-03
3.756679633671727685e-03
3.153131016006158194e-03
3.185990412244051918e-03
3.285485477696337229e-03
2.857749195728213724e-03
3.336809224149328915e-03
3.128481561848969056e-03
2.307510314949274589e-03
1.661051525128197197e-03
7.596499624014923114e-04
3.498819046322381170e-04
2.166490954157986807e-04
1.102637761861741561e-04
5.261547549131706622e-05
1.011022842853336859e-04
8.215267829363159802e-05
2.606325645806191748e-05
3.771475964751192722e-06
1.355745133175295028e-10
4.610617508915030708e-16
7.079635970413816252e-16
-2.180510535990628479e-14
-5.080655082106999123e-10
-8.343012879202558846e-07
-2.478884663742982626e-06
-1.818703116673792608e-05
-8.232325375867510157e-05
-3.231344455654154959e-05
-6.661136638985698782e-05
-1.272213782158949707e-04
-9.467979471372776055e-05
-5.411397970788169010e-05
-5.508739479895978280e-05
-3.343869626658368905e-05
-6.037748483201884654e-05
-8.299026207896008605e-05
-4.016741490964769893e-05
-7.638061934197115199e-05
-6.742702077876833069e-05
-4.401750039224742225e-05
-7.072508378518194247e-05
-1.301113513663794343e-04
-1.460934909470425398e-04
-1.081757606275050593e-04
-1.128353592390354235e-04
-2.206725122013382455e-04
-3.390163770851667294e-04
-3.882083814855043398e-04
-5.799115320158528247e-04
-6.011313959165576508e-04
-3.998059161090227734e-04
-3.590492614357209018e-04
-3.415726186906157765e-04
-4.695384289272666730e-04
-6.694824740849081562e-04
-7.006515446451738478e-04
-4.378666268249072719e-04
-2.131191059694375201e-04
-1.943205197945024941e-04
-1.109973811973510909e-04
-1.095290530706225505e-04
-9.450867509304657966e-05
-1.533994290277559209e-04
-2.516453205197233321e-04
-2.604051456326443017e-04
-1.997202138315656188e-04
-1.701442571842311084e-04
-2.111419221358811936e-04
-1.182586569982092730e-04
-6.707839402211102423e-05
-3.331319881754455162e-05
-2.766888581531188961e-05
-8.874798579822107143e-05
-8.890695046088106638e-05
-8.950493293288498643e-05
-7.101774322208652325e-05
-1.091708898864023460e-04
-6.934659385992778240e-05
-2.016450009847174733e-05
-3.464155086851133827e-05
-3.493146724646803316e-05
-5.582054796717649404e-05
-7.305991898954302614e-05
-8.203383305109397347e-05
-1.115088501996983940e-04
-1.079568544246818391e-04
-8.351882666018676442e-05
-6.533358880068422720e-05
-7.941174955439254197e-05
-2.507822802433549015e-05
-6.337667345944130798e-06
-7.638691108151172995e-08
-4.466090623195610218e-14
-1.697991341064687677e-12
-3.555568671351519583e-13
4.514593373212749912e-18
-1.633368375433789555e-10
-2.607336516478843088e-22
