-3.702985654323853043e-02
-9.767630235243930648e-02
-8.549528320569076134e-02
-6.904011870721907251e-02
-6.020266637257117026e-02
-5.508842199317439542e-02
-1.540641841989149885e-01
-1.350728695676085556e-01
-1.342668263062192502e-01
-1.366408065260576732e-01
-1.380935051948657954e-01
-1.378947920012368045e-01
-3.939894710461278038e-02
-3.745333667487486806e-02
-3.580869747827464256e-02
-3.637139791858066962e-02
-1.599743732094423831e-01
-1.882302097804560148e-01
-1.895110253045896309e-01
-1.888698196812969299e-01
-1.875624074636344785e-01
-1.862807901890825291e-01
-6.423053114286723930e-02
-6.168871262553219520e-02
-5.951765559702346109e-02
-5.887579899601327882e-02
-5.866054174909746122e-02
-5.885830218754892901e-02
-5.816033714684552131e-02
-5.198990499504344692e-02
-5.903464377705625044e-02
-6.116084281275088741e-02
-6.543985225298819264e-02
-7.276026827566266231e-02
-5.597630127366771263e-02
-3.724541352032556540e-02
-7.732717251282469895e-02
-7.593995285105338555e-02
-7.090049778310636430e-02
-6.293984694526852386e-02
-8.115538861690901884e-02
-7.929082473679088805e-02
-5.459047037547557629e-02
-8.378423763834114135e-02
-1.153639285809844317e-01
-1.188146152246686849e-01
-1.163437867392391606e-01
-1.194111356979325328e-01
-2.920892183454113500e-01
-4.125967700143136074e-01
-4.628112630003176631e-01
-6.717400216672407831e-01
-6.839775108909807999e-01
-7.396764994291785689e-01
-8.002719141708806161e-01
-7.432155881463242686e-01
-6.813137977715367777e-01
-4.990355496297311788e-01
-4.989484726622344657e-01
-4.527377282211486609e-01
-1.879200961639882372e+00
-1.794349338165325269e+00
-1.865864492757572934e+00
-1.866883095782698954e+00
-1.857808385412545116e+00
-1.979981566387728042e+00
-3.008197729824093614e-01
-3.029054329914063204e-01
-2.991316132610361556e-01
-5.665143442550634179e-01
-5.719805048534787328e-01
-4.494970347718643677e-01
-4.601964022503439167e-01
-4.616023692862042949e-01
-3.968984649144839949e-01
-1.016167262096268065e-01
-1.039143505340162088e-01
-1.056473452446181072e-01
-1.395047539403811154e-01
-1.591845035488406723e-01
-1.725841516953569299e-01
-2.108839301326142224e-01
-3.856855030671781370e-01
-5.674663642295204591e-01
-5.422312796537600565e-01
-5.176065493427575159e-01
-4.775496126778651651e-01
-4.253044486571191940e-01
-2.366786543922141661e-01
-3.882790139033057836e-02
-1.207987336297774474e-02
-5.944458231402942501e-03
-1.443092429520629986e-02
-2.506839433771584913e-02
-1.547298180733145678e-01
-1.540290131146013208e-01
-1.529156222273249099e-01
-1.496160345160204019e-01
-1.402039623341093666e-01
-1.407255993356525126e-01
-1.209812782231204677e-02
-4.857957205821869517e-02
-5.277220285115439419e-02
-5.849647580599983548e-02
-1.125818192134601770e+00
-1.122675787305895234e+00
-1.119717696878293589e+00
