1.344984078238169082e-36
-3.763931602360937639e-34
-1.183286500386070005e-32
-8.874648752895525378e-33
7.308952709225361601e-20
4.013539403462994223e-14
1.154939920174283318e-12
2.824645141643939342e-11
4.438061862329615631e-10
2.993382182514336291e-09
7.224364702879775029e-09
1.024032339368226537e-07
5.885335988276096003e-07
8.051279449870826091e-07
8.085293039930051665e-07
8.342452542523520112e-07
8.382872854504737429e-07
7.436710569668738227e-07
2.597764631901511095e-07
4.905568208736909655e-08
5.788284374871703482e-08
1.149141729251413570e-07
1.351950871023033277e-06
1.788285953697946537e-06
2.460748245119437570e-06
2.616317167441785662e-06
7.259521105241148926e-06
7.638863462297918909e-06
6.702077983171425102e-06
9.833122273572376308e-06
9.364016572485744618e-06
9.223611912877652439e-06
4.906478196348214874e-06
4.522197059128125705e-06
4.774415365749339682e-06
1.543539777081570651e-06
1.598978542511458340e-06
1.944233447816929742e-05
3.012810497589574364e-05
3.231308776497094363e-05
3.257966574335604003e-05
4.061159658768120136e-05
4.529607390480575203e-05
3.416812117181330802e-05
9.763081441271330571e-05
6.247084424114318938e-04
2.051596085930996408e-03
3.403207807552825499e-03
4.304045654075741752e-03
4.612050235293090050e-03
4.594259715827637459e-03
4.138514803721667600e-03
2.712103200931105084e-03
1.352318946590071874e-03
4.503619575211646048e-04
1.358285765500757221e-04
7.918964546675948558e-05
5.591821835373114717e-06
4.288460588734404958e-06
4.091995998318931670e-06
2.656288907477242904e-07
5.403478829278853103e-08
-4.892526840784667091e-09
-6.898138602945627687e-09
-5.190461166184680135e-08
-1.584478095471670703e-07
-2.436817219737559764e-07
-2.504532115827875964e-07
-4.273684741834237849e-07
-6.776506478510331671e-07
-1.174308406132325101e-06
-2.959116804211940922e-06
-3.901089310793214365e-06
-4.359647101693489820e-06
-4.672626514674188456e-06
-5.388293593353285254e-06
-6.074877323824668805e-06
-5.618710444975246069e-06
-1.264953120935450425e-05
-3.926640025087217256e-05
-6.459973329642303673e-05
-8.481164057900181469e-05
-8.700181664157165652e-05
-8.699297158167239817e-05
-8.482170456472271959e-05
-6.066640206977818580e-05
-4.874198754704816487e-05
-2.841013901784646679e-05
-2.560909554616887200e-05
-2.993567565497282448e-05
-2.847347179938365604e-05
-5.207235794180492473e-05
-4.106595450777283685e-05
-5.522852025779657431e-05
-9.750512734323919350e-05
-1.505074378287423918e-04
-1.480687052093249156e-04
-1.265807125918634981e-04
-1.260372864938133052e-04
-1.127511038443109901e-04
-7.006616403779066459e-05
-1.165005253679801202e-05
-1.147873578013375464e-05
-6.450276391464950265e-06
-4.107269526728462985e-06
-2.383758425233766492e-06
-2.174711467204529126e-06
-1.835592717396751500e-06
-2.108568787553160949e-08
-7.829990254073352330e-09
-6.533650665307817107e-10
-8.733236107573747301e-13
4.311965641175452812e-14
1.326526842092632021e-10
1.916779415671545807e-09
2.481534137625429539e-08
1.250045261019565629e-07
1.457563823800095339e-07
5.977104069069342309e-07
6.298394025711005117e-07
6.351434258465229721e-07
6.454681242482881139e-07
5.755657715072977434e-07
1.353616937227085907e-06
2.179083041311229784e-06
4.739739321301633867e-06
5.798704590252345499e-06
6.793740360489740621e-06
1.014526621526934211e-05
3.393881487585232240e-04
3.472476746985953509e-04
3.519848044616889510e-04
3.674491031211857424e-04
4.130691258993747050e-04
4.310886002956427197e-04
1.953864539940982584e-04
2.128049046515371708e-04
2.655151269637870534e-04
2.723158942954198602e-04
2.317311697909372450e-04
2.121013847991376705e-04
1.189701880477296038e-04
9.259587704602300934e-05
3.307688949299216066e-05
1.989255430572839801e-05
1.387019208117496838e-05
1.325095050223256229e-05
1.210508007411793650e-05
1.199707291659594728e-05
1.147587684572902714e-05
1.329092633835465621e-06
1.287897554082764654e-06
1.356370417923380731e-07
7.316495667117436844e-08
8.633549546547957851e-11
-1.884896829154814682e-13
-1.995268074849042505e-13
-1.023966010902731250e-12
-1.026771480188849375e-12
-1.668250197081953377e-12
-1.225975279726034160e-11
-1.106113230923970706e-10
-1.225347357731154048e-10
-1.219842174287966257e-10
-1.309224281600833895e-10
-1.718510081620528699e-10
-2.283867295495259802e-10
-6.039082063343401449e-10
-6.434122521703551965e-10
-2.318247160129177588e-09
-2.327718940488518120e-09
-2.357453285677735974e-09
-2.338922746532262905e-09
-1.874451694191820220e-09
-2.409791679595255405e-09
-8.516565114445286624e-10
-1.337615630930747297e-09
-1.289084603513544444e-09
-1.309205583670254835e-08
-1.311966018145404345e-08
-1.809129700581373145e-08
-2.476453187061928753e-08
-1.807886074129181548e-07
-1.852508333351778975e-07
-1.752811174066094517e-07
-1.752931590772693377e-07
-2.966840500198854295e-07
-4.488961000860696023e-07
-3.738524891965655414e-07
-3.214160681238671926e-06
-7.434646808631781871e-06
-7.705443510828138631e-06
-7.893144923225784554e-06
-7.787875419037014802e-06
-7.959529099649182546e-06
-5.430200801302917571e-06
-5.687911237730778561e-05
-5.667107470118712382e-05
-5.635807110806757950e-05
-5.630483059548016620e-05
-5.605169746506245967e-05
-5.573623381358800078e-05
-6.495430663241963908e-08
-2.146311392942860458e-09
-4.992085547380740348e-10
-6.966739273569209624e-12
-1.579975970459372163e-12
-3.384557488695032772e-13
-2.786469356614587400e-13
-1.175732774787492399e-14
1.374081153675935505e-12
8.732693654086357929e-10
1.727071369913280262e-09
1.744780023049258984e-09
1.747996348338596197e-09
3.131279231544128292e-09
5.474733973430740150e-09
1.106424771909724972e-08
1.911366078010003561e-08
2.380719103900817410e-08
1.344274749474446687e-07
1.335616654110526395e-07
1.312912512758356620e-07
1.255001279278127486e-07
1.169156719816098038e-07
1.125491955084116115e-07
1.802178118456274570e-08
2.606739778348682684e-08
6.066428911493218398e-07
3.137602212515207170e-06
3.467125052951669093e-06
3.473439785707139388e-06
3.729724386455717911e-06
3.728541631460399989e-06
3.147892311498996134e-06
6.162627058014809507e-07
2.864211062464141481e-07
2.797616110529967661e-07
7.380924394541491326e-09
