beta2
9.638336926143941871e-03
9.718066396816630800e-03
9.731376040700538341e-03
9.653818463076755535e-03
9.706557602110603769e-03
9.666126654696689802e-03
9.961665557730859516e-03
9.853525733261907921e-03
9.505320268867493635e-03
9.153566845575486499e-03
9.358611174003522715e-03
9.315022678572124765e-03
9.653821478357037938e-03
9.980689145421554193e-03
1.031119303525479536e-02
1.055722180462014513e-02
1.056155218216184646e-02
1.088259372303202258e-02
1.082283548786263858e-02
1.104045840414005601e-02
1.094660011505180566e-02
1.128177109594431446e-02
1.160382148040729408e-02
1.182676526314471212e-02
1.203222268000156067e-02
1.185228578101060054e-02
1.187974350888133974e-02
1.196447127151103670e-02
1.211019593269779121e-02
1.200898655583898175e-02
1.174099001778644222e-02
1.150170682654966942e-02
1.141663466457074755e-02
1.128660504224950414e-02
1.181676214803619417e-02
1.173179519632242505e-02
1.201190822775599285e-02
1.215320229372569838e-02
1.187248296262039329e-02
1.170317617914649194e-02
1.180132144981096975e-02
1.199244710292119917e-02
1.209682739407651197e-02
1.234700135713807587e-02
1.266162699334011724e-02
1.257986427264949636e-02
1.244189564719141647e-02
1.214560481538985715e-02
1.206709619686137380e-02
1.209306592698685366e-02
1.229690047047743776e-02
1.243903624155823576e-02
1.271804709089917329e-02
1.305711080431769949e-02
1.340581270271916543e-02
1.395673712944160011e-02
1.530932513004991564e-02
1.649234734823517429e-02
1.674618626188830242e-02
1.696187182997560203e-02
1.702622857415649060e-02
1.725060606757553364e-02
1.745258704756832979e-02
1.704558764092854728e-02
1.680919411439000394e-02
1.657795908197156470e-02
1.600122224736388182e-02
1.601665753096928602e-02
1.579912041713952414e-02
1.578817395504967386e-02
1.509122636428726974e-02
1.462472311458479050e-02
1.422841769665015438e-02
1.363885099914047966e-02
1.273097599969236216e-02
1.244727982057221988e-02
1.218623940836076856e-02
1.107995840054245597e-02
1.037734400977896772e-02
9.772916235207252528e-03
9.860393968303876600e-03
1.006550149611340483e-02
1.040722580304075454e-02
1.035736600712327052e-02
1.040052466173148338e-02
1.034649739167083429e-02
1.042814407351788999e-02
1.071969087755533095e-02
1.072407132179045361e-02
1.079295148541791621e-02
1.109215911844903257e-02
1.097763928617230891e-02
1.074465361811498786e-02
1.040991478186254621e-02
1.007211854747250626e-02
1.017689001392672182e-02
1.040605868225210132e-02
1.060608925541580219e-02
1.083256027761902822e-02
1.095886533909899360e-02
1.095606641341912574e-02
1.101693124342878818e-02
1.095244578029740644e-02
1.089516174105190950e-02
1.091771701731767547e-02
1.072719878342909272e-02
1.094719406338671291e-02
1.090154915523216042e-02
1.097080186995982518e-02
1.103823625378541270e-02
1.133071753319696631e-02
1.139036762121508478e-02
1.117349655038113801e-02
1.080171655700193703e-02
1.102279014749358438e-02
1.112173338192877850e-02
1.125832769709385166e-02
1.152762992703075702e-02
1.155068234375463201e-02
1.165701582664782632e-02
1.179641257258425870e-02
1.200783357808175855e-02
1.211799464072968457e-02
1.203555779029211528e-02
1.204216578924697557e-02
1.205551626024084846e-02
1.198541194367008268e-02
1.212179292894347352e-02
1.226960030799740912e-02
1.233610534515932299e-02
1.208633803523504607e-02
1.205220635619814670e-02
1.179563612365642361e-02
1.186138347611556849e-02
1.190701898814658724e-02
1.175119957810324793e-02
1.114505865412439983e-02
1.065366075664296586e-02
1.034125475819899428e-02
1.013824976254507765e-02
1.025392125338464577e-02
1.032251948687026508e-02
1.043477651785528273e-02
1.056349458318144377e-02
1.088902562348973563e-02
1.138877762195995846e-02
1.170757745147845731e-02
1.164240834254255327e-02
1.150080775813705491e-02
1.175759210877537313e-02
1.192312531787429949e-02
1.229700603848301113e-02
1.208943746625639262e-02
1.263398097476256011e-02
beta3
3.798320885549566830e-03
3.913506372553748891e-03
4.032520487971718096e-03
4.028395965262863282e-03
4.082583925371944741e-03
4.087841136508367154e-03
4.150602747185522419e-03
4.075181510970565107e-03
4.038746736954720515e-03
3.999693218656615729e-03
3.808262631595799724e-03
3.858203178021394654e-03
3.817018442719239887e-03
3.740926169500718036e-03
3.643478734151398869e-03
3.612551620594762515e-03
3.520139724128021688e-03
3.491763846168140489e-03
3.542739187210191404e-03
3.474688124375872097e-03
3.298249939791624355e-03
3.185632828579922429e-03
3.073290451696578367e-03
3.020003247462949274e-03
2.942418743842440364e-03
2.880186027752413939e-03
2.761580040739153395e-03
2.668984411815944306e-03
2.605015539638501874e-03
2.638827008126278136e-03
2.559050925725584076e-03
2.415731062583356421e-03
2.312410555353379589e-03
2.206477539531520680e-03
2.111329706981001850e-03
2.090238543285378829e-03
2.043721666565540690e-03
1.958577702411297503e-03
1.997382378579739409e-03
2.073146467602051801e-03
2.054179758644412209e-03
2.014393435225899330e-03
2.019663883155341927e-03
2.100096227323959217e-03
2.114731423365800219e-03
2.266307194959884565e-03
2.384617660616469414e-03
2.443652569194741837e-03
2.469564583221083888e-03
2.673338370832672659e-03
2.671268111724557637e-03
2.672179128034352438e-03
2.692468030445446456e-03
2.770104365573126688e-03
2.827852195607095248e-03
2.924307397680321087e-03
2.977285855211889674e-03
3.035021530429968771e-03
3.067570027150051237e-03
2.994907202807860561e-03
2.870284750510330388e-03
2.767759321488297633e-03
2.633103650801094792e-03
2.528062773149947467e-03
2.559545789602389425e-03
2.653759000075247860e-03
2.670325198904009885e-03
2.664571607124921210e-03
2.635848478688499093e-03
2.666160444025309460e-03
2.670078967922611193e-03
2.857092184370029972e-03
3.048744348153214091e-03
3.248226848733932852e-03
3.336797829986883762e-03
3.174284451120259511e-03
3.081994398873370324e-03
3.109360796735838144e-03
3.217618383559378049e-03
3.275858583155181677e-03
3.285983400036360073e-03
3.240611941132361725e-03
3.271121403656017564e-03
3.298607641666650211e-03
3.315940558376871510e-03
3.316493829793578686e-03
3.427545239095262843e-03
3.454214920552380139e-03
3.406638498385703394e-03
3.417452799928976867e-03
3.575190164693728932e-03
3.565413952055436139e-03
3.589121041978903231e-03
3.585148277220512845e-03
3.593765374766668720e-03
3.467645614130768911e-03
3.426183671462914096e-03
3.394587915176172817e-03
3.331023755286454703e-03
3.226703713202997564e-03
3.153604232679451183e-03
3.118508565853634219e-03
3.042493225629103355e-03
2.935267153343826436e-03
2.844042179352900337e-03
2.763558428920477855e-03
2.783369612424242776e-03
2.815546631477734187e-03
2.892793319246662366e-03
2.963050885385469860e-03
3.082771245799322511e-03
3.087588717271665291e-03
2.998902166961142732e-03
2.843283032309787926e-03
2.799596549846894693e-03
2.757403990894040716e-03
2.715512530732662466e-03
2.765477944405060791e-03
2.746249048282817067e-03
2.766854140246044827e-03
2.818789444931437543e-03
2.888810122339502146e-03
2.916406327755381722e-03
2.942105100551002401e-03
3.004480983093690133e-03
3.111585465384235100e-03
3.104203008585711826e-03
3.104103502424278814e-03
3.133155103489956503e-03
3.126486915445926464e-03
3.100655127114089991e-03
3.070749756784648191e-03
3.022196741003621741e-03
2.890897481795469751e-03
2.755096928115970643e-03
2.699817179269192995e-03
2.655623028920803437e-03
2.565692313653351615e-03
2.535280169767852552e-03
2.489489835972772888e-03
2.357168197382982118e-03
2.235951332598119096e-03
2.156654194714445125e-03
2.054679570737403746e-03
1.902948790014628161e-03
1.805103487107775516e-03
1.743224056171924349e-03
1.713736973382202740e-03
1.622895134694521228e-03
1.541486205160914631e-03
1.504039293432849617e-03
1.524929159699381712e-03
1.565779045456317312e-03
1.605418029922688408e-03
beta4
-4.958062595036512310e-03
-4.998318752607921155e-03
-5.333693137018436989e-03
-5.317062980950252454e-03
-5.609648379289526067e-03
-5.632398564466560564e-03
-5.997687197284336247e-03
-6.397322384877870451e-03
-6.344434150707369685e-03
-6.102589541769357084e-03
-5.831344565284182768e-03
-5.442512276593883258e-03
-5.495419575511049058e-03
-5.068412642158911553e-03
-4.575894537839207687e-03
-4.204678189327239538e-03
-3.639546534758156607e-03
-2.991417438592419882e-03
-2.397222509709308683e-03
-1.915495372152332303e-03
-1.387192623221043981e-03
-1.108089410462328442e-03
-8.553657333632066085e-04
-7.824342055118573523e-04
-1.037451497945739327e-03
-1.131126808168800421e-03
-1.239716244455694701e-03
-1.230019025000020447e-03
-1.318200457399811877e-03
-1.244254916718959183e-03
-1.270833721379435212e-03
-1.307614007967166769e-03
-1.400757474400848336e-03
-1.541952468817301466e-03
-1.995928689158312126e-03
-2.006798589035606491e-03
-2.519548154792363749e-03
-3.009215518651366626e-03
-3.026690952342048387e-03
-2.971510579490829577e-03
-3.347317300341812012e-03
-3.751994943187895656e-03
-4.178972927849126939e-03
-4.479234331069868041e-03
-4.710262868378395015e-03
-4.667923864685069243e-03
-4.400151200771789534e-03
-4.023823436373134832e-03
-3.643303483794480685e-03
-3.714926522610784414e-03
-3.415181543036937672e-03
-3.052091242403145131e-03
-2.817206198059760483e-03
-2.733916457623844932e-03
-2.589050746269875615e-03
-2.544093967854932359e-03
-3.450424161767506187e-03
-4.074608085251620396e-03
-3.508915150599388466e-03
-4.003764924304578990e-03
-4.410406813183623265e-03
-4.880055024352871612e-03
-5.492518035619337394e-03
-5.786739877259296401e-03
-5.599510963481837966e-03
-5.512476077850204242e-03
-4.829279826128940120e-03
-4.475439922705604090e-03
-4.158431263479166196e-03
-4.106750900526428757e-03
-4.171292477659410344e-03
-4.156652963389939268e-03
-4.408473258148287027e-03
-4.009772085203561209e-03
-3.687012646307270217e-03
-3.997859263113036007e-03
-4.489910261261432362e-03
-4.719695849420500397e-03
-4.721906225664213551e-03
-4.331111889471550569e-03
-4.201488505129199504e-03
-4.202242250911426315e-03
-4.288619181276914077e-03
-4.033857785672027504e-03
-3.717796856463616382e-03
-3.461766989556005515e-03
-3.390451221939694108e-03
-3.316137640473360362e-03
-3.272465745847903847e-03
-3.098748544843420508e-03
-3.173034554890778215e-03
-3.742838746532012491e-03
-4.191043461018154406e-03
-4.536168076295117937e-03
-5.079362933937290811e-03
-5.149880370347480890e-03
-4.968258819471430519e-03
-4.860248072079929871e-03
-4.764796102434605898e-03
-4.864089831482337235e-03
-5.008494872476097065e-03
-5.103790422240093994e-03
-4.879597177963177455e-03
-4.466188369688470217e-03
-4.256546820132526068e-03
-3.743530485996667510e-03
-3.070828386795818737e-03
-2.366714431881731563e-03
-1.850654775111796550e-03
-1.511797685976472945e-03
-1.397711469023707942e-03
-1.340826196347672319e-03
-1.246968604874575982e-03
-1.208735433354996480e-03
-1.196993096761465522e-03
-1.094075816575095644e-03
-1.160657812748309894e-03
-1.067600130768950936e-03
-9.516175599515006196e-04
-8.388670353952103935e-04
-6.714145903221847497e-04
-6.016224157921325026e-04
-4.552332548205554816e-04
-7.664183852858665177e-04
-1.049995670467835296e-03
-1.177643830389110040e-03
-1.153162805693758132e-03
-1.280449533605886384e-03
-1.408673537850951970e-03
-1.526433663645474946e-03
-1.762778080996816243e-03
-1.711685188665701234e-03
-1.641896237220588119e-03
-1.641807321138856945e-03
-1.653082814297339139e-03
-1.658549162123140915e-03
-1.624660113419573639e-03
-1.567462378046265235e-03
-1.264917395344952473e-03
-1.144441092613877236e-03
-1.306439185163781394e-03
-1.431516745303624237e-03
-1.575126338870409207e-03
-1.634713536904188087e-03
-1.808078645666541355e-03
-1.905277704857826111e-03
-2.075781420375393416e-03
-2.255566902878511620e-03
-2.468680331985448253e-03
-2.563053313989454261e-03
-2.562912296887032843e-03
-2.474333506939844704e-03
-2.030859921412842169e-03
-1.568271694267677624e-03
beta5
1.346334335418768744e-04
1.352130833976049784e-04
1.483629252216074992e-04
1.986400646021838545e-04
2.357792793478880088e-04
3.305168891771966531e-04
4.141143708178224520e-04
4.710311642623308528e-04
5.062847977325349432e-04
5.765256911588348496e-04
6.010644829972475612e-04
6.588383278432038883e-04
7.759070961606804890e-04
8.291038458892580326e-04
9.106966751175518248e-04
9.673292055957740830e-04
1.103537820246543351e-03
1.341508636666045341e-03
1.484101139545830877e-03
1.765945993035318356e-03
2.026784132251480824e-03
2.289283695401054045e-03
2.564436952933759478e-03
2.605645612172652163e-03
2.657222639108950107e-03
2.788578109154360787e-03
2.973610210054235085e-03
3.276469725110041625e-03
3.657281528525733669e-03
3.460751825687843376e-03
3.564706710973825771e-03
3.692351182107264131e-03
3.851551175942082451e-03
4.038857102794616433e-03
4.514331023948377035e-03
4.021431291903687644e-03
3.919408685147243721e-03
3.738643685626665079e-03
3.832688168842045273e-03
3.658566335723782356e-03
4.058305725112858545e-03
4.523117646095083794e-03
5.085838365956748056e-03
5.505905409574286119e-03
5.599866823679456457e-03
5.199635851773018631e-03
4.688523441172928047e-03
4.165459446501897783e-03
3.633860131637709455e-03
3.547191600288835452e-03
3.280329692920485544e-03
2.936437293375746514e-03
2.673514309085198940e-03
2.683634921925534891e-03
2.676493750586519428e-03
2.791682827405549648e-03
2.769997749562680758e-03
2.641857148572302090e-03
2.362392670721411621e-03
1.641042010188382798e-03
1.161117700465342769e-03
7.688403683855258783e-04
4.200133497736679338e-04
2.988062420413183963e-04
2.414029877103940954e-04
1.953073199524424483e-04
2.001963463463359212e-04
1.300864385400383907e-04
1.092084570268740977e-04
2.434273569065843976e-05
6.164726390393959602e-05
6.102593146817837904e-05
2.858396469712970572e-05
1.200784148486921666e-04
3.249368493406208994e-04
2.926847562564859062e-04
2.344457958226608182e-04
3.574141718116729790e-04
4.238928237682026176e-04
5.852751856521606465e-04
5.405734301898641216e-04
5.040360239185915237e-04
3.447135538264331912e-04
3.635281422617779937e-04
3.762986361962406077e-04
4.134307821277327546e-04
4.841760459413972867e-04
4.503355233279688003e-04
6.540714051579883150e-04
7.895385246798685645e-04
9.475155651649556443e-04
1.177467144097649795e-03
1.405830988633396776e-03
1.661201989152767244e-03
1.891329600975166086e-03
1.779022134818610597e-03
1.746548672248840256e-03
1.765684920219313513e-03
1.793381117886288980e-03
1.665656943807534464e-03
1.463843164657350733e-03
1.347629906287287765e-03
1.213661050646485046e-03
1.016883887788386318e-03
8.111626726763614820e-04
7.517232323978291020e-04
8.065690938083041510e-04
9.916516066922449139e-04
1.105665379270890768e-03
1.146584309274482731e-03
1.207729946703924940e-03
1.254956369523679231e-03
1.260679538245750280e-03
1.224130819508470989e-03
1.226498961815052861e-03
1.302091034276600017e-03
1.206384635493765265e-03
1.268611263798070628e-03
1.276025947006340176e-03
1.263828274485083794e-03
1.311473425511077828e-03
1.308696353848279054e-03
1.244024128178362280e-03
1.200288281216721660e-03
1.170899738687902498e-03
1.264306105533471265e-03
1.209627813647554725e-03
1.072099488083108187e-03
9.178834280277671813e-04
8.314507800587299206e-04
7.941297150836829945e-04
8.294505875980001186e-04
8.031758690855367658e-04
8.589004594882518155e-04
8.867278707243418266e-04
9.680208413316907217e-04
1.021971077105700287e-03
1.099586208219498337e-03
1.101846395627347147e-03
1.125867618549683492e-03
1.411605585837450187e-03
1.662050491693402125e-03
1.953811062945657543e-03
1.901994787041202777e-03
2.007237462846431144e-03
1.898537696811621479e-03
2.234141603027733035e-03
2.598905898664866793e-03
3.000078663176564218e-03
2.983748136290232181e-03
2.837055560199668123e-03
2.508185637270782600e-03
2.234463190286394181e-03
1.783496375326383554e-03
