-8.172149253094457277e-02
-9.537363040177812556e-02
-1.213435446405930485e-01
-1.125385940550482355e-01
-1.093495054045726944e-01
-1.035682672275603927e-01
-9.219389922904190626e-02
-8.082082334888091024e-02
-7.098878693078947144e-02
-6.298538984922459616e-02
-5.630235104742169899e-02
-5.113926655722843967e-02
-4.408878009248679009e-02
-3.527912006558325125e-02
-2.124092780340481115e-02
-1.464049119427153489e-02
-1.388415981212221852e-02
-5.008711743692027124e-02
-4.802391848997522583e-02
-4.777689776824714518e-02
-4.809663337283513057e-02
-4.867635683959095627e-02
-4.933243630537861857e-02
-4.970112348137068620e-02
-4.989161623461627060e-02
-4.914373217262135718e-02
-4.844880886908096290e-02
-4.767495035726446867e-02
-3.976266078824036709e-02
2.770942978163021264e-03
2.797096197062325009e-03
2.590536347802346005e-03
2.176370783552052622e-03
1.326300820778389790e-03
-9.460844241146837245e-04
-1.291440723836417490e-03
-1.487913205226892117e-03
-1.993300415745802735e-03
-4.604382149269774238e-03
-4.791125302663742404e-03
-5.570223938327775737e-03
-5.789358733365231914e-03
-3.879648695427345782e-03
-3.796826265779461047e-03
-3.523153707616908433e-03
-3.284943958166316926e-03
-1.986845957882341258e-03
-2.534942456141225150e-03
-2.615827473286551266e-03
-3.661308896290764534e-03
-7.617173122018254527e-04
-3.182173798425740941e-04
3.121760796661123580e-04
-1.099476676497720528e-03
-3.183015504430993046e-03
-3.385492116204527266e-03
-3.649027559722769001e-03
-3.376463705138973374e-03
-2.461652653341316749e-03
-1.673573056353375990e-03
-1.566966978377688042e-03
-5.517969148684224610e-04
-1.027138169356870898e-03
-1.814001601888484347e-03
-2.437335125255359145e-03
-9.996559919721200154e-04
-6.174080953017765157e-04
-1.266919261727038077e-03
-1.246364220155087759e-03
-1.131328793622426694e-03
-1.094012662331336587e-03
-1.137827228200119284e-03
-9.096739469669480561e-04
-9.865149115581145489e-04
-1.243445037405893844e-03
-6.627635852108952836e-04
-9.860174593353647227e-04
-2.828651194449423745e-03
-2.994221999893614556e-03
-2.215424711687582690e-03
-2.351659501250690561e-03
-1.863080827962081305e-03
-2.352201526797624131e-03
-2.336253472297861785e-03
-3.680049097211670912e-03
-3.170363919067750984e-03
-3.588561758334884999e-03
-3.062360804663773629e-03
-2.049255225675048354e-03
1.132347082376198438e-04
-2.774400708233002951e-04
-1.116031419674934312e-03
-4.791756083296026532e-04
-3.875448667183584075e-04
-2.088191532617217621e-04
-1.505204004875885290e-04
1.311572842761348986e-03
1.121942234947922350e-03
1.895672625601740923e-03
1.293534951280271615e-03
8.877525472160141540e-04
7.502939163895444010e-04
1.053769717397485357e-03
2.171049723636634971e-03
1.819984204435790313e-03
1.531713151322292021e-03
2.150694487479258652e-03
2.143879054432406076e-03
2.044662039618738453e-03
1.945657920816929376e-03
1.851938518454255894e-03
1.772575790230895886e-03
1.769850144751760820e-03
1.793931259589608184e-03
1.831453774859828241e-03
