beta2
9.999004072760102335e-03
9.977647838080192996e-03
1.005343470669355782e-02
9.823344198041913944e-03
9.683876579644458416e-03
9.409796874821286378e-03
1.028518302928431091e-02
1.090702338102706934e-02
1.041324779321736380e-02
9.871771387194191311e-03
1.009298480559153027e-02
9.851189749138594687e-03
9.249751970954400715e-03
8.762966060001032426e-03
8.783672453638974656e-03
8.589157620033913143e-03
8.542801921049999331e-03
9.171518277792826968e-03
8.483465728216180862e-03
8.301396838805083500e-03
7.943488855677281052e-03
7.886443678020844256e-03
8.246064835328505149e-03
8.539618186708586647e-03
8.845102330584685146e-03
9.030061796394300150e-03
9.212077027046650449e-03
9.288376217427056492e-03
9.590963518576394592e-03
1.030905228404651111e-02
1.096071443963334349e-02
1.049237255870402383e-02
1.150010565821682137e-02
1.142324128693182964e-02
1.195841167302456008e-02
1.194064956655620582e-02
1.157569584030010770e-02
1.148057360249540512e-02
1.065096824490894233e-02
1.015979103308081721e-02
9.838183987260690211e-03
9.512912746949635928e-03
9.599869751919195768e-03
9.632899901896025199e-03
9.791187165487470756e-03
9.568019725809024517e-03
9.853214311229291367e-03
1.015588303718124516e-02
9.836690053725640620e-03
9.308461746948912957e-03
9.028666399167658424e-03
9.643768771901133768e-03
1.027283327156366249e-02
1.075328955971053407e-02
1.107262375168465915e-02
1.163804666982967348e-02
1.204054632597231778e-02
1.241762126696618895e-02
1.321497224594259806e-02
1.413234343331227529e-02
1.547520654255726477e-02
1.570003735014466328e-02
1.577498597728956703e-02
1.474493532049175881e-02
1.387282646251534329e-02
1.307184680383602880e-02
1.208545069749265843e-02
1.171573707767583142e-02
1.129663468562929277e-02
1.076714077618433872e-02
1.015983698341158328e-02
9.807385392070256530e-03
9.878098608902322747e-03
9.549886997938225597e-03
9.701406111891781522e-03
9.692058357984588077e-03
9.805584103904805768e-03
9.602002189620983952e-03
1.013061292816184837e-02
1.066489709180703377e-02
1.185381600881977443e-02
1.207351682169964177e-02
1.279399448735254498e-02
1.274548353446633767e-02
1.268168339865324498e-02
1.328815620810038650e-02
1.422753567986150512e-02
1.320779761003483543e-02
1.297960243310533959e-02
1.301227531881957861e-02
1.333425224359661640e-02
1.379087002188070926e-02
1.397702368220315669e-02
1.391145861989045475e-02
1.415943263604566189e-02
1.484455395621653295e-02
1.498354961773840782e-02
1.498372928943474819e-02
1.473289506706200458e-02
1.411415971024904820e-02
1.350581703509083457e-02
1.327952442539202110e-02
1.276178694438765207e-02
1.225427633376377154e-02
1.195541802773043144e-02
1.140635377845582860e-02
1.055109493679093693e-02
9.912461783406418744e-03
9.692942376897838858e-03
9.572708260703541305e-03
9.931573832391328571e-03
9.734534043871550038e-03
8.720233580297748199e-03
7.822035748870092425e-03
beta3
5.565133905014787844e-15
-1.961765679964268236e-18
-1.469959970241563639e-27
-4.590318254158076565e-13
-4.225894166939885172e-10
-6.266273495275176593e-09
-1.843616369714041811e-08
-1.016798527059839228e-07
-1.251716393109502070e-07
-1.634447973176726364e-07
-2.319442291858199033e-07
-3.902466332798909789e-07
-1.496483343981704536e-07
-2.584561683766250165e-07
-1.741005999083445334e-07
-7.324296683014505437e-08
-3.845575550737147316e-08
-3.375484605275115464e-09
-3.769927101684743252e-15
5.073971976436045060e-17
2.203817346298812943e-12
8.415314273772287043e-10
5.359982990037565285e-11
2.243927733668007879e-10
1.443738360337569363e-10
7.367774000665953604e-12
1.518211828301294176e-13
5.876787155787219589e-15
1.525958187666030968e-13
2.597119789463878924e-23
-3.313204762820923037e-13
-5.693751110959375129e-09
-9.306091885825097582e-07
-1.727734987701428366e-06
-4.636182157884990337e-06
-8.616273224837562539e-06
-1.116553587651496489e-05
-1.725044946587258053e-05
-7.851680082760348543e-06
-1.083069254016905418e-06
-1.675258908972493657e-06
-1.192090003312827307e-06
-3.261062316314560604e-07
-2.137555980334261290e-06
-2.626275222616497116e-06
-4.419522831043800197e-06
-1.395070201262215777e-06
-1.145671963420295566e-06
-1.163033247983000613e-07
-2.071514521745955911e-07
-1.465620473828988008e-06
-7.025587183042106331e-07
-1.088934748745938416e-06
-2.426680487579076233e-06
-6.483857367368191581e-06
-1.581904401084872940e-05
-1.653987849904596156e-05
-2.973101101489506815e-05
-7.850354908905246890e-05
-1.093362155812546146e-04
-1.426385404397714112e-04
-1.621476732526080868e-04
-1.548002088160465618e-04
-1.445771614646577333e-04
-1.609393146365221570e-04
-4.452994669294166335e-05
-4.297340533618342409e-05
-3.528268784696373241e-05
-2.694860852335762610e-05
-1.689622553605522697e-05
-7.199888892913024001e-05
-4.692051447065660567e-05
-3.272625826043185060e-05
-2.325345245898841664e-05
-4.191690206617969104e-05
-3.145939633434721608e-05
-2.554376842230763234e-05
-5.568510939516475400e-05
-5.466610909773736275e-05
-4.785106718428637290e-05
-7.680298348628907218e-05
-7.069932191053969646e-05
-5.373097468548632203e-05
-4.868452418838712411e-05
-6.809886085020444536e-05
-4.494194765482123510e-05
-4.336910273279104885e-05
-7.224251208235936254e-05
-6.412006238501690065e-05
-4.903251869484778899e-05
-2.835100356680736865e-05
-2.481026147058343679e-05
-1.952111302175903033e-05
-1.925283984371528156e-05
-7.086023487078871231e-06
-5.049381724309624081e-06
-6.218453958607848530e-06
-1.741720222051698305e-06
-2.611249998000796190e-06
-2.645493866425014348e-06
-1.278771762590267821e-06
-7.408942755641003932e-07
-2.778018517247816916e-07
-4.863951293893694259e-07
-2.499417162763234865e-07
-6.735049614083220117e-08
-5.782169168413184611e-08
-1.260399604658002619e-08
-5.562655771223105521e-09
-2.037128193011541248e-09
-6.733686013721444577e-11
-9.474842879379619076e-11
-1.042664582712694076e-09
-4.170306953038103390e-09
beta4
-2.047541145410904101e-05
-1.879411362254922193e-05
-1.905282467754518215e-05
-1.022569149650430463e-05
-7.410217842893049638e-06
-2.899700594141909136e-06
-4.790216750019824262e-06
-7.093649361884103298e-06
-2.535018949261041470e-06
-1.798728316973764581e-06
-9.459155208307717052e-07
-2.762830080334752606e-07
-2.409982912180377373e-08
-8.177060962819486089e-09
-1.127546860180957103e-09
-1.833249259194381157e-09
-8.810006225538421576e-11
-3.106979446063311433e-11
-6.510430437923786221e-15
-2.906247712762284908e-18
1.336516226808321953e-19
6.958586193045401247e-20
1.209207710405880144e-12
8.656398376962297001e-11
2.662191851255771329e-11
6.208613117085263192e-12
4.681166781986378370e-11
5.247805246367998682e-12
1.216966017617101998e-17
-2.208645720094649590e-15
-1.389679794152319494e-09
-4.820226107074965537e-09
-3.023307853140861929e-07
-1.440615658543644874e-06
-9.776375053363002890e-06
-2.251259047032905852e-05
-2.404336935605805423e-05
-3.424919158392084371e-05
-3.550978212483916574e-05
-2.307848460383403897e-05
-2.281632710727286801e-05
-1.929522817221538910e-05
-2.560486575191895051e-05
-3.160570299358807868e-05
-3.046901919727869085e-05
-2.813529141400308086e-05
-3.419522102260433283e-05
-4.108584295125725512e-05
-1.064066795275138725e-04
-7.389145527697760446e-05
-4.259711520364781520e-05
-7.087441346729035283e-05
-1.069878404606948929e-04
-1.376886322520952562e-04
-1.572272400838832388e-04
-1.316742457482665985e-04
-1.825127600231016810e-04
-2.086464589172422552e-04
-3.706358262471182142e-04
-5.587017604505679566e-04
-9.217375310193018281e-04
-9.601298543424261183e-04
-1.051744045389671044e-03
-1.043111285827852917e-03
-9.424436399298600272e-04
-8.296954775673251806e-04
-5.988990684029974181e-04
-5.853905970359759734e-04
-5.016624486290518180e-04
-4.975122883224421776e-04
-3.238121517321064079e-04
-3.205261624841912091e-04
-5.902955446284172472e-04
-5.006986410479585814e-04
-4.238229693353306668e-04
-5.307447353147716224e-04
-5.363094282536277685e-04
-5.309646518856982883e-04
-4.816659195094886688e-04
-5.033890261959718523e-04
-7.719153106322080779e-04
-6.839295291021436126e-04
-7.571924233520125821e-04
-6.339476065210873082e-04
-5.384197423901720654e-04
-3.708268342139386400e-04
-3.043375521231404574e-04
-2.515136135625292094e-04
-1.562892512757790950e-04
-1.230956642668046882e-04
-1.327590713352115896e-04
-1.442464862497592354e-04
-1.064164816132658482e-04
-9.418655380289454339e-05
-8.157446408534373757e-05
-6.020923369849028674e-05
-4.615490968087930870e-05
-5.335204062830777927e-05
-4.650098820612390374e-05
-4.659458543927639070e-05
-4.633665800079719843e-05
-4.982056631501580418e-05
-3.847694968291084548e-05
-2.539486430338693519e-05
-1.739178879314414423e-05
-1.119439111547105957e-05
-6.809174167027515819e-06
-4.707996103492530617e-06
-2.915075137724871489e-06
-1.752735048468595402e-06
-1.547114220980352224e-06
-1.272508656359673641e-06
-1.575243293144013174e-06
-4.807376270332905356e-07
beta5
1.229161852753623456e-03
1.307848220171548871e-03
1.144083309688611943e-03
1.212486385701955216e-03
1.349726623691365358e-03
1.625348833342086944e-03
2.032982485284725617e-03
2.578070445361164628e-03
2.453151425974883608e-03
1.958047247510281454e-03
1.498493940510097584e-03
1.249966817296072757e-03
9.759564209843000918e-04
9.091363917419225966e-04
8.694728580859222358e-04
5.380797997920321995e-04
3.124138907901620032e-04
4.591627506425432874e-04
1.296156751278511646e-04
5.971877132325615392e-05
7.503134206061847055e-08
-8.269961139142662388e-05
-2.204210913851913751e-04
-3.716649711809923541e-04
-5.805341268840093303e-04
-7.410232193090608710e-04
-1.022199551376523109e-03
-1.708414021850454718e-03
-3.009682105417402741e-03
-2.650450066678687253e-03
-1.954601009188863467e-03
-1.453303354685493622e-03
-1.202406073394802219e-03
-1.487968784138555528e-05
1.091089006331908686e-03
1.307798685652876046e-03
1.355540201323942456e-03
1.442285439759590253e-03
1.935721889020424174e-03
1.753084477430285866e-03
2.134735306955810180e-03
2.571180062940621631e-03
2.937630923163189658e-03
3.694494236051738042e-03
3.710629738408871385e-03
3.143065706728833449e-03
3.964344771352395005e-03
4.638385225591252353e-03
6.110438904333069521e-03
4.917185187683519032e-03
3.188332695881668580e-03
3.710693553106091461e-03
4.178667337304333394e-03
3.888162134172320518e-03
3.609703686719782298e-03
3.534569749719674355e-03
3.694873524207309932e-03
3.302459603195842877e-03
3.138127494235697611e-03
2.951443807916748902e-03
-2.672529115627801481e-03
-4.963993092813542320e-03
-7.547942124076962439e-03
-7.217964177216587215e-03
-5.955957136754411185e-03
-5.216110144571732554e-03
-3.603902687193967936e-03
-3.589840272909233798e-03
-3.326272795098049809e-03
-2.518423652947915890e-03
-1.822558089072815694e-03
-1.316128251788547220e-03
-2.239224712343171591e-03
-1.293497855222871477e-03
-9.808237765624699522e-04
-6.792546369576023431e-04
-4.521248899120141251e-04
-1.727822348093369456e-04
-9.441974691271759349e-05
-5.870259922738810883e-05
-1.581916950789593050e-04
-7.188357161633857539e-05
-4.549236433464052100e-04
-2.153835464605084976e-04
-9.995286364306406801e-05
-1.693799789320000429e-04
-2.484781447646459106e-04
3.908732927336277261e-04
6.913423429023353873e-04
8.908671574528129883e-04
1.184708326479964402e-03
1.479759234597669178e-03
1.851175632450752836e-03
2.059061855019197855e-03
2.922667979504084933e-03
3.549876905234290725e-03
3.456211256043732923e-03
3.784905233178025366e-03
4.222537040165213335e-03
3.189105610762300348e-03
2.212974909515644586e-03
1.911303875780254354e-03
1.537262554223312603e-03
1.144119845359912579e-03
1.095370963516992127e-03
1.289558211821411867e-03
1.352763500388732502e-03
1.341933631801017768e-03
1.186694904669826755e-03
1.172786466612504592e-03
1.149299918380187763e-03
1.037665933111765488e-03
9.313907836043448622e-04
8.848069299129602454e-04
