-1.605405978225467516e+04
-1.628833561309409561e+04
-1.085889726682228866e+04
-8.144197099685890862e+03
-6.515357563821141412e+03
-5.429464551355179537e+03
-4.653826745341095375e+03
-4.072098343708773427e+03
-3.619642888115084133e+03
-3.257678520669584941e+03
-2.961525892820166064e+03
-2.714732040837151999e+03
-1.376893695175730727e+03
-9.392817072694015224e-03
-7.653319732813373792e-03
4.350070190329974047e-04
3.978376592383573774e-04
4.000905082606952766e-04
4.400756796973730417e-04
4.271764776841281241e-04
4.211289419365925779e-04
3.996851153411683038e-04
4.274591257060077654e-04
4.352434922905009328e-04
4.462345072885395142e-04
4.271700228229551055e-04
4.055274334225787876e-04
4.075161816759766370e-04
4.146181141543384412e-04
4.541134700377625851e-04
4.476915114958747964e-04
4.575501626622622219e-04
4.371695747426057772e-04
4.394279870054008507e-04
3.967854904210917880e-04
3.193094614794708360e-04
2.473768094310456792e-04
2.402206311950591110e-04
2.302153414602808987e-04
2.161220694789744556e-04
2.233138576598542096e-04
1.416958886904742961e-04
5.619501957525564832e-05
-3.725445746169239378e-05
-1.911257152108260260e-04
-4.134360793613889242e-04
-6.846339375595898898e-04
-3.000947389628128709e-03
-3.041184599491137449e-03
-3.060643154077368529e-03
-3.053971929113737712e-03
-3.115189376506341274e-03
-3.152646123182974939e-03
-3.181524230252519552e-03
-3.170837319981090804e-03
-3.187100498380826194e-03
-3.106497835046097538e-03
-2.950412610020350119e-03
-2.747163390643613760e-03
-5.402124786800455635e-04
-4.992184771151317486e-04
-4.578462910215682605e-04
-4.355574386739402624e-04
-3.683973918911604903e-04
-3.473827345721202287e-04
-3.131915041664811231e-04
-2.683880670487801489e-04
-1.879933494995828533e-04
-1.312483626272212343e-04
-1.152127838769417714e-04
-6.200379871866173499e-05
6.072531361757876412e-05
1.195783731774842205e-04
1.088296720645237945e-04
9.304175485737326966e-05
9.677627280505818937e-05
1.142046275264602855e-04
1.100365458430591759e-04
1.081504736078938285e-04
1.115575000321044024e-04
1.081607301256497531e-04
1.138925461188668712e-04
1.087480114279412041e-04
1.351321969857951274e-04
1.675228459844742052e-04
1.799396075637661697e-04
1.800923791811051848e-04
1.420110580967604138e-04
8.729328552635393622e-05
7.018673920032484726e-05
9.315317122643734674e-05
7.306719260829278300e-05
2.970890988968272724e-05
6.336066480730172629e-06
4.944537595602266632e-06
-3.813287589315449469e-05
-1.866722760027423667e-04
-2.296750077035784562e-04
-2.565800960789265121e-04
-2.560023205965124651e-04
-2.259030914973188177e-04
-2.192629859020033900e-04
-2.522110631061389818e-04
-2.472379176999690538e-04
-2.073294328665436007e-04
-1.794970667647147482e-04
-1.679103058932332525e-04
-1.052971358503261107e-04
-1.955995302466411595e-05
3.545855776691182498e-05
7.303919822854697003e-05
1.070655161049883689e-04
1.257095777130407888e-04
1.412875700037015511e-04
1.796205691391591051e-04
2.949536451579378490e-04
3.951198436754884487e-04
4.687321063918199662e-04
4.995985768099221692e-04
4.938650260926643948e-04
4.137517053972869854e-04
4.027325496646849625e-04
4.028816853323856297e-04
4.289753370893829962e-04
4.567497291650912086e-04
4.455577426859623339e-04
4.431329953353870259e-04
4.293347147610482198e-04
5.502627819303683660e-04
6.967249094205044168e-04
7.838341897177304209e-04
9.257659967038446179e-04
1.100463817153980207e-03
1.158772331447678518e-03
1.160320179188018865e-03
1.133487099541287619e-03
1.117529054071657226e-03
1.133475588069441124e-03
1.085117322074504245e-03
1.019711019544707617e-03
7.885146640596854203e-04
5.809413467789355029e-04
5.079378836927221598e-04
4.042866643792544768e-04
3.875605023538903206e-04
3.572710210492086968e-04
5.949522224746659057e-04
6.437145802599734089e-04
3.570585779042805235e-04
2.256295793516097678e-04
1.233739009352758449e-04
-1.446799279415814999e-04
-2.855134009295197156e-04
-6.356655300598221996e-04
-9.781916272516785488e-04
-1.156643329998962352e-03
-1.253290080572689149e-03
-1.293323391363767434e-03
-1.534559631468954176e-03
-1.626088160625397024e-03
-1.434131368037147363e-03
-1.352322093253470253e-03
-1.248329124590116064e-03
-1.003130640325469161e-03
-8.740316187395537817e-04
-5.478995262372609275e-04
-2.379605957467354502e-04
-1.194784357707640883e-04
-8.742008430309754306e-05
-6.094638780896848013e-05
-6.595305863360763669e-05
-3.596675541797416715e-05
2.654057508755328912e-05
3.668785645086623695e-05
7.493010870560902427e-05
1.003527662773303296e-04
1.422874582402994400e-04
1.926762815323427908e-04
2.014171336845644894e-04
2.538143775139225134e-04
2.849660559689737001e-04
3.162859537488831182e-04
3.467042982002683312e-04
3.438197256637009862e-04
3.625033682113517849e-04
4.125365316303600369e-04
3.777311723550090821e-04
3.585842906258717919e-04
2.825524069171173936e-04
1.687239858473602798e-04
1.089381142038305756e-04
8.239861453229338571e-05
7.164387925694481823e-05
3.389593508608634121e-05
-1.923511051723283475e-05
-4.118659460239203077e-05
-8.476514786502646257e-05
-1.007592258620046384e-04
-5.294702892533635548e-05
-5.564688286990816454e-05
-9.441028791242264814e-06
7.568210670709259581e-05
1.030274520140797047e-04
4.355276769704877980e-05
-2.993136145563414974e-05
-6.824261896899837200e-05
-3.958379329224537377e-05
-2.064515653534759745e-05
-1.108674932979374757e-05
-7.167094982757154457e-06
-6.403891137670323047e-05
-1.057168156824603934e-04
-2.109953590812095180e-04
-3.310288599271658545e-04
-3.494160545366136318e-04
-2.904123100755633537e-04
-2.437724119743120421e-04
-2.378234718382720022e-04
-3.024430730470283372e-04
-3.212131984649933976e-04
-3.238739048660395944e-04
-3.488458847354499663e-04
-3.356434301966440396e-04
-3.295639982192654954e-04
-2.273842096271229147e-04
-1.544224829644746261e-04
-1.462809098223183033e-04
-1.815604566407492103e-04
-2.327472591551552072e-04
-2.988681921438537102e-04
-2.513444518607165119e-04
-2.376979405699475138e-04
-2.270504862043883174e-04
-2.120665957714614738e-04
-2.033215717528447629e-04
-2.013049637599094931e-04
-1.929961589676651424e-04
-1.474726959026810482e-04
-1.085915838800021724e-04
