beta2
9.036965101859844446e-03
9.082697819276737417e-03
9.105687415312254535e-03
9.116188321010437745e-03
9.135464068409258551e-03
9.194725180073175935e-03
9.383996103804762012e-03
9.539726065778507749e-03
9.566923725439871115e-03
9.580910221124297466e-03
9.612196835254918983e-03
9.732824206460322092e-03
9.713132046591119173e-03
9.683219260915769747e-03
9.725442998879445244e-03
9.689737399906452053e-03
9.622635111591882479e-03
9.709177447578822354e-03
9.435560490753204521e-03
9.344469468566523468e-03
9.309319280164086302e-03
9.342735020423058659e-03
9.474884637303681439e-03
9.604334011176159785e-03
9.740642613069123990e-03
9.799567818959598400e-03
9.884363999486649871e-03
9.979468760993599752e-03
1.004409863166458479e-02
1.004900462767383332e-02
1.011052771037954795e-02
9.866787422167875438e-03
9.961577317381384300e-03
9.936463803550215496e-03
1.001468451809383459e-02
9.969537106231569218e-03
9.867402575918570590e-03
9.753554621902582600e-03
9.621408275501657642e-03
9.628477356203569981e-03
9.759940202134907705e-03
9.788593785887417589e-03
9.791499089577649501e-03
9.821673601799096182e-03
9.902794251542879761e-03
1.004274898964587631e-02
1.025940926647351745e-02
1.022225279442677895e-02
1.018590049512006768e-02
1.013352766592992560e-02
9.999620484208108367e-03
9.993188667352380025e-03
9.986905051477817583e-03
1.014015812390443860e-02
1.025282760949673341e-02
1.035036583944909730e-02
1.032505920474643610e-02
1.033329947190616410e-02
1.042041544996472058e-02
1.044148742935465529e-02
1.042186369832099474e-02
1.045517411042782251e-02
1.067055529103948242e-02
1.074578827379088844e-02
1.082300698405228197e-02
1.090465862168638750e-02
1.100756636526964774e-02
1.117675817372731917e-02
1.109805185626570184e-02
1.092794533157839983e-02
1.095631734461777716e-02
1.102142913557994930e-02
1.101626632920707158e-02
1.098726912986425566e-02
1.086689679443711420e-02
1.082452280319851426e-02
1.082812459396141277e-02
1.044620143443673009e-02
1.008719496811306612e-02
9.727882616881587674e-03
9.841076084545985481e-03
1.004300492203005074e-02
1.023028690303149843e-02
1.017552524486190109e-02
1.013680164845854985e-02
1.009160108755491683e-02
1.003759413101575418e-02
9.908099994846292224e-03
9.900072267955549454e-03
9.956633647269941961e-03
9.948374255410858541e-03
9.897294264370146491e-03
9.738265904977450038e-03
9.727998574822236538e-03
9.712812118890358851e-03
9.598320038550165259e-03
9.506893392222716746e-03
9.525091279848886539e-03
9.469171178509479953e-03
9.373432757954991423e-03
9.258353964793715821e-03
9.109210009631898974e-03
8.987444858718170171e-03
8.870219047258891612e-03
8.812277316215623435e-03
8.702774241147407525e-03
8.712355814857906597e-03
8.669295751256120286e-03
8.741656757311198553e-03
8.774306894313299576e-03
8.869016324082134792e-03
9.003580489379679752e-03
9.100750710399715948e-03
9.202689639321961698e-03
9.295143647038529161e-03
9.446733735712104646e-03
9.546444390003051839e-03
9.739606682069181995e-03
9.930333021619712486e-03
1.011880169258608589e-02
1.022455474418587640e-02
1.029410839188342128e-02
1.041202745062152699e-02
1.049064961596751430e-02
1.048264666101829737e-02
1.046387381382620982e-02
1.045275590962530324e-02
1.038261287199191557e-02
1.032504991361014174e-02
1.034482974301171448e-02
1.036039280800594986e-02
1.035171702538049271e-02
1.030294306041908137e-02
1.025325521199673545e-02
1.022067760606268014e-02
1.027522853697717536e-02
1.037886091839245947e-02
1.052233465757470773e-02
1.069994853372887612e-02
1.093091816398829297e-02
1.105444374772834165e-02
1.118749871427726465e-02
1.136737686605985252e-02
1.147769545675488348e-02
1.157410516281608820e-02
1.174432156618042053e-02
1.197946266241971952e-02
1.192208601615615468e-02
1.183940505658957927e-02
1.198307601675489137e-02
1.212984163312321589e-02
1.229065238572682808e-02
1.229888116207122732e-02
1.246549115595383707e-02
1.211828172382222249e-02
1.176726424467037374e-02
1.164148780125525556e-02
1.173295274648303646e-02
1.189971454743575865e-02
1.187457454752757421e-02
1.176658296765885521e-02
1.168117306535612632e-02
1.170149010595034761e-02
1.166931633405800250e-02
1.166528789585465770e-02
1.158573243240569248e-02
1.163532011627646523e-02
1.156249660027730899e-02
1.139345206595392124e-02
1.120685266405994397e-02
1.097226032673248933e-02
1.083351556110588934e-02
1.062027848636496602e-02
1.030058991368172465e-02
1.026649000708709618e-02
1.024991125893233088e-02
1.019314204698823327e-02
1.009835184464167104e-02
9.996789950008404257e-03
1.000011955960319887e-02
1.007144926267039726e-02
1.004069747092585160e-02
9.995898346359862255e-03
9.978375365989937407e-03
9.979304701959110235e-03
1.001157231851106805e-02
1.009383896170791203e-02
1.018040269299022929e-02
1.005340896162154087e-02
9.991460722726011601e-03
9.954732615889982233e-03
9.941109808905133904e-03
9.998135160900091870e-03
9.855675974544893941e-03
9.800651503454448771e-03
9.760737821251912194e-03
9.587074411016928074e-03
9.636681100701417063e-03
9.657808253798416676e-03
9.585211997356278893e-03
9.534511922968599840e-03
9.499407033268365136e-03
9.398373622924208540e-03
9.248945813759776313e-03
9.281478892696669314e-03
9.281891257061580802e-03
9.355403158886377996e-03
9.503102544754928049e-03
9.634559637479077343e-03
9.732765486890910395e-03
9.882549252467027340e-03
9.976366954455730129e-03
1.007739058853766509e-02
1.013802786888626239e-02
1.026167128192970526e-02
1.037196178912330388e-02
1.045168840231187196e-02
1.031725522010797438e-02
1.021772917574934395e-02
1.010880704587752490e-02
9.913105938135595430e-03
9.664119039173057688e-03
9.570866048517234423e-03
9.513127990808599790e-03
9.452879191213419199e-03
9.408082687288512463e-03
9.405098128889718967e-03
9.479470481564444828e-03
9.570345286931092668e-03
9.676856896069951919e-03
9.758235017769921471e-03
9.881969850052640253e-03
9.995022340419053297e-03
1.021540548585194927e-02
1.043636224413014603e-02
1.068717112231239511e-02
1.082029380502625739e-02
1.076853351716159507e-02
1.065866397802542852e-02
beta3
3.305218753808302422e-43
3.841394035891512496e-25
3.461946544259106440e-25
1.105743706559737491e-21
4.331918022742146326e-32
1.664240510069586676e-20
9.268377203593145521e-20
1.043308718105845186e-18
1.578784537477962640e-19
6.018241256036140972e-20
3.102311406490907178e-20
1.203124925144487204e-26
2.521791869402826664e-20
7.431913846539161490e-28
7.635916639464118287e-21
2.420425159986057074e-21
5.604678629780693101e-20
1.028492327651450488e-18
5.519308023364374360e-19
1.316288181282217187e-18
2.438146062707051047e-17
1.164879155114342356e-17
9.592296882955378397e-17
8.514884637292000927e-17
6.047976875067085556e-17
8.484440616233973952e-17
3.925071045042592432e-17
1.932579260179221752e-17
1.764442437814584875e-18
1.497850265360990170e-17
2.716844223952216533e-17
1.553384395202531601e-18
6.653959056257269152e-19
2.721388549898252219e-19
5.962383663564134469e-18
3.895579349049591751e-18
4.578062907871047128e-18
1.508880014558544965e-18
8.187642896550851709e-18
6.562332993518564151e-18
7.571907916892608336e-26
1.570888601586966770e-17
3.392227348896368338e-18
4.313987326012284098e-18
9.123187045423767546e-18
3.748579420340248227e-18
7.166096600091576187e-18
1.323809796277955020e-17
6.407180137987499297e-18
3.188845520416960203e-19
1.520261778040025345e-19
4.921290460123020550e-18
3.684151580711921122e-19
1.658692981284471951e-23
8.970422344510843315e-20
1.261804995020822768e-21
8.724721333030288381e-19
4.627348166662549161e-18
7.436703613984346163e-18
8.770663967415623945e-18
1.265470328134137955e-18
8.724405362698882338e-27
2.640361243619382731e-40
1.539946394036653157e-20
4.774695475442296243e-19
1.992994102005904851e-40
1.979151440264497026e-23
3.058123903469059126e-21
3.460342233612699070e-18
9.101721468352859298e-26
1.645850749619280445e-25
1.724978899058363990e-26
1.760844671018371884e-20
4.179132871904133101e-20
4.364033345171532110e-20
1.032574099057582217e-20
2.822649847966462466e-20
3.657213203804639888e-18
9.873213985540878791e-19
1.357688381740508863e-18
8.461210547841737216e-19
1.045870886039336959e-18
1.393855780001725668e-18
7.950994749296808856e-19
2.159981824300462838e-17
2.041735034136890579e-18
1.523372605912613706e-20
6.605308411226532874e-20
7.748160910520042963e-20
1.115965132645068233e-19
1.109105697066551396e-18
5.674711137496008842e-19
2.177827053871950039e-19
9.907291729709102210e-20
1.422667013282708840e-19
7.311244678529381110e-20
-2.013520469321170841e-24
8.065448309199221763e-20
3.446055454554539287e-22
1.152904045916368918e-19
8.142698456351178085e-36
-1.869217459973505212e-25
-1.525600333398218627e-20
-1.281794904027253191e-29
-9.958790335431848083e-28
-1.291855701326310055e-20
-6.043975150280492226e-20
-3.011901154707690742e-20
-1.722592739554809283e-19
-2.507109017624501158e-21
-1.395798422578780597e-20
-1.892908159579680646e-18
-8.614224690000274757e-18
-5.465949568873982735e-18
-2.855022043432680661e-18
-4.991769308831417138e-19
-1.044120210077788404e-19
-2.080580735550124519e-19
-9.473659938612325073e-21
-1.686932016247935460e-24
-1.082660346483002872e-21
-1.416688615926425578e-19
-6.526604473797396776e-19
-1.190164686464734446e-19
-1.028106936403106637e-20
-9.715002251054112450e-21
-3.090852054942912304e-21
1.225258801707578167e-32
-1.062945093445506890e-59
-8.016789031746812961e-22
-3.124622161022265301e-29
-2.568994763732815628e-21
-2.285626730827611932e-21
-3.079770202365855139e-20
-5.335747573195929142e-20
-5.981265450471963956e-25
1.523881153704092741e-34
-1.813535583654095140e-25
-1.246616075585106869e-20
7.471163842375688008e-56
1.238081680627168827e-92
5.596305235511340949e-26
-1.039631187695256988e-46
8.446530569255258076e-22
8.661613491387797265e-19
2.044211196953336710e-19
3.843552010228744647e-19
2.578049285720275359e-18
5.291290912254532959e-21
2.476753804522959529e-20
3.555058880276453232e-19
9.624418905491419201e-20
2.005102228837814252e-18
7.171259131695417497e-18
3.672733817659551175e-18
4.311292464060353168e-18
1.630559895447130754e-18
2.514098117185613324e-19
4.488452466222574289e-18
4.957987173658223930e-19
5.053210344533561239e-18
4.140649187116347733e-18
4.769120407397032275e-18
4.073320161165289413e-19
3.435332811561660637e-19
6.621453736657948632e-20
1.138817445090898338e-19
2.555167456702496930e-20
9.157847744053249152e-20
1.664473491921099596e-80
7.192823930782235387e-20
3.907003820852855484e-20
5.363657425962374543e-38
-1.012677552558260793e-20
-1.738038482863079638e-20
-6.838006679187518673e-44
-8.072983434613973951e-26
-1.414354286445384466e-20
-5.139456486648492523e-19
-6.853237964534400662e-19
-3.200072988583769752e-19
-2.574249081981734695e-19
-2.349228283922314175e-18
-4.035020216437341400e-18
-3.517223380386192811e-18
-4.193372684998950888e-18
-1.058849714876634451e-18
-1.152899344478205021e-18
-1.205108704232229603e-19
-3.190099204411630119e-18
-4.992113563587024350e-19
-3.885213582723557836e-18
-3.339788058161754871e-18
-7.058943701427515314e-18
-1.103622111140940394e-17
-1.888483097220453466e-18
-7.764457241733208505e-20
-3.967346403432660115e-17
-4.161544411829572451e-18
-2.253810839935953772e-18
-1.940402268873237844e-17
-1.598140898942394579e-17
-1.540454946434355918e-17
-8.381319239280880829e-17
-3.864148806001640066e-17
-2.307798091036785366e-17
-6.106043882986073565e-17
-3.328538600134688215e-17
-1.326782621770997423e-16
-9.052157481405624224e-17
-2.038887775179529646e-16
-1.076760010608725938e-16
-7.415413788164781358e-18
-5.406423586630977041e-17
-2.310261234872346904e-17
-1.941930969450995451e-17
-7.372248861034751851e-16
-3.740238468168725712e-17
-1.809274733024443751e-16
-1.351180275393298928e-16
-5.543313002256466256e-17
-1.385759123494788775e-16
-1.604681603380568335e-16
-2.752639840827269927e-17
-2.535471708797433415e-17
-5.042737938058822681e-17
-1.677001862919623805e-16
-4.321611679838546449e-18
-8.162228878265833252e-18
-2.231591290568952312e-17
-1.029471548302183991e-19
-1.083497786405575243e-18
-2.585184520505535159e-22
-4.420910925392290946e-19
-5.630924239891998349e-24
-4.194804403651258819e-21
-3.677863292436936798e-19
-3.742831843443609984e-24
-7.967558347880682003e-24
beta4
-1.557490752878385419e-03
-1.580805683955412936e-03
-1.697141820718768655e-03
-1.651815378001026801e-03
-1.600502633286627740e-03
-1.528907942171403101e-03
-1.741757977475824701e-03
-2.002387213238281637e-03
-1.952858007652202898e-03
-2.186333119066325749e-03
-2.345975223647596246e-03
-2.556820033018965613e-03
-2.718173050829351955e-03
-2.548040463644875644e-03
-2.500455467709885096e-03
-2.400757796293531438e-03
-2.377775158421580916e-03
-2.281347773199806674e-03
-2.190483702747658256e-03
-2.190353313950979715e-03
-2.205566634940664232e-03
-2.311864160209739852e-03
-2.366505478072429818e-03
-2.358299391861416912e-03
-2.420978706424181150e-03
-2.398028748778399926e-03
-2.434657031676807672e-03
-2.521092335254356345e-03
-2.725990737888991412e-03
-2.724358619454994752e-03
-2.846893281538695215e-03
-2.542050952327420607e-03
-2.945792027256571161e-03
-3.203570474650596373e-03
-3.772046318440181595e-03
-4.043492122847816214e-03
-3.831692541673548287e-03
-3.689861142947254303e-03
-3.671153646588462376e-03
-3.188734081011983506e-03
-3.313604624082884705e-03
-3.018983832288722139e-03
-2.934098636683681906e-03
-2.835917299764421917e-03
-2.619793976028302052e-03
-2.502469826538896141e-03
-3.182953443828006115e-03
-2.925208060595840300e-03
-2.750910740853539180e-03
-1.560247639152308836e-03
-9.376041585596562667e-04
-7.380437582230666566e-04
-4.614533480396832430e-04
-5.371358488917929051e-04
-6.134996811348819926e-04
-6.695079992899027367e-04
-5.077623623026251108e-04
-4.531258041551853352e-04
-4.782744016102838695e-04
-6.792191435539166955e-04
-6.288343673196842079e-04
-6.575075601122607090e-04
-9.085918232858564147e-04
-1.047725169257791595e-03
-1.027503998733074030e-03
-1.083601215491043421e-03
-1.352055703842284379e-03
-1.716467234043851956e-03
-2.070260249441596700e-03
-2.114225373982704138e-03
-2.207637447824506785e-03
-2.328913792161152376e-03
-1.982337083537379085e-03
-1.739568152390440691e-03
-1.602674771600625520e-03
-1.503145074986807347e-03
-1.462062479677230745e-03
-1.319269544271860304e-03
-1.114917636776012119e-03
-1.018647400906646334e-03
-1.078844928804682281e-03
-1.238844553927264964e-03
-1.413129817371604376e-03
-1.353791640096630670e-03
-1.242337751529749715e-03
-1.163408772256565877e-03
-1.169998047145602311e-03
-1.134530323729579081e-03
-1.133380439720376017e-03
-1.092626189048221058e-03
-1.031517666032068931e-03
-1.076613726115079658e-03
-1.113098319605820841e-03
-1.055934944367941178e-03
-9.934228438584992351e-04
-1.041979374304140369e-03
-1.113185028379862305e-03
-1.105459326459937684e-03
-1.103662607468897279e-03
-1.148420764894009065e-03
-1.176243726249578698e-03
-1.347342870718999143e-03
-1.700846464547941563e-03
-1.863359055251606437e-03
-2.027660026150032366e-03
-2.141385961425934514e-03
-2.124811233583883893e-03
-2.107707877683002128e-03
-2.179728690087636908e-03
-2.156260596644518635e-03
-2.533641613186425352e-03
-2.828667548424027532e-03
-3.163306466187129976e-03
-3.014643740956287656e-03
-2.912856550302770926e-03
-2.959239568210115037e-03
-2.972698582256243401e-03
-2.865898603598676219e-03
-2.758192174589316984e-03
-2.699767408793101852e-03
-2.780754754152147713e-03
-3.014443135227682681e-03
-3.270325435610269352e-03
-3.783692502895968750e-03
-3.887347066873053734e-03
-4.410148703758136855e-03
-4.610394346405703031e-03
-4.678412182707049859e-03
-4.782676667894648903e-03
-4.741271534393742826e-03
-4.910016218019118070e-03
-4.792044193597606340e-03
-4.786057652364887616e-03
-4.823660624294199249e-03
-4.913827352777034967e-03
-5.204677587675841585e-03
-5.419152838767872862e-03
-5.637569800484541760e-03
-5.489827293698732943e-03
-5.615453065003421333e-03
-5.306929776234014726e-03
-5.328547848680911456e-03
-5.366804075878831189e-03
-5.522073691671170598e-03
-5.492236645694130275e-03
-5.572214801021683692e-03
-5.701772054608363755e-03
-5.811372188016666017e-03
-5.898511833046795119e-03
-5.842339937664559057e-03
-5.801341547978114931e-03
-5.560879471682239616e-03
-4.957764355349223058e-03
-4.240272337506382008e-03
-4.856775585419421948e-03
-5.769986134267254818e-03
-5.713156400493986549e-03
-4.933863435563476049e-03
-4.175866948829563829e-03
-3.814480604868306785e-03
-3.538215913455261021e-03
-3.479513903049614304e-03
-3.280229460858825018e-03
-2.987103679788278253e-03
-2.817436274344786891e-03
-2.845372460160218615e-03
-2.848340449875716093e-03
-2.978522662269269747e-03
-3.019577738548512563e-03
-3.068477242528408824e-03
-3.276987275254505255e-03
-2.851444315210912780e-03
-2.586484014617860747e-03
-2.627870510863199432e-03
-2.659932076894566937e-03
-2.651461476907698150e-03
-2.544592905904097431e-03
-2.393062736283569324e-03
-2.351432022548404638e-03
-2.211299599336199496e-03
-2.022157579900296306e-03
-1.989368822286830679e-03
-2.058526519276201658e-03
-2.116003757160063795e-03
-2.267847281677531912e-03
-2.420257458983314340e-03
-2.411696477920592489e-03
-2.503752428789126315e-03
-2.679792530163541391e-03
-2.851102158703102633e-03
-3.037369363410011985e-03
-2.941153181193840484e-03
-2.974561775761317729e-03
-3.075868022950019754e-03
-3.190622282727371625e-03
-3.245442637316128549e-03
-3.353002891902409459e-03
-3.337498708362033467e-03
-3.383524344909239791e-03
-3.547887756700975753e-03
-3.700281959871210002e-03
-3.638428437921480737e-03
-3.499351611206584847e-03
-3.618984527806692452e-03
-3.593005751707145558e-03
-3.602562781722146341e-03
-3.574255060109777539e-03
-3.605678130758231681e-03
-3.524334445412898031e-03
-3.569153826071667923e-03
-3.582851526572981143e-03
-3.662553898469401992e-03
-3.751387480611708541e-03
-3.908076684787184334e-03
-4.129321876222887683e-03
-4.369683017011112211e-03
-4.837738650157386543e-03
-5.309088298429869360e-03
-4.902185246331296382e-03
-4.546168762044432501e-03
-4.086535440873675755e-03
-3.682400508204697245e-03
-3.365725449980065329e-03
-3.058658751180288668e-03
-2.823574108694576045e-03
-2.662720044800716453e-03
-2.806743923347215959e-03
-2.960193861083293063e-03
-2.939923229044709950e-03
-2.942804403850597314e-03
-3.025602242851948252e-03
-2.920766671720643939e-03
-2.929354867910046248e-03
-2.777611575116041738e-03
-2.719349269651193113e-03
-2.736612010658153859e-03
-2.676358755266598603e-03
-2.567760789631449297e-03
-2.546551150867355263e-03
beta5
7.696095557193417400e-20
3.422709512128404078e-19
9.758327764966414542e-20
9.718241152367198422e-20
9.521828967481469050e-21
6.113784826608531703e-19
1.143941758083140758e-16
5.445349460123273688e-17
4.714066826905076855e-17
4.239466757037262507e-15
9.202328440072775643e-16
2.491055415592820225e-16
4.716945120657988832e-16
4.456078066373920953e-16
5.782195554074548791e-16
6.506178042831202959e-16
9.811268252884288556e-16
3.508753026656981740e-15
1.749788470052525376e-15
2.278577921481414535e-15
1.573219277760087918e-15
5.108990283036341564e-15
5.412783176832985158e-15
2.480257228599495300e-15
5.374974555471274004e-15
7.651510887916383465e-15
1.383574235407666024e-14
2.823782739818097949e-15
7.666618228703699829e-15
6.477535775300400904e-16
1.799550466930828317e-15
7.628270043140163775e-17
3.264676465691997341e-16
1.123890567425121621e-15
1.316114295860468194e-14
6.427341198205061209e-15
2.051300341364614154e-15
5.932337428129210982e-16
3.548977385620131360e-16
1.190142586548665562e-17
5.689619095724579797e-17
1.016866241839653891e-17
2.009292612975073390e-17
4.185238969180028837e-18
1.281609150270948167e-18
2.645248866243126082e-18
2.715885426960107264e-18
2.337609293781996038e-19
1.583535717428467733e-19
5.238132821269135008e-25
-1.742542482924019058e-23
-8.887650641263255924e-21
-4.887280871152909948e-19
-1.266903818038594479e-18
-8.815594598906084435e-18
-7.027770145316869392e-19
-6.761197490012595266e-18
-3.244511672509814869e-17
-1.372843113203543597e-16
-6.556015559253456349e-16
-6.744991771163085230e-17
-1.446285304150917686e-17
-4.281985477536240333e-17
-1.601808527123139411e-17
-1.236541750498135935e-16
-5.597292033324602639e-18
-2.167588665853964934e-16
-1.259255561097526682e-15
-4.855692591472650812e-16
-1.127149379086878659e-16
-8.539761156178017762e-16
-4.335369636710561201e-16
-5.103765650776070015e-16
-7.343171937418944356e-16
-3.010665981835439320e-16
-8.298294386656546380e-19
-2.584736728408306154e-18
-2.070734475640833341e-19
-2.050060164278801875e-20
-2.663677276449015374e-20
-7.449256232569543904e-21
-9.091191327749068378e-20
-2.043186416940212137e-18
-1.758197621630861564e-18
-2.748556129457893612e-18
-1.772045802646128832e-20
-1.232243261839263131e-19
-6.910214766618482742e-21
-7.040524972865213387e-20
-1.083933167317201419e-19
-3.935160672100082519e-20
-5.215068632812535559e-20
-2.458473994267530559e-20
-2.627112533513844852e-22
2.256952135831968054e-23
7.550933835811168292e-22
1.844513885031629047e-23
2.727411461731163816e-24
2.050651976618361257e-21
2.041750880025202769e-21
1.077672189301922386e-21
4.531410706799383622e-22
7.893503808959920453e-24
2.760016321663746409e-24
1.450415154724223341e-23
5.944406315688797346e-34
1.848202846467540829e-24
2.390416549268376446e-24
4.796619203380393332e-22
3.235571506724185843e-21
1.086319128995102810e-20
1.042702987463717896e-21
3.416939571866628413e-21
7.752261924282834627e-19
3.140225874326497925e-17
7.357617613353061259e-18
1.282121375052430037e-18
2.996561650837000745e-17
1.050654929785449628e-17
1.778762266264616382e-16
1.250175816586076733e-15
1.789508571325996418e-16
1.903387072037300821e-15
1.110136882766532532e-15
4.272569944483071218e-15
1.958147036627846643e-15
1.274153697919173550e-16
4.105402380757769952e-17
3.174780341928945096e-16
4.719621984202026641e-17
2.835294181774966230e-16
1.485957471646287680e-16
2.825366979710057279e-16
5.462124467336912555e-16
8.110290057384747307e-15
3.185655094691580507e-15
3.173387631285822482e-15
8.511320330468618447e-15
4.097481292789341398e-16
2.038004356914871484e-15
1.176791445855332716e-16
2.475718689644088998e-16
4.734216832957870667e-15
3.714864131705778219e-16
2.985713275142098458e-16
1.279765039967504396e-17
4.593812627415187533e-17
1.127920147795964932e-17
3.169719752716619559e-17
8.198363167446981297e-19
3.542550170760425032e-22
8.318759847925247100e-32
-1.725363610323206133e-22
-1.802313821193605521e-21
-1.426148261730219106e-23
-9.907624486653120908e-25
-1.964469470725055039e-22
-2.093791934226662875e-24
-1.920827330078196359e-20
-3.483044207436887842e-20
-5.205432348955603154e-20
-2.413748397545312435e-21
-1.428217587079129719e-23
1.408741107337704589e-26
1.260157619892649633e-29
3.850746803078041828e-24
2.225277331453091500e-22
2.135010604913608359e-21
4.646722601944709021e-22
2.858299385759911169e-24
-8.417934630300197444e-34
3.768378537651926576e-22
5.644563150056776482e-24
4.617737240410099332e-25
-1.087561187580965642e-25
2.402244354876145639e-23
2.208612740147340831e-24
5.959539012646683486e-22
1.609224927747730224e-21
1.415706896286021598e-21
6.462023669354681315e-23
3.519798530328335908e-24
3.916290889239693972e-22
1.011513652431324341e-21
5.832772764122782116e-24
8.629940883555527597e-22
1.852497988936109809e-22
1.512911090784838332e-23
2.502129608284320390e-34
1.606739129559917186e-21
4.785288471333965739e-24
3.132405246462143562e-30
7.489097960087792595e-24
1.384332525351553397e-25
1.015283942180970630e-22
3.095921066174335024e-22
3.505925107125398966e-24
7.168899725144369845e-22
9.626607514687296335e-22
2.360029004169139376e-20
1.018538875553206047e-19
7.871319701895694896e-20
8.029751942024847472e-21
7.286084627709340808e-21
4.599150127190929396e-20
6.946266183237000975e-20
2.653765417393160908e-21
2.893252706541029499e-20
1.309957582053169174e-18
2.667415970944159418e-18
1.476389230587167913e-17
3.671597356764873996e-18
1.102766051529777030e-16
5.521310474032761563e-16
7.320415355542379726e-16
7.425435126548523020e-16
4.053207335321046995e-17
1.782844107334482630e-17
3.140005499848014719e-17
7.303432752018936738e-18
2.355834625436586113e-17
3.257779212208895486e-17
1.053224867171472930e-17
1.257460437946383299e-15
1.343592605429695629e-17
5.596932489678027933e-18
6.140971120900908239e-19
1.599840584232238259e-18
1.058577888289772992e-19
9.463507080686562789e-20
4.889663555697537669e-19
2.273784833804740648e-19
1.440243131638901086e-21
7.684697846869387897e-28
2.262892937795120876e-23
7.210934420967408515e-43
-8.911731568130964573e-22
-2.423300505278871786e-25
6.142007017324717423e-31
