2.175876915876717947e-18
2.228348704671591612e-19
2.335834828114234257e-17
3.227803931117743770e-20
1.344238849943630817e-14
9.815731145776285218e-23
4.985294500196255521e-25
5.701152539277641576e-41
-1.308973506520376273e-33
-1.358057247599777313e-23
-8.522441535492962299e-23
-3.011436629922379236e-18
-3.210379786182224521e-13
-3.255992262979146805e-14
-2.335949021700383240e-09
-6.288536277190337289e-16
-9.550270311209086380e-24
-7.324044322381019518e-42
9.225114414800320535e-42
1.733241646760213894e-19
8.557381315601482901e-19
2.092581144289158629e-24
7.178950467613271226e-19
4.096728847508342179e-19
9.856350067437192681e-18
7.568693656883762508e-24
1.540539529637053984e-30
5.075382459009462366e-19
2.148233664783410442e-14
2.833692662454714864e-16
3.548713081327454833e-18
1.859981767918405809e-14
8.978450720468729763e-15
1.060973573094788451e-14
1.454596536235766482e-07
8.067719617121580016e-15
3.648685295635998388e-15
7.787112435102562922e-12
8.985578485479246450e-17
3.737275259909005766e-13
2.676350337504121829e-16
4.513922440451489218e-19
2.760141429037023119e-19
2.824893337092209702e-14
7.317282590252969528e-18
9.477682116573682573e-18
8.391097011333041574e-15
4.841374102897968451e-13
3.808735623070226036e-18
4.278788215886934762e-17
2.242900797098484616e-19
2.148777693461138416e-32
2.124634292090447240e-31
3.126612704791808833e-45
-2.885441364860796290e-82
-4.459133567932984068e-48
-8.575743203343336076e-32
-2.966857136684916348e-30
-9.524675066567462155e-29
-1.498972501765431598e-45
