-1.044818025998014920e-07
-5.381673920941641995e-08
-6.592224815417381289e-07
-1.594051708379982984e-05
-1.692352874913447775e-06
-5.674250295871607745e-06
-3.199764743030687957e-06
-2.330965811803745426e-08
-1.433009622596979442e-08
-6.090425161536236242e-11
-3.989194832103062392e-19
-1.732018868464047150e-07
-6.288055981645942534e-06
-6.637114403081726182e-06
-9.849032162049758238e-05
-1.269756652182490119e-04
-3.289289755729811558e-04
-2.669865445038278038e-04
-5.705537003675080314e-04
-9.243593665471915022e-04
-1.221070116589055565e-03
-1.220925706090320202e-03
-1.347253823990448001e-03
-1.027376867287677856e-03
-8.172127188938924352e-04
-6.992885002864542487e-04
-6.354186190020008141e-04
-5.259936409098414645e-04
-7.133520722051758627e-04
-3.331038005282683069e-04
-3.874551445457932860e-04
-2.362989261515200789e-04
-3.201455055965654606e-04
-3.319066977176434569e-04
-3.033927886962310846e-04
-2.294341563042006065e-04
-1.401768263310139710e-04
-1.748211339200918930e-04
-1.194139187127477264e-04
-4.115434309865506336e-05
-2.711176511724112801e-05
-2.159892252552580446e-05
-1.471246195782872954e-05
-1.011702528430610638e-06
-1.498865720319523922e-08
-3.038234673260930905e-17
-2.517762636644900202e-17
5.460531226816633248e-38
2.942257408176718933e-58
4.443774349651277319e-46
-4.820810838234683202e-30
2.778190815702110766e-18
-2.211036932167479753e-40
-2.035946658762569345e-41
1.467393371749635003e-51
2.245791105316789626e-19
-1.884146584710830264e-27
-9.609569289225839859e-12
-2.811365592807228201e-14
-2.487331071080803972e-08
-2.517516371947052104e-07
-1.833387312135836115e-05
-1.585848951450485848e-05
-9.045700795741392779e-06
-1.282460791115562833e-05
-7.343787795212474595e-05
-1.256462832220012270e-04
-1.354302143046345267e-04
-1.475347381934810067e-04
-2.175551475574241515e-04
-1.491860532416303337e-04
-1.408555648639832304e-04
-8.249577345592935823e-06
-4.900741641285351959e-06
-1.087497744437348561e-06
-5.107780302401503304e-06
-3.252261413729396877e-05
-5.185227893107768882e-05
-2.320124982440185263e-04
-3.661768465480781773e-04
-4.741127655549975993e-04
-6.194174977538476155e-04
-7.624546350943222674e-04
-7.242892247690879215e-04
-1.243536197730918391e-03
-1.641562727976309932e-03
-1.372233801766712096e-03
-1.849137893250142519e-03
-1.928653979683472158e-03
-1.998378604293894745e-03
-1.844630648497085556e-03
-1.614509653233302819e-03
-1.391706479232948396e-03
-9.510747656007362315e-04
-4.675351742587469063e-04
-4.777692581550430908e-04
-1.856562595847060517e-04
-1.311048571787053999e-04
-3.709173306763460191e-04
-2.422400210642730047e-04
-8.655307658807965155e-05
-5.578217959604334124e-06
-8.963153816147037890e-16
-9.046586129009516087e-24
6.377567133468251234e-12
6.781909012287787743e-09
1.249498178808759699e-05
1.378079909618800696e-05
3.350490603054307779e-06
9.571792992986773800e-09
5.103163478173919986e-06
3.237477277755873285e-05
2.654436780158352886e-04
4.872993954979254905e-04
1.227073709405636197e-03
2.241999487840755367e-03
2.467280695076341616e-03
2.956131138266703071e-03
3.651859536848094112e-03
2.697665822494599470e-03
3.083883703659373761e-03
2.341162054386071965e-03
2.177564744746421539e-03
1.585270599604066220e-03
1.736636321126433773e-03
1.652398224258090631e-03
1.686326166511797550e-03
2.410920119800743534e-03
2.615616427823358632e-03
3.397901745015472971e-03
3.088502210126352863e-03
2.855068275954390083e-03
2.558036943348916421e-03
