4.324227191047111595e-29
1.494109448679704890e-21
4.942924222803997845e-17
6.789992721987058101e-19
1.583187895355780474e-20
2.271979786309938652e-20
2.671880013307032754e-21
3.021975724394397461e-19
4.070304625377048045e-20
5.611382532846281786e-21
6.572316653123828795e-27
4.711782652330361276e-34
1.477362500037918210e-52
-8.918283074794498530e-43
-6.712717148904273687e-20
-5.471656663279473914e-14
-5.618479325506995760e-10
-3.843523306054248557e-55
-5.922899683682879055e-25
-2.261773222765212947e-15
-3.143808095282859224e-20
-1.074607938012632338e-40
3.093466604192049362e-13
2.886656418966386578e-06
3.185402987452263883e-05
6.258270607241231062e-03
5.916599657973709188e-03
5.998927408797941212e-06
4.314157067351358803e-08
2.221005233522005362e-07
1.439099108107904330e-07
2.366177173697433297e-03
1.511749000461814109e-07
3.820609348324736896e-08
2.281791781175862305e-06
1.265446299733213015e-06
2.612720747745556093e-08
2.898852138947087146e-06
3.861439202310491815e-08
3.121954427240312112e-05
2.076259922315171000e-08
1.103483177300332971e-08
5.734859487696164132e-07
4.469488330456222704e-08
3.944654902051510716e-07
1.167003384806678181e-06
4.166653109562126539e-07
1.637565328039523069e-04
7.904591055175722372e-03
5.622945340459737512e-03
8.657373629985101737e-03
2.285347426168254459e-05
3.893373997565732752e-06
2.175851336889778412e-05
1.538119346727265767e-02
3.164391780747089628e-02
1.070045432747814025e-06
5.131954807834542619e-08
9.066804383033105512e-07
1.520848110884830379e-08
1.846361504258645031e-07
8.892344991977101067e-10
8.092215221567096365e-09
1.464185780759999801e-09
2.972430591275983877e-11
1.056076253521582614e-11
3.903900347677637273e-12
2.861139317897784349e-10
6.090099881761389573e-14
3.276470271688099742e-15
4.259025264290579134e-15
4.178719415648074374e-17
1.213977471990974996e-15
1.728680961326365939e-14
3.079749547691621054e-13
4.537019984279250445e-16
5.749029646086475934e-23
5.019793241875863213e-25
2.567224924020332503e-18
4.438404247691444067e-18
1.215609103737717651e-19
5.055481211207770460e-14
4.611291588025943163e-20
4.373272834537826970e-18
1.413671095525276201e-16
1.322022327223918472e-23
2.235225336520670639e-25
1.396541806752050591e-21
5.901372051004034369e-40
4.774931292334510947e-33
3.499476359442843846e-29
2.245824050884071910e-70
-5.981728247428767823e-40
-8.368283315519525104e-25
-5.017198893398741689e-20
-4.427767534242841011e-17
-5.491297929602327613e-15
-2.763262095791964360e-16
-3.792254824563568565e-22
-3.286901370681649551e-22
-1.811276477928437677e-18
-1.326455203524057379e-23
-9.973588890945419639e-25
-1.878560850313067081e-24
-1.390448293063197953e-29
-9.755369055027018556e-26
-1.675280135559423423e-24
-3.587893259539271775e-25
-4.782811047342718784e-79
1.486204297110339817e-36
2.323067068976979938e-25
3.241538314676958503e-21
2.567174864563272950e-27
1.600650616361085691e-17
3.337774715659821508e-20
4.604998514719170158e-17
9.161402368224425757e-17
7.645361061209527376e-20
1.164577463785009535e-18
2.543272944304908397e-19
4.017649623016324268e-19
8.811230764656638271e-19
8.854916380372288890e-16
4.918468234487443889e-14
5.581072024653933246e-15
1.155199518945548170e-15
5.041947625781860799e-15
1.018675004785274981e-12
7.766224798253077088e-13
5.998718733239052460e-11
4.137324390688422695e-12
1.272640846989618150e-09
1.526803191797194828e-10
1.162658204537465196e-10
2.328666321305969299e-11
1.276679760147899941e-10
1.517145654957128142e-11
3.547204139210101038e-11
1.862164837733276100e-11
1.747429611864553366e-11
1.407665981039744604e-11
1.661157885679927553e-13
5.298840930144006206e-12
3.439909152852474328e-13
8.878142261498513759e-13
4.242310612096860513e-16
1.162736631586264732e-16
4.933047319069023091e-16
1.270727854203316403e-28
-1.053592554700569572e-45
-1.770194098561758943e-26
-2.863252867055605238e-24
-7.276043615514138011e-18
-5.812279967384283036e-14
-1.563898574207035136e-15
-1.210409294312560426e-14
-3.742321825095993588e-14
-8.542631677895280454e-13
-3.074400633770727971e-12
-3.834676011090736121e-11
-3.478476736433567653e-08
-6.091928036559026186e-11
-2.125544079906448560e-11
-8.766576348673701822e-12
-5.983064234012553724e-10
-6.559826349029755352e-10
-2.562252710334876826e-08
-1.768551033667906687e-06
-1.343235173937320031e-08
-6.079872454004127950e-08
-7.722636515637933523e-08
-2.091127596821016171e-08
-5.882492646167193092e-06
-6.671304740346557793e-03
-8.646707334869657380e-08
-1.384089450686487029e-08
-1.879820504878895861e-08
-1.176384406114071275e-08
-7.765905450046755882e-09
-7.984130804301077032e-09
-3.890938719628994164e-08
-1.972538725791978599e-08
-3.733035607715541432e-07
-9.669661483497065375e-08
-7.953662923071787105e-10
-7.103685563882143049e-09
-9.879008083165881508e-09
-2.068500591149250911e-07
-4.906792919300207549e-08
-2.830699950272746740e-08
-2.722045563563908529e-05
-2.006961843582596972e-07
-9.629159545022058972e-08
-1.591991301309615806e-07
-3.319420188259591988e-07
-4.178062555385140403e-03
-3.273062824090947065e-02
-3.201118503064901479e-05
-4.545188357089590913e-07
-1.983448928433176003e-06
-3.507541050458858947e-07
-9.564879694534359554e-07
-1.108861730274099299e-07
-9.261089040397216040e-09
-3.057352367594770707e-07
-2.104470888918605513e-08
-1.119968862154615967e-09
-2.991672729761021887e-08
-2.119317758640972193e-07
-8.107913093825560910e-11
-4.707022770928712604e-13
-1.324211484171878407e-13
-3.348598260261781459e-14
-1.354874815058835431e-22
-5.977691015518868474e-31
-8.069408198745146348e-56
1.161118072306439181e-66
1.609133159076644965e-70
2.450942948749637717e-32
3.745079268422672376e-72
9.235679232724191636e-68
2.159444250019751926e-73
-2.482655415563183597e-49
-1.046211727124455233e-45
2.569323238372689736e-68
4.230872916582261511e-128
-3.009242215363851120e-41
-3.122598180038970829e-31
-6.709474687850312556e-22
-1.794293819565402197e-34
-6.684279952441668929e-42
-6.592987845294920627e-28
-9.536509303526416080e-21
-2.517332695497620357e-18
-6.657734568623598233e-16
-5.031683512196865043e-17
-1.944599317661348121e-17
-8.595856698799300036e-14
-5.110117606540111619e-11
