-1.937287881877108875e-01
-2.433107539143493092e+00
-1.674538486578663443e+00
-1.241783205915067523e+00
-9.844328906648946997e-01
-8.194065190854674663e-01
-7.091192159192000188e-01
-6.374708152893346913e-01
-6.105690731562363194e-01
-5.489159001417198702e-01
-5.043930223154666770e-01
-4.628739450160876401e-01
-4.472866215413078828e-01
-7.121729360975659340e-02
-5.822406613727643815e-02
-7.722994000108125701e-02
-7.931852466636123145e-02
-1.376408445058650287e-01
-1.334052947874252437e-01
-1.228472085112101014e-01
-9.076366171948291317e-02
-9.423988782712043599e-02
-9.011396605597023213e-02
-9.102995634205400532e-02
-9.114498812268384542e-02
-8.799329495468562190e-02
-9.725198658636964588e-02
-9.656865818927597156e-02
-1.048653095004105501e-01
-5.387628401530286659e-02
-6.564684201931612895e-02
-7.618972878159253892e-02
-8.399714369929690838e-02
-1.041496850538211616e-01
-1.364887877299255370e-01
-1.358524679726730022e-01
-1.584306337505796136e-01
-1.742475000181945566e-01
-2.439562773924467409e-01
-4.911489223537862103e-01
-5.815920291176394086e-01
-5.929084835860020108e-01
-5.873413830975033889e-01
-5.833384135162852369e-01
-5.871525188430052333e-01
-6.021022586133968346e-01
-9.646705152898668034e-01
-1.029182907250684176e+00
-1.146179508874662911e+00
-1.150437374843180205e+00
-1.107426267875416537e+00
-8.855488201548410432e-01
-7.901882794623618089e-01
-7.817169995525694581e-01
-7.877591183371523975e-01
-8.015688740664163037e-01
-8.302025323165901360e-01
-7.954554205525550259e-01
-4.138115159126256604e-01
-3.739372478045916992e-01
-2.318449451138862027e-01
-2.009897204417114558e-01
-1.645032387954591946e-01
-1.256879498536888629e-01
-1.245508325820983558e-01
-1.184191314217749036e-01
-1.064964578269959050e-01
-8.680401382646492359e-02
-4.910670245850939225e-02
-4.541649711447581783e-02
-3.112746311951143305e-02
-5.222531121489001893e-03
-6.571080747839043272e-03
-6.318242593745733958e-03
-5.842803192560099522e-03
-5.304025265313580539e-03
-4.238819369936536706e-03
1.450894560800150557e-04
9.086430843828725368e-04
2.739914387592625507e-03
6.379162489605599839e-03
5.878036697345130103e-03
5.871848191490784859e-03
4.138556503466318814e-03
4.455521982939608661e-03
3.932618944553102104e-03
1.400946024974078497e-03
2.034595281867777102e-03
1.815035389633664308e-03
2.290417947785538741e-03
2.064786113761788496e-03
2.655155426947130182e-03
2.517329238618015112e-03
3.021046291306302752e-03
-1.809880396483792668e-03
-1.218163140065124618e-03
-1.772384415151899949e-03
-1.815474024348365419e-03
2.887572703642714983e-04
-3.117366333220864092e-04
2.478372647801020855e-05
-1.279892072524541633e-03
-1.922909627923243990e-03
-2.546299459266884637e-03
-2.851039748063739516e-03
-1.375269276109029881e-02
-9.159975243639076684e-03
-7.958317781369664626e-03
-8.546437428794156910e-03
-8.728746287998899803e-03
-9.101716025358898288e-03
-9.509017433155048105e-03
-2.431600002254218421e-02
-2.422406038210743809e-02
-2.485946549676922024e-02
-2.503981972817375876e-02
-2.526794647067348576e-02
-1.304413991559325546e-02
-1.423189723532567764e-02
-1.667071089480371207e-02
-1.759494235382924598e-02
-1.786273705157327349e-02
-1.795779340876341168e-02
-2.073055555479106846e-02
-7.133489607783323472e-03
-1.078349210234152977e-02
-1.015656949713585229e-02
-1.077439534645171539e-02
-1.009702777694230190e-02
-1.287979694615926964e-02
-1.203386534824229387e-02
-1.150230175282806501e-02
-1.160384877344760451e-02
-1.240916877268753542e-02
-1.268290046504057939e-02
-1.006595593683957957e-02
-9.839528745261437795e-03
-7.139415126611620144e-03
-8.778112321591266878e-03
-1.228259432940806417e-02
-1.593954479983545822e-02
-3.054206745999187012e-02
-4.082832261966488213e-02
-6.612257617962109812e-02
-1.668524711232267921e-01
-2.992271254255186030e-01
-2.999368418121774460e-01
-3.000006681013304144e-01
-3.137674757901954825e-01
-3.153072268896894292e-01
-3.277674383406341541e-01
-3.314446226438417242e-01
-3.497728979063923216e-01
-3.452062416241905018e-01
-3.347444269781608139e-01
-3.150270497564749417e-01
-2.146166023452167337e-01
-8.343886292257784998e-02
-8.155132941801736257e-02
-8.164383838523095460e-02
-6.794212119469086875e-02
-6.529563584688112543e-02
-7.392206721781750811e-02
-6.611339047084480169e-02
-4.773299067245978522e-02
-4.267423927340532885e-02
-4.312223017802450237e-02
-3.804176231009281234e-02
-3.720342474692003160e-02
-3.629474623478350787e-02
-1.098313188219344760e-01
-3.011981316234660366e-01
-6.324736273185579405e-01
-6.354235980499025604e-01
-6.163767322451834119e-01
-7.385784663799990213e-01
-7.443826178332008103e-01
-8.181280085660399548e-01
-1.009131172006078048e+00
-1.007543129102218327e+00
-1.007209230679191103e+00
-1.647679492392047473e+00
-1.575388102568364035e+00
-1.386515428587153487e+00
-1.173499796167055909e+00
-1.175579070245965196e+00
-4.005338474195661469e+00
-8.789586957101965581e+00
-8.780436209011810433e+00
-8.700872033794105675e+00
-8.509711019678414701e+00
-8.509886747957965625e+00
-8.509866713284244710e+00
-7.868773544946296106e+00
-7.869401866649859301e+00
-7.867951846790454340e+00
-7.752449868520614906e+00
-7.748716420648707803e+00
-4.916750589444740527e+00
-1.338104667228160773e-02
-1.797903448528181264e-02
-2.192164950436535989e-02
-2.538589088718283537e-02
-3.258188792778061310e-02
-3.302605813771625903e-02
-3.264477437527642245e-02
-3.184289901181969890e-02
-3.087517283778472635e-02
-2.812387266857917581e-02
-2.666865149411382432e-02
-2.479025044847305362e-02
-2.159658966760516496e-02
-1.679946192197120935e-02
-1.245956212250414613e-02
-8.496105232778208491e-03
-5.275896605578880849e-04
6.740334470548034300e-04
9.978437893452412905e-04
1.356098229038802056e-03
1.998776148990499477e-03
2.715311544961285500e-03
2.806266792372736837e-03
1.569132941554804818e-03
1.530532931446521071e-03
1.529887090024259272e-03
1.514050500079794706e-03
1.629638836272461313e-03
1.553342284287436781e-03
1.463430160592043075e-03
1.545192399048239467e-03
1.584139722364636240e-03
1.271672392110332868e-03
1.012747526490227973e-03
1.201144536631644629e-03
2.168857810477940132e-03
2.194566169251684507e-03
2.031041033062166209e-03
1.777338066468233313e-03
1.642742647445224373e-03
