-4.807218096085379144e-02
-4.291587565199469351e-02
-2.863980953834742438e-02
-2.148015085203321822e-02
-1.718414559767690933e-02
-1.432022202127064374e-02
-6.308202315116628704e-03
-1.494434644405800114e-05
-3.344980211442107527e-07
-1.469691037602900770e-07
-1.262667649475743743e-07
-2.560004756028456689e-08
-1.581166665898379028e-08
-1.207767625802448662e-08
-9.052650951895125847e-09
-7.956709276998520572e-10
-7.347225878888557654e-10
-7.116007350711074130e-10
-4.599335205024641791e-11
-2.480039132970605332e-11
-1.307313162598264107e-11
-1.221711390472702131e-13
-3.416983288984901004e-14
-2.460132097668820295e-16
-1.684922974869324274e-14
-1.000347274032485843e-09
-6.559097075070329246e-06
-6.559193099303953834e-06
-6.559194753989285086e-06
-6.559194753933679067e-06
-6.559194737330434002e-06
-6.558194406905630249e-06
-9.767910869460847377e-11
-1.494700312119072484e-12
6.504992233847860282e-13
3.803227096104287977e-12
1.472537498864442519e-09
2.398910020625581836e-09
4.772334549280727335e-08
2.703376284643075114e-07
2.933635315814091573e-07
3.546720086694308015e-07
7.997516464335442716e-07
3.379437968251276002e-06
3.341054810777226263e-06
3.139607457362094965e-06
3.130770583795969850e-06
3.133386279931898267e-06
3.299294641226188977e-06
4.372810864185957256e-05
4.375948347482472891e-05
4.382879638404159269e-05
4.382530939788442312e-05
4.397216169967953708e-05
6.645539980105280521e-05
5.288957141400845623e-04
6.399173638673584909e-04
6.399612823730904936e-04
6.399881847209235334e-04
6.398363655704671993e-04
6.168843122323638224e-04
1.116954392954621830e-04
6.721294484973051996e-07
6.712350320957457759e-06
6.677790069677291054e-06
6.629956925311441700e-06
6.715129979789401562e-06
6.461774491835958432e-06
6.440304971545862248e-06
3.358882067647365787e-07
3.393077282555800713e-07
3.353732826717136563e-07
1.074222479306671838e-07
1.008436072581081874e-07
1.331010008227871273e-07
8.125108998838245311e-08
8.953431108241847904e-08
3.662584674326663317e-07
2.409466057046577830e-03
2.409572550036431348e-03
2.409577736759049588e-03
2.409573318705548854e-03
2.409559246897427336e-03
2.409275827746374266e-03
1.755438035911059129e-07
6.816779866561588107e-08
1.562827318751904607e-08
1.704897818915470454e-09
4.472629388959864286e-09
4.121701407631193180e-09
3.053041447294283037e-03
3.053041457432084660e-03
3.053041464156350335e-03
3.053041453456627544e-03
3.053038010204749911e-03
3.053037867765640359e-03
1.640646634752200023e-10
1.032092348716654767e-10
5.424355037515842937e-12
4.851642970600378000e-12
4.807150312238555136e-12
2.816034703284461132e-13
2.370066635273793323e-13
1.228480374766290222e-15
1.584099493472725782e-16
1.175084251925630530e-12
1.330066667630573833e-11
1.845438350712570414e-11
6.184781490117155956e-11
8.662305332746495101e-11
2.189631112235380175e-10
5.274805191922614301e-06
5.274798307844603429e-06
5.274798864796494719e-06
5.274758562730967533e-06
5.274843147003746226e-06
5.275607638828534500e-06
5.908102245924400952e-07
5.470632984801453241e-06
5.486011535215685602e-06
5.513487241822925129e-06
5.523248259136892118e-06
5.527145127151710267e-06
5.075722938625298722e-06
2.339278850259365278e-07
2.237237196165591057e-07
2.256778615959307344e-07
2.176254426418631512e-07
2.334869612130127678e-07
4.065387667882424859e-06
6.775007344185601750e-06
2.447820960856531784e-03
6.619917390160242991e-03
6.823078512717428191e-03
6.824978833762544023e-03
6.821244033029911884e-03
6.818581049690251687e-03
4.377531923689525518e-03
2.054062170562861306e-04
2.243719714937756050e-06
3.234358158609636771e-07
8.798782923562421917e-08
3.326476319448021571e-09
1.493919263745753151e-09
1.383056560464084883e-09
9.398869618069876811e-10
2.475240474249916003e-10
2.277355204215562161e-10
2.198036795137077924e-10
4.475344111696034954e-11
5.721255562762572957e-15
1.611829747440502187e-15
1.566611026442422938e-17
8.096296327700074855e-19
4.384517679056887248e-14
7.042217899145959954e-14
7.880677898635923179e-14
8.012886654155417017e-14
6.928492163941043676e-13
1.247559289444347181e-12
1.209636501159496670e-12
1.530279363346146852e-12
2.053120013965409472e-12
2.051808287776121350e-12
1.439623306380044434e-12
8.851814547950614013e-13
8.794192647561264181e-13
5.322008454169251177e-13
1.005955183971020248e-15
1.005755487658603070e-15
4.717052082499732203e-16
2.030214349579997699e-16
4.363257408804153352e-17
4.218752574854668944e-17
1.182714453320380249e-17
1.665419143989344846e-18
3.472420020009726750e-19
1.556696879187151569e-20
8.061231374185291320e-21
-2.092170210454269363e-18
-3.578076904144079355e-17
-3.584364917647781881e-17
-6.324048196475956942e-17
-6.761240363088464279e-17
-6.778480145592019641e-13
-1.745120371574397287e-11
-2.039309153012227873e-08
-2.592464569579526567e-08
-2.596441925996785285e-08
-2.597571352050423587e-08
-2.597527513216955298e-08
-2.595850177470611824e-08
-5.582863989073015169e-09
-5.150051598590567971e-11
-1.172692442067500741e-11
-4.326593507979812224e-13
-1.932672758299788706e-13
-1.932669378489726699e-13
-1.906924758176142246e-13
1.729404947582006386e-19
1.771288182913175636e-19
1.771985784557833114e-19
1.772095587936261457e-19
1.771866491526474678e-19
-8.688333314375442610e-17
-9.021905223923211793e-17
-2.001331052304063201e-16
-1.892404602358662587e-11
-2.844040167948814712e-11
-2.986824936039759094e-11
-3.101772564429540430e-11
-3.029833802268559210e-10
-3.089849510059963589e-10
-3.040754466605213158e-10
-3.054623807331138417e-10
-3.343474224867194433e-10
-3.989443335282937952e-10
-2.000971168785005279e-10
-2.046740869574798047e-10
-1.922240629492532021e-10
-1.991071165045615237e-10
-2.461154285419087631e-09
-3.544413654583845033e-09
-1.176432113963451930e-07
-2.260853466954876410e-04
-2.261458160460177037e-04
-2.261458220831959751e-04
-2.261435303001614692e-04
-2.261423812968460436e-04
-2.260282094136198525e-04
-6.049622442599357497e-08
-2.531935802343053761e-11
-4.418344084261322410e-12
-6.979398106182544638e-12
-1.303312020631531845e-10
-2.308697083692244865e-10
-8.400860114740402472e-10
-2.296942794191585337e-08
-2.361015376371604375e-08
