-1.692791767214531317e-11
-8.500786874129566065e-12
-1.057766915626717038e-08
-3.533377360100399402e-07
-7.146039569723592641e-07
-7.176331844409438903e-06
-9.239677713509344381e-06
-2.980496065993221291e-05
-2.919114849473534914e-04
-8.104500700617260547e-04
-1.204912580340529796e-03
-1.230761940647572125e-03
-1.771039165273132279e-03
-1.992961188266481522e-03
-2.638990327893407650e-03
-2.973283551811962185e-03
-3.230938893603988154e-03
-3.319181115128808871e-03
-3.355782294628994241e-03
-3.403439341021509065e-03
-3.378965257963315472e-03
-3.050239975208354770e-03
-2.684789998254163285e-03
-2.606140836869684074e-03
-2.123282355604599794e-03
-1.932954287925442135e-03
-1.350470225548552590e-03
-1.050656299771644863e-03
-8.134528420974991439e-04
-7.774291286097490981e-04
-7.682196031347767124e-04
-7.537798636667103003e-04
-6.029211688313340818e-04
-5.094241101547902035e-04
-4.609660687416030581e-04
-5.430847753155129557e-04
-5.115278762483745426e-04
-4.840389730672446222e-04
-4.257736524018771005e-04
-3.957982220898607646e-04
-3.834715929776752919e-04
-3.327812452011817712e-04
-3.049425667979773088e-04
-2.573928548258120827e-04
-2.336974850531197084e-04
-1.995148568615924501e-04
-1.843092047394684211e-04
-5.458120849670199766e-05
-2.871936499588272440e-05
-2.461431296309145211e-05
-1.933191337793250712e-05
-1.471291072262377192e-05
-6.407683851809358240e-06
-1.589109331961008035e-06
-2.344876326102511769e-07
-8.673136407900912345e-08
-5.720206947802141965e-08
-2.778155891519520684e-07
-2.898635374114538729e-07
-6.320413008693231928e-07
-1.040513290378616277e-06
-4.078494345456445859e-06
-7.858313186559238235e-06
-2.472157635057054673e-05
-3.364792603533802953e-05
-5.036715797151577236e-05
-5.907002971591065587e-05
-6.719082217390358292e-05
-7.430218694420139219e-05
-8.491523421126177665e-05
-9.094672513657210558e-05
-1.143213700278171489e-04
-1.769751657137538141e-04
-1.905682135445320826e-04
-1.889332121813635862e-04
-1.763964433424644888e-04
-2.655765116542949480e-04
-2.833201280177458092e-04
-3.175744908669637673e-04
-3.112094453845440866e-04
-3.065150467188852050e-04
-2.970271795396609710e-04
-2.919268216908589325e-04
-2.685256959721842702e-04
-2.054827058012099800e-04
-1.888574747538543776e-04
-1.867170802147555004e-04
-1.824006631176674272e-04
-8.433575749584039762e-05
-5.046407049808686378e-05
-7.535312069029798760e-06
-5.962783757621870577e-06
-3.569935558321416323e-06
-2.208628481045087769e-06
-1.331509958519928301e-06
-1.085839806018993892e-06
-1.066597452929241257e-06
-1.060799513643958813e-06
-1.056376787340794315e-06
-1.046299556947210180e-06
-1.004786643893730759e-06
-4.136253278232313956e-07
-3.851491632673022228e-07
-2.019300416089482370e-07
-1.718491599065657449e-07
-1.508875784483543636e-07
-7.035530499455920790e-08
