4.280377103408438126e-08
4.118303771532874137e-08
7.994894035916833766e-08
7.008354015089704653e-08
6.051772210874704993e-08
2.168508033122129702e-07
3.787175142338015553e-07
6.007685916188469529e-07
1.905428193833281043e-06
4.807072983311550615e-06
5.817260334487497617e-06
7.120366768309306139e-06
8.028069180947676407e-06
9.121194584045343219e-06
9.385738483919077048e-06
1.086064947814105042e-05
1.201514590089157377e-05
2.190512819177233312e-05
3.656492969170592802e-05
4.147660283664949637e-05
4.695265105492190213e-05
5.588074894497168044e-05
6.525876051471636531e-05
8.007031534667353534e-05
1.120310379398728131e-04
1.310883116852686210e-04
2.070040892349006090e-04
2.374433717304733852e-04
2.730032858562577878e-04
3.044551390455505434e-04
3.050895593201214469e-04
3.472259126191667576e-04
3.650506090817125932e-04
4.122120814568387952e-04
4.799726987791581856e-04
5.553777061168925153e-04
6.506510986390522501e-04
8.914172322575395152e-04
1.206581261224827549e-03
1.937500629568379186e-03
2.862476266778148700e-03
3.929893132442464389e-03
5.281459341611795776e-03
6.390422300645824845e-03
7.394194040193822863e-03
7.774448460409502833e-03
8.326440714955642489e-03
1.023283513808592900e-02
1.218297794811639030e-02
1.377380652383404687e-02
1.511164432886542841e-02
1.610708691085096719e-02
1.707381804283099325e-02
1.715577432293049348e-02
1.675962224289585453e-02
1.601459522992498136e-02
1.428259244681879918e-02
1.267130115753226614e-02
1.039123196789038840e-02
7.336076671817747669e-03
4.389904495399525250e-03
2.218861139479773575e-03
1.294011872398006342e-03
7.439841960893441410e-04
4.851769997987769490e-04
3.804093154578486007e-04
3.050438470629065926e-04
2.236661871414616658e-04
1.445323332783436752e-04
1.174923779059020257e-04
1.032558869873113037e-04
7.923674125003677239e-05
5.463579240201789757e-05
5.394634236586856699e-05
4.166179100008367010e-05
3.476681772118472938e-05
3.110767320535024263e-05
2.831699700111360292e-05
2.570482521603476724e-05
1.698280513683038647e-05
8.674525612551774062e-06
8.175927145589991101e-06
7.413691681424107337e-06
6.478723568036804700e-06
7.384978207727381767e-06
7.844744323504530508e-06
7.041419589209075527e-06
6.051113141603704619e-06
5.885586791583135673e-06
5.195076553370939020e-06
6.379826421559946708e-06
5.224465574293161883e-06
5.874540873985535298e-06
5.326341730786246167e-06
4.829427388611566803e-06
4.703771483290468527e-06
2.332310910437979637e-06
2.341177497631787612e-06
1.850919878095950027e-06
2.411397762683413751e-06
2.980936086702197883e-06
4.016359129942851501e-06
4.242342083770137921e-06
4.607475059110748484e-06
7.651622678140549059e-06
1.192939447286145870e-05
1.645213346671386799e-05
2.182692545730786820e-05
2.803432665565392136e-05
3.345965258909936954e-05
4.042671942027870952e-05
3.936965106570836689e-05
3.847337547949772975e-05
3.505825332389330426e-05
2.976065312879003414e-05
2.865280479207432793e-05
2.472958970226967122e-05
2.202419249297850120e-05
1.760323142079020924e-05
1.442570597550229390e-05
1.343897542120545047e-05
8.607207329455171104e-06
3.652615922795587478e-06
5.195747317027553647e-06
6.277135458971706972e-06
9.086456411232151099e-06
2.153431654870031171e-05
2.611076118760156605e-05
4.317547645080286879e-05
6.575431323089103448e-05
7.105548026782885964e-05
8.904603585289617366e-05
1.121051558419542890e-04
1.189090429323417597e-04
1.147834196842578073e-04
9.872706733908755844e-05
1.045484950745237239e-04
9.238504072665540987e-05
5.960965364683182884e-05
5.016170305191962250e-05
3.666088539768489499e-05
2.786498663015554830e-05
1.590691419465876943e-05
9.769704197897179532e-06
9.665516795495013761e-06
1.403307328962215283e-05
1.687038249118139675e-05
1.821957303401985215e-05
2.140305232237512607e-05
2.069848956806407759e-05
2.163435619549146412e-05
1.889466277433516541e-05
1.686534046565077441e-05
1.632763357940714090e-05
1.461834194635897233e-05
1.651263041954825013e-05
1.965505672858300327e-05
2.036195082447787518e-05
1.951566693778898748e-05
1.825631190546950984e-05
1.643440530653086278e-05
1.264867437479056139e-05
5.689409083450720761e-06
1.268444622973726291e-06
3.769438110715304431e-07
2.422102149181679703e-07
2.005881806333848083e-07
1.682934256512016993e-07
1.420492666806046207e-07
6.521257873196389774e-09
1.332674088160460055e-09
9.077940596372401666e-10
3.555421269715668434e-11
1.621104523418280183e-13
-2.972790080597520345e-16
-2.973300851499934959e-16
-2.973270037362525099e-16
-2.973270036719290382e-16
-2.460001844940689592e-16
4.617979189903422963e-12
3.532823284958077515e-09
3.544465666912541962e-09
4.887375270817397913e-09
7.594208582998207805e-08
5.007644195745539173e-07
5.268318582289291067e-07
5.276571920757434659e-07
7.333346346012992570e-07
9.874566104622712094e-07
1.067620535174404940e-06
6.528859877442532478e-07
6.485223056986198940e-07
6.803280595345467216e-07
6.850663413688470558e-07
7.460992406881641225e-07
6.303901882024209848e-07
6.335220233190665156e-07
6.381388081505081587e-07
6.245419613348612135e-07
4.142021336059822447e-07
9.820349626562699968e-08
6.286871113263163748e-08
1.351078423503433922e-07
1.115243058486894074e-07
1.024654268406728099e-07
4.331874024653056139e-07
1.427304070301871342e-06
1.800744861108024875e-05
2.678205819232882300e-05
3.003941170842185928e-05
3.633284405631208443e-05
3.758941467414529761e-05
3.840379067743534760e-05
2.618498224184940916e-05
1.927655978068817575e-05
1.749883563593403239e-05
1.270800099956471183e-05
1.352884141542436007e-05
1.200171192976299984e-05
1.092039932007239226e-05
1.010903518475442498e-05
9.047051530642488356e-06
7.913168060203122387e-06
6.209918799243719907e-06
6.138663802571173765e-06
3.008213024842544175e-06
2.286146393735784975e-06
3.527592658387928548e-06
1.898206579067007052e-05
4.906283044706622842e-05
6.885890702091328902e-05
8.287924162542161975e-05
1.161494873825391822e-04
1.907196752591606818e-04
2.279183564244841335e-04
2.822277206915238404e-04
3.299999957476288108e-04
3.759997532132490039e-04
3.541677612864306090e-04
