1.159900698641287924e-09
1.208869120776221399e-08
8.059151950067126565e-09
6.044363962550344510e-09
4.835491170040275278e-09
4.029575975033563283e-09
3.838172860876907107e-09
4.901643747720138442e-09
1.083014537563873805e-06
6.831435765806329172e-06
8.873682377087117694e-05
1.094932242960462715e-04
1.164344129497526978e-04
1.427253117295442365e-04
1.510323700238194733e-04
1.453095703298145313e-04
6.340418232674210149e-05
4.264778052916532152e-05
3.569599264124736663e-05
6.619516297821118013e-06
-2.941107984573631217e-05
-4.327356084242391142e-05
-6.353345747999761294e-05
-3.530342600590408251e-04
-3.686503945228693864e-04
-3.956345524653338028e-04
-3.892151354508174388e-04
-3.942123006636832536e-04
-4.330860620079251145e-04
-2.308772852866120071e-04
-2.324387325240699794e-04
-2.028948412264166363e-04
-2.202470134156677946e-04
-8.513448427656267886e-04
-7.925264423846667622e-04
-7.078908469441202783e-04
-6.907103035548879102e-04
-6.904893601787303421e-04
-6.529111800621332238e-04
-2.979376688715985877e-06
-2.668035702115989549e-06
-1.402814356477818404e-08
-6.788399609839014903e-09
-7.016001852946727885e-09
-8.397341484484164974e-09
-8.346689632988648280e-09
-4.430077369856800289e-09
-2.005946335786858035e-09
-1.509998924697736650e-09
1.743832859356109301e-08
5.208641535009359703e-08
2.865996136717530212e-06
1.576541141860077886e-05
3.464884679110951309e-05
5.985021351490030423e-05
1.533506269872372081e-04
1.609759170550475375e-04
1.609877222472571678e-04
1.936370254365093200e-04
1.781613429401061671e-04
1.556159081415300276e-04
7.648521468273243075e-05
7.454960299008864060e-05
7.174140818179881613e-05
2.619268971066342512e-05
2.278493683455785394e-05
2.012890485057382004e-05
5.740465225470464004e-06
1.751127660814093549e-08
-5.532683297590017168e-08
-3.680998090768815966e-07
-2.067714183893378789e-06
-5.346842878034658150e-06
-6.054998297114125526e-06
-7.376916115060370321e-06
-1.049042734443227612e-05
-1.066947252920158946e-05
-9.174416060315708675e-06
-5.914603993578020857e-06
-5.235364557076928336e-06
-4.006693298424875266e-06
