7.195122080577386895e-16
7.617798704475345463e-15
2.768639470298867930e-13
2.090729923670689227e-13
1.855585965153230145e-13
1.361172779173706634e-10
1.362531526814179001e-10
1.363849463321396122e-10
2.003360701680209806e-10
2.714561517855350866e-10
2.893927128920942156e-10
3.280497564191218576e-09
3.374876697804427337e-09
2.191816511775159983e-08
3.250245184086561795e-08
3.243489218048523537e-08
3.242760195335698904e-08
2.963331999560239435e-08
2.955795378424360648e-08
1.101735863527676875e-08
3.701818028093655733e-10
3.667020742996434169e-10
3.624601454954113751e-10
3.831988212204550362e-11
1.917142489690452083e-11
1.634394303859392098e-11
1.514703589971636319e-11
1.506544126632768538e-11
8.645935417762795677e-12
1.248612844521088530e-15
7.889090777043940604e-16
7.867894793844034255e-16
7.895771218064679345e-16
7.415082309938744321e-16
5.920234649028978994e-16
2.910667659103738887e-18
2.904026925812049586e-18
3.983539489653058088e-18
3.743262640718826057e-16
9.820902028254921828e-14
4.618727333905667917e-10
4.620891559159861164e-10
4.621048013683312337e-10
4.621854366115682935e-10
4.621888958999014958e-10
4.622019809141911175e-10
7.499152691751416478e-13
5.343087468366602552e-13
4.799758434312769343e-12
1.242054616838243527e-09
1.254595429265795213e-09
1.256939980766607953e-09
1.264514058326456355e-09
1.283702231686009600e-09
1.286166867324506261e-09
1.711362124356236708e-08
7.301483957345380376e-04
7.301527225041978255e-04
7.301578476666968675e-04
7.301578718334587751e-04
7.301578651592554843e-04
7.301408003694086603e-04
9.505713187794631217e-09
5.176488057003353998e-09
4.342902254357917703e-11
7.327310521915078733e-14
1.745717637947177762e-15
1.721594808786185402e-15
3.031141268845588008e-18
2.755988456048861610e-18
1.765210757286048940e-18
-5.782704461890749359e-20
-8.839954189087218887e-20
-8.840407278835300790e-20
-8.840407289541018127e-20
-8.840434262115437634e-20
-1.624178542918579349e-13
-1.624180070735460098e-13
-1.624181641410312208e-13
-1.664787529946204781e-13
-1.790040788671603407e-13
-3.263506228117743428e-13
-1.651718827857758597e-13
-1.216259967326503644e-12
-4.323797374152864468e-07
-4.325808983170106052e-07
-4.343466444477917734e-07
-4.343465120024989803e-07
-4.343467174268844063e-07
-4.344500710492402176e-07
-2.229255561873608222e-09
-2.317927578811418027e-09
-6.392396804739262854e-10
-6.393584724505846663e-10
-6.391518098453216802e-10
-5.347471191433734442e-10
-3.770414510338978761e-10
-8.720447183619840238e-11
-1.337140666747963442e-13
-2.088002349569607958e-17
-2.007403993921473140e-17
-1.828885291945366968e-19
-1.827933523461467002e-19
-1.296527489618928733e-19
-1.296477707241274879e-19
-8.845650929478057058e-20
-8.845650931905952957e-20
-8.845615501997298204e-20
-8.845615501997298204e-20
-8.845615914322035373e-20
-8.845609309901848740e-20
-8.845602422046596644e-20
-8.867836831057481085e-20
-8.867924793947762340e-20
-8.869102031846395047e-20
