9.612427672649768995e-03
8.440791290807207747e-03
7.419819782140071700e-03
6.748349951564452942e-03
6.665423066903632121e-03
6.933093938102415608e-03
7.360868696914561228e-03
8.252931100141717644e-03
8.813216524909758473e-03
8.977538234980377355e-03
8.665554287913820181e-03
8.163063252968278186e-03
7.615577644729645650e-03
7.401646014882921724e-03
7.245276874374016046e-03
7.151689960685838308e-03
6.877749283233032356e-03
6.413029069138694548e-03
5.699867002807814699e-03
4.552035133307458237e-03
3.407730055120425025e-03
2.504330586625537133e-03
2.033614470511496512e-03
1.870366824522552490e-03
1.687420841564504954e-03
1.415135689909860451e-03
1.212810017766109694e-03
1.056450233523834612e-03
8.989670401815373245e-04
7.638172758282483392e-04
7.842167458267343709e-04
8.923879603252156357e-04
1.141016777381024909e-03
1.425381708082157665e-03
1.666875969210903329e-03
1.950890777433025337e-03
2.113422087660396954e-03
2.194144647337861135e-03
2.398696960007583052e-03
2.526171323696151712e-03
2.801903840453350263e-03
3.351940491221763654e-03
3.602435157643434083e-03
3.878529754329037519e-03
4.182637291311511706e-03
4.327599646308103072e-03
4.496215408091361505e-03
4.704460038175989865e-03
5.016549003688419717e-03
5.329541374964843169e-03
5.483137567524553301e-03
5.775894750678044198e-03
5.949867770393284933e-03
6.058537548730831730e-03
6.637562467777780549e-03
7.346106262895948751e-03
8.485564992579172627e-03
9.288746245725220188e-03
1.015175899714963574e-02
1.055605423053272707e-02
1.072555065609175594e-02
1.086842104065882664e-02
1.073656717680947920e-02
1.034555151388778620e-02
9.860804284050176532e-03
9.167711332077376277e-03
8.283298521890625904e-03
7.231004544251350662e-03
5.648652268725040150e-03
4.502767893768754720e-03
3.246192243987897335e-03
2.266196135115015799e-03
1.581573984662994767e-03
9.508957352710430480e-04
6.806299899047369350e-04
5.462468242053526365e-04
5.308248104086213393e-04
4.625121985475698708e-04
3.257474730304873761e-04
1.190732774684898245e-04
-1.335206315318616184e-05
-1.271904373969376867e-04
-1.873537406353209696e-04
-2.064237346838855992e-04
-3.498381126065172575e-04
-4.950223764304308985e-04
-6.579054310175052938e-04
-7.857129389988486623e-04
-9.078570022511041207e-04
-9.896565127633801494e-04
-1.068380922273895993e-03
-1.039929794857799789e-03
-1.038438167513832918e-03
-1.067636755166468700e-03
-1.081005575147224234e-03
-1.124349849000766356e-03
-1.031436219610489240e-03
-9.348592308597229554e-04
-8.496632892799356853e-04
-7.782578199822492819e-04
-6.770924639178348267e-04
-5.564870210087954384e-04
-4.205208506467779709e-04
-3.218535613503703042e-04
-2.115640554646213897e-04
-1.026412532765814928e-04
-2.067712473069004589e-05
8.218297654123462919e-05
1.382968914575808685e-04
1.524822385605139349e-04
1.963322701386772051e-04
2.129140143924284669e-04
2.218784792791472186e-04
2.262282579930459565e-04
3.096635193447086834e-04
4.218423675151949438e-04
4.494278751165287945e-04
5.196485181488355197e-04
6.015934284933106965e-04
7.487157270638189303e-04
9.739890314305338229e-04
1.170219031026410944e-03
1.348484610926252783e-03
1.436624195572359583e-03
1.493993574772650582e-03
1.592332096927814638e-03
1.607157281036689263e-03
1.567328487364625864e-03
1.544279319186326856e-03
1.495096035847657103e-03
1.449206628359089345e-03
1.315645044363038035e-03
1.153219686600441898e-03
1.123483978758736158e-03
1.266072279091000341e-03
1.595889465267297204e-03
1.935772101546158301e-03
2.018194152730929097e-03
2.101143363227130859e-03
2.199253715388634588e-03
2.310799883564526331e-03
2.493549800808513104e-03
2.782178371956700851e-03
2.951655584979076541e-03
2.919962017985789412e-03
2.811243807453891238e-03
2.499734791872149867e-03
2.027485652219874340e-03
1.518640164527935250e-03
1.217476743191836302e-03
1.044484221187555939e-03
8.748419602947237394e-04
7.249355703719729703e-04
5.173373406005254147e-04
1.207811018808545230e-04
-1.973553944033131196e-04
-3.666381660820567669e-04
-5.254412023010540276e-04
-6.646676981834883161e-04
-7.446369836545088834e-04
-7.844050866294121488e-04
-7.882047334059600176e-04
-9.339242792974610657e-04
-1.090910841319694307e-03
-1.235753848349344141e-03
-1.398969858548945386e-03
-1.530061780031862113e-03
-1.610707938932858180e-03
-1.702834656256477621e-03
-1.754671146300434839e-03
-1.937324834932339229e-03
-2.061410304123003322e-03
-2.156447742350549226e-03
-2.290795823836777427e-03
-2.312586678738454051e-03
-2.312702993242355797e-03
-2.307605539800972484e-03
-2.240782611787288121e-03
-2.148516771926122036e-03
-2.039930074006081773e-03
-1.971975561850858316e-03
-1.951988065475103408e-03
-1.953326193146892598e-03
-1.838376166669054282e-03
-1.807936265980095158e-03
-1.815805753306120153e-03
-1.935628306103700548e-03
-1.944058877571467779e-03
-1.901987685049882221e-03
-1.880165630949261202e-03
-1.918834126522171767e-03
-2.022264828701028552e-03
-2.109006997714104985e-03
-2.136852233581148629e-03
-1.974192989358336623e-03
-2.070593524783998288e-03
-2.042021925597118249e-03
-1.899475389626568284e-03
-1.726307548870214094e-03
-1.722490063542700747e-03
