beta2
9.004948935774652677e-03
9.015326217021097863e-03
9.043123816789665551e-03
9.117911914116892669e-03
9.160637687726286629e-03
9.218315516977762178e-03
9.393322593061905965e-03
9.571761403793767331e-03
9.693896680989086759e-03
9.862430158083596715e-03
9.938765972358272471e-03
1.002408220902756275e-02
9.970028763784747824e-03
9.876497112639923137e-03
9.898117934111980154e-03
9.839429574121084238e-03
9.781326756848007786e-03
9.677204810424444581e-03
9.590695936525435103e-03
9.454519449671822118e-03
9.384425584043159380e-03
9.381626491195785983e-03
9.460475756796048880e-03
9.488063609727780123e-03
9.529490367470803622e-03
9.438863570619267576e-03
9.391451403942723333e-03
9.343274882124288916e-03
9.345602377313610640e-03
9.316628467242064893e-03
9.330755715436248043e-03
9.390426132800149678e-03
9.565022189882447720e-03
9.558307622111062579e-03
9.486796229679246573e-03
9.419161358042446933e-03
9.364727644573953014e-03
9.342370356726864208e-03
9.320632782607593883e-03
9.334515634541351581e-03
9.394414998641617554e-03
9.349553065436340404e-03
9.298053996974879956e-03
9.221549704924440760e-03
9.158388668864007529e-03
9.181145726931294604e-03
9.187819691540361280e-03
9.233197194161130161e-03
9.245514299858422630e-03
9.264205993195499117e-03
9.216274645324191647e-03
9.156058544118921699e-03
9.200917136121363610e-03
9.207612515705787537e-03
9.242961966183606271e-03
9.216256737431397991e-03
9.088128943139740790e-03
9.037214679515848115e-03
8.943230118956885938e-03
8.855330499703245595e-03
8.748627369799141101e-03
8.757846327616412851e-03
8.726895497731755255e-03
8.744495727304851460e-03
8.775765459127303492e-03
8.848106682334671083e-03
8.976020091998118677e-03
9.085868389314272209e-03
9.258089640664903669e-03
9.428407753819980155e-03
9.419516343600071312e-03
9.476189292143720119e-03
9.457763931288977466e-03
9.444954945118259892e-03
9.395586260043303772e-03
9.381493520123285884e-03
9.392133773591757051e-03
9.309556186791915350e-03
9.113582645402325613e-03
8.913590747682106213e-03
8.908793088280667419e-03
8.874716219763951336e-03
8.951255134250161311e-03
8.912377140911115214e-03
8.809159408156495147e-03
8.693476523937579414e-03
8.564202283162757057e-03
8.579678417373256052e-03
8.538569395288853059e-03
8.518693807717242841e-03
8.546467599392187225e-03
8.564354776514283146e-03
8.558090189519532848e-03
8.616798445586278110e-03
8.659291929346932259e-03
8.665554609442363554e-03
8.723059490834328064e-03
8.715434431053190739e-03
8.761307356185550968e-03
8.772896469151993809e-03
8.734599749592378629e-03
8.737462054175212586e-03
8.622475814413659012e-03
8.517178132705888194e-03
8.446986307525635243e-03
8.441991640192304802e-03
8.414087650221715661e-03
8.474067570089007309e-03
8.479923012252300191e-03
8.523410187483130077e-03
8.520177587231369740e-03
8.393893015531284085e-03
8.391388193893026259e-03
8.360242008165074887e-03
8.418992352335927937e-03
8.453724021619925602e-03
8.511000477934977521e-03
8.583786877976038593e-03
8.611320975023203234e-03
8.653432192377106397e-03
8.685867568224857685e-03
8.716820512676286964e-03
8.760759081928002484e-03
8.791668467768888606e-03
8.875567205141644128e-03
8.930404306815516863e-03
8.996595490613493867e-03
9.099387415848803756e-03
9.175215040995186866e-03
9.295338476930935928e-03
9.399897463878882295e-03
9.461322225107815509e-03
9.571082114216828557e-03
9.606674018168819690e-03
9.677936891163274949e-03
9.661614016414382666e-03
9.753864347885868660e-03
9.841519582749799766e-03
9.934978006218177574e-03
9.970517264353821740e-03
1.006537069926833824e-02
1.010571252341845375e-02
1.028689846284964148e-02
1.048460404787890723e-02
1.064163715727486220e-02
1.075456554923121671e-02
1.088818621039690411e-02
1.088636391030814617e-02
1.082171757719932459e-02
1.078345660203998760e-02
1.076708978509129631e-02
1.077316986397853019e-02
1.070763980992907663e-02
1.075395009779188567e-02
1.065537763457603121e-02
1.060205180986459328e-02
1.052302800742488387e-02
1.066636875812464018e-02
1.067132098215802828e-02
1.063330288543903879e-02
1.073343895299878198e-02
1.084155183397434927e-02
1.085319309902651845e-02
1.090270492779439604e-02
1.086508804253660983e-02
1.084031239538707156e-02
1.097307554366633298e-02
1.109421033210819009e-02
1.115989729816190511e-02
1.116884171069321488e-02
1.117562742843841717e-02
1.123164359819541110e-02
1.139442813167142535e-02
1.144401158311884881e-02
1.157963438901889359e-02
1.160762141321265706e-02
1.151438373238425003e-02
1.138498430217911930e-02
1.126268409912904722e-02
1.121773580401568514e-02
1.113223226696404347e-02
1.112498417181818217e-02
1.108632150109899357e-02
1.114841576453069923e-02
1.118142569467616039e-02
1.124733984378339588e-02
1.137030841173449977e-02
1.145914485489544360e-02
1.145347710530417867e-02
1.144385474369268539e-02
1.143886299960682022e-02
1.142603114926377984e-02
1.144570781927898261e-02
1.135583602438582779e-02
1.127795497215208775e-02
1.118467883057688329e-02
1.104466229828673061e-02
1.102560920343111442e-02
1.098613042986920467e-02
1.087639951872459640e-02
1.080710644399343785e-02
1.073975019540524337e-02
1.068522961740550441e-02
1.060619093204399205e-02
1.058361450249964419e-02
1.062196035797881993e-02
1.071310009665338465e-02
1.084656145700894046e-02
1.094195558676944353e-02
1.102001108978677840e-02
1.103178029174357866e-02
1.106562399242267195e-02
1.111148288440083967e-02
1.102377890282162792e-02
1.092588777779990999e-02
1.087393318726619443e-02
1.087168986869064408e-02
1.081737938714352407e-02
1.077190306093972830e-02
1.069554622323978105e-02
1.056964101382172963e-02
1.045091748792493364e-02
1.040401765009834126e-02
1.036780770022630027e-02
1.029028303439536926e-02
1.020330119030860537e-02
1.017173519317058836e-02
1.014452787098202129e-02
1.021201978261441351e-02
1.017450625531445690e-02
1.013996018495714850e-02
1.010761470816089018e-02
1.007342324341090403e-02
1.008581154129051943e-02
1.010591951791257187e-02
1.018747846691457626e-02
1.029974170160785803e-02
1.032029636804648876e-02
1.035284201370302234e-02
beta3
-2.171847400515945015e-10
-4.819244170548763367e-10
-7.689209029036048986e-10
-5.627788979249889529e-10
-1.202937195352412235e-09
-1.403611911402555767e-09
-2.341370842255268412e-09
-2.570294461237461202e-09
-1.977124794631184413e-09
-3.737457179230099459e-09
-5.377970090830419829e-09
-7.436676661322103471e-09
-1.424385140256798119e-08
-7.488914917108585969e-09
-1.329770893517792603e-08
-1.910017996757487082e-08
-9.912208784505467904e-09
-6.116855661174863247e-09
-1.061459248613710498e-08
-9.109292401637666677e-09
-9.351250350154439637e-09
-7.069723932416311818e-09
-3.374796411119324574e-09
-5.351405171193050891e-09
-7.336662149919482692e-09
-4.753687914897247901e-09
-7.655980985482609438e-09
-9.565825001969177791e-09
-1.116339145342199191e-08
-8.200173709155262901e-09
-6.411695224932233047e-09
-4.795236646557582254e-09
-4.887972370663797177e-09
-1.541004497631946661e-09
-1.232837409652711628e-09
-1.275208704298306931e-09
-1.096982909408346460e-09
-1.453580430625667692e-10
-1.289537722808356609e-10
-4.808960372135879811e-12
-1.232189494407140000e-12
-4.069242999600137187e-13
-1.833329650137877323e-14
-9.699564758093223401e-13
-4.380773765017138244e-13
-8.928730762552983481e-13
-1.623351618546199004e-12
-2.569147388849672074e-11
-1.429641051637442550e-11
-9.006735731552824976e-11
-6.305530574095005543e-11
-1.194139070771395789e-11
-8.784544635707636432e-12
-8.752057036681057746e-13
-4.184605557490586679e-13
-4.182177960103872934e-13
-3.333212296849967138e-15
-7.970331315628713732e-19
2.118064868067190960e-21
9.069865721441229897e-18
-3.791329816605661429e-21
7.262188865395778207e-16
1.006152249741151840e-15
1.251085950650433015e-13
1.083573400644918695e-13
1.949080784538063137e-14
2.479366329232319778e-15
8.829957134283686837e-29
-1.102626183707685036e-19
-2.100818922982823336e-16
-3.505564786791528081e-14
-6.370620003157131160e-15
-1.268974889832837807e-16
-2.216804676509387520e-15
-2.992306570212597766e-18
-9.123216923020700587e-17
-3.263739926757679465e-20
-8.883287345709480907e-20
-1.061125692039798365e-17
-1.816225506631195858e-17
-4.754023313224899751e-15
-6.630662233649355688e-15
-3.999968805911702731e-15
-6.154176550536799311e-15
-6.014102340886013877e-15
-4.507106271542862705e-15
-2.841068014924207938e-14
-6.652359901001203866e-14
-1.027074931416229582e-12
-1.118128643069448811e-11
-1.772708116476932588e-11
-3.793640862568389492e-11
-4.990123626233308662e-11
-1.925834967406645038e-11
-3.107622444860722897e-11
-4.419463332674705046e-12
-2.804245098010866391e-12
-2.995961758662765580e-12
-3.546266516535606202e-12
-3.716810487664917995e-12
-3.649651378988524246e-12
-8.804498040688179025e-12
-2.029471460795469413e-12
-4.282479191450713641e-12
-2.715897676845746464e-11
-2.280963633687588298e-11
-3.226054313275360612e-11
-7.537147607104307209e-12
-4.279584133843266946e-11
-1.527890270726537067e-11
-1.530389047168245564e-11
-7.528705297305319981e-11
-1.778543890846713243e-10
-4.426307091967996735e-10
-1.349034613602374364e-10
-4.894367061771380045e-10
-1.468570947547604201e-10
-3.037946080849625280e-10
-4.432092980977491307e-10
-8.553180407840866276e-10
-4.194006585079386553e-10
-4.579268319365452908e-10
-3.745329133254133371e-10
-1.433051060569849372e-09
-1.082483995140999429e-09
-4.924642987859195101e-10
-1.196241131485971101e-09
-1.220127351185731962e-09
-5.796887755306143530e-10
-3.944740689014348374e-10
-2.851018686484684953e-10
-4.259208586624886218e-10
-3.381593018285344251e-10
-1.424258615998391215e-10
-7.179984309198651021e-11
-9.903416742444413180e-11
-6.809040886932675452e-11
-6.409955166103729869e-11
-3.465586515041322747e-11
-1.278545665300671874e-11
-8.681204484611190024e-12
-1.981049261988968286e-12
-8.981560469298349679e-13
-7.949231480098241311e-15
-1.513230698531353248e-13
-2.811438672144861742e-13
-9.387279521502657288e-14
-7.914791653417564815e-17
-3.107539520074530763e-18
-8.359799374779522588e-20
-1.023781148679325646e-20
-1.340000210935268607e-20
-9.440745035075137257e-22
-1.110023781624975642e-21
2.400654802336310002e-18
1.040121873773149371e-18
1.299229336779476767e-16
1.806274603341479528e-15
5.168994351537270217e-15
1.147421934816557410e-16
7.193719766903319924e-15
3.189326608218896514e-14
1.190804209196857579e-13
2.997940234723278965e-13
9.657465546363973179e-14
2.157117108237965930e-13
3.770332681733399305e-13
2.037228597569436796e-13
3.097496551919645789e-13
1.065039995928268334e-12
3.117420767671516120e-12
2.438083869182980804e-11
1.086198270469921556e-11
1.524619715550137083e-11
1.844795886572635238e-11
3.807460858950568908e-12
1.992461761270054143e-11
2.307717277990976273e-12
3.434431429195070259e-12
3.996195357044484786e-13
2.070221325963625171e-13
2.084958890268847299e-13
2.931523620291240724e-13
8.381180078016470695e-14
7.300242186626751957e-15
1.618570667994129759e-14
5.778269889378121165e-14
9.435345419150641637e-14
6.725997013309999559e-14
5.967811278310713381e-14
3.621168206568264905e-15
1.706267425044897708e-14
3.163051268047759929e-15
4.013363136181640693e-15
2.357063620762482012e-14
7.792172977407517359e-14
1.511416799162986274e-13
3.866354249802246994e-13
1.198602162752194765e-13
2.443779561387155777e-13
1.041110670978331296e-13
4.087824790097386610e-14
8.609176820452987224e-14
7.565632586114910688e-15
7.958914958006224746e-15
6.917830592074495341e-14
2.941601172252015409e-13
2.053165824180703289e-13
4.281181387882804248e-15
4.210582015910927969e-15
4.686217573693394195e-15
1.114803657012537231e-14
2.046757286007166493e-14
1.329877208735191835e-15
1.834982052947297756e-16
1.937127787344415318e-15
7.002719031631319881e-14
3.992918300006555155e-15
1.185552591300497189e-14
5.085503926568229828e-15
7.022270080349042159e-15
6.820682813585227383e-15
1.128629114956995163e-13
2.184499260735647694e-13
2.631895735977836804e-14
4.874319212647074394e-14
1.427895955164324429e-14
9.384359890300496650e-14
5.211517933550673333e-14
2.237474097509588388e-14
1.319976253397071567e-14
2.048897128569220442e-14
2.974286417086270989e-13
2.683577238525093250e-14
3.124231080588159711e-14
5.428162009456575048e-14
5.664184835178390706e-14
1.708001372946747059e-12
7.141357567923372762e-14
beta4
7.147674908710489769e-06
2.809594531597256573e-05
8.001224023574791293e-05
1.429694750147115449e-04
2.339034659959320138e-04
2.153399538537734386e-04
1.337510956078031828e-04
6.863433530706849507e-05
1.352778034901165017e-05
5.339504861034576934e-05
7.185819749961251874e-05
9.251491279092616618e-05
2.187567500670885355e-04
3.000195775772933945e-04
2.781253936141482716e-04
2.761924399266072155e-04
3.108406059110980406e-04
2.951470562118457775e-04
3.483494800454977865e-04
4.122103058480597543e-04
4.600074325875702186e-04
3.588079077270714011e-04
2.879688721776769685e-04
2.779180214067675713e-04
3.169185156224382099e-04
3.310228419253980945e-04
4.258297565478585045e-04
5.880230830685275519e-04
4.861756821078554820e-04
4.602756742605505031e-04
5.243579154860890986e-04
5.387146298952631522e-04
3.705726863611231580e-04
3.535738394258132944e-04
4.593010227110507718e-04
6.102990764624841502e-04
5.753064014995001342e-04
5.347723877621133074e-04
5.030723778749814383e-04
6.619263423437149723e-04
6.409280340358723465e-04
7.984520527282940126e-04
1.012173921280932511e-03
1.194815136343891585e-03
1.575925029060956705e-03
1.762370084351918328e-03
2.313289902037090479e-03
2.613863492150507103e-03
2.996153685089094493e-03
3.675704339382810173e-03
3.396861030765752076e-03
2.827138737383038183e-03
1.907294925649502277e-03
1.629237304226864580e-03
1.304201577478945363e-03
1.081035235123614527e-03
1.477995734102197610e-03
1.461306374108821936e-03
1.589435392096185101e-03
1.399485652557801423e-03
1.558530292829585044e-03
1.181755035890882759e-03
9.227993690207272502e-04
6.454234621253668400e-04
2.936837584423459689e-04
2.444580123934474028e-04
1.167448129511353025e-04
2.207725569211288762e-05
-7.389489714863001104e-05
-1.063542824341695087e-04
-1.774203288076121247e-04
-3.307367589880074116e-04
-2.940669493067276275e-04
-1.724573478129331778e-04
-1.488165752354358832e-04
-1.298435335028331756e-04
-8.192881924259996611e-05
-4.550456512649117281e-05
-4.911980421732965480e-05
-7.387317912107952984e-05
-1.345355160980924564e-04
-2.224604738965581794e-04
-3.674889860048368220e-04
-3.938882929942294172e-04
-4.888759866917996057e-04
-6.644933471814486788e-04
-7.527179303184336956e-04
-8.343337252859608835e-04
-9.149735212145804165e-04
-9.777794306284593416e-04
-1.094134932516044713e-03
-1.207720514896461206e-03
-1.261434593293951373e-03
-1.269990145823700692e-03
-1.195016646822281633e-03
-1.363673560379956122e-03
-1.364969354186116365e-03
-1.434973236859065542e-03
-1.454737916037922817e-03
-1.823894052234978445e-03
-2.208076223409838595e-03
-2.602867135832381395e-03
-2.206631895463735844e-03
-2.027686860320438919e-03
-1.695547446249618577e-03
-1.770914977158154040e-03
-1.857483793059446289e-03
-2.117163200596045014e-03
-2.192650999842251508e-03
-2.525017408355281941e-03
-2.639367267968891102e-03
-2.954783471145998840e-03
-3.823090514691491158e-03
-4.317126458416791629e-03
-5.232354387532670709e-03
-5.545944242803913828e-03
-5.883814946106638577e-03
-6.040203157555491288e-03
-5.387821791980440533e-03
-4.810887435529485542e-03
-4.244740946542644930e-03
-3.186246475583421386e-03
-2.178754173977216074e-03
-1.857676731442655955e-03
-2.022488000247083407e-03
-1.684143009419598056e-03
-1.720845622391093451e-03
-1.956386086938028887e-03
-2.045258140227446293e-03
-2.016122371237754479e-03
-2.033165437008970216e-03
-2.733573040779549001e-03
-3.578128072796626230e-03
-4.255105151197918247e-03
-4.901811931317062374e-03
-4.867501593408421999e-03
-5.049071929877834916e-03
-5.677860902943339741e-03
-7.026392313305811210e-03
-7.262386900564452019e-03
-7.935724714239082711e-03
-8.116042650738144321e-03
-7.695267373619239272e-03
-7.321300010118237181e-03
-6.324892909198203197e-03
-5.543921339449468799e-03
-4.751236679780401068e-03
-4.009247983944409094e-03
-3.249569186549543503e-03
-2.433915114102684369e-03
-3.152830048777682109e-03
-3.266760967470863468e-03
-2.858112091408085854e-03
-2.232900331983629291e-03
-2.625140438874822534e-03
-3.331418190907506002e-03
-4.144937888460977979e-03
-2.859474255290222859e-03
-2.404053022219839429e-03
-2.015959085754056961e-03
-1.521144066375694753e-03
-1.387684875298466226e-03
-1.661474012122000042e-03
-1.413044980586889484e-03
-1.340732725942663482e-03
-1.434604570394976174e-03
-1.563167519902141159e-03
-1.527958810586195221e-03
-1.494663965470147647e-03
-2.074615419274349754e-03
-2.543344902222753005e-03
-2.254002263765902091e-03
-1.803345798567463276e-03
-2.042283267640272997e-03
-2.436796415883096811e-03
-3.383184484892981687e-03
-3.878029655715017291e-03
-4.155987047449984789e-03
-4.303604444868773700e-03
-3.349124600691728328e-03
-2.909277359039235886e-03
-2.378547048890097219e-03
-2.011757999998296277e-03
-2.255221210475291237e-03
-2.757046609349825348e-03
-3.234729533806644710e-03
-3.133791771264513980e-03
-3.190644567100973245e-03
-3.535404533936818174e-03
-3.841429543661402293e-03
-4.217986567396090139e-03
-4.096165814305011144e-03
-4.099301365340897799e-03
-4.149548104399219603e-03
-4.281362707093493494e-03
-4.386647739486966915e-03
-4.467232681781493041e-03
-4.408633522477062826e-03
-4.408314884791093673e-03
-4.710528495368754114e-03
-4.711262166607147264e-03
-4.791114758671057364e-03
-4.823547199211583938e-03
-5.281366798480167414e-03
-5.161791927403439409e-03
-5.119683793255926096e-03
-5.098750497205402701e-03
-5.194748253561610844e-03
-5.357057854799817873e-03
-5.841224291970801598e-03
-6.316432512716712265e-03
-6.392332672521616223e-03
-6.194946573878246793e-03
-6.626726139426155834e-03
-7.095410890655076512e-03
-7.855174645029428665e-03
-7.937073989044291997e-03
-8.140448451014831166e-03
-7.047899616218625436e-03
-5.951798505722742660e-03
-5.053391778335939930e-03
-4.290707485007152003e-03
-3.729512879952648005e-03
-3.019413427052359059e-03
-3.066678293705354073e-03
-2.573131792084367916e-03
-3.461332562160961569e-03
-3.999055181311458526e-03
-3.574209276844647100e-03
-2.769364113264480981e-03
-2.121725767321802538e-03
-2.235890646214524526e-03
-2.373178597171921381e-03
-2.247665519789382796e-03
-1.690317812662796640e-03
-1.596241494718259176e-03
-1.505018292371733922e-03
-1.405082205706156525e-03
-1.003578565160302000e-03
beta5
1.599132759366381207e-04
1.727652433855609898e-04
1.778031712357583524e-04
1.718168211298364174e-04
1.557890865714091214e-04
1.338968811033856669e-04
1.063589182359183185e-04
1.013433453506963996e-04
8.089139185890270264e-05
1.072431361656030609e-04
1.707049671724889450e-04
2.321791161392692366e-04
2.607238777644217253e-04
3.001393763847764757e-04
3.672763302870034070e-04
3.179275081193607896e-04
2.997378098013934837e-04
2.734922122613961393e-04
2.499910552551452662e-04
1.910183955601826920e-04
1.550897159648496817e-04
1.352764116461401727e-04
1.335832650125761724e-04
1.297616057839758995e-04
1.178518818276514074e-04
1.230948288468156147e-04
1.513394011277223016e-04
1.936479756573427561e-04
2.080933388200684794e-04
1.837199599974174643e-04
1.270896734796198263e-04
6.551920106273673920e-05
3.130467050995699557e-05
2.792161422367300756e-05
2.614265750107090376e-05
1.757740314393950069e-05
1.236004507049403583e-05
1.549940948338552872e-05
1.582868626586896285e-05
2.809924882695646182e-08
-1.013079925577333642e-08
-1.698217304192774221e-05
-5.733565057972002561e-05
-8.444107312121078724e-05
-1.382052222909927646e-04
-1.761865670591925405e-04
-2.242478552107198236e-04
-2.268204838208518989e-04
-2.392549888496097225e-04
-2.862912622417394868e-04
-2.892754022485985498e-04
-2.552018840639355408e-04
-1.520170901678690530e-04
-1.208858159425923464e-04
-1.118569875176180200e-04
-1.028456384857103292e-04
-8.600883386952260629e-05
-5.573389690355931916e-05
-3.264944535620955098e-05
-2.254333321623398101e-05
-2.489735975206237292e-07
-4.981955531421205244e-08
2.480049838650593643e-07
-7.669188108183436888e-08
-7.061135581662577377e-06
-1.297366518768010563e-05
-6.901922098664065963e-05
-1.398308305301665258e-04
-3.655530718653252293e-04
-4.929136590283713596e-04
-4.692704612843659950e-04
-4.360467893333722566e-04
-3.068913473480649155e-04
-9.387346491629934759e-05
4.018218471927975737e-07
1.055937924106209967e-04
3.174166420122414905e-04
5.918787886084636877e-04
1.062835660749350021e-03
1.503945982677999758e-03
1.579231313798698782e-03
1.815548580752732091e-03
1.265129052810425774e-03
1.146501677246947832e-03
1.192068571461690589e-03
1.287548924343041249e-03
1.302251380017142683e-03
9.305065889577285049e-04
7.710469631767419806e-04
6.410314285156281690e-04
5.356378975216312833e-04
4.949970400579586363e-04
3.690130587624593206e-04
3.098314486514281785e-04
2.797931032042388520e-04
3.013421673405694773e-04
4.060598701210724800e-04
6.031252804398112757e-04
7.704909885414409562e-04
6.819122156156022085e-04
5.432665722421150612e-04
4.421319998359283642e-04
3.285138064180367890e-04
2.342115249148135040e-04
2.493631104198974595e-04
2.134026259473823471e-04
1.763153875195433862e-04
8.795955209728694422e-05
5.566721305697837168e-05
2.771237037397843655e-05
8.438223524931970178e-06
-1.044648108401512099e-09
-2.667950710297356510e-05
-7.605410221570051751e-05
-1.143634218199211311e-04
-1.678773203646412608e-04
-2.012195697071967140e-04
-2.273198979547387197e-04
-2.483311968112519928e-04
-2.996837364924465888e-04
-3.161824668758783739e-04
-3.299583742831617970e-04
-3.190428005677932227e-04
-2.919238195296696889e-04
-2.028767946641047294e-04
-1.458038992615450164e-04
-1.817896383124518355e-05
-2.256911837605955510e-06
1.411530635182009480e-05
5.980837310760764937e-05
1.018365025932056658e-04
1.897568085669723461e-04
2.539974683146958346e-04
3.353751750532722319e-04
5.090457497963518131e-04
6.802989111873041818e-04
8.950270478524545914e-04
1.095495290476617301e-03
1.318602645278211171e-03
1.636831465844763205e-03
2.068920170998900503e-03
2.312005072760098950e-03
2.622195696849800861e-03
2.283193492212512703e-03
1.819206118077642794e-03
1.706206773492414909e-03
1.564852561671348794e-03
1.502616360538951363e-03
1.284626172195590119e-03
1.044145656760311729e-03
1.063426854151061640e-03
8.961543206199176857e-04
7.723750205009967916e-04
6.230150139023126615e-04
6.595120271126260654e-04
5.591908472259861894e-04
5.072679468064348425e-04
3.429258139670812375e-04
4.278119734136274274e-04
6.256381354185174123e-04
4.559026077146615796e-04
3.937933892679504225e-04
4.529626648369016817e-04
3.911179054553831592e-04
4.937128330016441087e-04
5.479740575472951715e-04
6.580352748225018434e-04
8.208729417195856099e-04
8.121147995669733511e-04
6.711940016697455708e-04
5.944389607068487937e-04
6.473454269051660739e-04
7.293765787591572486e-04
6.873982179516421745e-04
7.186538297579965571e-04
7.797623620372274873e-04
7.747867170712286400e-04
8.128398377510902750e-04
7.243363571853155165e-04
5.785452901015428022e-04
4.417035609631361813e-04
3.748613005535263360e-04
3.437301621399491895e-04
2.985460572981379792e-04
2.719416914479425669e-04
2.387710494644016855e-04
2.016853688395692159e-04
1.593476890949714370e-04
9.762489767872163866e-05
6.024032934419436486e-05
3.395951282280589934e-05
3.284429498304184433e-05
2.403382910556811790e-05
1.919794797574138898e-05
9.395735983132237379e-06
6.265666963694168604e-06
6.324332659321183614e-06
2.170832972559500624e-06
3.965337479098972489e-06
7.520928812095238028e-06
1.321818828897359640e-05
1.461258985481601408e-05
5.778672023031380971e-06
9.971929217190849841e-06
5.191948570079756630e-06
8.057557241500610818e-06
8.792916422634612948e-06
2.022020672037477205e-05
3.220792748098722636e-05
5.546168131205420797e-05
9.593900157264680215e-05
1.443713838789730604e-04
1.442007125872340199e-04
1.676822116464055860e-04
1.765745335939638617e-04
2.023501807108544690e-04
2.245645471816659308e-04
2.084480186905201811e-04
2.029641010995373825e-04
1.765834860286314984e-04
1.301317584825570806e-04
9.022141882314495026e-05
8.201413040474057219e-05
6.031812248509555330e-05
3.911604751205002909e-05
2.721018962857911730e-05
2.082805257805329810e-05
2.322023650548642372e-05
1.272617219357767229e-06
2.323275498406313959e-08
-4.910815152716237051e-06
2.734619185160531028e-06
2.382675138302532694e-05
4.285623256821482634e-05
1.926527554938798698e-05
1.423389273404710128e-05
3.244937750445895067e-06
2.686751917456335837e-06
5.925636938584410744e-08
