6.766374980764646276e-04
7.170583853602080634e-04
7.366597838052621992e-04
6.938033874460223117e-04
7.019869140569854130e-04
7.578599635512424252e-04
8.003485452108720973e-04
8.517266677180097053e-04
8.763013929312038616e-04
8.854230997440357132e-04
8.869425968528212283e-04
8.995297422948273164e-04
9.133096783602353413e-04
9.249458739861777428e-04
9.167635481344798805e-04
9.187041207637247631e-04
9.080722891047030704e-04
8.778260839720398870e-04
8.343275820129326904e-04
7.563440135956306376e-04
6.822416121780265760e-04
6.154449242196021472e-04
5.498076417350212727e-04
4.754731172117122526e-04
4.127713500288595033e-04
3.419847380377319325e-04
2.895728973953965845e-04
2.474495757324603044e-04
1.996448197784775650e-04
1.491859759253956746e-04
1.096838912782972732e-04
9.590288915117253440e-05
9.355417778028931577e-05
8.816153305542083355e-05
9.652923971878168703e-05
1.005934897070644000e-04
1.217008009080575566e-04
1.492302641586438854e-04
1.890653080257559502e-04
2.064966687036967142e-04
2.350573879805215396e-04
2.519844835535841828e-04
2.608057071181491037e-04
2.712323001674856967e-04
2.727071186384399091e-04
2.727264123286733655e-04
2.706171735707234012e-04
2.616786025230639912e-04
2.426755054526613913e-04
2.195132038925106061e-04
1.847725064950764154e-04
1.779722960736582758e-04
1.574304100395735456e-04
1.448302257524512998e-04
1.427286842062066988e-04
1.396248860894510301e-04
1.315504608864738142e-04
1.347649799995625380e-04
1.225538523921432959e-04
1.208829076768691443e-04
1.173308480842431622e-04
1.173483010511282965e-04
1.115164011099536496e-04
9.515260293638481959e-05
8.575132801886647645e-05
7.652052587086487180e-05
6.578722305805753776e-05
4.988351381753794537e-05
4.469087631928442468e-05
3.542307068518031382e-05
4.008206068348393376e-05
4.268215952622358636e-05
4.498377642272698016e-05
4.455046895307141516e-05
4.949496934211383741e-05
5.602402990675477747e-05
6.025816372511907227e-05
6.317657444460307060e-05
6.445781078425029474e-05
6.585125435374114360e-05
6.779970691396081898e-05
6.739675784325192831e-05
6.360170587571915282e-05
6.195110458810844118e-05
6.117842322756742899e-05
6.178819729704332548e-05
6.733236415326120041e-05
8.008570621768166804e-05
8.927965910973752921e-05
1.046554229140852962e-04
1.301630805232774520e-04
1.543454445975427688e-04
2.004456807867224018e-04
2.611755004670317953e-04
3.106352284123398469e-04
3.593627283096126573e-04
4.337382970703327159e-04
5.452966463084400533e-04
6.536578063071316102e-04
7.312561901318329191e-04
8.164869127313185331e-04
8.930594760940008953e-04
9.600918401485666496e-04
1.046901071692472743e-03
1.108639915072385075e-03
1.136851593183376471e-03
1.200587797515102056e-03
1.287975270702611382e-03
1.389847253885898894e-03
1.478042401604764793e-03
1.503887880305890441e-03
1.539468464194458696e-03
1.587797821714915679e-03
1.689798125594745926e-03
1.766602891480863234e-03
1.835156326807700590e-03
1.875135830465939069e-03
1.950242780837860117e-03
2.013409256509916031e-03
2.011830754970110775e-03
1.959125666043514541e-03
1.925205469318841097e-03
1.924662746484884050e-03
1.930640148685046006e-03
1.884836118397693536e-03
1.790957460679424651e-03
1.730193982209788208e-03
1.692235972138905883e-03
1.701054377005565459e-03
1.744747953923485827e-03
1.755779915819853610e-03
1.859205343509625101e-03
2.047179957165936020e-03
2.151592989633998795e-03
2.287991282928545245e-03
2.385943013076565616e-03
2.474688400663897954e-03
2.572045796756885095e-03
2.659001894207169495e-03
2.757238140446626948e-03
2.927898773342842414e-03
3.040904038576378726e-03
3.176403285924340580e-03
3.340994661240532290e-03
3.452988281526343187e-03
3.561470192829432283e-03
3.713861051338683897e-03
3.871518862947697249e-03
3.970170565797399680e-03
3.960879267821220545e-03
3.938485708912955498e-03
3.845910095436541609e-03
3.660203403834693878e-03
3.521653811909909119e-03
3.353841018903605444e-03
3.079308151354542833e-03
2.751015282973702947e-03
2.440573047882910879e-03
2.087784093413817127e-03
1.755402763305685026e-03
1.529538321167913870e-03
1.428605250029179327e-03
1.348394464721819124e-03
1.293783246434952044e-03
1.227261964644730304e-03
1.106301855123221220e-03
1.012612472422942753e-03
9.347526377420523752e-04
8.844354784966084772e-04
8.528364776671428643e-04
8.320234325946818501e-04
8.214355502915684148e-04
7.965790416735244990e-04
7.500662180749000140e-04
6.906393363895115683e-04
6.301012686015886608e-04
5.926262420369454590e-04
5.635176013968189873e-04
5.305806687752267180e-04
5.126659694662694545e-04
4.836544186129512432e-04
4.565571477677765979e-04
4.038355476825680919e-04
3.605485342938788656e-04
3.268980943384335492e-04
2.847861176877253763e-04
2.507611658448078372e-04
2.192294691231237410e-04
1.814077028864748739e-04
1.494738587591249650e-04
1.168041174488219642e-04
7.800758246931134966e-05
5.457295255751714295e-05
3.644928288944150260e-05
2.650769324235962749e-05
1.752815182948032932e-05
1.191059313667171706e-05
9.587487955766301110e-06
7.899356391332015752e-06
5.343504531786228035e-06
4.229792356094863821e-06
6.627020844771891857e-06
9.845132254210231339e-06
1.580220922863667665e-05
1.775761251576638165e-05
1.783011626868166746e-05
1.783109166406583954e-05
1.783490214529222866e-05
1.783748589878521244e-05
1.818655515893103134e-05
1.871718528736472965e-05
2.332662888881887266e-05
2.593556647262617318e-05
2.450535349331682230e-05
3.128623953982716065e-05
3.704110535978610819e-05
4.818885693408616380e-05
6.593842383949276330e-05
8.118132978268970297e-05
9.130684312835704412e-05
9.660056155592172103e-05
9.847992057892308588e-05
1.015290009697578669e-04
1.002383737897733694e-04
1.087157719335927222e-04
1.193266362520038710e-04
1.338020766736627571e-04
1.500409135990830704e-04
1.544355825713905909e-04
1.527558516786300968e-04
1.430913152063757060e-04
1.388940194519062336e-04
1.401537965742533478e-04
1.480322713045641636e-04
1.562580725570889115e-04
1.590405391289707914e-04
1.485017193314560203e-04
1.350117019997550507e-04
1.103390017409931886e-04
