-1.460500178182050579e+00
-7.302881942152448236e-01
-4.869343853847283299e-01
-3.650393701965677917e-01
-2.918976579908032498e-01
-2.431833057079896276e-01
-2.083159212128209425e-01
-1.821852785059714930e-01
-1.619183125940317769e-01
-1.457490113954883204e-01
-1.326421718419789064e-01
-1.216164016482785687e-01
7.231436631218353406e-05
7.927792625142170634e-05
1.185558082022161491e-04
5.690526463726768442e-05
-4.975214080648109447e-06
5.108589069943663378e-05
3.882103965536123096e-06
-5.253305883737667542e-05
5.481548623467419036e-05
1.729680286614117192e-04
3.894888183734878002e-04
7.715299050563992561e-04
9.230588367444750699e-04
9.453491006939294906e-04
9.826983272187182154e-04
1.027618579343604231e-03
1.069981514117173543e-03
1.042698144308206766e-03
1.018384238828445951e-03
8.898867173509559777e-04
8.286713949303270562e-04
9.068441991344748264e-04
8.838210285163414356e-04
5.615212563177025698e-04
4.202207738815029459e-04
4.161762459017416039e-04
2.701385861223467373e-04
4.028700128634939582e-04
1.015197171931558418e-03
1.069029100666297333e-03
1.043850885988278649e-03
1.270780628686850409e-03
1.188617668232024938e-03
1.022441758093146219e-03
9.480091522559721358e-04
8.652332269070071554e-04
1.014513408290403746e-03
2.957233642504445998e-03
3.265852230670162736e-03
2.841806958720060478e-03
1.993936605155535464e-03
2.367695221412164600e-03
2.401621734315587120e-03
2.286789562500868376e-03
2.465163907762853417e-03
2.240675865279261134e-03
1.794758743477697406e-03
1.628093295142673700e-03
1.252985987676925135e-03
-9.371404321132084311e-04
-1.388075381288696696e-03
-1.431265194547063496e-03
-1.632067187208432199e-03
-2.682007780994347459e-03
-3.403469496297281596e-03
-3.519067962603253039e-03
-3.868702649880786243e-03
-3.954400415915823759e-03
-3.627340937744505042e-03
-3.439889865299765228e-03
-3.283290142864596362e-03
-3.125205773228596426e-03
-2.981140438923203084e-03
-2.849048161891560779e-03
-2.530903997012843958e-03
-2.025167672223566768e-03
-1.349009767014842454e-03
-1.189394455487271249e-03
-1.044536789147013566e-03
-8.475486852232925463e-04
-1.116665069329575259e-03
-1.053840873735610887e-03
-9.753425367471753793e-04
-8.557891738699128538e-04
-7.626554953846406389e-04
-6.374743491653137029e-04
-5.641693289178123646e-04
-5.029376700737010200e-04
-5.037006753998709511e-04
-5.366254965114577004e-04
-2.270040636948904235e-04
-3.167204757777903105e-04
-6.393805469351425419e-05
