2.726603370004695750e-16
5.387292841475638708e-18
1.144527352867612086e-20
1.027524062716441037e-17
3.127229027595123591e-18
1.787507719959207980e-18
1.210131956912322211e-18
1.642745343855941832e-10
2.307511609123159576e-20
2.022794908478613215e-23
6.763794621432354606e-22
5.903773229079473233e-24
5.946809535469151452e-31
1.552150729175709647e-29
1.791095590696963880e-31
4.344126500753727848e-22
3.855009529668429680e-24
4.729563662269182353e-19
7.483563632210924025e-19
5.224439034646734832e-21
5.169897349653768517e-17
1.798894231502511844e-17
2.122674911760445012e-15
1.421446656830375752e-13
8.470366158775230128e-12
3.461684774558715883e-12
9.249291985718666581e-09
2.338029404454321011e-11
9.721082062119423644e-11
7.174699905084221812e-10
2.862834243271394679e-09
1.066826303843309842e-01
2.626473341423814738e-09
4.229348885275663705e-10
1.269550919202741890e-08
7.327949602018937759e-10
2.370534449184996162e-10
1.006825263641757950e-01
5.408430482200834554e-09
2.212130542497408938e-10
1.083079957937069966e-08
3.787005251371080270e-08
9.232549003573404760e-10
4.821396127740169367e-11
1.166211125649446584e-09
8.334316185101456685e-09
1.909569385866113733e-10
5.229952057174958895e-11
1.492969130151136636e-02
1.751121271773291412e-10
8.859114725197837493e-09
3.888738829511788401e-10
6.029222883764991138e-10
2.273333557987672814e-12
4.599130948198304737e-11
2.255828849115145036e-03
4.087726075472774662e-13
5.040715417598755159e-14
7.431668025604275227e-15
1.156385059959349844e-16
9.353796100202611598e-15
8.486443449539389553e-14
5.060551137160632782e-16
1.851570405942623830e-19
1.285868651656988314e-19
7.061064891441234861e-23
6.571685973126815891e-21
5.825278506690423599e-32
2.617273206244693319e-34
5.421919049887261973e-35
5.956830280926164170e-47
-1.463885012678303697e-68
-1.505824464622355882e-38
-3.621842123181128091e-30
-1.037777080334175319e-32
-6.338847494439976367e-37
-8.516748298781756264e-26
-1.102787314873402676e-32
-2.668597546123178434e-33
-2.207963223560921635e-28
-4.662903657733140828e-25
-2.654357900299565472e-19
-1.833047314056667846e-13
-2.818122150091472225e-21
-6.521914121718043435e-25
-1.745488019937570156e-23
-2.497131013360388160e-26
-3.077718154359519939e-25
-3.286062902142775153e-25
-1.417806899709376043e-23
-1.045816111239870471e-23
-2.337629973680187394e-24
-8.398862931425940529e-22
-1.238939428133471021e-21
-1.857756312484427198e-13
-2.724300323111131386e-16
-3.802224281612612046e-15
-1.113811071561553468e-16
-2.929869989534555915e-14
-9.715226631306350536e-14
-2.175875766995543049e-12
-3.790390587565466321e-12
-2.039777986878356458e-15
-1.064182225498271312e-14
-6.889969612482852877e-11
-1.506217017048522007e-13
-1.429115799862952580e-15
-1.534643458152278107e-12
-7.005657045185858852e-15
-2.515674476701041375e-14
-4.158984794883439166e-14
-1.692264206793157399e-15
-6.000118406814711694e-14
-7.371442396291886927e-17
-3.698294585916085131e-19
-7.110902460414310329e-18
-3.206526552013527674e-14
-9.951677761514041361e-20
-3.388846394564938667e-17
-2.806029167744044667e-19
-1.780084202925842853e-15
-1.276483405960862149e-17
-4.444946584407176158e-17
-3.700642608224113295e-14
-6.359312887407588357e-14
-8.577595917700029028e-15
