-1.485740451861268822e-03
-1.561052854575405288e-03
-1.253760932294879348e-03
-1.424501758756322638e-03
-9.530243226643857852e-04
-6.185229668796429032e-04
8.345076683916397491e-06
2.198663070698410023e-04
2.806013877738659746e-04
2.656189572314527573e-04
1.600561808692881343e-04
6.865826566452111132e-04
7.757375908933932191e-04
2.155316423622009869e-03
1.250270403441292900e-03
1.483596207999348000e-03
2.394262624981150465e-03
2.843517177768606959e-03
2.334211073320325170e-03
1.150570091596513859e-03
8.009714424826242570e-04
7.192685796643377011e-04
9.572791842574140215e-04
1.662848293617240738e-03
2.533513077225868319e-03
3.080365054236659707e-03
3.443379782532279311e-03
5.501267445410168606e-03
5.879381192181966885e-03
6.909939676027048068e-03
4.928067964455277311e-03
4.470527231776188701e-03
2.967713764950242333e-03
2.838378601435423941e-03
3.458642112033207851e-03
4.000617181522753141e-03
5.035006968843602423e-03
5.735223136859425065e-03
4.098441565502313789e-03
3.851854015415376049e-03
3.940619130976803428e-03
2.410651992354200315e-03
1.961955267072931081e-03
2.228323965207112956e-03
1.921660709840644979e-03
2.526520988559386241e-03
2.601320015499977451e-03
4.089969090612682011e-03
4.566444144282231360e-03
5.171509936549281185e-03
3.704854077194150858e-03
1.856173216440513323e-03
1.720296225526076177e-03
1.728614661704140978e-03
1.350388437193204925e-03
3.289292641049363741e-04
4.881915765592842720e-04
1.902013228215366017e-03
1.665022283614338554e-03
2.840762203607635240e-03
3.151817995499171278e-03
2.144901088884221003e-03
2.074828995951207272e-03
1.304898841968114885e-03
4.364480411562033973e-05
-5.166018909078716687e-05
-3.355899436132015160e-07
1.666582553819928993e-04
-9.618071818231788703e-05
-6.944978481390402022e-04
-1.393765870245989788e-03
-1.838897219312311728e-03
-1.881871240065315521e-03
-1.465736322651011629e-03
-1.737423312352795847e-03
-2.004157975811840953e-03
-1.995666031434589413e-03
-3.060316395837905847e-03
-2.294424251394993133e-03
-1.532160715255880858e-03
-1.807483951750175335e-03
-1.844335879142688884e-03
-1.414567508228241647e-03
-4.767122257084360575e-04
1.159864022472695478e-04
4.164654949704485167e-05
4.438680873950160148e-05
7.610086126861604348e-05
-2.815830449239801149e-05
-2.712666159325244808e-04
-4.496740903368169975e-05
-9.601261974513104313e-05
-2.036763293438194344e-04
-2.308530555265735738e-05
2.299721326942829160e-05
-1.195411085487231237e-04
-4.369775610505426274e-04
-1.322524267297090980e-04
-1.044029562641219993e-04
4.750429071998991969e-04
-1.904136569900665517e-04
-4.962424376132250998e-04
-6.259577663407908579e-04
2.776937035776106882e-05
1.142477869743224793e-04
1.908518395842146169e-04
8.366997593139081837e-04
6.696166632115690444e-04
8.939274726633241516e-04
1.476187784541137249e-03
1.425812310928010595e-03
1.661623062393483268e-03
1.642102279639458826e-03
1.776649624215696213e-03
1.939917533140399220e-03
1.165362348298610087e-03
7.522319077521044022e-04
6.339590175735464791e-04
5.270890413860234141e-04
-1.890639241443633860e-04
-1.199331466711752890e-03
-2.700005940628852049e-04
3.541182906042941009e-04
5.427161945205803608e-04
5.469450584454608891e-04
4.733266557099561548e-04
9.254279154742592675e-04
1.552118755287231313e-03
1.920560146202996083e-03
3.435796235888905273e-03
2.069396991148133441e-03
2.396034573439669024e-03
1.935768460126035184e-03
1.371002963226234739e-03
1.171022640449171422e-03
1.594165994416242745e-03
1.644131721442248671e-03
1.854546685906950697e-03
1.022931401148292896e-03
8.765240079372396773e-04
8.381533126706889377e-04
1.048869775248023129e-03
5.893859166708862200e-04
4.204927779782064454e-04
8.506740287120336669e-04
5.843673013696041012e-04
7.682168266629738106e-04
9.226373124909791881e-04
4.147139721557249379e-04
2.835908299336058417e-05
6.205144676256524902e-05
-1.121891191565773738e-03
-2.339613662289315339e-03
-3.435519692189587491e-03
-2.109000182992278212e-03
-6.726705277582922500e-04
-2.368511496848485812e-04
-3.310004890954500894e-04
-5.049811551919191526e-04
-4.750176111718724926e-04
-9.494113611613453447e-04
-7.998976503152222884e-04
-4.024097018812024121e-04
-1.636536692800517488e-04
-3.357056415910958966e-04
-4.471707926124657219e-04
-6.981274839980632996e-04
-8.272820074077521851e-04
-6.756000915582440012e-04
-7.663538289767379483e-04
-7.836909615207820210e-04
-5.997040714327637329e-04
-7.601546464296321266e-04
-4.648798796350465706e-04
-4.600118300050258340e-04
-6.151751386648116526e-04
-4.589839164422953081e-04
-7.169571490048419395e-04
-8.709077215046807366e-04
-4.901871648517412000e-04
-7.149627896061101816e-04
-1.084598819231091804e-03
-9.881681501824406914e-04
-8.567101239765671870e-04
-6.818188897388950242e-04
-4.083227011045339918e-04
-1.129951268320840722e-03
-1.608617494614338105e-03
-1.651297182662616291e-03
-1.812078293408767938e-03
-2.324914470644875910e-03
-1.810622356576681172e-03
-1.649214405108807152e-03
-1.881096464771749152e-03
-2.429630941601735716e-03
-3.872261534025911271e-03
-4.981101319171418393e-03
-2.661328809238677501e-03
-1.168447299390452075e-03
-1.213446522637131242e-03
-9.792083066850723778e-04
-8.768731086322436273e-04
-1.276969470969065807e-03
-1.459439529530168504e-03
-1.866467274526249949e-03
-2.234567607598854713e-03
-2.074902718187950079e-03
-7.431672818670959427e-04
-5.758756917504935817e-04
3.334458715805345549e-04
6.721488513375717443e-04
5.690845685617146104e-04
7.814648734248791319e-04
3.591385170174676324e-04
6.266448796778999533e-04
6.118970595530000365e-04
5.988509523363577235e-04
3.845707270452427347e-04
7.256017700890087093e-04
9.996165227827745817e-04
9.634052041684419958e-04
1.432617841224149546e-03
1.132517848059710983e-03
7.074921435209518454e-04
4.974757551340065162e-05
4.601998193505716598e-04
7.210160202603837533e-04
8.878321524587271408e-04
1.053071118206964224e-03
1.796014987323862498e-03
1.461658208859459036e-03
1.624095749654163928e-03
1.261358939593661089e-03
8.077708473179555718e-04
7.043268150129932022e-04
6.798348810080493201e-04
9.830860514477228040e-04
1.152417211041829610e-03
1.286231550424533953e-03
