-1.402789113658785558e+00
-1.525485400370625078e+00
-1.947385672866258188e+00
-1.468315887989959379e+00
-1.182097997709868675e+00
-9.909047154448770156e-01
-8.575933646063507165e-01
-7.582244399510292832e-01
-6.821046083343658140e-01
-6.211440577209252911e-01
-5.724533485979134140e-01
-5.320682864994962236e-01
-4.226010543242518236e-01
-2.947165771738967099e-01
-7.245617788088720701e-02
-8.226907300683787561e-02
-9.270490767961021839e-02
-1.033821679742952387e-01
-1.123497808575555229e-01
-1.218420085802120606e-01
-1.349465812515956986e-01
-1.509264256234307544e-01
-1.583961346462673669e-01
-1.681204204291543436e-01
-1.807575903914262483e-01
-1.933727213345430018e-01
-2.068041189100590371e-01
-2.212125015215865298e-01
-2.339000144081494204e-01
-2.471489729168813432e-01
-2.624959490902482595e-01
-2.765059732833531347e-01
-2.868741622678543379e-01
-2.968494554572387867e-01
-3.162711406916395296e-01
-3.369332209473304141e-01
-3.597060720474500872e-01
-3.453810246738699408e-01
-3.308485575522356337e-01
-3.134958532690028665e-01
-2.971484229153800727e-01
-2.824368985484445593e-01
-2.649939858458633668e-01
-2.495843708775146996e-01
-2.382013551570897059e-01
-2.300864190023906852e-01
-2.184636882156922588e-01
-1.930076256934744050e-01
-1.633006760598789686e-01
-1.707555326644214777e-01
-1.657923778759116951e-01
-1.621128717133993868e-01
-1.553845048381476690e-01
-1.445018411813323023e-01
-1.340230039135111850e-01
-1.223021208757431588e-01
-1.064159017671574281e-01
-8.447816852560154077e-02
-6.460030251809584234e-02
-5.500404836400652614e-02
-4.458699838315782760e-02
-3.243164755639203062e-02
-3.176639372999470051e-02
-3.025199664467490002e-02
-3.254716807425899611e-02
-4.072871180496977911e-02
-5.254604036971482345e-02
-6.190835476634595769e-02
-6.881606426616172778e-02
-8.107276042711805686e-02
-9.131339219638985594e-02
-1.025743971196923510e-01
-1.125951664583315498e-01
-1.277504679295316525e-01
-1.421057177507856484e-01
-1.577239592310757110e-01
-1.754891208480617859e-01
-1.676338111583043355e-01
-1.568783095607013400e-01
-1.487114281778088021e-01
-1.408059820139256069e-01
-1.281478039136237090e-01
-1.176169433113356116e-01
-1.067341202360392316e-01
-9.760720225834200459e-02
-8.375522606052182573e-02
-7.133272193177200848e-02
-5.750148981631211104e-02
-3.410285499744177690e-02
-3.178160472208084453e-02
-2.879205337499174400e-02
-2.530148321267538039e-02
-2.350482288733658776e-02
-2.158010568610582713e-02
-1.888055206116838122e-02
-1.588213542779354226e-02
-1.224740064780945568e-02
-7.345441807532181178e-03
-1.443055859420628141e-03
4.685364554070024258e-03
4.957158738104626601e-03
4.677845582047614019e-03
5.002577587835865293e-03
5.673668625010338390e-03
6.763526732113341912e-03
8.608841915546306192e-03
1.115204280452264211e-02
1.301127894953296726e-02
1.502506672481474653e-02
1.652237142942406672e-02
1.782955872453758500e-02
1.848737508028016133e-02
1.874815909610656056e-02
1.922769712103936102e-02
1.910940853494634550e-02
1.912943814896045022e-02
1.914448828218934598e-02
1.893570346162792850e-02
1.799165885512061039e-02
1.886354160106449088e-02
1.821755747040997367e-02
1.783778004015973764e-02
1.720234111544821642e-02
1.649258128822665009e-02
1.538116091034158472e-02
1.292108139217665493e-02
7.701559996020890080e-03
6.211864039150670654e-03
3.578850554198363589e-03
2.145747577852392170e-03
1.533864915102874787e-04
-2.237122559857780170e-03
-3.513805850113382520e-03
-4.972870998865849303e-03
-6.681822560376790565e-03
-8.043036326320149657e-03
-7.740909820891885527e-03
-6.246356113107131951e-03
-2.168879720929991779e-03
-1.466555849294353406e-03
-6.139041298990447230e-04
-1.350956893810826946e-03
-1.913440329045649861e-03
-2.804758945959964517e-03
-3.176168726589127887e-03
-4.768566644356149291e-03
-5.633976506453763217e-03
-6.251228108801850508e-03
-8.431424361212485133e-03
-1.334876158798125462e-02
-1.842526267450003696e-02
-2.486678234736496018e-02
-2.966733330321043305e-02
-3.566854526436942507e-02
-4.250658323691777762e-02
-5.091690083745306628e-02
-6.301821284735889539e-02
-7.711844925925402661e-02
-9.135459313466824660e-02
-1.119267771986172666e-01
-1.149208569099476190e-01
-1.120975288460667602e-01
-1.094754192908320573e-01
-1.025387472591973159e-01
-9.788018331617077961e-02
-9.169031153847322091e-02
-8.458049041519681566e-02
-7.633797465820869876e-02
-6.474668893970587924e-02
-5.071194518030033155e-02
-3.589336423152997974e-02
-1.427411086509342876e-02
-1.008946372737759556e-02
-8.768143181608309064e-03
-7.094735498663701061e-03
-7.158115964256040083e-03
-5.595736948435202363e-03
-4.432303942529101058e-03
-2.802703837078765383e-03
-4.453166848343780254e-04
2.890259671836245547e-03
7.959704373431663801e-03
9.038230514443282640e-03
8.742714005180582046e-03
7.675770401588486586e-03
4.554115708533818495e-03
8.861621194121638767e-04
-7.957222564396206760e-03
-2.029500487691121222e-02
-3.373050971273832549e-02
-5.051063914506146585e-02
-7.244709447108217681e-02
-7.468275729169999988e-02
-7.855003390535024443e-02
-7.835312224200342845e-02
-7.586836087090130520e-02
-7.317608457452687287e-02
-6.876428950310570221e-02
-6.337295620121803641e-02
-5.454505436833356063e-02
-4.195217066988047444e-02
-2.843160525403466352e-02
-1.525160641728928561e-02
-2.816024976536317392e-03
-1.337330660270454920e-02
-2.681747240656891240e-02
-2.709725244569871627e-02
-2.821657542005087324e-02
-2.853210811178008219e-02
-2.907968620508450883e-02
-3.003095410937836607e-02
-3.170891265807675857e-02
-3.396838596644358860e-02
-3.613163981413116538e-02
-3.445031139346015764e-02
-2.633143838303225737e-02
-1.668980571651436026e-02
-3.666012718500590798e-03
-4.522556884729672828e-03
-5.852691367431186314e-03
-7.174495955464152593e-03
-8.850812532076977532e-03
-1.027180832004148843e-02
-1.111584718869312351e-02
-1.238940563868255566e-02
-1.313432052406413204e-02
-1.424570440264254396e-02
-1.655132391833287475e-02
-1.911091152059674753e-02
-2.023186413178720833e-02
-2.116398515409818534e-02
-2.110482640345750019e-02
-2.207900462271975006e-02
-2.338404591717124781e-02
-2.587829630638646683e-02
-2.654478422680535757e-02
-2.721613665826383768e-02
-2.536458994073447978e-02
-2.386903125137418771e-02
