8.566419948130935826e-05
4.443382242808076982e-05
2.970458836168967940e-05
2.227844197645089324e-05
1.782275358119661998e-05
1.485229465165213686e-05
5.749280714339104854e-07
4.102050895854607472e-08
4.708072954750044316e-13
6.848736965423550552e-16
-4.802955429789404896e-11
-4.804475767710673574e-11
-6.209320346448218929e-11
-6.209320721680742362e-11
-6.209320915690264292e-11
-6.209320915694490668e-11
-1.406299990658963994e-11
-1.404845147982658396e-11
-5.338497834258323884e-18
8.227187391582688562e-13
3.175066477110895963e-12
3.211705255053514083e-12
3.221876874218488616e-12
3.335960928465196894e-12
3.335960575878778208e-12
2.513240250547910670e-12
1.608944526904138312e-13
1.242507345926367228e-13
1.099653066109261053e-13
-4.737275888457209360e-13
-4.737275902910097369e-13
-4.737275902910097369e-13
-4.737275902909238079e-13
-4.737226500934961882e-13
-4.696088412767611637e-13
-6.770003447155090686e-23
-6.770003447155016630e-23
-6.770003284921725204e-23
-1.759320715435330562e-22
-1.759320715435330562e-22
-1.098912409150041248e-14
-2.135365325244895754e-14
-7.759744470912763805e-11
-7.610513647374416592e-11
-7.276460238646151889e-11
-6.827616007281478572e-11
-6.826512725046696645e-11
-6.825404065943002843e-11
2.333660059929401626e-09
1.595632084684384732e-08
1.605925510914239585e-08
1.607014927919969373e-08
1.717990825943797894e-08
1.926235281449609605e-08
1.693824159334406485e-08
3.314088666395100722e-09
3.207813870165826534e-09
3.192681167663829181e-09
2.082922144171327175e-09
4.768678691185295093e-13
2.500794881932816472e-13
2.499112873283408665e-13
2.499111308806068961e-13
1.261933651105430501e-18
8.177161658962128629e-19
-5.741395569316273492e-22
-9.629743948068877321e-18
-1.532188214672702715e-14
-3.831295777493180958e-11
-4.697059110329655619e-11
-3.470699076051912385e-10
-3.782339638586834342e-09
-1.772643602316481592e-07
-3.574799002246902628e-07
-4.384102600908774334e-07
-9.002742542241931836e-07
-1.262943658063072940e-05
-1.821267776562032441e-05
-3.029044839012749043e-05
-3.120753487977303593e-05
-3.488055571828058805e-05
-5.604023422287768443e-05
-4.747735859165256000e-05
-4.204658429805281623e-05
-3.155311231065067578e-05
-3.079485025626145164e-05
-2.714368005133482916e-05
-1.070154253857437885e-05
-9.310626520110087934e-06
-1.500462843657212979e-05
-1.443719137862943472e-05
-1.544000123107358376e-05
-1.944669361959146058e-05
-1.927913556179868042e-05
-4.656522162964387064e-04
-1.407310316494041202e-03
-1.433667211206478970e-03
-1.489454251325778413e-03
-1.543906907613236358e-03
-1.586543072188358093e-03
-1.157762010745777646e-03
-3.849452000928503645e-04
-2.084084217835727691e-03
-2.250313587782947194e-03
-3.325957207936055138e-03
-3.303985177208678889e-03
-3.307111990850117398e-03
-3.145829944530206812e-03
-1.443126850401019873e-03
