9.582691963521017698e-04
5.089090705236387841e-04
3.697493573228093620e-04
2.274214314271479705e-04
1.787547065194952417e-04
1.895384289800241921e-04
1.538134357390883247e-04
2.601309307212441250e-04
3.620594306412238772e-04
5.544711761018726245e-04
6.388265681346701674e-04
7.221315721623620737e-04
7.488916068800737652e-04
8.870380355957375529e-04
1.077744751823331943e-03
1.125524663945516981e-03
1.179328658233478894e-03
1.466917155274983717e-03
1.689909546169541523e-03
1.703972605579267717e-03
1.500477090313212481e-03
1.309705498718030615e-03
1.411109047428747145e-03
1.261104573197982873e-03
1.158278769939089696e-03
8.277006768064231954e-04
8.468474764852241795e-04
1.028244200562082556e-03
9.947071493439383141e-04
8.427562558113744226e-04
8.363177782916819116e-04
1.105274702011135477e-03
1.209092485047757537e-03
5.822703939858525895e-04
1.245989704016157681e-04
4.623990060532930687e-04
5.484630083216555495e-04
5.933127047663139123e-04
5.977714011647936379e-04
1.220355890048216126e-03
1.640468487232932997e-03
1.024713922457939257e-03
3.280833556009864378e-04
-1.050675618797282775e-03
-1.853738909571142320e-03
-2.883200186542062005e-03
-3.919602810827919025e-03
-5.047689924492815804e-03
-1.175365568683357266e-02
-1.009014886195715340e-02
-9.201176584679688492e-03
-8.182064398910003297e-03
-7.138955076648435642e-03
-5.665704822962499936e-03
1.360227905798530893e-03
7.490865137713794341e-04
3.940199448000448502e-04
2.335103507281166395e-04
1.437850422370237538e-04
5.235962090183282185e-05
8.693675769473603696e-05
2.029581006940451876e-04
1.938046765688817598e-04
6.857164374461190203e-05
-2.093711899865583848e-04
-3.740410942219762826e-04
-4.639677567339073327e-04
-5.172417621506775198e-04
-4.541771333975153091e-04
-3.340742927590195145e-04
-2.722976250877669874e-04
-3.391601526673600621e-04
-4.421641142177731420e-04
-7.427517454574599116e-04
-1.039390319307698617e-03
-1.356002084221975780e-03
-1.507787266806568174e-03
-1.659532632323555733e-03
-1.720618211485764812e-03
-1.614887238156346170e-03
-1.671761642152291318e-03
-1.703504339246590020e-03
-1.797444469120982767e-03
-1.736272545249519439e-03
-1.675336853068494026e-03
-1.651461444452611768e-03
-1.483303112102441965e-03
-1.340132732990449542e-03
-1.146910222129274943e-03
-9.841527154247470786e-04
-8.491254998429648149e-04
-8.234165023247464604e-04
-7.652017294691968200e-04
-6.774794761472130574e-04
-5.816688409001987857e-04
-5.847613083354283097e-04
-5.911509848208956535e-04
-4.778364289372315828e-04
-3.797957675844932453e-04
-2.113056271764834199e-04
-2.574772675382965177e-06
2.144654727519779190e-04
3.774800462838145336e-04
6.524579270589138521e-04
9.427613691349662683e-04
1.075064246715962254e-03
1.185285853672162154e-03
1.390959089741680005e-03
1.926176801353392211e-03
2.617306719270089468e-03
3.604145488748696034e-03
5.053707191207985373e-03
6.080065453009643635e-03
7.076083893659992734e-03
7.704127292754533139e-03
8.054255027634833405e-03
7.976682370908852807e-03
6.952647206444946375e-03
6.064804182421943031e-03
4.893471719236818472e-03
3.446253332639580627e-03
1.966580310534016794e-03
7.127478222979264852e-04
1.481821284802037864e-05
-3.042343340815188116e-04
-3.894266176107595806e-04
-6.445701003775325833e-05
4.059435314512415478e-04
5.629830298952758980e-04
7.556165622107048271e-04
8.214845997010169652e-04
8.417479943540791135e-04
7.788415565623423888e-04
5.382443431133190122e-04
3.546952441730222738e-04
2.042549673518944016e-04
7.879512160123334867e-05
1.056333001136001766e-05
-4.064641550703930803e-05
7.539976749223273203e-05
3.514421169571067469e-04
5.268464097012583560e-04
5.890751827164142579e-04
6.279477857426982385e-04
7.312392150152759391e-04
7.201051697686947257e-04
6.894242300227831606e-04
6.728090642567600846e-04
7.680653513268434441e-04
7.712339765846963234e-04
6.303775388548919128e-04
4.756367421347154818e-04
2.364263474210778846e-04
-9.139593138289557378e-05
-3.741317870432020270e-04
-4.409244341022989567e-04
-4.826358851949821231e-04
-5.374826586402857995e-04
-4.931782634230934921e-04
-3.861058682008793844e-04
-3.344863584106723929e-04
-3.662031071105732900e-04
-3.592183085097064039e-04
-2.711951541110995951e-04
-2.505689155741376139e-04
-2.262458835186014871e-04
-2.492873223595283398e-04
-4.833267309854152784e-04
-6.537816838705160774e-04
-9.042008169854263283e-04
-1.189339557911874446e-03
-1.446159975288287660e-03
-1.865786582604295023e-03
-2.054776542839341965e-03
-2.165653009534649568e-03
-2.164095229890909688e-03
-2.028416597553235091e-03
-1.849496667826688217e-03
-1.559666298933749850e-03
-1.312168626232753212e-03
-1.130012456929080844e-03
-1.074412046136950663e-03
-1.010208913130821893e-03
-9.463421411639404276e-04
-7.155094522634302887e-04
-5.387859285573341718e-04
-6.070049924081821801e-04
-6.581544669007543744e-04
-8.912345972202791698e-04
-1.223144898859136439e-03
-1.620380667253873939e-03
-1.767393463449097374e-03
-1.631978832981969716e-03
-1.439577613286319125e-03
-1.210829806564483460e-03
-1.047193227402799364e-03
-1.063357967647813674e-03
-1.194963623185744820e-03
-1.206171577717736953e-03
-1.206092843466603825e-03
-1.139665606478341931e-03
-9.086759148843850031e-04
-5.321670308666160689e-04
-4.101680736183502198e-04
-4.863613785208496343e-04
-5.917621974403373172e-04
-5.823249592307213869e-04
-6.071556978297375272e-04
-6.025522940738137082e-04
-3.918461598461703732e-04
-1.625556722518912707e-04
8.635227737279961731e-05
2.323490198332949397e-04
3.199970206362770628e-04
4.330779841359699562e-04
4.855537362228818168e-04
5.175909464954132509e-04
4.410915036562746273e-04
3.635893532108991594e-04
3.943791875907183900e-04
4.049667687852703465e-04
4.159384911613605261e-04
3.292723968938593318e-04
2.467755309886667946e-04
9.748683560337851814e-05
-1.959430921049278419e-04
-3.706094452195468733e-04
-3.813406066293179367e-04
-3.222962110601933217e-04
-1.891838271431881653e-04
1.043044615483389187e-04
4.484151561052202983e-04
7.511531527994776700e-04
8.873016735077605835e-04
9.851030030813639170e-04
1.088122050501580092e-03
1.073203114134053558e-03
1.056867244535812352e-03
9.475663643431506480e-04
