-2.263558257458335277e+00
-4.377752683038746540e+00
-6.787183325867658823e+00
-1.968242795697515146e-01
-1.785626934059123261e-01
-2.026577871449358470e-01
-1.775360335099894493e-01
-1.487685474079702141e-01
-1.659824477292028699e-01
-2.096389616483155249e-01
-2.256084384886791194e-01
-1.992349104621969624e-01
-2.773409804569712533e-01
-1.886945684868863993e-01
-7.025965233415064088e-04
-1.810161133402978298e-04
-8.378732390837902166e-02
-1.912900513359438309e-02
-7.077996945824311693e-03
3.951432790201873935e-03
-1.656614350973488123e-02
-3.223391129715321574e-02
-1.169243989966744883e-02
-6.747152349247068082e-02
-8.330143380703203260e-02
-9.760143690722424339e-03
-1.188648326180483279e-02
-2.403898430638825787e-02
-2.150719176678380848e-02
-4.960544188700947987e-02
-4.568734421759533537e-02
-1.229563787169226929e-01
-1.742206835368585727e-01
-1.785019665280305201e-01
-2.259150638638734443e-01
-2.180358747338766168e-01
-1.800580586045067710e-01
-1.760427450530090143e-01
-2.680390895889911973e-01
-2.586352869154945888e-01
-3.332160179199728511e-01
-5.734812880254558376e-01
-2.431305679254334717e-01
-2.580393226121462935e-01
-2.140844422779044076e-01
-2.161363371710554593e-01
-4.076478303002696313e-01
-2.003966418701963459e-01
-5.914494513255353914e-01
-2.752582433558015129e-01
-4.648808399269486746e-01
-2.529365267718517996e-01
-9.386690195138831794e-03
-1.577694438484024131e-01
-3.576379508244219574e-01
-3.360534488086867055e-01
-5.676943113022785148e-02
-1.267956054508894981e-01
-1.807890224006669933e-01
-2.764384574378355164e-01
-7.325418391251656836e-01
5.861643924522610309e-04
-1.680497430674956702e-02
-8.201704666185557005e-03
-9.305255519173024140e-03
-3.070557871048863394e-02
-3.590669593866458592e-02
-4.431198270210506135e-02
-7.237622311039354495e-02
-1.632048904464829531e-01
-2.108530054228768269e-01
-1.671291632506035629e-01
-1.640340855198945402e-01
-5.451734452122520835e-01
-2.812804907305480051e-01
-2.204504760192386170e-01
-5.896094555384435304e-02
-4.480383838202928737e-01
-5.480858406102738500e-02
-1.103752901752965976e-01
-2.350353834817301563e-02
-6.081992324107324266e-02
-5.473846478871604443e-02
-1.387948780356001444e-01
-2.370456248035057722e-01
-2.825744217321128904e-01
-3.810019553384118574e-01
-5.107773997781941411e-01
-2.462731626052538647e-01
-1.007195374430449875e-01
-4.641078585867959572e-02
-7.526113147721887053e-02
-6.764754328387524718e-02
-5.383540687717273121e-01
-4.439467674243213202e-01
-3.581516287739113236e-01
-4.160779671075248709e-02
-2.755310628025969821e-01
-6.781229781395615996e-02
-1.379375477100569514e-01
-3.833932868607932143e-01
-9.172241707519541987e-02
-9.926884711729173916e-02
-1.279897884219295401e-01
-1.184344454777166468e-02
-1.778735886566500668e-01
-4.690112142117947025e-02
-1.353104651122476187e-01
-1.098580975385372999e-01
-4.714424758179788233e-01
-2.970693671060565255e-01
-2.253193092182473600e-01
-8.974866274664223820e-01
-1.202667820974298696e+00
-7.292000451199537325e-01
-4.184740919342011534e-01
-1.573098304676109338e-01
-1.491765925748877730e-01
-3.549365147527686615e-01
-5.571266376000418852e-01
-1.478167994896294690e+00
-4.953724408081608743e+00
-8.973249605430533293e-02
-7.372219990701468773e-02
-9.289198584498778444e-02
-8.825191713510714686e-02
-7.610424011521355059e-02
-7.485844181450426738e-02
-5.910859462075601645e-02
-5.917782076106414130e-02
-7.260519378145782743e-02
-8.025731614243679368e-02
-9.058347006369046883e-02
-9.790046598647964005e-02
-1.242087712378046049e-01
-1.446456308757421982e-01
-1.632421918288063101e-01
-2.044517604450341308e-01
-2.194041458643918308e-01
-2.275500308576061670e-01
-2.358268667576950139e-01
-2.888365656095128742e-01
-2.916501423309639240e-01
-3.441763589491155240e-01
-4.425896236981751164e-01
-5.817137781948613640e-01
-6.942823666491685364e-01
-4.244403539130098268e-02
-3.234521348224423526e-02
-5.214277662839372079e-02
-1.003638937988908693e-02
-3.104641875080838692e-02
-6.442760353756943337e-02
-5.173916232676001314e-02
-5.722067665434232148e-02
-6.075740307539391483e-02
-8.783044125218807119e-02
-7.017202179336837209e-02
-7.435967079869033880e-02
-6.585789557748865375e-02
-2.704561285507576796e-01
-1.625746106221675757e-01
-3.167010547837827428e-01
-2.583551545049624365e-01
-2.939361336657727586e-01
-2.891736391562725883e-01
-3.077405281409441029e-01
-4.282785327943993137e-01
-2.468709807155854419e-01
-3.037632145153906782e-01
-3.592123340005373144e-01
-3.418617262642523191e-01
1.010898414699951814e-01
5.083676031471696249e-02
-1.543756371167278804e-02
2.957316158969090433e-02
-4.994748842511936848e-02
8.458146991100592982e-02
7.058356599198722936e-02
3.079493063150980092e-02
3.497499754898521912e-02
1.810226203003967305e-01
9.681404741945340287e-02
6.195590265643305394e-02
2.436721845059457939e-03
-3.521809399672413531e-03
-9.608787275668195446e-03
-3.082449963576057612e-03
-4.651601216521412778e-03
-8.499034135071683801e-03
-3.765044855396974225e-04
2.245748726318916950e-04
1.446129885591868492e-03
1.669998789541502719e-03
1.137245746888277840e-03
