1.878258932074523824e-02
3.080398917419343088e-02
1.609697830033665969e-02
9.650140659517296438e-03
2.105380180213664316e-03
5.793292611568992730e-03
2.429580591662882511e-03
1.254105482835694493e-02
5.458677756395033734e-03
3.029226354480047192e-03
1.294878806746508964e-03
1.354074652633230694e-03
1.516742197860298852e-03
4.266575752336280829e-03
2.101611646737075543e-03
3.296317326681715964e-03
3.827782598041622360e-03
1.933626889972706563e-03
2.043473216040379674e-03
3.565046498374845833e-03
2.573704200907482500e-03
3.394152054527460778e-03
2.288420938810540369e-03
2.049512785740549223e-02
2.319617839280654469e-03
2.390962661899079765e-03
6.942169645726237008e-03
3.143176812968955305e-03
2.495056064984070478e-03
2.836477882797908134e-03
4.147111335278972320e-03
4.939971705563816172e-03
4.335279400234975412e-03
1.433521670078880331e-02
3.258515984534278431e-02
8.328651146288217066e-03
1.333852917502456083e-02
3.247448934846867280e-02
2.004003678903363769e-02
8.572122964652404559e-03
7.908839807056389573e-03
1.277325645319224434e-02
2.059564975294907174e-02
8.449004034689414078e-03
2.362010586118510128e-02
2.572779027573130969e-02
1.430207414035119563e-02
5.278623350405907931e-03
8.499283672754849930e-03
7.325425240291351912e-03
8.420354348862539584e-02
2.433518649609833773e-02
6.973952642680026660e-03
1.060506632838426923e-02
2.903950782920423565e-02
1.100411894227525458e-02
5.838330121782524251e-03
5.979919760600414455e-03
3.390418253482795768e-02
1.568254553666837900e-02
1.276093527426692964e-02
6.957283848288337014e-03
8.152314864951232948e-03
1.147076693350305250e-03
2.710888121167067972e-03
1.008530378148798749e-02
9.519657641502448546e-04
1.584857803268759730e-03
1.769049464401260688e-03
1.274341169388284014e-03
2.402931802739420586e-03
9.896555536083259403e-04
2.373505941506491948e-04
-1.055490360979586574e-03
3.255993995132905761e-03
5.630583602618374674e-04
7.008760989033483097e-04
9.627618624173459993e-04
2.248336242333720449e-03
1.816221968869644694e-03
7.892271623381601512e-04
4.050415939179188873e-04
1.779697147567755927e-04
8.247759804012926238e-04
1.190106479846583928e-03
1.934331136320550188e-03
2.252760430895691442e-03
5.317069613751850346e-03
2.957581772150810664e-03
3.644131232289901721e-04
1.421869862850151656e-03
1.479644889022208075e-03
5.091169474747318053e-04
-1.448562135639624234e-04
-1.414006686408273306e-03
-1.368070857955117634e-03
-6.739337370928975010e-04
-7.076092140633718401e-04
-4.175141553505378410e-04
2.465429643114489932e-03
-7.819313096776829434e-04
-7.621556316618825593e-04
-2.698844716138146444e-04
4.856722749454810768e-04
3.499526058598002084e-03
2.916002371306084299e-04
-3.738325870625333462e-04
6.944012588497585573e-04
1.980375608964581816e-03
-2.543507263566308508e-04
2.583417651935841943e-05
9.681438863515628144e-05
-1.733804632472142940e-04
1.819235338577248479e-03
4.842311877248139441e-04
-1.269227038468264106e-03
-7.964924550631792945e-04
-1.124138083422646399e-03
5.887839953169184603e-04
7.375664450446995984e-04
-8.418329949105133898e-04
-3.082201610583405738e-05
4.332783607459627512e-03
3.588804638705163103e-03
3.074837534683614302e-04
-1.537438560963995870e-03
-4.224676084252830532e-03
5.072024404671822591e-04
9.250778640870464418e-04
1.542139272166949448e-03
-1.405588087302393763e-03
8.872661876008676191e-04
1.048792240249909807e-03
1.421216469693524628e-03
1.295761161324776112e-03
1.987649930084303598e-03
4.747226925666204393e-04
8.835383751126270595e-04
4.525089346898899514e-04
-7.050957278039433982e-04
1.022906562476807394e-03
1.063644209789742960e-04
-4.416070531054501881e-05
-7.230467111395189918e-04
-1.082259891887946872e-03
-3.626468830603340760e-03
-1.725770715087596510e-03
-1.714951845111502195e-03
-2.313367406804724222e-03
-1.968887237307353349e-02
-4.258033930183596771e-02
-8.305074294835167181e-02
-5.458982988143693676e-02
-4.076084442989484635e-02
2.047652438675392084e-03
2.255026770600182875e-03
-7.584622648372182398e-04
-4.962743081091930408e-03
-5.033180508205467238e-03
-5.327337828256012084e-03
-7.400266206421065099e-03
-5.311825487428176000e-03
-2.573455018272234520e-03
-2.042570275809638212e-03
-2.727468292831526208e-03
-2.051977100724758363e-03
-2.023015842202807897e-03
-5.418267675865643014e-03
-2.151078098219703916e-03
-2.206546714049658145e-03
-4.963487757490797452e-03
-1.186237294234056966e-03
-2.219901068311226286e-03
-1.395607671866075242e-03
-1.551020245463065848e-03
-1.618070199907066260e-03
-2.445628798408524228e-03
-1.658852629778046817e-04
-3.384137479604559795e-03
-8.086551431995735390e-04
-1.089760102669006924e-03
-1.787309905789953839e-03
-1.208902430334568524e-03
-3.102525502786229392e-03
-1.382037434414175011e-03
-1.352602517227278860e-03
-1.844168067663464220e-03
-8.640646791643715949e-03
-3.237313186449560561e-03
-6.280819768828931927e-03
-7.305199800670581986e-03
-3.510514132820662624e-03
-2.060228208042456845e-03
-5.305009687908811798e-03
-6.069308174884848828e-04
-2.589755409685506882e-03
-1.971097747568162969e-03
3.795531924090654358e-04
2.127276688136914252e-04
-1.671677650131332552e-03
-6.066090399817248728e-05
-3.429873051640091892e-04
-1.350961259805951123e-05
-3.957388698952680399e-04
-8.670767454861489851e-04
-2.311141206830149696e-04
-5.900253145804786265e-04
-1.843371106455308172e-04
-1.702469134979662721e-03
-2.829078815310122428e-03
-6.515307864293746294e-04
5.619530688184826150e-04
-2.064544088118110761e-04
1.740260724135924602e-04
-8.011134891831232611e-04
2.496800765689004254e-04
2.129190878816188646e-04
5.276029089161070459e-04
2.685463149230317577e-04
-3.239064484541221431e-04
-7.352340543585711126e-04
-8.580846226141412663e-05
-3.314064090070971842e-05
-1.912230971574527868e-03
-1.645416331286083441e-03
-5.091830415436652841e-04
-6.973652303859745414e-04
-1.219468011856914133e-03
-1.548712070950054908e-03
-1.118157437867442656e-03
-2.084421866637958375e-03
-1.733444417538696327e-03
-2.431665859690537897e-03
-1.785590625331221360e-03
-3.184676424352402609e-03
-3.017145385043232698e-03
-6.395624440871337628e-03
-2.431605245591353555e-03
-3.851839953461459656e-03
