8.776070387575803447e-04
1.517074285917109416e-03
8.850253084225352370e-04
4.497200274497467642e-04
3.630659741587528855e-04
-7.355675721451748652e-05
-4.029277175515681578e-04
2.484892906548679704e-04
-7.838061624624562043e-04
-1.128860070794752415e-03
-1.549816710709291199e-03
-1.849823323767772754e-02
-1.195034838864827455e-02
-3.903055170452108917e-03
-1.612338073372466575e-03
-1.570063037996230742e-03
-2.580573986027991963e-03
-1.776634305035727172e-03
-1.602696784894764442e-03
-1.879156246974692749e-03
-2.336864180380763406e-03
-1.525227390335701571e-03
-5.180611032334416508e-04
-7.962945096122883660e-04
-1.710451499449951813e-04
-9.862953261022110868e-04
-7.182986892926586766e-04
3.334429255036527027e-04
1.113373334469500891e-03
-1.037672643785589869e-04
3.761338152243984159e-04
4.419791654646427516e-04
7.019063550428942795e-05
2.103466790042351705e-04
1.209373188486279668e-03
4.257216674502065394e-04
5.657934317480792187e-04
7.258404810849104424e-03
1.920971119734445499e-03
1.389950239023318105e-03
8.736670983836990374e-04
2.933032036999517946e-03
1.653788998139987766e-03
2.235346298816615583e-03
2.011916443218459642e-03
2.175903515092693190e-03
3.990803996756563804e-03
4.363861903242458387e-03
3.370530049145088660e-03
2.339141123456890421e-03
1.555402721514549929e-03
1.855672251647084514e-03
1.095249671672976531e-03
1.462123687179756742e-03
5.913709136643395883e-03
8.472612476256195096e-03
3.504478600004043085e-03
2.719205200632420980e-03
1.397936112954993246e-02
2.174688838624030604e-03
1.188184169385386908e-03
1.297499359023873916e-03
1.183906961259047165e-03
1.342755471913852723e-04
7.271824281058137567e-04
1.130923463250065085e-03
8.883259718852176256e-04
7.683826079707017399e-04
2.230602170750997041e-03
2.263364569141709912e-04
6.424640667273811417e-04
3.828532448224769092e-04
-1.513118131906517538e-04
-2.006378349626633105e-04
-7.337342127554743630e-04
-4.731809597416086343e-04
-2.950632092434874766e-04
-4.852964359883515108e-04
4.721649623980267918e-04
2.629885141453877032e-03
1.454818281675817520e-03
9.050202601109024944e-05
5.046454019197352633e-05
-2.345068751265102873e-04
-1.510444280206860428e-03
-1.295664297413297956e-03
-9.311106918048731203e-04
-1.663907852176576096e-05
5.763160900896410451e-04
-7.290981695807565192e-04
-9.784420145093784479e-04
-7.452672228888257552e-04
-1.812144697782825352e-04
-8.696665775753089278e-04
-1.150326867430931030e-03
-1.070975515491852381e-03
-1.019260351613743894e-03
-1.292795679103684757e-03
-1.091186716931427268e-03
-6.054812487589065388e-04
-7.035633107331013989e-04
-5.189556568284106521e-04
-2.545425787948695905e-03
-3.454099124420437141e-04
-1.636995849809598372e-04
-1.038268647158954424e-03
4.538399252225938955e-04
-2.622513542551667732e-05
5.141239148485611749e-04
7.926311470285925557e-04
5.750524044757812604e-04
8.869231230288576826e-04
1.324450937192058137e-03
8.575452958256631498e-04
1.631008853009095197e-03
1.623299731745514365e-03
1.481884883248307111e-03
1.568786160856792044e-03
2.007606799170512206e-03
2.460379475208309720e-03
4.199855797292467025e-03
2.676364902212987566e-03
3.230397296319943278e-03
2.872765705773083853e-03
3.057365579176626619e-03
2.733552702683190484e-03
4.722925639196453793e-03
3.205746797025517403e-03
6.270042903171721416e-03
3.360634081544848495e-03
2.611858598406872987e-03
2.836219030145491638e-03
3.227782747376888028e-03
2.148378410262314839e-03
2.490869781513880676e-03
1.617070641315037065e-03
3.686849274393695555e-03
1.849433382622828756e-03
1.281460733190083190e-03
1.309587540191401670e-03
1.053056114030011259e-03
1.150343188941245313e-03
9.105536130025649764e-04
1.059112830747996944e-04
3.644190323008620128e-04
1.107795406709519972e-03
3.220854674690500075e-03
1.485912879269468689e-03
2.407190605370367140e-03
9.578259989373174525e-04
3.923458640987399879e-04
7.802198021319696431e-04
-6.972494054163418467e-05
-1.093565580681035438e-04
-1.272768405495650019e-05
2.249928219695049910e-03
-1.676123769382457983e-03
-1.387332119943280586e-03
4.368454324759279495e-04
1.994754342578361136e-03
-8.007745941546435360e-04
-1.584605034167841080e-03
-1.432826716458518055e-03
-1.294491752922807045e-03
-2.318630122799063796e-03
-1.855787218940233799e-03
-1.507691935527302133e-03
-1.870839097946755099e-03
-1.960167985795712928e-03
-1.470463292624098976e-03
-2.653078485835131794e-03
-1.954689474982963457e-03
-2.686242417046737999e-03
-3.641711590831377479e-03
-3.441198536033314870e-03
-3.308024829097590182e-03
-5.540274112108493042e-03
-3.595078834580007782e-03
-3.006483849028744344e-03
-8.631715223215632050e-04
-2.308309199294841622e-03
-1.979062076275864279e-03
-2.476302635270720680e-03
-3.889999991088390497e-03
-3.681621325041893947e-03
-3.890515700210062447e-03
-5.335195366543483107e-03
-4.107581681831827015e-03
-4.904501497988595152e-03
-5.100818504068575961e-03
-5.150672248274677095e-03
-4.985107409603560177e-03
-3.421380512345357019e-03
-4.636429596702880754e-03
-4.773730513071485805e-03
-8.428752396952921347e-03
-5.681507985795374721e-03
-5.973858405496601000e-03
-4.714055944542304595e-03
-6.120302268128425052e-03
-6.742827676754352059e-03
-5.548839952096199478e-03
-4.276684805261062906e-03
-4.648925281558647857e-03
-4.158811498517504292e-03
-4.059685309128563402e-03
-5.595030689821931316e-03
-6.869117635293659797e-03
-3.040460856323979211e-03
-1.854463252619480661e-03
-1.500664542877816563e-03
-1.475086938493552855e-03
-1.062804820118921434e-03
-1.119860608052280701e-03
-1.767886044960853163e-03
-1.938281992600865032e-03
-2.154588919602192388e-03
-1.319520918969523766e-03
-1.382522064741878052e-03
-1.064970799155349037e-03
-1.437583095001931325e-03
-1.008029048195545558e-03
-5.849816306741617003e-04
-1.252494079058507183e-03
-7.627866583077844761e-04
-8.175177731726413887e-04
-6.394858973547371418e-04
-4.043100000300920956e-04
-9.833539045964315769e-04
