2.501356787230352239e-03
2.374825362683283692e-03
2.337891808728667295e-03
2.230000867202425966e-03
2.102056605035361805e-03
2.446058261566510725e-03
2.549762504060036020e-03
2.624804791260650430e-03
2.751774074045752836e-03
2.932041853646594632e-03
3.503858735522859518e-03
3.782196363819434470e-03
3.932366899420010331e-03
4.099333670654844303e-03
4.412016110530065510e-03
4.567291626170136808e-03
4.810246085877998082e-03
4.735433258665983428e-03
4.731569917244392125e-03
4.748824662925639310e-03
4.982982239062375314e-03
4.943239041298751191e-03
4.528414022433852222e-03
4.533737598622429761e-03
4.561574653483249815e-03
4.472667442360415274e-03
4.245897950745663833e-03
4.160690674883506593e-03
4.046979310411131722e-03
3.981885812244152258e-03
3.891922642734732540e-03
3.763931685264008172e-03
3.432381330905932403e-03
3.233511098165251646e-03
3.087118927124647694e-03
2.639753684714611724e-03
2.440219003545194502e-03
2.405917136059982763e-03
2.359563146757710003e-03
2.332072880501793143e-03
2.474832871267597292e-03
2.474466676268909180e-03
2.491711678980714720e-03
2.761131332495985607e-03
2.812583698373502267e-03
2.924727779555970787e-03
3.130062606864513364e-03
3.287985186212937644e-03
3.375280827600564068e-03
3.508500936526423152e-03
3.773267058059822428e-03
4.025988758903851529e-03
4.324174888506067405e-03
4.409771133231365874e-03
4.407329403597917868e-03
4.181473752829865075e-03
4.217515725417027468e-03
4.278454977338376139e-03
4.033522791193022879e-03
3.918748386548574943e-03
3.822308260040251874e-03
3.613299178094597167e-03
3.308868010986759211e-03
2.993110187662184618e-03
2.399600911596333572e-03
2.176722306319022523e-03
2.069897249773532382e-03
1.930084830808766064e-03
1.661587491874554935e-03
1.394596134392874767e-03
1.260959801649556931e-03
1.090223200334821405e-03
9.464031773685357236e-04
8.089899014373678685e-04
6.404905072030755075e-04
5.428320282191057998e-04
4.615926072094267093e-04
4.075232313236638588e-04
3.564248473440984662e-04
3.652076513046652990e-04
3.831397736707202136e-04
3.531714164298792378e-04
3.274212669452000973e-04
3.408022662257958785e-04
3.207522076836346616e-04
3.321463547849444389e-04
3.344401344241444262e-04
2.259360913574397743e-04
1.655522301890690760e-04
1.607222950423838862e-04
1.706297388007978243e-04
1.242064899321726544e-04
7.326555625200590683e-05
2.857513258412367935e-05
3.455557636953136337e-05
2.770079168865244608e-05
2.873220691467103416e-05
4.310769343131735720e-05
4.394220380882107082e-05
1.281758400858397720e-04
2.032494416787088436e-04
2.309030058542263324e-04
2.557930486450162738e-04
2.824419971782080366e-04
3.411634365444468717e-04
4.126544883966918871e-04
4.789685969292867881e-04
5.427437861865535120e-04
4.686193745378938974e-04
4.806152373261590965e-04
5.180606524249233144e-04
5.908051379666300019e-04
6.398917794207275743e-04
6.653099383723181043e-04
6.921749751259458549e-04
6.915854358042753574e-04
6.877738729645626464e-04
7.176940856765145517e-04
7.166228225003473283e-04
7.506978214263882116e-04
8.394450593387542577e-04
7.888702930318761087e-04
7.602948479185651226e-04
6.961729649522978638e-04
6.255177955148254762e-04
5.956413415405399344e-04
5.233682289640295606e-04
5.002131117179029439e-04
4.945895839480141066e-04
4.751904647976345260e-04
4.034418628272018188e-04
3.414490829573136699e-04
3.834596592755523930e-04
4.231975600694263227e-04
5.088566334501411041e-04
5.591139563702979222e-04
6.158716344574485324e-04
6.815570562107652703e-04
7.033037384253988016e-04
7.395650499773744231e-04
7.536473269557664731e-04
7.865986608310981823e-04
9.709938554852445662e-04
1.120168825987703093e-03
1.422432216336912310e-03
1.814653868071637198e-03
2.323243204458954551e-03
2.858785766137062617e-03
3.372972824686243463e-03
3.530989624751078564e-03
3.723441789080283396e-03
3.505697377466192744e-03
3.069219548741355507e-03
2.258415605086180975e-03
1.714553932785845914e-03
1.814606170931385007e-03
2.020053127127937470e-03
1.981751567642566544e-03
1.702989596223511122e-03
1.209571015226204626e-03
6.247084281704667159e-04
3.186272701622749675e-04
9.179126200322520253e-05
2.543178859672502994e-04
6.120832790867923329e-04
1.327226250613946406e-03
1.669929084935848186e-03
1.321126031189908019e-03
6.938276832653135192e-04
1.970844998184508815e-04
-2.470690016831189107e-04
-4.498567842906469097e-04
-5.554455442884535061e-04
-6.230847382884363399e-04
-7.589696723908355728e-04
-9.152168763158193346e-04
-1.215752908667598478e-03
-1.365813678431314175e-03
-1.493715784075947241e-03
-1.567191961562471904e-03
-1.651636825167880802e-03
-1.745422980184946826e-03
-1.728651775475539788e-03
-1.709009907511932621e-03
-1.657670050915180035e-03
-1.566440255387531108e-03
-1.529224438550390265e-03
-1.444901519927267427e-03
-1.187396721553866637e-03
-1.070072679550976508e-03
-1.002974380354792810e-03
-8.885180842316538034e-04
-7.457522745459295270e-04
-5.533838764753499367e-04
-4.681594685395299295e-04
-4.155835491744250872e-04
-4.202552186612161620e-04
-3.840782635447593032e-04
-2.359874138193141858e-04
-1.296516958590448066e-04
-5.705159108323852720e-05
4.514961215352678676e-05
1.316589105985169650e-04
1.244405751742958812e-04
9.130105485914381065e-05
2.544943739489310533e-06
-4.710262771726440211e-05
-8.522435353102863923e-05
-8.288977700878684624e-05
-1.079149626119049380e-04
-1.621862981667498711e-04
-1.666056483309740930e-04
-1.761876910848431729e-04
-2.727755245879090310e-04
-3.377222722075459357e-04
-3.445086164663917574e-04
-3.340240226344798878e-04
-2.649499627511715371e-04
-2.390892054176046121e-04
-1.806281046484744081e-04
-1.443851929650583142e-04
-1.167115670059522687e-04
-1.033850216699888424e-04
-1.395217951043230470e-04
-1.395516812175193709e-04
-1.130916594606392591e-04
-6.991733105770840250e-05
-3.921504525823667567e-05
-2.922656015156015370e-05
-4.063478945631356483e-05
-4.079746083229859318e-05
-1.010000034559049029e-04
-9.789929710607993784e-05
-1.169752317205505953e-04
-1.509747648189803729e-04
-1.572923497638636350e-04
-1.857470224079392962e-04
-1.931521617598677991e-04
-2.205539337658676477e-04
