6.251423202979868032e-03
6.515603185156163858e-03
5.076829024165689999e-03
4.139295072854461480e-03
3.322997926739428096e-03
2.830573792772475561e-03
2.621302594657840598e-03
2.420421930043591477e-03
2.238930045318726289e-03
2.060034458488390566e-03
1.918163004653681593e-03
1.772422245781828110e-03
1.205024285684604514e-03
6.642013914999756732e-04
5.107671063069573478e-04
4.613541802092627968e-04
5.552704025805812451e-04
6.903508133269983631e-04
7.321753278416733533e-04
7.924240656514059842e-04
9.140652028406868849e-04
1.023468044804007110e-03
1.131043572438474205e-03
1.226915225045840333e-03
1.412616652343158226e-03
1.519682096208013408e-03
1.584292529321716832e-03
1.631521297434663413e-03
1.695310258798379648e-03
1.752286431263104689e-03
1.804260250797746741e-03
1.867425018459325028e-03
1.850134389543803487e-03
1.914614123650147008e-03
2.046504557883720762e-03
2.193723850674305156e-03
2.306522193489986706e-03
2.575172930330226189e-03
2.735114553270472700e-03
2.926879502054409183e-03
2.983823250090817877e-03
3.017401867250470073e-03
3.032885446255585791e-03
3.062243036076571067e-03
3.170849161382216942e-03
3.201363161514517511e-03
3.165483494713825646e-03
3.142859579282973603e-03
3.243871902373856794e-03
3.147100023921050368e-03
3.142326305563119485e-03
3.044054339251936903e-03
2.981988207383752185e-03
2.872443646716500362e-03
2.837856261409782421e-03
2.817915065217416800e-03
2.521484709080556910e-03
2.252891129447802659e-03
1.971244644998318678e-03
1.736393749778904032e-03
1.411661032655506373e-03
1.159204705140494873e-03
9.770692993273978350e-04
8.036304902397402436e-04
6.700752106557891557e-04
5.250199932536370488e-04
3.418647538678261746e-04
9.310487344359127959e-05
8.921308488124282340e-05
8.698647413133405793e-05
7.130510898322401172e-05
2.200122200843380511e-06
-1.428346150832025460e-04
-3.222547576159228051e-04
-4.434970451351082695e-04
-5.027116770719319188e-04
-6.338921935519114181e-04
-7.120343132118878019e-04
-7.504750566283880818e-04
-7.341831614838074602e-04
-7.647206264497469859e-04
-7.894049220403438760e-04
-8.139120716752838410e-04
-7.812779684570845271e-04
-6.767360206903511727e-04
-5.717023405244014240e-04
-5.494828337555797762e-04
-5.351017855365923287e-04
-4.421954056818380480e-04
-3.866277674707493429e-04
-3.352877417679676637e-04
-3.717045426023040614e-04
-3.468914246335190444e-04
-3.238433849195112321e-04
-3.293512250410084771e-04
-3.656390933684777311e-04
-4.103630904185350328e-04
-4.413319581618929742e-04
-4.935621858981415139e-04
-5.632048884656395841e-04
-6.867980264526622920e-04
-7.750238851574414939e-04
-9.068375132573565020e-04
-9.460557699159441577e-04
-1.059475270110115308e-03
-1.129002810711369391e-03
-1.162756875143026872e-03
-1.198075527721702326e-03
-1.206682871922423522e-03
-1.194855517399847885e-03
-1.158428951731851290e-03
-1.088961480919527344e-03
-9.862722176281438647e-04
-8.904779275058908629e-04
-7.564543376621060038e-04
-6.531593827596950856e-04
-5.147228133545461584e-04
-4.172958349005502607e-04
-3.085606679930540867e-04
-2.067158296697593019e-04
-1.815059985319796129e-04
-1.732482241665416714e-04
-1.456326478955677123e-04
-1.490587256468532153e-04
-1.165238283690863606e-04
-7.252199581201140193e-05
-3.274608096077906378e-05
6.923265545783375153e-05
1.828892500076339156e-04
3.316100682343611186e-04
4.502024925325225492e-04
5.528178148348229229e-04
6.858136289911569714e-04
8.171997104419693667e-04
1.110617254497964310e-03
1.236219729098614372e-03
1.399200389817526098e-03
1.530944937401522736e-03
1.590447978580658388e-03
1.602625008222721865e-03
1.621627836061840253e-03
1.640016151433368883e-03
1.683436262605987480e-03
1.764859065067187665e-03
1.802826404856474512e-03
1.972048859751945969e-03
1.967323711616316209e-03
2.180177193747478721e-03
2.345796446424173922e-03
2.570158210914974626e-03
2.793340193643519681e-03
3.020534387924229697e-03
3.255067295654603173e-03
3.448172667833031713e-03
3.876298592282253434e-03
4.261465660564129308e-03
4.809638424001103953e-03
4.978703918267746685e-03
4.939122762707720549e-03
4.716515426098754488e-03
4.465200090207709256e-03
4.164636582478068588e-03
3.934629685986461463e-03
3.724614497447127550e-03
3.497472257945335398e-03
3.232066269659439762e-03
2.706376926782355641e-03
2.143864262801886255e-03
1.467340260074037964e-03
1.050589264465142921e-03
8.307807444340062309e-04
7.465885191531238798e-04
6.816934790601106254e-04
5.975121816538952893e-04
5.066451936726643979e-04
4.118855026373993851e-04
2.646718823917500684e-04
2.052597507151951754e-04
1.498915619959860761e-04
1.507166739916866651e-04
1.395101075749395679e-04
1.049028364978599588e-04
5.779315670752628933e-05
-1.403882119239923538e-05
-6.922949764639030714e-05
-1.232780093739356227e-04
-2.892907225573026087e-04
-3.803355990205721147e-04
-4.278656909904665975e-04
-5.303160797481431708e-04
-7.333048798259753651e-04
-7.849993864981135534e-04
-7.893625710472697418e-04
-7.853957967809136386e-04
-7.565306964280371421e-04
-7.481768078232816028e-04
-7.846790909823006185e-04
-7.833555821948129860e-04
-6.408883908475649727e-04
-6.217003865679975429e-04
-5.816355967949920569e-04
-5.164641892088014117e-04
-3.427546288796332833e-04
-3.648851754994317329e-04
-4.063108456667779826e-04
-4.474860302287086739e-04
-4.730616544014200320e-04
-4.413878538637575392e-04
-3.922797907179086194e-04
-3.582611777817897958e-04
-3.260244751822730948e-04
-2.899129750223447348e-04
-2.779935541730275419e-04
-3.289756016547533760e-04
-3.426854617080174296e-04
-3.174434449677452025e-04
-3.133754858498361798e-04
-3.359376508144257538e-04
-3.903496900687745421e-04
-3.968529884017105223e-04
-4.182961844981399860e-04
-4.736210762449836586e-04
-6.172258386450542268e-04
-7.693888722619970878e-04
-9.071823557994627843e-04
-1.005027400503357609e-03
-1.120040069646601084e-03
-1.168271362712963203e-03
-1.203677526189682106e-03
-1.189608961674159778e-03
-1.164153803059743073e-03
-1.199217018872226950e-03
-1.209327740234503526e-03
-1.198916223837812609e-03
-1.165300619081240672e-03
-1.166293083988404226e-03
-1.109968871034571749e-03
-1.010465767887684099e-03
-8.969528762681325046e-04
