2.826065780334833209e-03
2.948997246970694406e-03
3.274890009826425617e-03
3.485789989006792249e-03
3.559306765624257931e-03
3.586487604791995746e-03
3.563464533909674412e-03
3.532314984095347686e-03
3.469823683333165577e-03
3.423206696950263812e-03
3.407836280576666526e-03
3.414322462800789462e-03
3.464762196843461806e-03
3.486422151027101721e-03
3.386052551571673824e-03
3.255098711762726121e-03
3.088428199868300996e-03
2.884162767700833036e-03
2.666322675467335760e-03
2.438154358081285212e-03
2.229226501110020183e-03
2.002924535918593468e-03
1.757806276585140853e-03
1.502653939070236781e-03
1.257411041846757558e-03
1.028543318458343498e-03
8.415572627467775074e-04
6.660690188417471005e-04
5.494778808632355812e-04
5.030271856408902132e-04
4.850702938684119613e-04
4.952025894653342168e-04
5.431026518281329785e-04
6.078026357612633561e-04
6.715083899587313441e-04
7.379874359371594791e-04
8.230135855112856577e-04
9.078796527934889686e-04
1.028912948164887632e-03
1.155116308748325602e-03
1.303218540735899501e-03
1.402765108360700232e-03
1.492119841697886820e-03
1.593293051342652318e-03
1.668262724213797005e-03
1.799308613592076785e-03
1.927785681463769748e-03
2.053674930353518741e-03
2.166872338233300551e-03
2.278405949625265849e-03
2.414277999361428510e-03
2.540414454858664576e-03
2.589351703781563128e-03
2.627444815504522465e-03
2.680269526732869442e-03
2.704228323828238023e-03
2.724819233983632235e-03
2.678843565052818534e-03
2.627617899685724418e-03
2.529718865535383627e-03
2.407422822716460704e-03
2.265698987728460671e-03
2.074288193532726390e-03
1.911219964694986680e-03
1.810768041963449785e-03
1.770528745047153909e-03
1.732424408592055792e-03
1.696613895516887018e-03
1.654305916415998437e-03
1.619527668533563306e-03
1.587306191957629613e-03
1.567629290234940319e-03
1.567554240191540568e-03
1.561860042765125410e-03
1.545257850002643542e-03
1.479588812621103000e-03
1.377437472259951000e-03
1.251013343033691117e-03
1.118697904914465720e-03
9.921603126598441558e-04
8.704624718993508826e-04
7.425444713933010595e-04
6.151780189416754556e-04
5.139721568954060821e-04
4.078726257905373781e-04
3.132125628440412808e-04
2.286813845740991570e-04
1.744860616064077290e-04
1.487342972564413340e-04
1.267359622836267770e-04
1.205785137147318150e-04
1.246024422675743671e-04
1.415885601922761390e-04
2.037377056651490132e-04
3.020464688605879289e-04
4.313109083042916594e-04
5.571487202044694527e-04
6.592920384636252046e-04
7.751679666719123304e-04
8.740213785881661328e-04
9.971122006809400497e-04
1.103777473243603173e-03
1.190966309304831430e-03
1.279274345557395364e-03
1.345316514937653545e-03
1.389460661549470066e-03
1.434606547256565964e-03
1.437450881269553048e-03
1.452118593785812041e-03
1.500339918223210630e-03
1.545591908856324423e-03
1.609275043835988947e-03
1.683655253309246239e-03
1.811470082264461873e-03
1.954781537629894216e-03
2.042808239654677737e-03
2.160083337488047633e-03
2.247574148418948151e-03
2.379652895269497321e-03
2.566457772190197922e-03
2.723720326035990961e-03
2.912924795584422456e-03
3.114213045136407423e-03
3.279423214799748795e-03
3.397334941215227836e-03
3.485097640041689288e-03
3.656414564401860509e-03
3.913724652949549833e-03
4.138382838087224964e-03
4.347234493138236143e-03
4.382526259683994230e-03
4.341234938864283431e-03
4.345633746122232362e-03
4.307979956505660242e-03
4.224017097417707631e-03
4.168596748824626545e-03
4.127889524164529526e-03
4.046790070742253831e-03
3.851456006469012022e-03
3.597439431158059794e-03
3.311318542549670715e-03
3.056073641087299429e-03
2.862557788029299749e-03
2.684630258576769721e-03
2.468156416956333605e-03
2.251262722104460396e-03
2.033623809579896205e-03
1.818037334338424996e-03
1.594148059953048695e-03
1.409236982531483816e-03
1.247696979312997410e-03
1.090693712310469941e-03
9.593730771346871107e-04
8.308917223554300804e-04
7.236569487751074543e-04
6.306829702156209819e-04
5.534361565841705750e-04
4.797818386123686002e-04
4.197385272417498373e-04
3.573450303034337683e-04
3.000214948427835904e-04
2.353223458952216662e-04
1.715867035756950124e-04
1.214828056271921954e-04
8.979805657900043301e-05
4.965842168318622402e-05
1.526008674427339513e-05
-3.342240145879783850e-05
-1.000064287201953489e-04
-1.783658913695142960e-04
-2.526100626353998597e-04
-3.231472813324593645e-04
-3.761955509571832633e-04
-4.328980731351555664e-04
-5.208407721154848912e-04
-6.121040791397457884e-04
-7.030330979559549142e-04
-8.192333719011934837e-04
-9.369681633708263528e-04
-1.068993547536958985e-03
-1.250490479384815850e-03
-1.444429437381213608e-03
-1.616006953616633051e-03
-1.845958825109195352e-03
-2.175710300937608570e-03
-2.529668802584893184e-03
-2.875607804715751576e-03
-3.175978487779938710e-03
-3.493691084080374765e-03
-3.761109541422006080e-03
-4.041811354006872616e-03
-4.230606064917818987e-03
-4.279397120195889588e-03
-4.280763012884928297e-03
-4.228415704511233331e-03
-4.070733587981028440e-03
-3.781513115776270750e-03
-3.421790069501088553e-03
-3.033003063186620694e-03
-2.670263857439128790e-03
-2.286110968836957327e-03
-1.920579488986598341e-03
-1.544458541605589442e-03
-1.247669159746981780e-03
-1.069962518410577093e-03
-9.061804628775479509e-04
-8.328426626155881370e-04
-8.023834029516198167e-04
-7.904178679555609035e-04
-7.918139695808824223e-04
-7.869139584264178526e-04
-7.961723604832212286e-04
-8.400618676041599758e-04
-8.844266101367856099e-04
-8.818124497815293429e-04
-8.501563732735067458e-04
-7.717025186820140924e-04
-6.992701186356371128e-04
-6.098734496212966085e-04
-5.339292895398694465e-04
-4.950160703144603413e-04
-5.271712987987175374e-04
-6.389275426871572194e-04
-7.858254536897622778e-04
-9.329370267690205963e-04
-1.040233273337637246e-03
-1.196130566022303139e-03
-1.300195052910507439e-03
-1.408489888924053038e-03
-1.535526993449950724e-03
-1.637474382706727511e-03
-1.757941671365644996e-03
-1.849520226696987901e-03
-1.918337429502443153e-03
-1.912795708180641636e-03
-1.857002227754885439e-03
-1.739297820591372522e-03
-1.636445785704054813e-03
-1.509321870183441680e-03
