4.350646339083306252e-03
1.458742854043177596e-05
7.178905208027176288e-05
3.637546709825541599e-05
1.583568361055217178e-04
2.075189670531349590e-05
1.461781272766006921e-05
1.261976168029031438e-05
2.592150512579473266e-05
6.980963807956474954e-06
7.809396437439603987e-06
5.008131623628007595e-06
2.216872221604383072e-05
6.213711724709849264e-06
2.718370269915824103e-05
2.873116640454657849e-05
1.020266509512561908e-05
1.155856836170936908e-04
3.823665646647532738e-05
1.210579837478365585e-05
5.065454303587536752e-05
1.728458048435747374e-05
2.306039101386879133e-05
7.500012324539595413e-04
6.305241667148456599e-05
4.308229208833933336e-05
1.734916118225482209e-05
5.127590955232973354e-05
2.430806007809135807e-04
1.908050378215071433e-05
3.991486104750801764e-06
3.497264723811456290e-06
1.674910593603604444e-05
1.572823473423980650e-05
2.826724345496236948e-04
2.042918377623172002e-04
2.703745681382807619e-04
9.121427558266286158e-04
2.768852407459145259e-05
1.648400021227494595e-04
2.129907058320748407e-04
2.245007712106468527e-05
1.771457972436618199e-05
1.657314785685679557e-05
3.329355425241159331e-05
1.857345062942935795e-04
2.338130547356534071e-04
2.881857294274846066e-03
1.375362888731566403e-02
3.090230629330904116e-02
2.072916556111790987e-02
2.421467307639614368e-03
3.282117678127504431e-03
5.285109623258202501e-03
9.313960220637816536e-05
2.188738261339617954e-06
1.400443776062924117e-06
5.821583288547309141e-05
5.604724989055131308e-05
1.689408528226871563e-05
4.928588482954155360e-07
1.930724843021323960e-07
3.088232803846106310e-07
2.907752128210327113e-09
6.821204768353567331e-11
6.788888793567692538e-11
1.774219249273390391e-11
3.431758826760648076e-11
4.160189438024523835e-15
-6.231717252801442737e-43
-1.879657802674928457e-08
-1.319411803664828348e-08
-5.383661695544686233e-08
-7.645405918228730683e-08
-7.734217889920353576e-10
-6.849364196396582147e-12
-2.398476747387130183e-10
-6.004442851450559189e-12
-2.789936543474003444e-24
-6.130967571577735310e-18
-2.930686080054256328e-11
-6.158264476166525535e-11
-2.824673215020307572e-09
-7.091582096675939530e-11
-9.005304083359559202e-14
-4.222634011287458837e-14
-1.551510788025448228e-13
-1.022800672074889623e-09
-3.359100186518980305e-09
-3.219776968236205847e-09
-7.094509914346424614e-09
-1.872955298151127990e-07
-1.007849813212584040e-07
-4.004358874009268066e-08
-1.659970641814980059e-07
-1.435232904960334265e-07
-9.278623887786395153e-08
-3.516171497907201959e-09
-5.633971028698895740e-09
-6.969902688064080182e-12
-2.238567294596926159e-09
-6.079487319055318916e-09
-4.156311416804456340e-09
-2.671552112531147176e-12
-6.547116239100680670e-25
-1.147178620861008061e-39
1.423744556430385149e-30
2.057105870295164250e-31
-5.767299246238358710e-27
