-2.914191230873134850e-02
-3.231886758545737814e-02
-3.538415885846368097e-02
-3.809942598782978251e-02
-4.290173747424980144e-02
-2.699366548306329772e-02
-5.346815890361177742e-02
-5.050764272590475834e-02
-6.393627158380423003e-02
-3.521551121345773555e-02
-3.422208271955665820e-02
-8.606686684154487080e-03
-1.303654036916697748e-02
-2.089683231318513815e-02
-3.644334816405372240e-02
-4.549412739670582323e-02
-6.449656156271404983e-02
-4.525856926708251432e-02
-6.112926587090075636e-02
-7.185898536468746101e-02
-9.442706637170536488e-02
-7.248476570005586705e-02
-1.184867002608012559e-01
-1.130784755698503452e-01
-3.361513530709415998e-02
-3.319864429807796447e-02
-2.332553174641635238e-02
-3.131753718158724470e-03
-4.435144180720577631e-04
-1.752188068424769115e-03
-7.018626928919045882e-04
1.555498107128116267e-03
-8.539694669987348170e-04
-9.593524200810084682e-03
-1.006086349264439031e-02
-1.648130066156489396e-02
-1.500920013275564534e-02
-4.980674198557952237e-03
1.022523006597353748e-02
-1.587122349739007732e-02
-2.884689510959418182e-02
-4.579366783854379314e-02
-6.454215519995605554e-02
-6.870207471611054773e-02
-1.121806819420224643e-01
-1.715244206406979777e-01
-1.535501538940097499e-01
-9.982956770536152713e-02
-9.057072452145277508e-02
-1.609666418563011556e-02
-1.113117000950536450e-02
-1.563713878552439041e-02
-1.817449170266704703e-02
-1.580364497893629525e-02
-5.062298021951352339e-02
-2.122901537282354673e-02
-1.183138737160743456e-02
-1.398703065299584936e-02
-1.987812508262302991e-02
-1.410103185870442092e-03
1.271716431705314501e-03
-8.435674223251544632e-03
-1.265165568735790187e-03
-3.577610039060625125e-03
-1.045648823158613558e-02
-7.713113408487068390e-02
-3.000281116925896871e-02
-3.893600293336196144e-02
1.128458207448444642e-03
-8.134361651219385383e-03
-1.231342917830959699e-02
-1.955380557853332590e-02
-3.280296670669434304e-03
-1.575018839895910364e-02
-6.577922326782588772e-03
-1.690875804117007719e-02
-1.187430509642544568e-02
-1.602589130964314143e-02
-1.070186219893217057e-02
-4.529528083844290565e-03
-1.926999398231299399e-02
-5.602074507765472666e-02
-6.001789155902348405e-02
-8.183338544138013537e-02
-5.786290481238772626e-02
-1.495398299424297306e-01
-4.894104422831462714e-02
-8.135890840196594032e-02
-4.899159422204846931e-02
-5.998046404841883561e-02
-1.419415938809317698e-02
-3.931779002979225203e-03
4.497482433547354830e-03
2.975096246472016832e-03
-1.191167219224001286e-03
-2.204056469985401969e-03
-2.669280061177942923e-03
-5.783478872864081244e-03
-7.199695897708458664e-03
-1.061978803688355330e-02
-2.193468611912014615e-03
-3.293072023624553455e-03
-1.080029732929733543e-03
-5.511078880557832146e-04
-3.438505543173382695e-04
-5.085405020334723362e-04
1.101859856960155787e-03
-1.930456658161003119e-04
3.098487737531659147e-05
1.946553899598930677e-03
-1.667325450316750569e-03
-4.232072259264616637e-03
-2.739704167265716393e-03
-5.839666827713358224e-03
6.566369230841879101e-04
2.436575125308434488e-03
3.363656252582472865e-04
1.274459817269841351e-03
-4.246892034118686333e-04
-3.213573473864523742e-04
-4.587587897230890888e-02
-2.600622125904882356e-03
-8.617339448603912599e-03
-9.752353067820651936e-03
-1.530954501420310129e-02
1.617667850884705509e-03
1.803862387384200933e-03
2.548796541201487145e-03
3.156655002471667800e-03
5.053655299373748661e-03
3.402885161346113577e-03
3.025121655563821083e-03
2.896276026951448597e-03
