5.506773249096668385e-04
-2.409359103156932238e-05
-1.011035465100868842e-04
-3.084341168296051892e-04
-3.433898275514647887e-04
-4.168211957745771045e-04
-4.476481908781016622e-04
-4.414493589281167285e-04
-5.579058576942972367e-04
-8.163031927084883751e-04
-1.137228497802606104e-03
-1.391547138720490096e-03
-1.849024055502902081e-03
-2.071520265036064581e-03
-2.375560783424530194e-03
-2.490284573217249435e-03
-2.637215690944231129e-03
-2.677758944916556593e-03
-2.774219969920615255e-03
-2.935797566798084568e-03
-2.990440028499516140e-03
-2.981545932007400018e-03
-2.852026663502949325e-03
-2.674379303910769546e-03
-2.344055425778148686e-03
-2.153391189632379837e-03
-1.893515071223397751e-03
-1.704426868454091181e-03
-1.533308624550307241e-03
-1.537841353180406873e-03
-1.434103363319438060e-03
-1.261997371492955917e-03
-1.167038529128982182e-03
-1.082981723298586611e-03
-8.385681758423720608e-04
-7.744957348105969627e-04
-7.700976203447256439e-04
-5.699125121230945836e-04
-4.679633179206973688e-04
-3.578981277567846379e-04
-2.171132460419851592e-04
8.985065256105039119e-05
3.390870785579048791e-04
5.090154003164714096e-04
8.038337008101602288e-04
1.217150646165105540e-03
1.453616902099712444e-03
1.786336605654643972e-03
2.197993283644533724e-03
2.362475625304585620e-03
2.839943713456477645e-03
3.166255517367426442e-03
3.398248012373863199e-03
3.555222278278313830e-03
3.888264668266869142e-03
4.527267690231945134e-03
4.623261411796875282e-03
4.596590609453300551e-03
4.839725024407752312e-03
4.812236030146173869e-03
4.544334745515026149e-03
4.263208192385675201e-03
3.730462207630814379e-03
3.239354289145667323e-03
2.909039133625644386e-03
2.619599483180263394e-03
2.146955990357909700e-03
1.358349534037576545e-03
1.069685737137733355e-03
8.748579593671801423e-04
4.099380306703782830e-04
2.343203134415380168e-04
1.014916695516818873e-04
9.096261478528364953e-05
1.236856872310245620e-04
2.155521455296653709e-04
9.624227979397596995e-05
2.364695039260329029e-05
-7.766822818064358545e-05
4.818263507473735539e-07
3.933431298088984848e-05
1.239198690226213644e-04
1.838536191491057538e-04
3.035946974271796139e-04
5.114802151281254124e-04
6.855336414721118626e-04
8.111496788249295854e-04
9.148446437678086447e-04
1.139931430755459791e-03
1.147683474842852141e-03
1.335137640864828999e-03
1.386173520220701895e-03
1.493820115796534341e-03
1.539930438757772203e-03
1.559154083995707403e-03
1.541715864192531697e-03
1.573425391500130749e-03
1.642528207005197576e-03
1.737969835462447503e-03
1.881700421720913438e-03
1.902792170164024953e-03
2.005115846422720130e-03
1.983772523301198781e-03
2.046270166927594350e-03
2.018215784469641443e-03
1.986081261828143586e-03
2.101149978226256581e-03
2.146043808473139820e-03
2.061547510452648845e-03
2.060710622377347027e-03
2.134973739503288111e-03
2.268623326074806039e-03
2.617973054041283169e-03
2.945175072242023958e-03
3.247073744671483825e-03
3.439878478772882830e-03
3.625397241035888552e-03
3.821748857430697002e-03
4.110964883992447756e-03
4.243445707756827306e-03
4.306896666784938189e-03
4.184733631832121721e-03
4.034946243994445500e-03
3.708422688125840010e-03
3.261930698786068197e-03
2.885269868944063607e-03
2.560833382318677791e-03
2.302441963772787394e-03
2.104140505727870175e-03
2.133930714831941931e-03
1.821068152275058354e-03
1.714322181761569015e-03
