1.912484830979248154e-06
2.517148472753624351e-06
1.485283255328162167e-05
1.333639274596536870e-05
2.893632504771887279e-05
5.637069308191425042e-06
3.913498319451649225e-06
2.293229860789628912e-06
2.731502560644481101e-06
7.331211556900661349e-06
2.575981695523074790e-06
9.684674627583232339e-06
3.772994587927762468e-06
2.108625761503863668e-05
2.836551884541461352e-05
3.481427548715829547e-05
1.272008612392805942e-05
1.528792196979005219e-04
6.119097656590247332e-05
1.830646638657514958e-05
3.121758463302638038e-05
5.737766117988033602e-06
2.930245706308576888e-05
7.011048732551459573e-05
4.157919825849295896e-05
1.619662299756455292e-05
7.463341407117928309e-05
4.633002457388187855e-06
4.175215882208907202e-06
4.780851772961162386e-06
7.458492827969057106e-07
4.162968030443971540e-06
3.389376215502785960e-06
1.660873298248507153e-06
8.583280158203303013e-06
3.459365828883377007e-06
1.711374133568262370e-05
3.327027958361567089e-06
3.069848074749569874e-06
4.190249756799830970e-06
1.983949744556349661e-06
2.184170821224873394e-06
3.394780554780319004e-06
9.628986209484231688e-06
8.823098902398209566e-07
2.425033362911189522e-06
8.177465425922928260e-06
1.025018876930700111e-05
8.021836237242981624e-06
1.177769309819596877e-05
1.037931943564941357e-05
7.521446886912651460e-06
1.281632398929805744e-05
4.160854986276642215e-05
3.004700059081445804e-05
1.069687053450660455e-05
2.478061552286695494e-08
9.473615418722986653e-10
3.565091497893967351e-09
2.602651073029922996e-10
7.849166137661321180e-13
5.762098499799196289e-19
9.295014616138282777e-25
-6.528711135331674162e-56
-1.747935395900558627e-21
-2.020377615948207239e-24
-1.530887457695297137e-21
-1.467991341203101079e-19
-4.512802028849000623e-20
-4.433995995311071164e-14
-1.013665956878743245e-12
-3.476493954036526384e-10
-2.572453364379981955e-10
-1.261061500532106355e-08
-2.190424380934562595e-08
-2.005078076904023191e-06
-1.994011254286908277e-05
-1.825742757509581093e-06
-2.393262679044212852e-06
-1.481245744118712328e-06
-1.218880994792386166e-06
-4.539414539312205349e-07
-1.030935370554073399e-06
-5.152231594051753532e-07
-6.924831033713555998e-07
-7.705117430205533444e-06
-2.601769035325644599e-06
-1.457684328932537219e-05
-6.623759167967309392e-05
-8.998096776024386539e-06
-2.614228071411109315e-06
-1.567671884489339057e-05
-2.314589698244991937e-06
-2.777355840897682745e-06
-7.317033679760183568e-06
-2.366350498043532110e-06
-1.254080883227507238e-05
-1.058678404194185747e-05
-9.490612263689948507e-06
-1.576782765436586549e-06
-4.308546880459529068e-06
-1.791100971633665844e-07
-4.072613923229046087e-10
-4.510245905941809477e-20
2.915002125593051969e-17
5.511418388717483388e-10
4.235392589081653809e-07
2.349660481608100023e-06
1.531083474093188684e-06
3.253747858560258210e-05
5.679218909572347599e-05
5.614341113600593899e-04
2.640341679327240336e-03
4.278259210664110690e-03
3.310088117346065249e-03
9.486943048002835716e-04
6.765065609045126192e-04
1.015596758210965758e-04
1.888325628976847260e-05
3.268228503531855858e-06
1.520749395561182870e-06
1.589255436170013375e-06
1.042496336145520493e-06
2.092940476992680877e-06
5.921756175549051571e-06
3.504113137647292996e-06
1.500235677887580607e-06
1.167098011217949518e-06
2.434933294212100482e-06
2.669043822900613840e-06
1.816734566147398274e-05
9.439089150452742286e-06
9.259101741630042869e-06
7.591426264686778387e-07
4.441254453267760344e-07
2.449936643475399867e-06
1.381451226644199012e-05
1.310871866917040378e-05
4.952341492393851004e-06
1.371278434810269914e-05
2.506197067407285506e-06
8.392022242822052544e-06
5.775201431465399707e-06
5.306812758921797651e-06
5.494526742844180452e-07
3.938008749957277149e-07
9.109498001352711916e-08
1.441731730349750448e-07
3.360516782332150310e-08
2.415241316320664852e-08
2.401159185790543126e-08
6.907990620486164359e-09
1.327511048846280567e-07
1.745446719014483984e-08
9.843238089918728666e-09
1.401221319203864118e-07
4.119127250007765217e-06
7.967630671139132510e-06
2.170298356201639492e-07
2.816773535932944854e-07
1.404534689067829069e-08
7.884025693781257719e-08
7.304453657608054177e-08
8.537242949574847827e-08
1.437781547865092750e-07
1.388923193292183076e-06
3.884898809085091110e-07
5.773262746001976390e-09
3.736767617209889372e-08
3.605103535510694713e-09
2.814417070620698158e-08
2.344667004050199423e-08
2.656165803438005657e-09
7.194707592359425662e-09
3.072013369606938583e-06
4.185400857868924218e-07
1.967157280269312988e-07
4.364136037916103328e-08
3.800431691853389894e-08
1.652936022809796584e-07
1.187621590516150578e-06
5.212496173425804366e-08
2.999039383144225178e-07
2.463601433909970057e-07
1.452647596608116018e-06
1.027152040610170108e-05
2.034236090857361866e-06
2.704731024051207068e-07
1.679651148080877741e-07
3.125179173573885681e-08
9.417514481945683754e-08
1.367716736133537430e-07
2.782675268180878760e-05
1.388521491695988289e-07
4.664849265660787038e-09
1.182871269243083874e-10
1.514720029548622089e-11
2.471887379087851039e-13
1.129184611721536753e-10
5.629813026030130051e-11
6.969857376129681339e-11
4.269749886093106838e-15
6.163961314369289770e-15
1.046898776709208050e-22
-2.445330969239627122e-55
-8.433388590728259701e-27
-2.214527666961623081e-15
-2.929844542946457664e-20
-5.698662001454796900e-35
6.964724312397110924e-36
4.365934567412626077e-19
2.654772469527167812e-16
6.772222085962187644e-23
1.507731403721335840e-18
3.045486866265745492e-21
5.486978408071142264e-24
2.110095864702911105e-16
8.949079692636084528e-20
2.149421434125520733e-15
8.598998524554676906e-13
4.742554235801618522e-18
1.497966256683099000e-14
1.283379615722131468e-19
3.918821917480043806e-14
2.101352926503474979e-13
4.715170567082743276e-13
4.675827490469440941e-14
1.734873194136941685e-13
1.778088618877240371e-12
2.847466773392769429e-12
2.079908076167110499e-10
6.594583465764297327e-10
4.386824659810708952e-10
3.798935685727343608e-11
2.142576383681650483e-11
4.106221654563352673e-12
7.560827952594513316e-14
1.050312581090213843e-10
3.493110353493706421e-07
