3.654566832705747823e-04
3.644709689261546267e-04
3.737611870187742343e-04
3.424829896345426812e-04
3.348398485297737585e-04
3.217963288066644115e-04
3.242824873692752639e-04
3.370521291777780234e-04
3.683175611377946003e-04
4.242869994293641477e-04
4.658122010316416016e-04
5.180676810837661931e-04
5.714328516668019421e-04
6.856991553320416176e-04
7.807272994751418907e-04
8.869190429580819804e-04
1.009110771288828290e-03
1.132201109304805005e-03
1.251808693166803340e-03
1.275858116911141081e-03
1.270253962515929423e-03
1.296370279452742878e-03
1.299855546003497340e-03
1.280978839397622264e-03
1.220122354214661859e-03
1.182062252430445036e-03
1.165939716856692447e-03
1.124769915487855952e-03
1.080300094943589416e-03
1.101759924566343305e-03
1.263000116626426849e-03
1.504980072894903818e-03
1.714606879270007310e-03
1.884294563749901478e-03
2.090788225117263914e-03
2.257211801319730909e-03
2.404219342235760105e-03
2.523276147160607562e-03
2.796304559358669516e-03
3.149508136431747058e-03
3.508331762035807669e-03
3.834993630320431349e-03
3.962907319497195081e-03
4.030762003534265996e-03
3.977535146437101952e-03
3.940638452279042990e-03
3.835809505029097021e-03
3.844510905267358239e-03
3.944534280151302738e-03
4.027747109302243396e-03
4.018304501056619259e-03
3.853641811701937966e-03
3.714734595582420973e-03
3.495206422196750484e-03
3.244990894720874760e-03
2.920592953431182161e-03
2.703833864479008014e-03
2.478687902471192646e-03
2.189344049093285179e-03
1.862596248190768284e-03
1.548235896189065252e-03
1.298819708184601558e-03
1.020102202020716940e-03
8.104628689209512167e-04
6.733571788742242136e-04
5.867337557325607135e-04
5.246784022178924492e-04
4.938487831117493489e-04
4.962573224054657711e-04
4.772986220785254883e-04
4.451508407717650402e-04
3.845451957004619378e-04
3.243027820144109090e-04
2.447849786275098729e-04
1.479101273042070913e-04
9.176688377200225113e-05
4.970314358001269480e-05
-1.033737644536080714e-06
-7.716595599553192062e-05
-1.337322614817097245e-04
-1.691411377461085044e-04
-1.971600817124159841e-04
-2.004868307738579285e-04
-1.842212602921449989e-04
-1.340716959991814763e-04
-7.905424500409652497e-05
-4.308524626887473699e-05
-1.061195779974597103e-05
3.597703620813987106e-06
1.059049815854987088e-05
1.175012682161313681e-05
1.091826244553943989e-05
1.223146067419696055e-06
-1.443253953841629081e-05
-3.744714550617074051e-05
-6.994001490305289711e-05
-8.259394613883259094e-05
-1.052232003371148227e-04
-1.304571479118015419e-04
-1.538801917324262246e-04
-1.723816379970709604e-04
-1.657171671968427822e-04
-1.573981931632741939e-04
-1.377257203225773290e-04
-1.041247850395919617e-04
-6.947783649231351207e-05
-2.470650733688020619e-05
3.304416809358424236e-05
1.204728260138862860e-04
2.189192536347859804e-04
3.175986617127067005e-04
4.331844214657111047e-04
5.905027508330091754e-04
8.032595473130786081e-04
9.602677183976553827e-04
1.174223237948988701e-03
1.374971566509590763e-03
1.561673686985753408e-03
1.701740545113603108e-03
1.761178913957874405e-03
1.853047625740854992e-03
1.818567634789362885e-03
1.832439824791326976e-03
1.778305569778446853e-03
1.731080492069145271e-03
1.632852473776514506e-03
1.463709930015801236e-03
1.307862113257456061e-03
1.113596623233361954e-03
1.016494351894160460e-03
9.479489189840719981e-04
9.187706604647919752e-04
9.598193194754267923e-04
1.118730037684353973e-03
1.343174777242187425e-03
1.559262423649558421e-03
1.737601363238612225e-03
1.965043895574577256e-03
2.220751506308729726e-03
2.385859264173404229e-03
2.469803888318675578e-03
2.516101194347344829e-03
2.450908520849089025e-03
2.277801563634884729e-03
2.063231429107322164e-03
1.907358396066350997e-03
1.784699288073722696e-03
1.707809508216274639e-03
1.775154761356898675e-03
1.911262788091742416e-03
1.983785372018438253e-03
1.955865269903594907e-03
1.768268247381372255e-03
1.510272099721287004e-03
1.166606152056821064e-03
8.104804072885398412e-04
4.929467485373803743e-04
2.308890154163004431e-04
9.233195675314282390e-05
-1.863393656701428668e-05
-1.117538607460621930e-04
-1.814015134646726696e-04
-2.500844838668683659e-04
-3.071873301661133602e-04
-3.693632903211235808e-04
-4.883195510844254598e-04
-6.173635641905656900e-04
-7.655211060668898814e-04
-9.158736087915084071e-04
-1.149789736615295255e-03
-1.402485986426920588e-03
-1.617397954782275179e-03
-1.787821236636680938e-03
-1.941158938721936024e-03
-2.075378095401238677e-03
-2.114334615360500668e-03
-2.073143307479411671e-03
-2.037439735383539483e-03
-1.983898754834113182e-03
-1.920532167263204774e-03
-1.781525017781874012e-03
-1.642792622007896268e-03
-1.536427681935492381e-03
-1.458962577835639209e-03
-1.439982645255400351e-03
-1.423666505303659456e-03
-1.528734133445205099e-03
-1.632823649869096080e-03
-1.756511353078363952e-03
-1.778258879304691785e-03
-1.779561262016717818e-03
-1.746667475126056045e-03
-1.657965414978920110e-03
-1.666817563678858923e-03
-1.711107217575323766e-03
-1.877058657396110880e-03
-2.030445124001893035e-03
-2.202655240059536897e-03
-2.383897090024098258e-03
-2.520467447790809400e-03
-2.583730432236320314e-03
-2.548714684181705315e-03
-2.509952813108480476e-03
-2.441884927075248669e-03
-2.341547511098460242e-03
-2.211925656969938089e-03
