2.982408585507612640e-03
2.787392847586152387e-03
2.753745729787828844e-03
3.021425187581255108e-03
3.057733350661238740e-03
3.157935901319170943e-03
3.084349539072435680e-03
3.102201287577766899e-03
2.999311784614865865e-03
2.920388649388662959e-03
2.865590213283529183e-03
2.883710100159874584e-03
2.838240762202482240e-03
2.776290162174764337e-03
2.768029727911219557e-03
2.594421105814317344e-03
2.504840993595646229e-03
2.330355105732511822e-03
2.256368243341271961e-03
2.124283331043965491e-03
2.110877359258322462e-03
2.042753278105422822e-03
2.003656635405095220e-03
1.852791699337824312e-03
1.782556983910680822e-03
1.740933270822804567e-03
1.719345001420591887e-03
1.677980163054887223e-03
1.603156367984794875e-03
1.531777183909943272e-03
1.451966596759057598e-03
1.366719401879300201e-03
1.254855100517251890e-03
1.239285206174214763e-03
1.171234544327579485e-03
1.142597351219216658e-03
1.100914076476566979e-03
1.098767659874254690e-03
9.626172870772301817e-04
9.065019121389608116e-04
8.484534740692211514e-04
8.375940157914026811e-04
8.215839992531667269e-04
8.312070724009567972e-04
8.289719746027760482e-04
7.740556827916427254e-04
7.692024762452502390e-04
7.491603095158478644e-04
7.310350448105972865e-04
7.029484562443153372e-04
7.248362248581229766e-04
7.348781614888128888e-04
7.437503388051081542e-04
7.435597646923815468e-04
7.231653639305149614e-04
6.845166976527173111e-04
6.642082053952880248e-04
6.679111366475615208e-04
6.153344668667674010e-04
5.899965487799789998e-04
5.432907481315392331e-04
5.045379000565120660e-04
4.656714307826528431e-04
4.434945639688865171e-04
4.076980023839640237e-04
3.816985651294850144e-04
3.956133111832019363e-04
4.176354599950632754e-04
4.310433890953619274e-04
4.355853552343063781e-04
4.519445433998639191e-04
4.474372783669265338e-04
4.587810458326068721e-04
4.518465823223287545e-04
4.293286595299877859e-04
4.108994433927384295e-04
4.264807827963606871e-04
4.318558163346937766e-04
4.169570130245116714e-04
3.963282925697112868e-04
3.710409155067901678e-04
3.279380841308102861e-04
2.913728505411772307e-04
2.740575986162191164e-04
2.423857964842197692e-04
2.178994174163073518e-04
2.190743191735073498e-04
2.276280314714711369e-04
2.233457814832687596e-04
2.356696918410680598e-04
2.317540198273854515e-04
2.728769019357990717e-04
2.938569847229486362e-04
3.241793022081198715e-04
3.404355744772549265e-04
3.543501240460852734e-04
3.659555505456350160e-04
3.773409681831572243e-04
3.999521188933369297e-04
4.145308375305242939e-04
4.051884123556323439e-04
3.808395767591902701e-04
3.696298797197842775e-04
3.167526758990880605e-04
2.821604793392638063e-04
2.553736086268055660e-04
2.440758455806748802e-04
2.422583917131820701e-04
2.659316712109908803e-04
3.051671367952566143e-04
3.623905826079517147e-04
4.148633245516797634e-04
4.871218968969582056e-04
6.050306574475410688e-04
7.416011286545784627e-04
8.802787907835826764e-04
1.058846505069142114e-03
1.193329608368886218e-03
1.283059191730597350e-03
1.377692604543129988e-03
1.409851795010234887e-03
1.423966994049376917e-03
1.396963915432284644e-03
1.372511892120135664e-03
1.344914222314082947e-03
1.281673944329314281e-03
1.172966717088463591e-03
1.084702129550822215e-03
9.188253603354528407e-04
7.910280594573159589e-04
7.101295518964998452e-04
6.189837469729898975e-04
5.735474761734251151e-04
5.195248942286399699e-04
4.594363335296931458e-04
4.092273681538043887e-04
3.629722895834076890e-04
3.110935339056088763e-04
2.778643264950416227e-04
2.336923469098472551e-04
2.427696964134378691e-04
2.393642591632057822e-04
2.309902276594096168e-04
2.169934586262669966e-04
2.009998042522299357e-04
1.877998021622198090e-04
1.853689341723665964e-04
1.701189613581274363e-04
1.524656477594428571e-04
1.343577208682324446e-04
1.257990303310448652e-04
1.072929990024844169e-04
7.744850699541377199e-05
5.962597828235400248e-05
4.584243305762256414e-05
3.359189967285885315e-05
1.746832593036014733e-05
-5.030791345312518332e-06
-2.925064949431213600e-05
-5.871540924446305465e-05
-1.114536544993511240e-04
-1.539361974289683540e-04
-1.970260025881858442e-04
-2.248104050768942120e-04
-2.516164859960399861e-04
-2.857652397333024902e-04
-3.316386557943354872e-04
-3.880374099447912056e-04
-4.233634377897052092e-04
-4.590251505294486102e-04
-5.071174648435336366e-04
-5.362550970895509387e-04
-5.521941677267373305e-04
-6.037579250862279033e-04
-6.513315608852309488e-04
-7.112717881174985364e-04
-7.661443875485314222e-04
-8.247789316887368721e-04
-9.208478230340791772e-04
-1.058057073694750874e-03
-1.357515908306850200e-03
-1.752239295288914901e-03
-2.204189037188565656e-03
-2.596512757240142157e-03
-2.869420455709910042e-03
-3.051926056251923203e-03
-3.367124553976060756e-03
-3.653427946202051930e-03
-3.936988168521618307e-03
-4.127400535247092127e-03
-4.275754840928435059e-03
-4.300763526185368696e-03
-4.127688338948853376e-03
-3.886577638045686164e-03
-3.560497137841122772e-03
-3.328102987884343222e-03
-3.202440548552275626e-03
-3.115042498780385208e-03
-2.920440138958626999e-03
-2.754079948687638852e-03
-2.683128029357504610e-03
-2.734833161700429404e-03
-2.829679817334304712e-03
-3.129621489589836086e-03
-3.636695985873690962e-03
-4.082395356758272177e-03
-4.374329360773238258e-03
-4.594105367124421378e-03
-4.794554294515153067e-03
-4.962353066163139280e-03
-5.005042319936626148e-03
-4.930861681742481836e-03
-4.783256401811832557e-03
-4.596073115679195388e-03
-4.319431538456258192e-03
-3.946632072095702069e-03
-3.398433338544824735e-03
-2.863099977107987429e-03
-2.462425504990699721e-03
-2.071391569852970484e-03
-1.681922477313247495e-03
-1.348115805564208429e-03
-1.127392253017046398e-03
-1.021363152347173247e-03
-9.062987625047270448e-04
-7.953164707796070432e-04
-7.125747774791071345e-04
-5.741900602594255179e-04
-4.552156755401316171e-04
-3.479548174490775946e-04
-2.709355199369378308e-04
-2.283505259179686737e-04
-2.045976466745164730e-04
-1.845236770979029686e-04
-1.589059637019475722e-04
-1.398531608721321345e-04
-1.203807291754143945e-04
-1.104099068003736066e-04
-1.157667096972704769e-04
