6.349017353024985749e-04
6.071628601455360263e-04
6.827666980549477365e-04
8.231393519954612829e-04
1.119665819020581113e-03
1.210398544753242631e-03
1.190825786224159518e-03
1.137108309861589901e-03
1.087395116362944135e-03
1.096966439505759044e-03
1.095026357247883648e-03
1.196632547659408049e-03
1.301487514005725179e-03
1.429784439681868738e-03
1.548307079728890008e-03
1.572134182202848283e-03
1.496804604564566177e-03
1.434059724230121735e-03
1.406190998877849012e-03
1.404644969003131455e-03
1.449435479959271982e-03
1.427971463270360543e-03
1.442352444869514751e-03
1.360859595926988816e-03
1.322447415430829526e-03
1.248610872227755774e-03
1.198866817553287693e-03
1.234146591402465612e-03
1.269310347910651733e-03
1.339349182086302945e-03
1.364225425281240288e-03
1.369366281765485409e-03
1.412904485704638167e-03
1.429896214331002327e-03
1.392866366450914951e-03
1.325539271992481200e-03
1.259917641054240445e-03
1.208620366516877055e-03
1.126100425258430788e-03
1.095608595740701430e-03
1.076267437289259166e-03
9.711470456159628341e-04
9.123224872713096975e-04
8.950183609022160187e-04
7.893031191225321390e-04
7.665183960814187436e-04
7.664420534553465858e-04
8.187163413791537182e-04
1.002878165366331105e-03
1.422996846753450282e-03
1.700210886658729686e-03
1.933680428787364243e-03
2.025548279272479119e-03
2.140364475456755199e-03
2.210854990493051671e-03
2.240410565378793666e-03
2.477866189827041248e-03
2.520259468218646534e-03
2.533612662421553564e-03
2.499495172093549929e-03
2.321920677245449278e-03
1.893838119449292806e-03
1.593414901788855640e-03
1.276113957730578381e-03
1.131042958815013351e-03
1.011142979748284052e-03
9.319106346617488145e-04
8.689226328749398995e-04
6.014945470127337724e-04
4.915526505583550426e-04
4.115742953346223179e-04
3.493836902778901712e-04
2.890667283684566807e-04
2.455821647594120540e-04
2.130348339109821177e-04
1.645630795433736541e-04
8.512526570755788032e-05
4.934763281022312730e-05
3.039629393757665597e-05
1.397044552816847748e-05
7.402715237655197538e-07
-1.364965315214819036e-05
-3.332710320771869908e-05
-5.729132885775990269e-05
-7.636234085832574816e-05
-1.017470580139324981e-04
-1.691669186043547187e-04
-2.125485105548819396e-04
-3.572276848246383496e-04
-4.165606212444537848e-04
-4.690895027016409556e-04
-5.624565639500427212e-04
-6.205772525680225719e-04
-6.325027253438306359e-04
-6.391799212770891492e-04
-6.350929665743154564e-04
-6.248390867846859631e-04
-6.091738316441628947e-04
-5.685086294555223314e-04
-5.423418556754841394e-04
-4.283525742958247708e-04
-4.097181424492979049e-04
-3.880165631711849045e-04
-3.309909519988280500e-04
-3.180165020672536154e-04
-3.265510042557815567e-04
-3.387984918544222263e-04
-3.572240339685684167e-04
-3.791812315340683669e-04
-4.178716147542885424e-04
-4.826282279230074274e-04
-5.562082855273144501e-04
-5.777476341610339981e-04
-5.735510667200354731e-04
-5.623155947203363177e-04
-5.276344654001163641e-04
-4.793731951128716120e-04
-4.483100286221006702e-04
-4.099929753878820359e-04
-3.716501794086236529e-04
-3.390135020969574776e-04
-2.905410069165943136e-04
-1.985101237708334753e-04
-1.058445860598086589e-04
-5.357878294915951334e-05
-1.426886021891140341e-05
5.723548025770139678e-06
1.839118833729648666e-05
1.912480614647751260e-05
2.177159608945094399e-05
2.372272267709904853e-05
2.427554023715320717e-05
2.260041418208783102e-05
2.269313151815860504e-05
2.261975518994372325e-05
2.105534743971726629e-05
2.294031926224995876e-05
2.196163397332908694e-05
3.141515381252531469e-05
3.188270819506011465e-05
4.598123154466187448e-05
6.842471454115868479e-05
8.742859619660159950e-05
9.681837321641927009e-05
1.018778036107831158e-04
1.084664213008131934e-04
1.178790572248977270e-04
1.234118221440471785e-04
1.254138066126962866e-04
1.336307231540237840e-04
1.241785977973409419e-04
1.128757609170810591e-04
9.807083439752297316e-05
7.298159737400209659e-05
5.202672227803683153e-05
4.204256494496508512e-05
3.680993885800707088e-05
3.006659598528296871e-05
2.020772483048991131e-05
1.436870573243045897e-05
1.044548910879832439e-05
4.152780855753300153e-07
7.441110173002834176e-08
4.611757634071964519e-08
1.586903563237023373e-08
-1.502778444251824888e-07
-1.955737772266721973e-07
-4.152453697159863612e-07
-4.736565875075616517e-07
-9.149296528315165834e-07
-2.635924405788467342e-06
-2.960111987232600127e-06
-4.786417431291319035e-06
-5.298790749013350291e-06
-5.584272035853314900e-06
-5.695468777360650180e-06
-5.733023777447013337e-06
-5.573866220982119430e-06
-5.577088173989445143e-06
-5.488599056492290702e-06
-5.449012678905138859e-06
-5.119103834611292638e-06
-3.598490792723732471e-06
-3.315198934300423724e-06
-1.490034385245902804e-06
-9.854288925331830017e-07
-7.387667607529884044e-07
-2.631941581356969872e-06
-4.261259874470226207e-06
-8.255766703094429595e-06
-1.555242341553350654e-05
-1.587590320305346195e-05
-1.606840951477519838e-05
-1.613983186614706462e-05
-1.745170662173501147e-05
-2.258340864653954715e-05
-4.315230135233752315e-05
-4.989934331259585857e-05
-5.008399837885390161e-05
-4.997333265354163219e-05
-5.048647325495196842e-05
-4.727521537303104533e-05
-4.491609225837830672e-05
-8.097031277530194766e-05
-1.189791859834944069e-04
-1.515023565348703940e-04
-1.598368774308657361e-04
-1.558129775210860405e-04
-1.419424212329776613e-04
-1.351966220497317092e-04
-1.349731596456934851e-04
-1.330794535484265760e-04
-1.308964057482352508e-04
-1.301072033938999140e-04
-1.251212959987759018e-04
-8.861546937094326708e-05
-5.040929088121407208e-05
-1.770397585587746219e-05
-7.857198507461388704e-06
-6.708500644023006710e-06
-9.023331328820736612e-09
-1.272928394248278082e-11
2.808978342022998572e-14
2.810946878652142535e-14
2.813732679173370229e-14
2.813894868525820331e-14
1.113101131924587773e-10
4.689089015678739878e-07
4.611586817119540871e-06
6.610866361947912816e-06
1.246891129664200742e-05
1.560485517770778053e-05
1.951499901204179234e-05
2.275802188985932820e-05
2.525570290044832375e-05
2.652212671762995785e-05
2.715530209413783856e-05
2.787495104042611368e-05
2.817289301543304881e-05
