1.281718321474576610e-04
1.190190829678530401e-04
1.081336688996450810e-04
9.479054672718603095e-05
9.512440515356004010e-05
1.079671434009076898e-04
1.707897580274785087e-04
1.890816298771595596e-04
2.042576605186160728e-04
2.029362389568665787e-04
1.908739100237376134e-04
1.655616007797513828e-04
8.693298430756809744e-05
5.818502202868788744e-05
4.464416045087918095e-05
5.523889758537414528e-05
7.832463708656478183e-05
1.875208188326964382e-04
2.458491069953622470e-04
2.544563972717171145e-04
2.489648920478284102e-04
2.327407755187419142e-04
2.108407769348448902e-04
1.043480638159575616e-04
5.806410569559963017e-05
4.827569515346690892e-05
7.389086877913881137e-05
1.029496536122161148e-04
1.157010744780177428e-04
1.245999615375228389e-04
1.302577392194403493e-04
1.562868640930079489e-04
1.349668809346407812e-04
1.249754895755080246e-04
1.343917772322878693e-04
1.500219085471719502e-04
1.482066005829493500e-04
1.777806547321056309e-04
1.959944908147672274e-04
1.975001500392541901e-04
1.820570734416809139e-04
1.574105908986747702e-04
1.439091327424910517e-04
8.742301848563346770e-05
5.754488010584766692e-05
3.808986519310181463e-05
4.448800826594533341e-05
4.385375047381787761e-05
4.266770876360515539e-05
4.318083969890429132e-05
5.156009960355539178e-05
6.208867415453717294e-05
5.438219232916990595e-05
8.370894345297665061e-05
9.737033689869788817e-05
1.015081116430225630e-04
9.000078364963013755e-05
7.617837631520355511e-05
6.556203138431699999e-05
3.089903706317472383e-05
1.035766052703906645e-05
-4.862415006659216133e-07
-1.138297853303694468e-06
-3.706618430316280358e-06
-7.759092578800609545e-06
-8.185587579526523274e-06
-8.103397232399392458e-06
-7.883115304741244880e-06
-7.677511654289145604e-06
-5.480529421852283048e-06
-2.221220320853785947e-06
-5.519759556740009811e-06
-7.015558145657794256e-06
-6.871703496953196430e-06
-6.489615182522306666e-06
-6.293318591184984954e-06
-5.906095714965756893e-06
-2.760482122528834672e-06
-2.179549808280684163e-06
-2.216900461754114475e-06
-2.701501228717702555e-06
-2.704509399177931135e-06
-2.427857012318365801e-06
-1.848642853739765424e-06
-8.912541011087315982e-07
-8.159533781944558639e-07
-3.072789397709215298e-07
-1.294964302735319610e-07
-2.066814717194109276e-10
-1.541898056904105602e-13
1.010180010713116090e-10
3.951138092064881799e-10
1.410202669326489335e-09
1.270940634524436050e-07
1.913341121994071669e-07
2.377723751509740444e-07
8.987735812946317953e-07
1.689300284714575673e-06
1.748324783181086182e-06
1.678109297524120298e-06
1.616916582853618779e-06
1.575383469366092986e-06
9.299267838366357699e-07
2.049692305111116723e-07
3.283852048310390702e-07
1.221430945223347963e-06
2.320175349914274741e-06
7.720357304851039348e-06
9.519711958236165556e-06
9.624485038707912939e-06
9.923666652359718911e-06
9.459968464982888573e-06
9.804526672089818612e-06
1.011998582541465082e-05
1.502374671169161974e-05
2.763384888517250737e-05
4.679575211142043384e-05
6.768611728175421606e-05
1.276328522857145514e-04
1.527819990984770728e-04
1.547265312246557040e-04
1.594780750089723476e-04
1.527923104751766385e-04
1.469107336312732587e-04
9.263034937195478680e-05
6.584317013933260808e-05
6.218528101345801565e-05
5.045676073822004387e-05
6.119620364464165160e-05
6.456099247990154482e-05
7.390114332922222541e-05
9.064818123672966114e-05
1.943303947342325691e-04
2.853171262915745756e-04
3.494131050831214818e-04
4.268696602540023185e-04
4.819561949549619148e-04
5.350953064597778822e-04
4.815446947017974267e-04
4.480360236197381278e-04
4.033399372184419689e-04
3.740901531127096766e-04
3.433266008859550602e-04
3.103294922127173921e-04
2.897330772029927770e-04
2.306001250206393162e-04
1.944587228969867109e-04
1.322962187869322647e-04
9.154933011639212190e-05
5.057777549951075221e-05
1.591010414876649340e-05
1.135097954520556648e-05
3.212127398827352337e-06
-4.197312585041031807e-06
-5.245704504211930874e-06
-7.137776144861881802e-06
-2.859137953067782841e-05
-6.038853767953111210e-05
-7.589096828023957813e-05
-7.460051432321242106e-05
-7.619141014539739757e-05
-9.018285471886358185e-05
-7.134988573478305519e-05
-4.309027311690273983e-05
-3.013265044260393782e-05
-3.173080705160924686e-05
-3.273830233173422309e-05
-2.852585049717386984e-05
-3.076506029078800847e-05
-4.126199839661658444e-05
-8.306002104314915097e-05
-1.074495311354382914e-04
-1.313426763250701978e-04
-1.505587235295201417e-04
-1.665854504936951821e-04
-1.660881773875286292e-04
-1.276558543891332103e-04
-1.047648992739414066e-04
-9.013665062904505792e-05
-7.107290788766185933e-05
-6.687561312599455451e-05
-6.221000678238491812e-05
-7.304348897045985077e-05
-7.928456808601942361e-05
-8.772193568890219615e-05
-1.078789530373964502e-04
-1.890755298011781091e-04
-2.376051014654756693e-04
-3.145512448979889773e-04
-4.249154608610656116e-04
-5.029913609804702833e-04
-5.157335227235160463e-04
-4.483979613211306193e-04
-4.167353906987593154e-04
-3.515676495737768241e-04
-2.685368221899290327e-04
-2.162032317756205229e-04
-1.791436846261254198e-04
-1.505459692370371492e-04
-1.296736736149428951e-04
-1.040992646444556898e-04
-6.958676021558862128e-05
-2.671965000816564585e-05
-3.390155811947031015e-05
-4.474319391121857272e-05
-5.838523841545862405e-05
-6.446266942057959069e-05
-6.389541810481755648e-05
-6.237086071732204191e-05
-4.769680069854157362e-05
-3.490873725502131999e-05
-1.614969627702314653e-05
-5.955531648741316051e-06
-3.152627427276265054e-06
-4.855290568255791884e-07
-3.386514931852325475e-07
-3.257322658520887842e-07
-4.604884301255032690e-07
-8.794397407500250716e-07
-1.007411719680868093e-06
-1.538477247305515164e-06
-1.905803362599853856e-06
-2.982261642062111442e-06
-4.109461547506277264e-06
-9.098564125225906018e-06
-1.140526198199293345e-05
-1.266119154812424305e-05
-1.237608377626419846e-05
-1.118533216606722846e-05
-9.768554493725393873e-06
-4.352575823526805065e-06
-1.913071893215507577e-06
-1.224312342106554212e-07
-1.624157710032337135e-08
-1.022483584351581425e-08
-5.474369113947753340e-09
8.579597039265865960e-11
2.135215492565452191e-10
3.865927344205835236e-09
