8.749263167243801127e-05
5.928816231854535626e-05
3.917996528240414822e-04
9.120176421977314006e-04
7.049492016131821658e-04
5.592360907554342654e-04
6.965139972579764520e-04
8.543852647569023144e-04
1.198888917918892105e-03
2.218962907759555996e-03
3.641609296505087922e-03
3.922040914171839691e-03
4.044788914638831369e-03
2.686312083674835451e-03
2.481642452659523195e-03
2.001961054935735666e-03
1.784639979547147362e-03
1.030859492520315619e-03
9.961133131564871464e-04
8.482839881012283574e-04
1.123874879436662783e-03
9.020236872428058017e-04
1.670551799892501131e-03
1.730917025765846490e-03
8.162882131742293284e-04
1.936040355260932959e-05
-7.436683798440075479e-05
3.152172128387333060e-04
4.098434844937031449e-04
2.733231261616097629e-04
2.584794485686991560e-04
2.772240110341609581e-04
1.771191821974961705e-03
3.808562894036172822e-04
2.701267658713935212e-04
-1.583777444694665069e-04
8.880126270767408833e-04
9.855153151456774979e-05
1.902206956574780251e-04
-8.906203438267983117e-05
4.143454900985374281e-04
-4.481986659351520951e-04
-1.248363298479676252e-03
-1.308070284175691812e-03
-6.032135138325393775e-03
-2.213822538919385952e-03
-9.443557079473540805e-04
-5.440572203990514874e-03
-1.688332827187986364e-04
1.533979010367808159e-03
2.591090483431547718e-03
3.285995222901699590e-03
3.462888762074891810e-03
3.168865477440966413e-03
3.581536205834827662e-03
5.013854149539241981e-03
7.551948828968962218e-03
6.983837677657726492e-03
7.697845481503227949e-03
7.122586893803513168e-03
5.840421482308039147e-03
3.874509272840157524e-03
3.011435973813675337e-03
2.982936516690888260e-03
3.450435546529240661e-03
3.124882478097764770e-03
3.066334427017005943e-03
1.940101185080771954e-03
1.647325785360833706e-03
1.325155051367590039e-03
1.522065293456337535e-03
1.022193422628903028e-03
1.086644186456457370e-03
1.073182837465008798e-03
1.429384883529415768e-03
1.275300972808916800e-03
7.448425908995824195e-04
1.040407132806964782e-03
7.360028175672093855e-04
-3.155831762460631308e-04
4.782138027850422828e-04
6.385829957558670361e-04
7.641235318676404403e-04
6.368169637282755776e-04
7.269160681632925872e-04
7.524899292216990013e-04
5.263287917511597037e-04
1.014831720874242570e-03
6.270193093877974265e-04
-8.662362967003175995e-05
3.885938070652694980e-04
1.554375340145146788e-04
4.571975914912694908e-04
8.397709470510413129e-04
3.151556572419693045e-04
3.253718191396863372e-04
4.959846348622771019e-04
3.980245815456296549e-04
7.528656101545228496e-04
6.623696192675658295e-04
4.266092579443984739e-04
5.474556929081940068e-04
3.976585619590223457e-04
8.308140412601037637e-04
8.630596337601808415e-04
6.025324785694505855e-04
6.066998388159330945e-04
4.950305733358438976e-04
2.666359675584329889e-04
5.821171745487685022e-04
1.917728462156299775e-04
1.249517503964580147e-04
3.435650507581997212e-04
2.225828167622737042e-04
1.838339622882701450e-04
9.804569501474897318e-05
2.173220930425464768e-04
5.212053852323947660e-04
9.856111987652258020e-04
7.445196978270751144e-04
1.393167671314073618e-03
1.866498411791696951e-03
1.692511824346335826e-03
1.322680298456461491e-03
9.890561623072924823e-04
8.861875578797312122e-04
1.202917017818781785e-03
2.610726431935675006e-03
2.088213484160605492e-03
1.563410961366133289e-03
2.030874227701126838e-03
2.022344579650143560e-03
1.123712383586370584e-03
1.226304723332377828e-03
1.855388954977120518e-03
1.098171398197363537e-03
1.303962547156802595e-03
1.123822764601659779e-03
1.197470017991997173e-03
1.416146050357839281e-03
2.534465805966100351e-03
1.996060894760785017e-03
1.526100880372652886e-03
2.059012771673808442e-03
2.512787509388854281e-03
3.058480423115487231e-03
3.301716069760001274e-03
2.420857538283786251e-03
3.009015583758700534e-03
3.964890821693766408e-03
2.530868704367290542e-03
2.740748421240160691e-03
2.861976789567935789e-03
2.948288915467554925e-03
3.791147613386384140e-03
3.087751112691211955e-03
3.400153435203920587e-03
3.145140455246078510e-03
2.929945692080046255e-03
1.793879335957988168e-03
2.514977142996254866e-03
2.801626845892297817e-03
2.345957353297699333e-03
1.432110814146946151e-03
2.035756901667603973e-03
1.642643681780285277e-03
1.054846632254527287e-03
7.502039501071980625e-04
5.729046154199133288e-04
7.340989327386338113e-04
7.525185076597898370e-04
5.352301195930535965e-04
1.695272871947620769e-04
-1.209422778967601911e-04
6.915382412335398493e-05
2.541840352385848004e-04
1.387418137172896540e-04
-2.025923438918046822e-04
-7.963404798067089943e-04
3.357986255172651542e-04
5.869528067897629951e-04
2.444689120566243619e-04
9.471469943844826886e-04
5.834758122390687213e-04
6.343584534041035554e-04
3.804498577866867221e-04
6.460731266264545941e-04
7.998897898925336767e-04
6.728608621162913929e-04
3.917511380460918886e-04
4.396880262090237029e-04
5.728593775840243752e-04
7.699921579206436264e-04
7.881026842860330535e-04
1.355903106183681739e-03
7.464692928558479008e-04
8.361019403563290557e-04
8.305214187439382591e-04
7.328375453397530277e-04
4.264688748733846176e-04
1.236973919819970126e-03
6.334586995180853213e-04
7.058582701937709657e-04
4.482300219450914515e-04
4.444431287223247779e-04
4.532973929088144455e-04
9.402368469364538045e-04
2.293408686876418842e-03
9.062826762241794161e-04
8.754842997164854037e-04
1.131629431975765369e-03
8.592682959129586875e-04
7.393075453638404872e-04
1.040732633341230748e-03
6.166830683465364697e-04
4.518658015118893275e-04
4.686429012463104535e-04
5.197407365161660700e-04
1.577670456646565000e-04
6.212687172350020914e-04
2.963218829267692377e-04
3.150228535129340830e-04
-6.195090503956613250e-05
9.102922642002427903e-06
-1.782881785962228509e-04
-1.537191178261849828e-05
-8.398256453395945239e-05
-2.622170001838710664e-04
-1.379642933422966838e-04
-4.381938846292990374e-04
-1.641863047352838851e-04
-1.073620759305676125e-04
-3.903994554719376865e-05
9.281042634120898729e-05
4.313523726681907941e-05
-9.700039302646511891e-05
-1.375066686491704774e-04
-2.920817980432055994e-04
-7.501530411342740862e-04
