1.084795654697947058e-03
9.894593953721931429e-04
1.060213984928223135e-03
1.020026580104969969e-03
1.307603300894040433e-03
1.866460286848167522e-03
2.565299989403520102e-03
1.568583583247389534e-03
7.568462499162606841e-04
1.668468714520531600e-04
3.228845349570055943e-05
5.835097980178416947e-05
3.824874190142169586e-06
2.685899655463223792e-06
7.600991219335542241e-10
2.655693011129411494e-12
5.688590986988798241e-15
3.837038076038385325e-08
-6.393675385831319104e-39
-8.397469980581689302e-07
-6.628829996566440843e-05
-2.684831799776151925e-04
-1.212080325462718932e-04
-2.014744854597468266e-04
-6.023499349768980979e-05
-6.777786002306215006e-05
-8.806849445418877241e-05
-6.207216971690080929e-05
-5.478170023131405001e-05
-1.200627352286871803e-04
-1.089732801815687028e-04
-1.806397839874960870e-04
-6.105161157392018263e-04
-7.685562356458892951e-04
-6.684866822507755510e-04
-8.466892863925074442e-04
-9.393995543536890879e-04
-7.176230768217769368e-04
-1.111419249707517676e-03
-7.219534374201493684e-04
-8.080610322427307299e-04
-1.236259824859718692e-03
-2.247637432797876342e-03
-1.218993971394485929e-03
-2.114297097148610562e-03
-1.948155390347286854e-03
-2.176687216539963110e-03
-2.677503288501488672e-03
-2.257892755642872118e-03
-1.679839832616119959e-03
-1.598661072032884784e-03
-2.087292928523540748e-03
-2.775998359370463082e-03
-3.381181323218850586e-03
-3.835254491439548091e-03
-5.923071544519226822e-03
-8.810134724924253286e-03
-6.636573689573346119e-03
-8.453596070541609733e-03
-9.434640827247379319e-03
-7.224603947792212350e-03
-5.535407130505340043e-03
-4.228871437763495958e-03
-4.192412358978216472e-03
-4.561041889487752604e-03
-4.022351537680664280e-03
-2.771387587089097111e-03
-2.327752072658390362e-03
-2.805607170791828489e-03
-2.308658530782706306e-03
-3.422339280939725413e-03
-3.553074080951784154e-03
-5.056860184156419975e-03
-3.504527004821270456e-03
-2.522783473743334288e-03
-3.310359537545084531e-03
-2.732782711234371317e-03
-3.219931942719513225e-03
-3.027209251649971150e-03
-2.701726993456245434e-03
-2.879961730611151766e-03
-2.503530837998069712e-03
-2.701012670631249349e-03
-1.209458247431702358e-03
-8.522819271587874423e-04
-1.119156869155544685e-03
-1.127277643385658432e-03
-7.831198464701883029e-04
-1.096176524760111588e-03
-9.913063314323637167e-04
-6.431304416892773875e-04
-7.423090422045770971e-04
-1.355801551628407027e-03
-1.233049636972689172e-03
-1.929431141263647379e-03
-1.908000592247808278e-03
-3.374179447916785847e-03
-4.531002599017234372e-03
-3.568746114784374091e-03
-2.484729949238226408e-03
-3.511811529240549488e-03
-3.918641298777674094e-03
-4.357137796514382738e-03
-2.858782867582441468e-03
-3.388652977110103142e-03
-2.401609384380152135e-03
-2.398110067344131745e-03
-2.300036988731527302e-03
-2.133114867127119431e-03
-1.808877123247966921e-03
