2.212524785227381469e-02
2.168482045095199151e-02
2.183026028668707055e-02
2.088389971680068222e-02
1.923159499593081467e-02
1.787914545020006032e-02
1.726048493721252242e-02
1.679080374649425181e-02
1.680533423285731839e-02
1.674271357992275847e-02
1.665072403380359056e-02
1.660056381540299039e-02
1.578350535738924643e-02
1.550151947592195295e-02
1.484850935724473832e-02
1.463057255959625789e-02
1.491824550477916650e-02
1.552437593032248743e-02
1.648741993872998232e-02
1.756528201351467353e-02
1.806485729481372565e-02
1.785530773906358545e-02
1.746594069145574607e-02
1.688015359412476518e-02
1.685598332764616861e-02
1.642172994649667567e-02
1.612129902650357577e-02
1.583683364910798766e-02
1.549052384896286612e-02
1.474053939017115622e-02
1.343581703381399595e-02
1.191590075177382906e-02
1.039574084823399053e-02
9.526512968246678148e-03
8.922658069882169474e-03
8.548017515367800287e-03
7.761642934204682383e-03
6.980365940183066477e-03
6.259647114260586363e-03
5.380322891809109949e-03
4.451006507549154154e-03
3.744114933785010462e-03
2.999543171151585006e-03
2.370876832054929790e-03
2.007988434771021315e-03
1.801527661554771934e-03
1.630928141262743061e-03
1.364001747534155122e-03
1.348508324902871966e-03
1.340977734156621921e-03
1.489259083627846340e-03
1.699139141568640392e-03
1.838106257474285757e-03
1.916629751372964921e-03
2.181114135251609881e-03
2.456426609975018247e-03
2.834784541381696766e-03
3.135583995280696781e-03
3.258320607275783359e-03
3.253574940101847460e-03
3.105437072650702682e-03
2.844567442985761890e-03
2.531054415104119076e-03
2.204457829122261677e-03
2.003041715326411929e-03
1.848917633639737520e-03
1.541657659175084405e-03
1.211960950155233129e-03
8.069098022515983461e-04
4.424352441559180056e-04
1.708195716326847962e-04
5.615811801618247244e-05
-1.348065592658360480e-05
-5.059733850570818166e-05
-7.219597624782310972e-05
-9.790553595609176850e-05
-1.126949287955331347e-04
-1.193605571463123575e-04
-1.210402585323063553e-04
-1.234833260204942350e-04
-1.272808911209668268e-04
-1.351760093734261970e-04
-1.650206663118118124e-04
-1.799897316562709161e-04
-2.373592199648027221e-04
-3.265341621581352959e-04
-4.090183813978238926e-04
-4.468693867973320857e-04
-5.349722894532185418e-04
-6.047266161152334675e-04
-6.409712793792561114e-04
-6.768185643177982574e-04
-6.985967151313457468e-04
-7.084312022507979582e-04
-6.858599312521085562e-04
-6.669007243654337391e-04
-5.969851860168718998e-04
-4.777906496804711143e-04
-3.777458117990580119e-04
-3.194746569319684430e-04
-2.123637807864993919e-04
-1.341666730560989347e-04
-9.626005334977977030e-05
-5.929188548384739776e-05
-3.562327329733039192e-05
-1.948158743416660281e-05
-1.252717465243327858e-05
-9.785557243322022414e-06
-5.228820800775486492e-06
8.387745585350455695e-07
1.714701441906051310e-05
2.296130903516616301e-05
2.816052069942568976e-05
5.283847217508649672e-05
1.022671229509442546e-04
1.685581126617512334e-04
1.989142728469460051e-04
2.205063287199244962e-04
2.477898151226053136e-04
2.940065469503894157e-04
3.413675864575388083e-04
3.913611666492556565e-04
4.337170916167973952e-04
5.765109582680224632e-04
9.449910106105290086e-04
1.535497765137980352e-03
2.172487007176304979e-03
2.711008056697026408e-03
3.549276390600305652e-03
4.640249002692530163e-03
5.743234066378679302e-03
6.726415086936147862e-03
8.296324543982826552e-03
9.795734012398428156e-03
1.064277471385728646e-02
1.137118126125448263e-02
1.223508929352359019e-02
1.345989720660117211e-02
1.469824994349158177e-02
1.554740474124357251e-02
1.584007807903968154e-02
1.544529845042636428e-02
1.459441814680790921e-02
1.358452469810411158e-02
1.191306909187241081e-02
1.023712309675326067e-02
9.240866589444790211e-03
8.334948493029216421e-03
7.078164682090541671e-03
5.184585076471732827e-03
3.162083219896118669e-03
1.631867206660219489e-03
4.327309599845378658e-04
-3.353135275231215458e-04
-6.800931134947422454e-04
-7.423663834934534104e-04
-7.140260696670355789e-04
-6.081188650703533982e-04
-5.673952321057231483e-04
-5.954035002589214099e-04
-7.743399893181003970e-04
-9.799287649342289415e-04
-1.134631576652325811e-03
-1.316158130877470101e-03
-1.656828628548781546e-03
-1.927395086373358268e-03
-2.052162029323135236e-03
-2.223620119274126970e-03
-2.298784906674050839e-03
-2.344640873803830339e-03
-2.327436892443959880e-03
-2.312473597009036611e-03
-2.131099827103440005e-03
-1.881549929746921535e-03
-1.631270233841483923e-03
-1.373717692012205562e-03
-9.932913901210410363e-04
-6.700813295239862197e-04
-4.777116491742863964e-04
-2.608462168352768010e-04
-1.596972832970879226e-04
-9.658444278404835451e-05
-6.337925381718287896e-05
-2.130869183641780857e-05
-1.000127738657548878e-05
3.230304870586170409e-06
2.942698090676695746e-05
5.910307327098570729e-05
8.561222143671600230e-05
1.130751119046659374e-04
1.886258977675966909e-04
3.036987686900703416e-04
5.128525103454844615e-04
7.234052585272052758e-04
8.993210241501754755e-04
1.004625504743387370e-03
1.058271581465379486e-03
1.150202332859938305e-03
1.286704739280824334e-03
1.427953285185966240e-03
1.543741637155052844e-03
1.563822670076926540e-03
1.530862079031146232e-03
1.479841976039894058e-03
1.296398880158574751e-03
1.089738007530810862e-03
9.063271947619043695e-04
7.456639580506211826e-04
5.713795880461136536e-04
3.568494988279435898e-04
8.227873699115384205e-05
-1.436666368414468492e-04
-3.134652573754355474e-04
-3.877561740115137543e-04
-4.336126446948803206e-04
-4.997766296800830932e-04
-5.256766998695209386e-04
-5.295435816468938928e-04
-5.169662533674477872e-04
-4.276339310540837823e-04
-2.769896208620280763e-04
-1.243419595641734072e-04
5.780533190462790638e-05
2.023605622813832994e-04
2.883744228205138856e-04
4.752283677775604245e-04
5.439788465346990847e-04
6.026796273688879131e-04
6.587679280558757363e-04
7.223707632603654574e-04
7.430716579210406604e-04
7.391724710337084199e-04
7.342597261856398513e-04
7.317776349211358193e-04
7.026028140220921163e-04
6.333468659112856175e-04
5.792054411513910877e-04
4.189549255228182975e-04
3.515900477829201850e-04
