1.484371638876127723e-05
1.252729592723448969e-05
8.917941008281404130e-06
7.511621732946271177e-06
8.065098169712495003e-06
4.106644978211797297e-05
6.299676099439181212e-04
8.639273704489262113e-04
2.226399807050625113e-03
3.702737533840247397e-03
3.367366803826431308e-03
3.106392713609944494e-03
3.109840962859196454e-03
3.378456531279128063e-03
3.456685751240874769e-03
3.464755272292022615e-03
3.465084142393473968e-03
5.173409332970516951e-03
4.904693372338845420e-03
4.701625284399888263e-03
3.610986020816411585e-03
2.213419616004229287e-03
2.214980095144394607e-03
2.523472514585431252e-03
2.521507731906175945e-03
2.293001565006367887e-03
2.670520878613075969e-03
2.696403337229346872e-03
2.731078806931093190e-03
1.007710650743878474e-03
9.373986837540908756e-04
9.626077784713896537e-04
9.728435618618494008e-04
9.647212958501500237e-04
1.067121017001007675e-03
7.421321799950434490e-04
7.475988927550455965e-04
7.265368651021237916e-04
2.742741907583088582e-04
4.435172943789579395e-04
4.498760450186340982e-04
4.745097143668399538e-04
4.695532345202799271e-04
4.655477068231520031e-04
4.858986265303452527e-04
5.326330619436465226e-04
4.613650644235292673e-04
5.502750438288526828e-04
8.975103599780081404e-04
1.317584264703489279e-03
1.613330463709678137e-03
1.477527278560926026e-03
1.464298180719924430e-03
1.447058808601014686e-03
1.447510370978098227e-03
1.453997961399458800e-03
1.421488936029469694e-03
1.365073524999878924e-03
1.333261870766167152e-03
1.242095513123060886e-03
8.873514035683600270e-04
4.474206950668489888e-04
1.480542633458413384e-04
8.038797667612054105e-05
5.139740095324127372e-05
4.187330201457986617e-05
3.845826619595634697e-05
5.364721893675039701e-06
4.075605262760585846e-06
3.630411455536937731e-06
1.611193959746083274e-06
-3.885461739371753993e-06
-9.171440367197370935e-06
-9.213296120323909483e-06
-9.256040363075111459e-06
-9.313290021789507930e-06
-1.862339160548077442e-05
-1.889386166305145727e-05
-1.889477247470406799e-05
-1.891641988285735126e-05
-1.891591248532706557e-05
-1.891597407765214392e-05
-1.891824280275542086e-05
-1.430862590884652056e-05
-9.701009571204776194e-06
-9.700630196205843175e-06
-9.665114938256491516e-06
-9.606896439230110666e-06
-2.967938129630719184e-07
-2.589041121754433960e-08
1.890089639445390325e-07
2.305244503581169783e-07
2.676174065817963031e-07
2.936890154937640444e-07
3.072358419010065133e-07
4.771551749793257121e-07
4.925876731190778191e-07
6.523336537359001949e-07
9.001932004823105959e-07
3.610284068450815364e-05
3.636343579312579241e-05
3.647271479070202967e-05
3.645623305975392094e-05
3.662414908923774121e-05
3.672539963623975510e-05
3.762265416258555743e-05
4.468936297180408062e-05
4.540567562808078128e-05
4.605342724302465804e-05
5.177746472204957506e-05
5.188806036527055052e-05
1.788554733377115295e-05
2.126770008208276081e-05
2.251881828630388654e-05
2.632562738351178653e-05
3.006196511052840984e-05
3.083295576496451247e-05
3.390369960821962015e-05
5.916267401879935156e-05
7.088766786296669953e-05
7.411943645882365867e-05
6.847443638721344248e-05
6.844759459737943417e-05
6.739738118590207587e-05
6.376409757727382450e-05
6.242498567837477422e-05
5.892771984937976410e-05
5.541054549199697041e-05
5.463505033601968251e-05
5.071673476518754318e-05
1.850527451698625041e-05
2.713589431463480479e-04
2.674696741159404202e-04
2.672893705090715927e-04
2.669578084788250781e-04
2.668069444771313981e-04
2.667974811119094673e-04
2.667757624980863379e-04
2.662687123973144312e-04
2.658617697954739957e-04
2.657298508942890322e-04
2.656542420807564159e-04
2.655291176243647008e-04
6.346234997801700867e-08
5.767051182961812226e-08
-9.945937891871309601e-10
-1.416105649260975378e-09
-1.467422241816017066e-09
-8.071792005716118419e-09
-6.645830615449042401e-05
-6.658972557551352616e-05
-6.659150388121800018e-05
-6.662388405458337956e-05
-6.663851854131627121e-05
-6.665742823547231982e-05
-6.665708893804637622e-05
