-5.787807205361912288e+00
-3.070403625560588878e+00
-2.043149967139032075e+00
-1.534934164400407974e+00
-1.288052686076057274e+00
-1.075397913396476834e+00
-1.145999997697368933e-01
-7.122472750850537826e-02
-9.834172252658747448e-02
-9.914838738482216474e-02
-9.304466142460578182e-02
-9.366618070377590033e-02
-9.189931424682061534e-02
-7.926380256194208440e-02
-6.238089172210372485e-02
-7.232468303040122393e-02
-2.731067948714041571e-02
-8.695061987360863665e-02
-9.304998661536602322e-02
-8.942784866945091560e-02
-8.807871405032328960e-02
-2.305179750227705771e-01
-3.066935891857490160e-01
-2.437049416605655827e-01
-2.450476150835886602e-01
-2.405743912361809622e-01
-2.269165404922522666e-01
-6.563730693099373292e-02
1.103274348836966179e-02
1.502582024089552624e-02
-2.530179992555782117e-02
-3.146145988500457374e-02
-3.675672361988455150e-02
-4.296353872884997593e-02
-9.553886582114333448e-02
-1.247010580510181238e-01
-7.346148698826308887e-02
-7.267607127400962930e-02
-7.543047112579527591e-02
-7.468818375860615533e-02
-1.238120623037267110e-02
-1.218571409928872161e-02
-2.437699263013513515e-02
-2.551424130985079433e-02
-4.599770021490200977e-01
-4.721321490779468166e-01
-4.791412672062395628e-01
-4.523480801815835672e-01
-4.387890231209953806e-01
-4.351196592527428741e-01
3.053780606930770695e-03
1.595135534731294616e-02
1.242692521768452331e-02
1.079685734789875146e-02
1.044673813678447666e-02
8.735940221318041349e-03
8.562463086308397253e-03
5.246022313617188133e-03
-2.778287348506350025e-03
-8.983583825069136122e-03
-1.281260573346479359e-02
-1.695545309838418155e-02
-3.177279867985502437e-02
-3.290190472402552274e-02
-2.960473438710266650e-02
-2.955647272593666872e-02
-3.189578201049086265e-02
-3.409789659924003513e-02
-2.774043572034573524e-02
-3.224674666861137434e-02
-3.575475042377247725e-02
-3.710504414145455315e-02
-3.937106916874850288e-02
-4.018055011728807746e-02
-4.241523084489390305e-02
-4.522129127257393938e-02
-4.654076095777828076e-02
-4.964520445914561569e-02
-5.242035989277488844e-02
-7.874010431984136693e-02
-7.433469940669969189e-02
-6.472768688321846320e-02
-5.700654680413801828e-02
-4.876575245266200759e-02
-6.914518442569896062e-02
-1.316462378866054272e-01
-1.228375566984079709e-01
-1.319112618551455118e-01
-1.338960349289231855e-01
-1.363413265947770181e-01
-1.104854071862925030e-01
-3.839125767437673309e-02
-7.899336654443890604e-02
-1.595488750874353434e-01
-1.606006313770526328e-01
-1.940558689620418831e-01
-1.948530083691517589e-01
-1.758765038386195245e-01
-1.449193340872530211e-01
-6.034073872840015756e-02
-5.842205277535864744e-02
-2.377162050033387528e-02
-2.142891410808038868e-02
-2.069459015647480415e-02
-1.943884491060428668e-02
-1.916128331767751047e-02
-1.885378948391785991e-02
-1.952678887503047842e-02
-2.148641127994691327e-02
-2.569016840645581626e-02
-3.227819477502644196e-02
-3.985506663348444001e-02
-4.177491188296655195e-02
-4.102691958274454903e-02
-3.876854778285999253e-02
-3.253420938287825831e-02
-2.418326834610548537e-02
-1.371437153632247032e-02
