beta2
7.838206445950447049e-03
7.924639263916458815e-03
7.970820939659253174e-03
7.998049224539952734e-03
7.924075327027890053e-03
7.895634118576331378e-03
7.745640356793920614e-03
7.919085059405438221e-03
7.887165074243036866e-03
7.796100887525722438e-03
7.524642238872948988e-03
7.398935196084069701e-03
7.442631340198192433e-03
7.504760141540448709e-03
7.707496717561051688e-03
8.012477129075299548e-03
8.384884274854603053e-03
8.689933192469778342e-03
8.790046051821291326e-03
8.874274949451480682e-03
8.647007652302984154e-03
8.669851692707864280e-03
8.827118480136671858e-03
9.019924872569685254e-03
9.192381849032846969e-03
9.625251927511053671e-03
9.589166699934148497e-03
9.630012686997809629e-03
9.747932204035280809e-03
9.904075842356432902e-03
1.011055485945086888e-02
9.984026735292609797e-03
1.010107208061543360e-02
9.754209800680651785e-03
9.570350340736393999e-03
9.250971715594639294e-03
9.059470231702095033e-03
8.775341036411742415e-03
8.629035289229093977e-03
8.848531863194088881e-03
9.209833032033036548e-03
9.522968152267895919e-03
9.774216000960572401e-03
9.979290980205826264e-03
1.024462261716920300e-02
1.019056970255510092e-02
1.024774863750914367e-02
1.034769178181261205e-02
1.010720649215553560e-02
9.810864211190891901e-03
9.709132686451106553e-03
9.547381339312027010e-03
9.704687520668529160e-03
9.958296714996386911e-03
1.016335348067587234e-02
9.760273398763317371e-03
9.539803319724961261e-03
9.233110137140256718e-03
9.640215495613915081e-03
9.992598283616038746e-03
1.041956453410488453e-02
1.085777346746663423e-02
1.075917236351707149e-02
1.090920621014078266e-02
1.106624374060086180e-02
1.126883148019810349e-02
1.151341426698050500e-02
1.211074607765140823e-02
1.203371821683587792e-02
1.214648986124049548e-02
1.234229224989642423e-02
1.242420001613497860e-02
1.237433570591509741e-02
1.218560816050102275e-02
1.194024072082403021e-02
1.184648970231553036e-02
1.188943926856636003e-02
1.182837412203374683e-02
1.136957901751362368e-02
1.090073318806614351e-02
1.089951623512469200e-02
1.066040162175819692e-02
1.073950915780769871e-02
1.074722864935464574e-02
1.082933514537334774e-02
1.079106124659963417e-02
1.080128425884137149e-02
1.044962589048684977e-02
1.018528499008151608e-02
9.916823949592565995e-03
9.987797818776733560e-03
9.853369254555842394e-03
9.678675270168992512e-03
9.515377320291160124e-03
9.364058330391148224e-03
9.433813054814563573e-03
9.604271155353543560e-03
9.815101624403453975e-03
1.010135891341640453e-02
1.035301102231172242e-02
1.047656736580035788e-02
1.056624915404843004e-02
1.070959684825386476e-02
1.087688424888181259e-02
1.103443223278657501e-02
1.107519718205149731e-02
1.103020171920961710e-02
1.093614118621844683e-02
1.101712291911798904e-02
1.129584435880125540e-02
1.176215669991202001e-02
1.206531796863563599e-02
1.202222552490089108e-02
1.196429386057207972e-02
1.191176303389291508e-02
1.179899782945617939e-02
1.168540846828824975e-02
1.178092374137536952e-02
1.170218048018900961e-02
1.157926011395874789e-02
1.156414925122760742e-02
1.160586713178289597e-02
1.157767746736888120e-02
1.162510524231786212e-02
1.172784654709012851e-02
1.182635385690109300e-02
1.188929481893204534e-02
1.213871858677767132e-02
1.219853716345536271e-02
1.230871039555565816e-02
1.233479250793969098e-02
1.241562898444195998e-02
1.242519256628994706e-02
1.249173489874855214e-02
1.253778388922109979e-02
1.262271565307619345e-02
1.252388576294469896e-02
1.242631633984702874e-02
1.210193507994344886e-02
1.194470866779101526e-02
1.173204579074457049e-02
1.164282085021356786e-02
1.161271756024130283e-02
1.162466871747127456e-02
1.181784372602339220e-02
1.194083847438776047e-02
1.204663217936360539e-02
1.172337200189748491e-02
1.132782759829557492e-02
1.098855126936274830e-02
1.063385684416880833e-02
1.023588571250166890e-02
1.018653611009755038e-02
1.025379808534340048e-02
beta3
2.190661213578192022e-03
2.273192107295305721e-03
2.328710077603273962e-03
2.411987207415936408e-03
2.355701247987266982e-03
2.361014151350619358e-03
2.305491642042678795e-03
2.448463337326775135e-03
2.641278689691884708e-03
2.830106127967580310e-03
3.159467677828104414e-03
3.225019673466855176e-03
3.257101443463516870e-03
3.314761670293318516e-03
3.415471031540968840e-03
3.315392080583629518e-03
3.278883879094704815e-03
3.218979945908300756e-03
3.252939093632653978e-03
3.404656202537137497e-03
3.446140685161249665e-03
3.544190354437132436e-03
3.408468151091557669e-03
3.276271977960484166e-03
3.143488888231426616e-03
3.003332311879506646e-03
2.919651242411709299e-03
2.849391133383913019e-03
2.875001562157778953e-03
2.832391042272252614e-03
2.771492033044462532e-03
2.634181461631609003e-03
2.473842742901516747e-03
2.455056137874192263e-03
2.448979199700008699e-03
2.476384356194155645e-03
2.526050469923245452e-03
2.503878304808491127e-03
2.293000366822194915e-03
2.364981936428317642e-03
2.293378527279104490e-03
2.204091928789762150e-03
2.183039655745505972e-03
2.057336947680602716e-03
1.903736565589110542e-03
1.935193873685948657e-03
2.056354527254775685e-03
2.204267954624044949e-03
2.570017695602117534e-03
2.623329400761418607e-03
2.305680530466734397e-03
2.043045612645682726e-03
1.926793377871759702e-03
1.839993783936331485e-03
1.787438264413207176e-03
1.768168510909749053e-03
1.762608835249976098e-03
1.710913047556857861e-03
1.697623962350954668e-03
1.610513292773097481e-03
1.535382924880736299e-03
1.548308706807249640e-03
1.597273433541972903e-03
1.653069295450003071e-03
1.703487393841830299e-03
1.760335738573085311e-03
1.846154852667015577e-03
1.887646319504869379e-03
1.765762984972250394e-03
1.733046355587656781e-03
1.732063945876757393e-03
1.592742657375125111e-03
1.559223103069318911e-03
1.487145396313126026e-03
1.419599529688387023e-03
1.255047386033966966e-03
1.217643588529132353e-03
1.208858605639398162e-03
1.077913537618690673e-03
9.876494827299985013e-04
8.511522592262461395e-04
7.677486305889256492e-04
7.415605462035271180e-04
7.226290560416056240e-04
6.621969616250520350e-04
6.133532301435364650e-04
5.650135539015040424e-04
4.933655110606902441e-04
4.182137753483786699e-04
3.792308345137029727e-04
5.136690218781817929e-04
5.768647710869082576e-04
6.170008982772847306e-04
6.892339700121342342e-04
8.051938673195903340e-04
8.449740214290411226e-04
9.587382978894982196e-04
1.107017126270392650e-03
1.175582000352059847e-03
1.261416887802702461e-03
1.360651078905791454e-03
1.459067782214656635e-03
1.556609470393495454e-03
1.615083397351961677e-03
1.704930921496337903e-03
1.794890761771095796e-03
1.890731248430877528e-03
1.998363027240576510e-03
2.137533682265540125e-03
2.268469537605159562e-03
2.503133457925964776e-03
2.536008693248582857e-03
2.512218215897827050e-03
2.292353310365662870e-03
2.092559968286927981e-03
1.877753034266274514e-03
1.693551595146923884e-03
1.541542389071813091e-03
1.396631457076214725e-03
1.258003661748944429e-03
1.209053887439296825e-03
1.179038585908156501e-03
1.204267541691713805e-03
1.237518072669321900e-03
1.273503992172201433e-03
1.368794226700564354e-03
1.259266624073569069e-03
1.220264864189793711e-03
1.228399445995561473e-03
1.235346965587747793e-03
1.224025630807927274e-03
1.214504862876320673e-03
1.231396626676851307e-03
1.218082157643891753e-03
1.211608818250700572e-03
1.201149161724493052e-03
1.190597151925487217e-03
1.169340300664918793e-03
1.088348770774974928e-03
9.767357769263124070e-04
9.244735520191151891e-04
8.769060148594563266e-04
8.309608217932972028e-04
7.669552924679834708e-04
7.271219279589436878e-04
6.635972367910439491e-04
6.264208996716725923e-04
6.180977019993852319e-04
5.284005969398016759e-04
4.333400126264531005e-04
4.593062437281432821e-04
4.579804891406245729e-04
4.688702581156503017e-04
4.935347976863054724e-04
beta4
3.848031553108886740e-13
2.538554207017583347e-12
1.455822905932084978e-12
7.518470475831996923e-12
7.404866872035485603e-12
2.531542866742003488e-11
9.093190182964527966e-12
8.319847185504030477e-12
2.500580579144761976e-11
1.279899720185086304e-10
9.467906484169533711e-11
1.975454379815092778e-10
2.776000806662667873e-10
2.782769835307056047e-10
6.084331685768513632e-10
2.431819802319922246e-10
6.473785375090972714e-10
5.263948640856616812e-10
2.953644081786897402e-10
6.861818721201031585e-10
1.001549162389519340e-09
1.182209983041956815e-09
1.851103325251282139e-09
3.198954478600135886e-09
1.579785038392687579e-09
2.095114682758809448e-09
2.103606625395028887e-09
1.433395051173510285e-09
1.422834413391727684e-09
1.526481276972468914e-09
1.195865960868931025e-09
5.840328519685275000e-10
5.983229504112612420e-10
6.427288701206505417e-10
3.700290087389704436e-10
3.871180990460834448e-10
4.984400736044974104e-10
3.878209815512801308e-10
3.002198030305035203e-10
1.243510656669864660e-10
8.757322634368939786e-11
2.111188956669626868e-10
3.094391047583877939e-10
1.231039299346305533e-10
1.563482425865443516e-10
3.323314767354386086e-10
2.884448509651350384e-10
3.719896574752697285e-10
2.455053025555150117e-10
1.941777027511257755e-10
9.345504373468197770e-10
3.551715091291563180e-09
4.926384894186300870e-09
7.385355348321365562e-09
4.981824978046385016e-09
2.338189197919483514e-08
2.879665295493270374e-08
5.502618433789376264e-08
4.436462580337917546e-08
4.657158822004432612e-08
2.078118312599804485e-08
1.426832206088622795e-08
1.440056528301693956e-08
5.631564675425399324e-09
1.503766521242830388e-08
7.996547066836820428e-09
1.000396137337733497e-08
5.182150081707616646e-09
7.832969133257057724e-09
2.950774193558253464e-09
2.733985511515221631e-09
1.763955297973084411e-09
1.735995452526508823e-09
2.201293175664896600e-09
7.760739990896714221e-09
6.393653751363864181e-09
7.512627206253673486e-09
6.549169865377879013e-09
5.997083826004096052e-09
1.902662867715889102e-09
1.782728551063548773e-09
1.758255194443592706e-09
1.302832736047880280e-09
9.649473614543463560e-10
8.915872273819298157e-10
3.252565937784488315e-10
8.907865189871300466e-10
1.022058380421814865e-09
1.145597079485954061e-09
1.370136899283625018e-09
9.121880815281341446e-10
5.816974646633041406e-10
8.751300601962039478e-11
5.390063203190445867e-11
2.582103787872881387e-12
8.422986081310640859e-12
6.883205856931795887e-12
5.831618701021603399e-12
7.789696973249720043e-13
1.271014787928778876e-11
2.895417585515992777e-12
4.766953389847664125e-12
1.136815965150042011e-12
1.671604180678428149e-12
3.775042692122918143e-12
1.112586136577389483e-12
7.725420816840921553e-13
1.328149166463543818e-12
4.465233314152209507e-13
2.405535283729225256e-12
2.265008452497695864e-12
1.950977642033316174e-12
1.296058846090141180e-12
7.185866769594369559e-13
1.193872439250363284e-12
1.290131266370886793e-12
2.365835178262799776e-13
4.026118549686260436e-13
1.649841010226876218e-13
5.596085610770837625e-12
8.195528282024623477e-13
4.567205191983307139e-12
5.320805887234948666e-12
3.159088032615802153e-11
2.943461343011599444e-11
1.388755439540390042e-11
6.124962021648248066e-11
1.988475993099057179e-11
4.003085004513826619e-11
6.519260383060523725e-11
3.005059625963545443e-11
1.115840347118655797e-10
1.058332542199845374e-10
1.197946122768523691e-10
7.075087729755334490e-10
8.490900473168219554e-10
8.105788956930423638e-10
1.313325615573602668e-09
3.300097901402188971e-09
2.511060028509761480e-09
2.333451813302160881e-09
1.805382791362911627e-09
1.603266495427795671e-09
7.631794706211180951e-10
2.911827903931468907e-10
1.369520185182071386e-10
4.372883033370242125e-11
5.039617333865851818e-12
7.412667577368254820e-12
2.487578856293801531e-12
6.838579487257979630e-12
3.330346693353256300e-11
1.003699642915441012e-11
1.262500432569688038e-11
beta5
1.031495205078557004e-04
1.033959672794080957e-04
1.238766053799528503e-04
1.489036152768228520e-04
1.552658996379886421e-04
1.653372954816749007e-04
1.762057900020755547e-04
1.875393352243640769e-04
1.832717721839958775e-04
1.979517745202295028e-04
2.044350768750651686e-04
2.006330212913108656e-04
2.135366318203200313e-04
2.337140634653480406e-04
2.223702946306354005e-04
2.788261586190260389e-04
3.169193967758739084e-04
3.450851772237782081e-04
3.653055940776079214e-04
4.027190815441345135e-04
3.998626335189859292e-04
4.115017508137047090e-04
4.454939673792814828e-04
4.517191390525019919e-04
4.683668526658480921e-04
5.108701144799603078e-04
4.949310298878750475e-04
5.104253914885415692e-04
4.879998212461316744e-04
5.242765473030014823e-04
5.527875069868626529e-04
5.907104234600350908e-04
6.555626016441684547e-04
8.142625818611665123e-04
9.827441370440274070e-04
1.098245984616363566e-03
1.239954122616353628e-03
1.448555064403545239e-03
1.641356590229220598e-03
1.459033639141089217e-03
1.452546272601120802e-03
1.430917744613344374e-03
1.469917263287189198e-03
1.602005246689831852e-03
1.626576499080026675e-03
1.599041249520764124e-03
1.629723006291762706e-03
1.714190710002172708e-03
1.936314260707272788e-03
1.869177905206699389e-03
1.716029052935972438e-03
1.507369974324968519e-03
1.667787649893832762e-03
1.895516641961930097e-03
2.185907413137132965e-03
2.183839897614939761e-03
2.143675674917064344e-03
2.049106238759108595e-03
2.035121443867618854e-03
1.936926133782672062e-03
1.592916279953674168e-03
1.322861418007362276e-03
1.295114810878244746e-03
1.188323660801098979e-03
1.091757802025477772e-03
1.045718219412431101e-03
9.667569156735441888e-04
7.850335984768253656e-04
8.213044727042346106e-04
7.202109817222659711e-04
6.487926457659449813e-04
5.416980894679175205e-04
5.896249665355320210e-04
6.477369480522021661e-04
7.092603021648204772e-04
7.595386221185370561e-04
7.611626925491427227e-04
7.970824864336591500e-04
8.568023942703258469e-04
9.023392705026787907e-04
8.399560694515612481e-04
8.864270236953097817e-04
7.235330119156118886e-04
6.137005820998132390e-04
5.398412033812240770e-04
4.551626116635771593e-04
3.786308254397852341e-04
3.750704143255487221e-04
3.655171672347560900e-04
3.425560017753944927e-04
3.367354055738697974e-04
3.189514740756103548e-04
3.348766412031137273e-04
3.068936027491319415e-04
3.307982757075677107e-04
2.893700678939134215e-04
2.861147767483159139e-04
2.884059520308533903e-04
2.981909641350728745e-04
2.870551386865212874e-04
2.623200370572895514e-04
2.432404904355532616e-04
2.016156446373631431e-04
1.586548508410610069e-04
1.295588094283745548e-04
1.211450712946551768e-04
1.113714714698497889e-04
9.473715884286890957e-05
7.862751794396384574e-05
7.826349783594238455e-05
7.305967651818923993e-05
6.809136000548811677e-05
5.897926869226809349e-05
3.885111914278763386e-05
2.725313916950450479e-05
1.865400838932851271e-05
1.602151734185028550e-05
1.993288185097317331e-05
2.459534717447472304e-05
2.691690846565468389e-05
2.131584991820208272e-05
3.266666353872633988e-05
4.150798730826140603e-05
4.173738259635144789e-05
5.780094786093548814e-05
6.690685636262375720e-05
6.502595691921096602e-05
4.403434504972000320e-05
3.111377138625486493e-05
1.681249506727886651e-05
9.030014275103353426e-06
4.973542476834943491e-06
2.808353398961625297e-06
4.353080669594280227e-08
-2.056310602257642234e-10
-2.221089746750158077e-07
-4.248096883717579054e-06
-1.009307007862203650e-05
-9.941956024730428266e-06
-1.194059175632707312e-05
-1.577635735856096531e-05
-1.103003417682025966e-05
-4.146259796444848012e-06
-8.374360850446640361e-06
-4.289992150844673232e-06
-1.179148094820792755e-06
9.027908316005699405e-08
1.175763644994890164e-05
2.277384300940459293e-05
3.373997347778030277e-05
2.711939491692049410e-05
2.107815488914113877e-05
1.685626261442082629e-05
1.178380277897861302e-05
