-6.922360911617861726e-04
-9.427287448355945454e-01
-6.288925015167379229e-01
-4.717778619544367724e-01
-3.773623040632911319e-01
-3.145842773221443345e-01
-2.696440354209187484e-01
-2.359292672673547753e-01
-2.100405540213706457e-01
-1.892708515467626529e-01
-1.721486420946734264e-01
-1.577862993750114851e-01
-1.579385794278888866e-01
-8.801928597085839634e-04
-9.108277433080599721e-04
-8.867796096664942382e-04
-8.386454642592473157e-04
-6.141307146425297814e-04
-4.764347864775498871e-04
-4.625310907606135636e-04
-2.406666854076102552e-04
-3.346558340059709469e-04
-8.556487636222462508e-04
-1.046563514798219165e-03
-8.615198049844525119e-04
-8.719977327050135304e-04
-7.496783012144063235e-04
-8.104729080918210470e-04
-9.848507047135468540e-04
-1.228675171185343714e-03
-1.348134378573864929e-03
-8.227091146760789897e-04
-1.180714839603444087e-03
-1.214002705304338637e-03
-3.791699630735067953e-04
-2.733493976552576143e-04
-2.372854723726079641e-04
-1.413791228385833211e-03
-1.467433993481656943e-03
-1.438984335288308975e-03
-1.390866189312931801e-03
-1.316179914501966995e-03
-1.346932763300896134e-03
-1.914881668650916758e-03
-1.605123578630686734e-03
-1.299129689864529430e-03
-1.444338915680824223e-03
-1.419303758932802251e-03
-1.280472427022949283e-03
8.856509720957929735e-05
2.452226099939954916e-04
2.664227763897312508e-04
1.390893936020653110e-04
3.981393601285567508e-06
3.284873773685516779e-05
7.187274615468962206e-05
-2.092577091875272722e-04
-1.877813276985085570e-04
-3.413381594253097630e-04
-5.971558169159011742e-04
-9.632719653421753644e-04
-1.376315198716199012e-03
-1.789579547660273594e-03
-2.237274032621681431e-03
-2.172073165134450010e-03
-2.219977735024396097e-03
-2.622847340887931797e-03
-3.162471206160707895e-03
-3.493243807572026655e-03
-3.635891035403663110e-03
-3.588996966074873424e-03
-3.403283667244048644e-03
-3.400732803405386116e-03
-2.824733072000890337e-03
-2.418045339785207092e-03
-2.025703321200816604e-03
-2.037089625697302304e-03
