4.881776130273507382e-07
2.647373804971358977e-08
1.448363555123709624e-08
6.121920270610747982e-11
3.254165602679493692e-11
6.021674492143836765e-11
2.628411621560973572e-09
1.047882946049601303e-09
3.478753992020760957e-08
2.907746730715650016e-10
2.468673426273018138e-11
4.141372361780820708e-10
1.144506992348654198e-11
9.630021056045103083e-07
9.752360359042640979e-09
4.753104336579493141e-09
6.852383121656109073e-07
5.731411803134560101e-06
1.367917767551934327e-07
1.989578910020918129e-09
1.975706403378330365e-08
2.671309415694275468e-10
1.381144441080019821e-10
1.265832095261519652e-09
2.668320584649359632e-08
1.619775026672512792e-07
1.795240535955056603e-07
6.582325544039240472e-06
3.614368682556378854e-07
7.318997754088980219e-07
1.195924506367997717e-06
4.378621946882348802e-06
1.839184109105496218e-06
2.869640786433326422e-05
3.505748827616294010e-04
8.105850544784423250e-04
1.545378262158465322e-03
5.160569268701283713e-03
6.566156429783816251e-04
5.428871436213608789e-05
7.885694083931562998e-06
9.240058581676290002e-06
2.467495759302753183e-05
3.049270070672386853e-06
2.107821348018148320e-07
3.671640778842359904e-07
1.859375135596266354e-07
2.999454810615312804e-07
1.238675216793153852e-08
2.049448671831267083e-11
3.755152426166001546e-16
3.107735523077071034e-39
-7.196346303059981489e-21
-1.244215491385736835e-31
-1.606457137048459632e-18
-6.012920432715010168e-16
-1.877281084558849310e-07
-2.710467933594858835e-10
-1.293766279840507585e-12
-1.025353427566101396e-10
-2.442246299529546697e-15
-2.618875359754871480e-12
-9.345370061396457970e-16
-2.654721065689188014e-14
-7.299256666780347772e-11
-5.090976207671618747e-12
-1.989318893922000391e-10
-1.291112601992196595e-11
-1.070273109430005004e-09
-1.946965430255655946e-09
-1.692159671002196122e-08
-5.073238684407000935e-07
-1.970385012692580792e-06
-5.922170120751829411e-08
-5.974274479178628749e-08
-1.218851050260203422e-06
-9.420507420409985201e-06
-3.563029266462653301e-06
-8.790031147177621249e-06
-7.396603162738517625e-08
-5.655947868881749192e-05
-3.433105686541573156e-07
-3.055521253558397443e-08
-3.510000024108632769e-14
-2.035007706052625103e-19
-8.535892084978771126e-28
-3.487895364613297307e-31
6.493449116730555556e-56
3.224421132383618064e-35
3.522672853286692742e-35
1.742180076733211188e-27
2.850685876660072738e-23
4.304551284718153541e-21
1.760194802699473079e-16
5.080182054595596006e-12
3.317682415813404740e-11
2.714255015814680147e-11
1.222640344038257797e-09
1.825594045630416831e-08
1.531213221419992918e-07
1.577507000138453801e-08
8.087241525984754748e-08
2.234382676420820341e-09
5.151398850006888484e-07
1.166629461355060641e-05
2.451794492325639003e-05
5.699710156226948238e-05
4.408690282373201800e-05
8.310183485052126352e-05
4.626873910189025700e-04
2.527789129993221386e-04
4.352634335193301040e-04
2.101782627999172911e-04
3.080357278389350782e-04
8.831987259798996463e-04
5.604562426339790727e-04
1.459048760055174513e-03
6.391005251345425976e-04
2.646487104343598100e-04
9.670935396469838158e-04
1.990463118166686275e-04
4.246027265720325175e-04
4.741492811131171490e-04
9.569255558367110396e-04
2.031183204217000722e-03
4.473491893215815127e-03
2.157694306991302536e-03
1.664495211732129653e-03
3.675795279823068293e-03
9.548450869510276273e-03
2.994568619515794103e-03
5.794637424492075223e-03
6.152190081481199481e-03
2.571014460207804962e-03
1.072755256640571531e-03
1.829513859158297517e-03
1.081795921067860849e-03
1.201600404941949914e-03
4.268859859415059582e-04
7.047176474913928543e-04
9.844626885324738418e-04
7.445439887905122133e-04
4.401095492428724258e-04
1.783469009383854896e-04
1.429516051099299846e-04
4.035417526890874807e-05
1.371301750217415218e-04
2.556368258331175513e-04
8.146434619810980296e-05
3.888693620960916562e-05
1.045157041684305640e-05
1.515599501643868636e-06
1.342595091395102148e-05
1.022675968138149686e-08
1.703083204395827843e-08
2.239241495438622515e-07
1.466678578373851469e-07
2.023523746491819834e-08
9.147994757125895358e-08
4.004472530557740315e-06
3.613216371011812826e-10
9.849417100414476214e-10
3.271256581501767629e-12
1.396501678602892041e-14
7.130846825900971305e-49
-3.669424192547913555e-27
-1.582491938988047313e-22
-2.082731929247922637e-11
-7.960221332794381205e-11
-1.448868741201519530e-07
-4.506843831153453209e-07
-1.400547105931849279e-07
-4.071784311937663008e-06
-6.950056185449090460e-06
-5.535307958006865662e-07
-1.529575772294791981e-08
-1.853561542551242550e-09
-1.205052259560462100e-09
-3.739460038662668981e-10
-1.703460773312645312e-11
-5.825620385428690228e-10
-5.060983916200073838e-10
-1.187177681810614023e-09
-3.505533445959611912e-07
-3.661445010071846828e-08
-4.084007932273955823e-09
-2.996104115844380457e-07
-2.408771044761324348e-06
-9.050667729272214102e-06
-2.336894869091197857e-06
-1.827148662553075632e-06
-2.391933266901770943e-09
-2.742860735202206001e-10
-1.545326310716080558e-08
-4.411951167395239571e-09
-1.143658345434291874e-08
-4.944090176886158418e-08
-1.545951893139779385e-12
-2.773707223648636667e-14
-1.575124655316616811e-10
-1.987498277276005116e-09
-1.427764776563691592e-10
-4.720260417644313075e-09
-2.072517542589284590e-08
-1.789959088635471324e-07
-1.555791209042784562e-07
-4.166239452294497884e-07
-6.706360528558026572e-10
-2.069427039253880611e-09
-2.927755778587940307e-25
5.788604481425219774e-17
6.570647206247406912e-14
7.052260329299188301e-12
3.775510476465597242e-13
5.608448516047937195e-08
7.956964686564115281e-09
6.757273023489384884e-08
9.021108384327872146e-09
3.734411857258579339e-08
3.023329418038694279e-06
2.011923515769753603e-07
4.911298018893319171e-07
2.129529842378041254e-08
7.817240380892861670e-10
4.419516691061038831e-13
9.114189649527558719e-10
4.951655071648858200e-10
2.907936635275675079e-07
4.155680335370677715e-08
5.929643384058104115e-07
1.778226160002947889e-06
1.317792082028716810e-05
8.538954290473438794e-07
7.420835098702080419e-07
1.626386724520114991e-06
1.943182969429507024e-05
1.737149018857555891e-05
4.263133658031345780e-05
2.697870942351610589e-03
