2.788079686019312702e-03
3.068426924639902804e-03
3.109351590045529579e-03
2.749505312745357567e-03
2.608364393275006046e-03
2.420714399371283899e-03
2.356141897722348680e-03
1.986257884110442361e-03
1.611057490852077674e-03
1.536550454893684595e-03
1.438157650127438016e-03
1.811775064869711226e-03
2.378397709936888333e-03
3.122317430023844112e-03
3.446537861079543991e-03
3.585585276560184984e-03
3.617533159845129354e-03
3.339868820213150180e-03
2.681854259076068767e-03
1.997586229675597964e-03
1.654827926864157681e-03
1.461479850228448313e-03
1.461323189779869386e-03
1.469298538658319513e-03
1.422027795664902857e-03
1.504614431487346976e-03
1.596383565912029524e-03
1.900707011198606890e-03
2.031360632226134576e-03
2.185531084496162343e-03
2.487104502419106283e-03
2.844449690707339610e-03
3.228850002188294807e-03
3.217725826454584295e-03
3.195537132273520292e-03
3.040843844956969948e-03
2.950482214222051921e-03
2.634096569427311126e-03
2.366712856657313211e-03
2.285585331596181637e-03
2.211779027723958634e-03
2.143494452388528242e-03
1.812186422978704714e-03
1.738988915879218942e-03
1.632854056549556910e-03
1.497196270316003422e-03
1.455741716126611983e-03
1.499839697241057849e-03
1.762764885935142736e-03
1.934985201221175316e-03
2.184436402318472911e-03
2.770280792979057383e-03
3.202578009686850909e-03
3.783462022684239926e-03
4.847214266187230107e-03
6.079821100627277354e-03
7.251438581000173127e-03
7.867365525892511258e-03
8.661141324674853648e-03
9.262545212058928210e-03
9.265565738772759893e-03
8.970981993613293473e-03
8.651367904838997216e-03
8.417577594891647100e-03
7.947466052787170721e-03
7.220901152791473106e-03
6.404403335876445065e-03
5.411124813306605885e-03
4.340123608478346252e-03
3.268619770439878947e-03
2.337350570458462777e-03
1.627126575847642363e-03
1.030340454026527778e-03
6.716652335972211028e-04
4.183066067084578493e-04
2.959327946657988747e-04
2.040045818409858263e-04
1.322091763692375408e-04
7.444661139420956375e-05
1.786968604667418632e-05
-2.357965014336136558e-07
-3.027912941319609130e-07
-6.157837384337667165e-07
-1.060565231869385211e-05
-1.039356612643667230e-04
-2.568826898070885093e-04
-4.100341922014713570e-04
-5.419148952741253446e-04
-7.967976601552964437e-04
-1.080753683402796211e-03
-1.330109647991264922e-03
-1.390568927491768513e-03
-1.329683289690373376e-03
-1.340884822389584036e-03
-1.129276330470446168e-03
-8.641001291619744345e-04
-5.216039556573546154e-04
-3.083407727721489979e-04
-2.167527030893494778e-04
-7.364246834463238761e-05
-2.980511245821310456e-05
2.367573195557226662e-05
1.094341838263886775e-04
2.283415919886254257e-04
3.306656770711842268e-04
3.772785760103134368e-04
3.971729614627190087e-04
3.881130978525154131e-04
3.372407002938991941e-04
2.376416656999042962e-04
1.597688443192577846e-04
1.173947314765965734e-04
9.906332451389470242e-05
8.386014853394668474e-05
4.916396546213657815e-05
