-1.337951004645365715e+09
-7.706868734608080387e+08
-5.175422824399609566e+08
-3.904424285508506894e+08
-3.143792439592846036e+08
-2.620129016764781475e+08
-4.850795229947753996e+07
-3.130249467593325377e+08
-3.239874964649736285e+08
-3.384683659490876794e+08
-3.392403059768630862e+08
-3.392101075999368429e+08
-3.297232228698936701e+08
-3.130243803101078793e+07
-1.846437159277021512e+07
-2.459690961810484529e+06
-2.265574720998605237e-03
-2.745118021928690585e-03
-2.535588100375837928e-03
-8.584810079338544425e-04
8.299719861077607544e-04
2.835745241610834397e-03
5.430632639708781080e-03
7.486036199292112926e-03
8.294742990811036429e-03
6.034336686264009549e-03
4.635363188289706726e-03
3.154196529294178968e-03
8.272782521745177886e-04
-9.659906103414057921e-04
-1.359087165911244954e-03
-1.949448864479213367e-03
-2.863651552353523640e-03
-4.520596356239763372e-03
-8.213419039234682792e-03
-9.051417242323873610e-03
-1.193716906038614495e-02
-1.304771077514095372e-02
-1.741001801842821314e-02
-1.721226718875788417e-02
-1.539366456756392255e-02
-2.132069603086426610e-02
-2.278912415510331302e-02
-2.039098861274373994e-02
-1.526767724212966561e-02
-1.433664123459561963e-02
-1.459868520346553795e-02
-7.403155496365947282e-03
-3.758870600940425119e-03
-1.734618714234452408e-02
-2.974701769172643021e-02
-3.008200151483148357e-02
-2.774285144525979671e-02
-2.701068585847961334e-02
-2.654739121939665367e-02
-1.460078354072805347e-02
-3.337019618612215802e-03
-4.537736464605791019e-03
-4.609925183007423412e-03
-5.618931689949299702e-03
-5.482355861915901019e-03
-4.275706478838046248e-03
-3.789574920997797972e-03
-2.788638620278573264e-03
-2.917418590011289573e-03
-3.904959729902610088e-03
-6.130304460520518035e-03
-1.332519266949462426e-02
-1.250629883574844343e-02
-1.287337691285838324e-02
-1.453802500280447323e-02
-1.536867785370032817e-02
-1.518779788638190999e-02
-1.077432754753338516e-02
-1.149652225124209864e-02
-1.221020639121436248e-02
-1.301274014981841816e-02
-1.482425173880378387e-02
-1.826256173108477612e-02
-2.106446840335092843e-02
-2.973568832679846993e-02
-5.745409931852609592e-02
-5.700170762544120445e-02
-5.539886523624008158e-02
-5.197934334546917140e-02
-8.160260651968510859e-02
-1.481559701030943366e-01
-1.211005368436628010e-01
-1.258045217119977133e-01
-1.327188680239858032e-01
-1.399000924256517953e-01
-1.153791416640619766e-01
-4.515056548008508641e-02
-4.897952806553012434e-02
-5.098870153515447368e-02
-4.095741660280068780e-02
-3.091799056896945078e-02
-1.922282838969355256e-02
-1.328296212942067268e-02
-7.923148735658374145e-03
1.061079087415311680e-03
1.104028950360312969e-04
-1.059478161457010938e-03
-1.462207090926841450e-03
-1.961511694017738228e-03
-4.857164895771060378e-04
-7.089972339129759589e-04
-1.332183210780618242e-03
-7.869696811527365299e-04
-6.533087098833590322e-04
-4.010146938216756912e-03
-3.932543626128241418e-03
-3.133327807261634262e-03
-1.401227260177715208e-03
-1.321330905069820259e-04
-4.072354882018295891e-04
3.815860348237047617e-03
3.957357858345126635e-03
4.395227146440549605e-03
4.176238758468352012e-03
3.603007191677814330e-03
5.860063585641135837e-03
7.499495420532450995e-03
1.277866082679051697e-02
1.360266172880658132e-02
1.292331638366582547e-02
1.228397305041304018e-02
1.069829723536948329e-02
9.265492293911206309e-03
4.058672018734626845e-03
2.836418204478767524e-03
3.473908070888098720e-03
4.095139638931618795e-03
4.497999850551753082e-03
4.576623241328734923e-03
5.389122350174864462e-03
2.079101168969415148e-03
2.548967198893205797e-03
3.177545577293652921e-03
1.577629066946980825e-03
-5.094232843330806851e-04
-2.786094562128309856e-03
-1.250812697852667597e-03
-4.736202651497422103e-03
-1.246173894229713093e-02
-1.552235520288259424e-02
-1.770944796084671438e-02
-2.069514793417890838e-02
-2.192954285300137418e-02
-2.327679249711027756e-02
-2.000249024133275710e-02
-1.974535587272904444e-02
-1.998361001314187188e-02
-2.032557602061436583e-02
-2.459081976617414136e-02
-2.389395789086188118e-02
-2.558817622199361860e-02
-2.758159247232735978e-02
-3.145544933061351217e-02
-3.132377071888892833e-02
-3.119228011628756222e-02
-3.184247656746748423e-02
-2.955191138533240849e-02
-2.746641141015859766e-02
-2.190671518533262099e-02
-2.144360952378394913e-02
-1.708180358691961664e-02
-1.490353140098026746e-02
-1.023678122187818458e-02
-7.361008091117170714e-03
-5.959405221950687948e-03
-2.321418341399698881e-03
5.430733058178722561e-04
1.850423095403989958e-03
-3.885640297717626803e-04
-1.287301345662823261e-03
-5.664630796120361618e-04
-8.716536205115802533e-05
-6.073011377963690198e-04
-5.900489603378354306e-04
-1.940555127217520647e-03
-2.940014454229167642e-04
-5.800366164971024197e-04
-1.754365580094518345e-03
-2.232650720976504712e-03
-8.087841690688365136e-04
-2.853466344336445023e-03
-9.223192494625132368e-03
-1.670558608032115741e-02
-2.440508330273453985e-02
-3.481477594320701863e-02
-3.599664231844645207e-02
-3.255088700484611020e-02
-2.614493370096580838e-02
-1.823611873660774610e-02
-1.328618225542017861e-02
-2.541853865466246146e-03
-2.535841135773900853e-03
-2.422839703605756539e-03
-2.775159039681885514e-03
-1.876975266077045941e-03
1.242083646278958897e-03
6.883496261781996703e-04
4.862410905898168390e-04
-2.829002732417631308e-05
5.838817600120767802e-04
-2.419141853954102884e-04
8.000175110030412944e-04
2.205824357475146599e-03
2.589612282342456089e-03
5.706212376031697536e-03
5.579698939397693437e-03
5.303642699978388525e-03
4.488219912146055625e-03
3.752213331138722682e-03
3.563274155567348455e-03
8.476502805634169311e-04
7.507164863907860594e-04
7.829683667927594569e-04
1.074815530024554643e-03
7.615702354995867790e-04
4.654879528124004277e-04
2.594842508247526621e-04
-1.053317046875054936e-05
7.907283401421306979e-04
-4.512771695051889472e-04
-1.481599247471786229e-03
-2.851473993340057980e-03
-4.771514635423578475e-03
-6.477325430466060290e-03
-8.623148063742104227e-03
-1.028773426272704648e-02
-1.163689072302754625e-02
-1.323943403370173022e-02
-1.357902737830079913e-02
-1.445214620682270211e-02
-1.692666677074369450e-02
-3.613738739159932239e-02
-3.391834050635133407e-02
