-4.127560548402568644e-04
-2.270715305254169679e-04
8.845532852693170113e-04
8.463771722439183921e-04
8.517469744792796182e-04
8.325903606452644346e-04
1.208287852603108286e-03
1.426729111728187961e-03
1.021608625026890075e-03
1.008362100878849605e-03
9.305896214096857563e-04
8.823748159743611099e-04
7.390770660135617892e-04
7.641977722623484589e-04
9.361949008383252694e-04
1.047340000199817279e-03
1.183007710084525710e-03
1.359012932168765725e-03
1.499338612763568201e-03
1.491227024664558724e-03
1.445218318328275265e-03
1.373539612104559106e-03
1.350260943879063496e-03
1.358750423710611450e-03
1.771710388230002958e-03
1.848852752223940910e-03
2.057543812403878330e-03
2.645217081465974646e-03
3.301765395193782555e-03
3.804184863933350157e-03
3.657038314601488566e-03
3.834198133944464928e-03
4.544209298194433998e-03
4.599108268139667777e-03
4.805458372372547159e-03
4.702873713922100032e-03
4.725324856241706374e-03
5.036997564979778762e-03
4.731687049407640351e-03
5.358269509234197918e-03
6.104233047466022140e-03
7.421287987588162660e-03
8.257428732661322920e-03
8.978218233513867580e-03
9.754593774826529964e-03
9.685026895235765085e-03
9.210846520911046900e-03
9.014360363944423984e-03
9.810397292677949799e-03
9.649364419937951284e-03
9.653491708345649652e-03
9.133645342622249280e-03
8.335134133352848848e-03
7.008444641151283065e-03
5.060213092832772756e-03
3.739489584234786338e-03
2.325912410600337876e-03
1.765202690733642813e-03
1.568836197159274902e-03
1.337760573257133724e-03
1.171376704402505306e-03
1.094489897462469063e-03
7.679874495384160721e-04
3.530575865919497011e-04
-2.722177482959818183e-04
-5.747416424746715864e-04
-8.234337308510108295e-04
-1.149948554315471374e-03
-1.285285553820012363e-03
-1.439953621593939191e-03
-1.412055605532560243e-03
-1.634865162271646093e-03
-3.332548209064089672e-03
-3.335167876241716765e-03
-3.390428221219369664e-03
-3.609609772984064945e-03
-3.696339264361325674e-03
-3.533051390664757648e-03
-1.789822335986598727e-03
-1.488952894204022227e-03
-1.276484167766861856e-03
-9.413329913619703990e-04
-6.354846015138020544e-04
-4.380546862319157513e-04
-4.621977184476390205e-04
-4.468206033517531698e-04
-4.532538007545822492e-04
-1.932621410296493918e-04
-2.916951132989606724e-04
-4.803611725221945054e-04
-4.319367408825492728e-04
-4.804014869623628322e-04
-4.682455339510959574e-04
-6.391981284409904837e-04
-9.099112521720274099e-04
-1.411240287221301884e-03
-1.870038738031852077e-03
-2.141808940746278873e-03
-2.308716291036595585e-03
-2.363338661358759408e-03
-2.043299363980669112e-03
-1.585271040941987940e-03
-1.376408126761005093e-03
-1.313043369211535976e-03
-1.637002104013109355e-03
-1.691109727373748574e-03
-1.740225561568756315e-03
-1.821780454787211853e-03
-1.676745748010143727e-03
-1.347656112750300226e-03
-8.006568916785368473e-04
-5.952575918030563991e-04
-4.935829736472340228e-04
-2.457190218674148714e-04
-6.894344098804423848e-05
-6.143101703793019130e-05
-4.164812943757503647e-05
-5.051674950619268744e-05
4.291245866085523214e-05
1.970016242326647245e-04
2.275868251264086858e-04
2.614049882150220401e-04
3.270566196650933743e-04
4.576141611592657418e-04
5.009954155324811012e-04
4.283133975439387849e-04
5.367209709676753733e-04
6.122413543440442547e-04
7.107692097167617358e-04
9.992396040830111171e-04
1.202379033886088544e-03
1.678523553634363738e-03
2.249145947223243989e-03
2.658591180161411910e-03
2.879535747090983602e-03
2.916145366554298828e-03
3.107932212244438053e-03
3.044167953467965138e-03
2.817544851909896311e-03
2.656110441393147881e-03
2.535428503736810238e-03
2.409725669211966806e-03
2.466953501640942355e-03
2.362355222117515363e-03
2.242944543821353155e-03
2.139989504069081741e-03
2.395617392384578447e-03
2.492116771856451966e-03
2.306598543029687171e-03
2.051924704522717618e-03
1.865315491921401602e-03
1.709883714632754381e-03
1.346814498265563138e-03
9.358715634501723821e-04
6.467250362678637248e-04
8.744136961721942110e-04
1.089210353367660832e-03
1.232690310265182514e-03
1.333837846655697634e-03
1.491903385653545059e-03
1.483955483376733732e-03
1.092509013178505567e-03
7.585827062993625788e-04
6.313752376854537759e-04
4.373297083246467935e-04
3.932260974137019344e-04
7.443557483862410376e-04
