2.791160961616679943e-03
2.682645485458801191e-03
2.986345844956007998e-03
3.606505701839986602e-03
3.974727846231798124e-03
4.270017978289077434e-03
4.462099184234962108e-03
4.846538283303500512e-03
4.793507779349785898e-03
4.134761683359740141e-03
3.303838853742829384e-03
2.427698824930127949e-03
1.818021634166714327e-03
1.123993794089680294e-03
7.111911519958176399e-04
6.173299177566508519e-04
6.442753686595164685e-04
8.555071264781513368e-04
1.006328972888035017e-03
1.017139156339350340e-03
1.096694142218232471e-03
1.142035956910525439e-03
1.145726722929658317e-03
1.010564752058376982e-03
9.321543130357827674e-04
9.692982062844768612e-04
9.140943325026521004e-04
8.692631416558311641e-04
9.338115580380169402e-04
9.586128727173520150e-04
9.776008380055290284e-04
9.267902058597707804e-04
9.920923156550951350e-04
1.033612570779394611e-03
1.242047114097281565e-03
1.336785059026567328e-03
1.599684136096365603e-03
2.126078844790680548e-03
2.365791841354201053e-03
2.921854706735599067e-03
3.217589466213297000e-03
3.311028253243690055e-03
3.312362262713211981e-03
3.170077945366791671e-03
3.091532435136982570e-03
2.835314238410518994e-03
3.033361670883776093e-03
3.622456627557970894e-03
4.126946201388418355e-03
4.653633025101326301e-03
5.276383752660702801e-03
5.163718080104594266e-03
4.614997809944398031e-03
3.988290725504318318e-03
3.255298340666462273e-03
2.229307536194195197e-03
1.407382838422050310e-03
1.437905151805759759e-03
1.399518788894124925e-03
1.281878645575289591e-03
1.294744148275260793e-03
1.485319502294980267e-03
1.524319727839180960e-03
1.232415413378661973e-03
1.045210851813352685e-03
9.986806646859697299e-04
9.930753207807612760e-04
1.021510867954940338e-03
1.071893771620504232e-03
1.122095501625088943e-03
1.134772060176304515e-03
1.078181208440893773e-03
1.053227146971231955e-03
9.855153173404795908e-04
8.134985004455238438e-04
7.135841944053404216e-04
7.256381584004358010e-04
7.155186959757696939e-04
6.704222121061738241e-04
5.495752038316102910e-04
4.594658798577207453e-04
3.193880001348123397e-04
1.490419921833552081e-04
6.143398718381515463e-05
6.254386285468805024e-05
5.622229680067120989e-05
1.896972814019175116e-05
6.910347074726063614e-05
1.001900727527937673e-04
4.068948326637590124e-05
-2.126207706705404395e-04
-4.688776334216484426e-04
-6.678650291512261547e-04
-9.060103323295874136e-04
-1.071460609025190946e-03
-1.432615809204095371e-03
-1.602809248009760259e-03
-1.580313180425312785e-03
-1.662362100084917478e-03
-1.654660410170217741e-03
-1.724447903602323003e-03
-1.604682930698886735e-03
-1.509864879678249382e-03
-1.567007342401181011e-03
-1.656211541982020559e-03
-1.708502295293662550e-03
-1.949494181902974204e-03
-2.064571187893690912e-03
-2.231518586011289450e-03
-2.248166936236300085e-03
-2.034875512955906275e-03
-1.870683530703066933e-03
-1.594855831189384522e-03
-1.337784983789744178e-03
-1.041894637549490871e-03
-8.039504997494362768e-04
-8.124988910604245959e-04
-7.775597369833656515e-04
-5.258877354970191388e-04
-3.870817758551275967e-04
-2.174616316135044288e-04
