-6.212136247045417188e+13
-9.369320318205612500e+13
-8.051201569950756250e+13
-3.945099816523218750e+13
-2.719938424894523047e+13
-1.574147486776206641e+13
-2.541248407278458984e+13
-1.391195710671890156e+14
-1.949042031132209062e+14
-1.547300993395114688e+14
-1.916547122393561875e+14
-2.641685419307950625e+14
-5.945552952348567188e+13
-2.186006877498563438e+14
-6.099633327475028125e+13
-3.001956444341671875e+14
-7.265307308124878750e+14
-7.878956458003525000e+14
-6.665037791396713750e+14
-6.092353805792793750e+14
-5.332848470071211875e+14
-9.904078175460042500e+14
-1.349897252551392750e+15
-1.359056557497681000e+15
-1.742063268027954250e+15
-1.973515304858138250e+15
-3.124936248794478000e+15
-3.401822874690067500e+15
-4.382212548447215000e+15
-4.321645960837647500e+15
-3.537355011305360000e+15
-5.031181050933245000e+15
-6.759245648247711000e+15
-7.865911230124907000e+15
-7.524216374212696000e+15
-9.099420937214672000e+15
-1.300932703978192800e+16
-1.768944770415817600e+16
-2.028352114109400400e+16
-2.117330619079838800e+16
-2.284954113311320400e+16
-2.475403920342072400e+16
-2.805580998506473600e+16
-3.824241118444642400e+16
-4.853539991576076000e+16
-5.754629497116116800e+16
-7.195920457334566400e+16
-9.829070893445980800e+16
-1.237671100017052960e+17
-6.006405881501200583e-02
-6.494759512209381802e-02
-1.178517120482872830e-04
-6.871066713140790150e-02
-1.201416835708282171e-01
-1.292982862781575648e-01
-8.879509778291411193e-02
-7.796541083774856384e-02
-9.267471993812366471e-02
-1.370753176749258395e-01
-1.573819402445706395e-01
-1.393086329420900604e-01
-1.670641875301959178e-01
-2.016847162976685148e-01
-2.144777295613734536e-01
-2.598094315146071698e-01
-2.745108256607243225e-01
-2.962948625050774165e-01
-3.217086300947106237e-01
-4.086829942232888535e-01
-1.326917182537900794e-02
-3.028670049829435690e-02
-5.439095016418274420e-02
-5.280060814537203967e-02
-7.007522176956261506e-02
-1.045031269262942097e-01
-1.297516739519448958e-01
-1.521843193583077847e-01
-2.135723497068566790e-01
-1.917525978719817337e-01
-5.600182928593424592e-01
-3.103895192985830359e-02
-4.936859031878002013e-02
-4.257563844655842811e-02
-5.893234222713982645e-02
-4.408385348599216935e-02
-6.054760657401375007e-02
-9.058382235060498389e-02
9.634802328866301849e-03
-5.418188322679463008e-03
-7.649688581024916521e-03
-2.343693565113471201e-03
-1.072699416767474573e-02
-1.447729121502793447e-02
-4.376850756619125177e-02
-2.087892786173202800e-02
-4.058761428683483469e-02
-5.344782786245076689e-02
-8.069128299270182658e-02
-1.315928074757431454e-01
-1.870631561764395656e-01
-3.334874248133734009e-01
-6.133150468023520485e-01
9.729590719579114810e-03
2.401198600387493068e-02
3.698929895765354359e-02
-9.825715942072723707e-04
2.541563489676223336e-03
-2.691622181945806363e-03
-1.433034525788627828e-03
2.600806987486541967e-03
2.280695072515245489e-02
-6.714470755021596619e-03
-2.658416650905066642e-03
-6.563460268748366570e-03
-1.705645988630506704e-02
3.441424755351958718e-03
4.908313914477418355e-03
7.593166202580367563e-03
9.470228295735518345e-03
7.644575711022419569e-03
9.741845258311338310e-03
2.057736006454135083e-02
6.916260504174724134e-03
4.072176495571576231e-03
1.251665497108682065e-02
1.965635832659513166e-02
7.850777257822350030e-03
1.352317814169285218e-02
1.716514337119620648e-02
2.710632336673704512e-02
2.084828434240207015e-02
1.895634323390910786e-02
1.290181007724212035e-02
1.433447047599364400e-02
-2.741269027831937013e-03
2.525174988324094955e-02
3.520976416869022602e-02
6.289382906329722689e-02
-7.745446960554761180e-03
-9.532050871803534123e-03
-1.344291233032887493e-02
9.365688893906484042e-03
7.509041326353394982e-03
-2.351072654006882670e-04
-6.754687149627702260e-03
-1.330243274335735429e-02
-1.551272481187983450e-02
-1.704847173695527365e-02
3.802294242235593896e-03
1.159597899883600257e-04
7.466147117875081025e-05
1.478983395665288631e-03
1.920110047369997294e-03
1.453899155517284251e-04
9.258946052940373542e-04
1.539834475552098042e-03
1.194688198284652109e-03
1.332047989627842830e-03
-1.021978631384634238e-03
2.546516031878936527e-03
8.490980835369603755e-03
1.339578271120418773e-02
2.123356632653980794e-02
9.264824114440223636e-04
5.527139675376912739e-03
-1.521292622938942227e-03
-5.710367360402965548e-04
-3.220516463285581863e-03
3.780903325161281102e-03
2.735767731409306878e-03
1.117086009417427028e-02
1.175698135471655442e-02
1.564832958276012390e-02
2.085684812676615388e-02
2.367200218064924658e-02
3.307747113587142934e-02
1.866293980831236141e-02
6.551089997616221794e-03
2.325061253426513250e-02
3.098494129121600119e-02
1.060168258294313069e-02
1.170586539582304554e-02
1.201152844384939175e-02
2.097296585282078588e-02
-1.720597155019642447e-03
-3.096001312715604848e-03
-4.180413214349732419e-03
-3.462279477733495956e-03
-1.394467627173619825e-03
-1.129380163665365906e-03
-1.373940495738886717e-03
2.187873304742702328e-03
8.649275428241958927e-03
7.540497867540002681e-03
1.184630273459216267e-02
-1.832468290196305862e-03
2.454827586101664735e-03
3.232296636970973750e-03
1.607118412288864552e-03
-1.147687136260737168e-03
-3.546848863337984017e-03
-4.186575042350847327e-03
-2.382040187786979308e-03
-3.267885785409255749e-03
-5.181889161453861851e-03
-2.699850615801969913e-03
-6.347859857602959968e-03
-6.482925963202231141e-03
-9.572458851777931876e-03
-6.646968366410351339e-03
-7.488180384079150959e-03
-6.865473488726618612e-03
-1.473680894779278057e-02
-1.002600671973196376e-02
-1.147334700391633433e-02
-1.222925182983878971e-02
2.053295848599724464e-03
1.378237760840001066e-03
1.197829885674438384e-03
2.233905608593605204e-03
1.090284898327499585e-03
-4.813511096686980822e-03
-2.526044347559276357e-03
-5.593074474591718317e-03
-4.945495946919210850e-03
-4.989778942037805670e-03
-4.804327917579361180e-03
-4.407423290869248028e-02
2.916159413585230390e-04
-7.582775814799652160e-03
-6.280964430638026966e-03
-4.432797498400623329e-03
-5.833909040191012814e-03
-7.794419208330143414e-03
-2.345405483479175851e-02
-3.203516225295280351e-02
-2.745666608611541104e-02
-3.175310858728529195e-02
-1.806930982329205820e-03
