-6.900510490654647466e-12
-6.005627029344244966e-14
-7.011963257072116104e-14
-2.119300402197874520e-12
-2.626244312109242765e-03
-2.468759344598376041e-09
-8.419875331473788177e-11
-3.506735275826843115e-12
-2.551696747770808280e-14
-4.724999038615097328e-15
-8.588939757378948713e-19
-2.054453820752889414e-21
-6.040105659770000760e-25
-4.390388482313738003e-33
-5.364653439923264535e-58
-9.885139585030854797e-42
-1.285897169024656488e-40
-2.437878883890186682e-49
-8.564486450187149935e-60
-2.429001795390338172e-83
6.186846920122662041e-48
7.374128014486569825e-64
3.689329203033263783e-60
-3.912330742240102770e-80
-8.205333927756715160e-79
-1.001587001721500627e-42
-7.101385101002822458e-91
-6.670268447862265547e-74
1.913445718298205396e-35
6.267177594613443701e-54
2.834148003978147073e-89
-4.252334527807363715e-53
-2.140886810645462364e-10
-4.300038359743574142e-34
-5.528382839126767028e-75
8.527265881477132849e-68
2.240973867987843958e-47
4.895270425526996888e-40
4.695169700962222788e-46
2.590871762282394196e-33
6.477908157381091792e-33
8.060012472563551358e-51
4.307482700606094261e-34
3.565153889399040403e-52
1.548265557578378404e-37
3.332409311701396199e-29
1.104430363004918940e-33
1.144815626569466006e-23
2.632550792095988843e-20
1.829941298306435058e-12
2.792101379724670403e-18
1.050560291970671142e-22
5.172431646159806434e-25
1.541704830507744038e-31
1.119744878244911952e-46
5.993604119928008307e-106
2.435047633256207529e-49
1.738680407205905915e-29
4.534074500767796726e-29
9.971667290660795548e-47
-1.086318460661685400e-44
-1.591578279059713587e-28
-3.460602963487571434e-27
-4.092125315985335541e-23
-5.865436954677752471e-25
-2.550859227688884729e-31
-7.760802674557339321e-31
-4.625356325859244870e-25
-2.983488993540704018e-24
-6.982405448772145936e-26
-3.679247576617781569e-23
-2.301590779968406949e-26
