1.474822344409150053e-03
1.473924046347591501e-03
1.299813692707442112e-03
1.139376890075759945e-03
1.144857152807380674e-03
9.705393010492006228e-04
7.115901998186343041e-04
1.151385237786676195e-03
9.302682288226069582e-04
3.628161107381488656e-04
7.842022252434332368e-05
9.159078073827300469e-05
2.722439850563232152e-04
7.950686190096775121e-04
8.859279744831705930e-04
1.621073631572903569e-03
1.457912582945806437e-03
2.112239974136492088e-03
1.621445166948562618e-03
1.025498232627248532e-03
8.629212200185819130e-04
-3.337284799075788326e-04
8.086010988961202890e-04
1.173644025328572735e-03
1.318724381480163065e-03
1.319469026569897304e-03
1.179983493068429085e-03
1.534018371748185243e-03
1.521648508620571886e-03
1.194376176462779533e-03
1.219180025514023016e-03
1.333259244469518030e-03
1.047223145069334270e-03
9.626594702637769618e-04
1.262705844839520425e-03
1.163357107489598231e-03
1.329577089873545427e-03
1.863002524980794401e-03
1.203608054058913704e-03
1.339575482401508897e-03
9.722328093455142846e-04
1.020463254884572098e-03
4.464510381324304257e-04
5.157384681584136887e-04
7.098500421251996385e-04
6.673117432085547791e-04
1.154188583275381989e-03
9.439309980961258732e-04
8.661866564440801010e-04
5.902203123268109225e-04
9.436917020890099508e-04
1.543608261558293386e-03
1.228394067958939097e-03
1.488304904277052299e-03
2.082844023806935951e-03
2.849669414526362007e-03
2.052401138190449240e-03
2.548926410360064475e-03
3.082570480282913021e-03
2.683646208762904134e-03
2.475305508890213082e-03
2.322389959959360057e-03
2.977312245391480327e-03
1.330424040085347991e-03
8.834323785431333299e-04
9.162701414209437024e-04
8.329795640189946709e-04
1.242193623097497803e-03
9.707738829983963763e-04
1.068248122717970709e-03
5.923688561694863451e-04
5.674541592308198325e-04
6.763862207408543725e-04
3.545347533144601725e-04
4.374605536290282308e-04
8.299464701984071453e-04
9.499518687881721400e-04
1.727148928896156139e-03
2.254514177515073818e-03
2.590517599168208618e-03
2.199934679817972059e-03
1.973123669868215389e-03
1.834216691858116428e-03
1.735952806799884521e-03
1.892165387536818948e-03
3.065421073063490185e-03
2.576038176478039326e-03
2.045875572084382855e-03
2.339925615933572886e-03
1.661933693741076508e-03
1.967310504056108376e-03
2.670343707159889609e-03
2.541327031858890435e-03
1.921241383877124497e-03
2.022318223535432297e-03
2.331974694775733152e-03
2.333236458311125847e-03
2.828241854555423387e-03
3.672944596800804991e-03
4.379273110749185363e-03
2.668840018171641289e-03
2.005969820710475082e-03
1.419409792793804512e-03
1.816950930916549911e-03
1.352834906241731205e-03
1.442302047689391188e-03
1.905387543040846154e-03
1.467301827134116689e-03
1.189327566968847744e-03
1.739333514758081671e-03
2.565151867581660916e-03
3.033271604246234356e-03
1.981913063292039655e-03
8.043229659395720365e-04
1.065455132242518459e-03
1.186588303272191136e-03
9.843426741526083330e-04
9.902208558228353316e-04
9.498522623548037334e-04
5.725131168873403816e-04
3.165074553302766268e-04
4.024781037765416724e-04
1.125518157660008794e-03
5.120284633904463329e-04
5.845752633644542067e-04
5.704479011516046943e-04
8.168933085650778537e-04
5.779669468717558772e-04
3.719580245280398423e-04
8.515697809995515346e-04
4.868288279685248181e-04
2.697674902060998546e-04
4.775880084149357763e-04
6.831845791916382098e-04
1.029481117508425575e-03
1.572599711353658532e-03
1.772157431214037900e-03
1.265273836854237735e-03
1.061145005040201213e-03
1.217272887267995332e-03
1.269286044705036660e-03
1.334726837434412235e-03
1.453452790087435623e-03
1.298161223747365837e-03
1.132234626809558008e-03
7.057795909258814896e-04
1.458090593753902158e-03
1.118534243445180919e-03
7.776520418495020412e-04
1.642891695744966957e-04
3.611509147447156126e-05
-1.018106361676473994e-04
3.369617968475455366e-05
-3.406761196889302509e-04
1.771064604241348074e-04
-1.632579650112578391e-05
-9.557884218102864922e-05
-5.771825450886416270e-04
-5.883700863107628508e-04
-1.004180192882849366e-03
-1.349210077243937801e-03
-1.170647917298666199e-03
-9.212423217647453411e-04
-7.709017794710914563e-04
-1.119392145341265368e-03
-1.301658935799836735e-03
-1.308913151943682553e-03
-1.564112272887592178e-03
-1.359684963750158564e-03
-9.325843489650504064e-04
-8.450701505276121423e-04
-6.492999090430723623e-04
-8.494168779858437233e-04
-3.314212915138099822e-04
-3.421112542215812638e-04
-1.848446156910278182e-04
4.555292861895948991e-04
1.612431417506336251e-04
-4.796257675639730976e-06
-5.065244099270824765e-05
-1.687099591068418124e-04
-9.838713940062373989e-05
-3.606624116379433332e-04
-9.753072090061292354e-05
-1.017120310424888017e-04
-1.011830366468548589e-04
