8.164192336626186364e-04
5.498741655388863104e-04
5.843838212182555667e-04
7.249200862462988311e-04
9.736070966519440751e-04
1.294926880823077950e-03
1.584768874825685922e-03
1.993856239306451839e-03
2.305135838744984747e-03
2.548866163186356247e-03
2.572451774678010013e-03
2.384813427075196338e-03
2.317339830693670392e-03
2.247155517670381200e-03
2.099060927475865021e-03
1.967363572003765285e-03
1.829422146187794328e-03
1.572448922184661478e-03
1.214679074661703878e-03
6.627205934363229745e-04
7.974906815618914614e-05
-4.856420243491279078e-04
-8.421727728451644654e-04
-9.694846993210134815e-04
-1.095935720262916071e-03
-1.213503954678525360e-03
-1.309433685144408043e-03
-1.476440274196233081e-03
-1.743370084819178103e-03
-1.841780763809589471e-03
-1.859513083222717918e-03
-1.776737637629058515e-03
-1.627504750161496176e-03
-1.491426839653981450e-03
-1.404765705925604740e-03
-1.430564043212121002e-03
-1.347887290741831305e-03
-1.274817126965984088e-03
-1.147124419195538975e-03
-1.007959094833535884e-03
-8.175734916814328054e-04
-7.921727851736881697e-04
-8.378525284952147547e-04
-8.170086910969762313e-04
-7.505786900312744247e-04
-6.745736526099027847e-04
-5.891912230677652995e-04
-3.525544218217633772e-04
-2.349389288974643110e-04
-6.980631870420933355e-05
6.192298844135804060e-05
2.197141708696140892e-04
3.581286202646912094e-04
5.410182990584633126e-04
8.776718493692692606e-04
1.156544800589354161e-03
1.537363185879146851e-03
1.749536419428910109e-03
1.918509257979366051e-03
2.033674487323078230e-03
2.180763723600706756e-03
2.329583901418403550e-03
2.478657266404725532e-03
2.646175762571676988e-03
2.742045788856504237e-03
2.809881752554668072e-03
2.808474503085713319e-03
2.731765998131616569e-03
2.508676261601163523e-03
2.360135572390462035e-03
2.268318665553423642e-03
2.131870237156812103e-03
2.039754841334013701e-03
1.948498912618651553e-03
1.902836406835113972e-03
1.800376198297864256e-03
1.697296913283877174e-03
1.643801543893295925e-03
1.543322902913845220e-03
1.419991542282139987e-03
1.262991600586762164e-03
1.213920636212560342e-03
1.136736177284701195e-03
1.108999534365490928e-03
1.004734554744284329e-03
8.759326979997994001e-04
7.097052817510930874e-04
5.549195310518897093e-04
4.604478078843775649e-04
3.015308911980054698e-04
1.721966815745686779e-04
6.553576994509266961e-05
3.079151372461710342e-05
2.954259617524715919e-06
-5.470833864334033767e-05
-1.349777289538115572e-04
-1.162413723380708170e-04
-7.301754155487003570e-05
-5.602361168190721506e-05
-4.603789249175865871e-05
-3.174961724470615649e-05
4.269800743335963780e-06
-4.531890016643763638e-06
5.187851684174296071e-05
6.796100776084648546e-05
6.182932928821268466e-05
8.669619477193875551e-05
1.394399509756476935e-04
1.200851241422707223e-04
8.790640429427554290e-05
8.436569841680761916e-05
8.718748497504095172e-05
1.100354368351936954e-04
1.509617956297940565e-04
2.342518746886277248e-04
2.735705043388917735e-04
2.653297762570537197e-04
2.648727245198624343e-04
2.720297681263904766e-04
2.748627226161822357e-04
3.631160405038308912e-04
4.306091715582276223e-04
5.215962477204054253e-04
5.868631630934201390e-04
6.328958061120389545e-04
6.983070419461463252e-04
7.486378912839611538e-04
8.710868675204645100e-04
9.634660683947949894e-04
1.002984310890859447e-03
1.048459917871055053e-03
1.090036077437280286e-03
1.014785008374893046e-03
9.573793314545923526e-04
9.110669374267640159e-04
9.352852758879849843e-04
9.664576715876236138e-04
9.410542291749367108e-04
8.781978783543560943e-04
7.448426062679618402e-04
