1.051824696600026608e-02
7.821578254969270561e-03
6.682645183486208944e-03
4.614073021303285310e-03
3.683823574178633591e-03
3.223565335479971778e-03
1.541423142136857721e-03
7.108145447743334337e-04
-2.340445291457251588e-04
2.592613464112914130e-04
-3.923739764153391586e-04
-7.894933802927517688e-04
-1.558862822904388129e-03
-1.720056970431820811e-03
-2.332385271674405382e-03
-2.259167407062051460e-03
-1.372950298540311781e-03
-1.061055919398577003e-03
-2.443362685176185133e-04
1.580229916802191020e-04
1.339297853822645108e-03
1.174653209089674072e-03
1.133981274888307264e-03
1.258800622165088786e-03
1.324588286098936666e-03
1.268175448883701551e-03
9.615218028023172570e-04
6.639081407903759400e-04
3.109595228125848119e-04
-1.944343482497620920e-04
-1.917195013235407301e-04
-3.736488993703428185e-04
2.221818543617784059e-04
8.719512757073195376e-04
1.598863703715796636e-03
2.279284990529201974e-03
2.698783646829839428e-03
3.224835838952593708e-03
2.895393235617327744e-03
3.012097913669679449e-03
2.296404493240829844e-03
1.554670199781743199e-03
-4.864046543986290491e-04
4.586674053060550531e-04
8.378147907459060221e-04
7.115652160201905811e-05
3.314463876612871833e-04
2.866137208075141690e-04
2.512578429175084480e-03
2.125920141360607574e-03
1.673856965622632460e-03
2.007352553975588500e-03
2.037898332262645575e-03
3.171618237792976028e-03
2.572434718047826238e-03
1.507673134350660978e-03
9.807540811476824546e-04
1.264778025094249634e-03
1.269819741253569532e-03
7.982730267036727530e-04
6.671458993937391278e-04
8.801885232900659656e-04
1.315839157341880915e-03
1.012457232892723579e-03
9.794176826091796888e-04
8.092153706888722403e-04
5.694237806907828528e-04
-9.241417868825612400e-04
-1.501525299959789728e-03
-1.429586252253279731e-03
-1.425919221228293165e-03
-1.423474911087505663e-03
-1.559906043840336319e-03
-7.310750496364454287e-04
-3.718698043241296385e-04
-8.489335745874761890e-04
-2.113720791529275639e-03
-2.931119835060101621e-03
-3.260000423263345257e-03
-3.013204459414339700e-03
-3.357683640989960958e-03
-3.789378621879727765e-03
-2.986891347907937033e-03
-2.336350807863504016e-03
-2.064071818767213105e-03
-2.031844507559675377e-03
-1.487721157811853004e-03
-1.376043684581521433e-03
-1.230731845050475441e-03
-1.546608389474064425e-03
-1.261394826994902130e-03
-6.430514839082342908e-04
-8.522150749874076933e-04
-6.015136714530407635e-04
-3.007847510483028803e-03
-5.137662173034808141e-03
-5.705846278518650512e-03
-6.930004259250520382e-03
-7.570380033257156395e-03
-7.829375377871443734e-03
-5.778650090804307408e-03
-4.572565101921477991e-03
-6.982129813828526384e-03
-7.639505278982214494e-03
-9.231148221637728787e-03
-9.336427600929739570e-03
-9.395397309054531743e-03
-8.573040201402438651e-03
-6.134771890046265656e-03
