beta2
9.017464744939102800e-03
9.462037782483209702e-03
9.852060320787383793e-03
9.886788329398536745e-03
9.901674989081874628e-03
1.009180736888185513e-02
1.068726932750086595e-02
1.121146434977762785e-02
1.122933851744017247e-02
1.132257464880767270e-02
1.125650380124530031e-02
1.121476140208690561e-02
1.045115529383038727e-02
9.670859017801677199e-03
9.454860686954788887e-03
9.567284602689841294e-03
1.003756052893598795e-02
1.114941523445763319e-02
1.083752790682134155e-02
1.078773465893639177e-02
1.032109118900832560e-02
9.668880689989400173e-03
9.655246027785748669e-03
9.677089105986767803e-03
9.690824984647655738e-03
9.420505332822589825e-03
9.365004504464514989e-03
9.429953532433355684e-03
9.696023576246045467e-03
1.024444127558172060e-02
1.063771881030183691e-02
1.099009416785342273e-02
1.061009288873945508e-02
1.128654926744155143e-02
1.185126237180334115e-02
1.222120603143829302e-02
1.240278481414123016e-02
1.224845471081984979e-02
1.172721782627759654e-02
1.131478581673770085e-02
1.109681428652158075e-02
1.083872239661640320e-02
1.102191736214662085e-02
1.133973703819941142e-02
1.149706745225996182e-02
1.116158681703388611e-02
1.124448031314729396e-02
1.098188093064795395e-02
1.061121580078052372e-02
1.010951980813417500e-02
1.006049362174455536e-02
1.007460838448366938e-02
1.038288182043805262e-02
1.115873310419052307e-02
1.172764417345219246e-02
1.174794178456510865e-02
1.259825097331679182e-02
1.312887695775789149e-02
1.325516525514106904e-02
1.334054209388750925e-02
1.367202978887591819e-02
1.345484029349706609e-02
1.325493112857390951e-02
1.296556527980922448e-02
1.285696057924351141e-02
1.255436358073003938e-02
1.225545215491648937e-02
1.268594975655341558e-02
1.216275427667850781e-02
1.176910941589753498e-02
1.171542520978614658e-02
1.159411062051233024e-02
1.129975800688342268e-02
1.095863528419750016e-02
1.053520158096307030e-02
1.059489789097490739e-02
1.074170489469366066e-02
1.048259991047485046e-02
9.519272236685000221e-03
8.591976080480854053e-03
8.990395517186972052e-03
9.310182976138560787e-03
9.691778200370836094e-03
9.262037802023961874e-03
8.966821402484045911e-03
8.872020347479364286e-03
8.992561319102570366e-03
9.237138853549431428e-03
9.316078071919571199e-03
9.595481315841009051e-03
9.925095008189714629e-03
9.802624069837806778e-03
9.616286113029998486e-03
9.141145167315734010e-03
8.515877958528258324e-03
8.396826272388319828e-03
8.379844821300032331e-03
8.244423231473591018e-03
beta3
1.976093147928819043e-04
2.863077556826081451e-04
3.429104552613856461e-04
2.699219909755419750e-04
1.866449965084088550e-04
2.298403794209048865e-04
2.651052525543483827e-04
3.492574090238587353e-04
3.926621501001207573e-04
4.245245365508972619e-04
4.658525043037486609e-04
5.262181743364920290e-04
6.850678781951447839e-04
7.866887774635964456e-04
9.365167455612920418e-04
8.881828766497115377e-04
9.075673298464691143e-04
1.123449675304045645e-03
1.698816889920714505e-03
2.096431557496418983e-03
2.433437982997034999e-03
3.119953086672709770e-03
2.630395553905995505e-03
2.371409894072985022e-03
2.214123644459323279e-03
2.186660334387890633e-03
2.132362682164412257e-03
2.182777749519164076e-03
2.380943632547736361e-03
2.448128530096293186e-03
2.255519697422877362e-03
2.206594767428839751e-03
2.179399807124417481e-03
1.849307634825025134e-03
1.504616664624370583e-03
1.211935607532331656e-03
1.144085204076562921e-03
7.952583655922273575e-04
6.858917067705913757e-04
7.545876937263679401e-04
7.079042076506125020e-04
6.291047106401358342e-04
3.786362281500857494e-04
3.382631320334163693e-04
2.665821776380193826e-04
2.832992278685307792e-04
5.410884071438904408e-04
7.008080076726062868e-04
9.974005527615373463e-04
9.764270801137725844e-04
6.392873917215944994e-04
4.889511199386803540e-04
2.714974014077287177e-04
4.507020110962992087e-04
5.072006861280342399e-04
5.916375411214445284e-04
7.542168303620213742e-04
6.824404073911460780e-04
8.004762019013487735e-04
7.333426518621019487e-04
7.945605921768539217e-04
9.741918088894642100e-04
9.775066225371402753e-04
9.903180811877149853e-04
1.447058986254883516e-03
2.086238826252027976e-03
2.668090142978780423e-03
2.932171952392364968e-03
2.788983480713317330e-03
2.881921429119561895e-03
2.985839094170386881e-03
2.935379833823062792e-03
3.191454130847468963e-03
3.514498443422607674e-03
3.951180782349425144e-03
3.620277450102694569e-03
3.831376246321084242e-03
4.292518417839663418e-03
4.332393299991872844e-03
4.314000070720643877e-03
3.750866676219967444e-03
3.334259866728213513e-03
3.112053530139548621e-03
2.952585488843518374e-03
2.642052103980305905e-03
2.542247248922748816e-03
2.604922944632815079e-03
2.661645105341633663e-03
2.466650494775425410e-03
2.567452561391726090e-03
3.069563562831516615e-03
3.024275779712553951e-03
3.150940239483944472e-03
3.258035326450033943e-03
3.112675175438233029e-03
2.519811893562931386e-03
2.343010865521025048e-03
2.170755232340886888e-03
beta4
-6.597664338521894156e-05
-9.210693030700691495e-05
-2.146606689181198234e-04
-2.024565037596823801e-04
-1.831544933157487533e-04
-2.656516036482494368e-04
-4.310043557584833504e-04
-6.427100883348111499e-04
-6.522371385545575398e-04
-6.711447969807253760e-04
-7.390042895319130127e-04
-9.387926161221082271e-04
-9.618051007926481377e-04
-5.445515362334892506e-04
-5.609280036716602323e-04
-5.832762267710604569e-04
-7.509272197185831461e-04
-8.861961215079305725e-04
-9.565070861516006056e-04
-1.035220998366176946e-03
-1.351592976767668035e-03
-1.565965946534977676e-03
-1.677903543489999653e-03
-1.778558393364216162e-03
-1.539879346577425253e-03
-1.587327493642993591e-03
-1.303248355972546268e-03
-1.128700035556747059e-03
-1.445365109731411562e-03
-1.935771777695030095e-03
-2.838285892092499985e-03
-3.691282808415994893e-03
-3.580179424200365546e-03
-4.824017607847588991e-03
-5.756283804363077940e-03
-6.793271040942711926e-03
-6.910952390295306211e-03
-6.926580987068378312e-03
-5.654207260675760127e-03
-4.703675769093093942e-03
-4.042019517699748515e-03
-3.179044571886790321e-03
-2.877958557501511007e-03
-2.304033913815437852e-03
-1.995734666196704449e-03
-1.312928446366193888e-03
-2.130399380036682513e-03
-2.009815508773862749e-03
-2.293290307608756955e-03
-1.853901719522782531e-03
-1.065532343247810061e-03
-6.907080153761146080e-04
-5.408488485293834989e-04
-8.677695127391776191e-04
-8.624259336436977241e-04
-6.777627091428328277e-04
-1.303675294284479397e-03
-1.615620116254355438e-03
-1.447906210833698696e-03
-1.763001792360969090e-03
-2.941301141388192718e-03
-2.942757436913810525e-03
-3.522024294958366226e-03
-3.795410554231026454e-03
-3.091709236225379312e-03
-3.138674959628456277e-03
-2.135694672999498191e-03
-2.150913658789367633e-03
-1.780583009651996729e-03
-1.815191690260883461e-03
-1.756321755953348020e-03
-1.866831181719667311e-03
-1.475755716960939871e-03
-1.052226616789488697e-03
-7.671464121120031773e-04
-8.317069462664083111e-04
-9.348643398526739834e-04
-8.278976871830853561e-04
-1.154705124381753389e-03
-1.069744005955983613e-03
-1.392337838180453431e-03
-1.919082999154737802e-03
-2.270359376456625861e-03
-1.888559109867509996e-03
-1.602972197856163345e-03
-1.062360869144502069e-03
-9.326851528867544094e-04
-7.377147055368279537e-04
-6.695002855468926194e-04
-4.061701699320052848e-04
-3.933980301773261226e-04
-4.661619076283957108e-04
-5.254835304186610163e-04
-5.546338131627375715e-04
-6.272916036332244413e-04
-6.034671520040535506e-04
-5.253955108106098549e-04
-5.132995646439192329e-04
beta5
2.738248718377352523e-08
1.791789729496113605e-07
3.233580364511604272e-07
3.098188535645954801e-06
1.795150288877598243e-05
1.754772206595103381e-05
2.972839993192595239e-05
4.918074638029673346e-05
3.854800870636535844e-05
4.704763387305455519e-05
8.151309383775699941e-05
1.407355029414418708e-04
1.733334694538276070e-04
1.974530449645945155e-04
9.856435577102430818e-05
1.538432188512731742e-04
1.552841452793663900e-04
4.994494482215796520e-04
2.449704058380783745e-04
2.045090421572020353e-04
2.043554017693256309e-04
1.518930675283142705e-04
1.471153391001631951e-04
1.124234665210542951e-04
1.974183967198682595e-04
1.312367618901048676e-04
1.563107949584733973e-04
2.406878929979532880e-04
1.738681312407916815e-04
3.009565206918561240e-04
7.971746412845034675e-04
1.941209526108440830e-03
3.895413784718453759e-03
3.145182201592942699e-03
3.275842486670378639e-03
2.729377223335407304e-03
2.274116933114362325e-03
1.805703632441580308e-03
2.527541682208075090e-03
1.710157269996502062e-03
1.811769032931418843e-03
2.266102974661904444e-03
2.437484508096931894e-03
1.717294728577748982e-03
2.332158582497970405e-03
1.548874273229575030e-03
2.703648201902109083e-03
2.363334307557041387e-03
3.054889598981951580e-03
2.291636213669082968e-03
1.002357159721575320e-03
4.160358603818341749e-04
3.112991077532425424e-04
2.004886788064723716e-03
5.147465121060538704e-03
6.525603358268378118e-03
7.571434034307754704e-03
6.013546026991618831e-03
4.883308859161695180e-03
3.018053889181820763e-03
6.754198214473491804e-04
2.713493527733981604e-04
2.817287809750284591e-05
3.853709110154305114e-06
1.528555525365602492e-06
1.093234966538401390e-08
3.526536848883903576e-08
-2.744250876792456319e-09
-1.956217808154210932e-14
7.663539676755613042e-15
-3.402076122385294770e-12
-2.725364483325131529e-09
-3.583382542586995043e-12
6.122202042702889181e-12
1.706939465618690707e-08
2.439208387568295753e-09
-1.606861976902983936e-16
-4.734622342767201764e-15
1.422542999026627370e-10
8.610752379615034801e-07
-1.745411145108622781e-16
-4.437774418367225468e-07
-2.969070322295937854e-05
-2.348059230055009002e-06
-5.409516347621980792e-08
-1.160069521758313069e-07
-3.254745046108817007e-10
-6.505045226754601797e-14
3.760740186659114907e-08
9.061240910815040850e-07
2.376618858027517820e-06
1.543509646802167148e-05
3.211224894632441795e-05
1.027773253734259786e-04
1.044705597462708532e-04
2.442321583361251785e-05
1.720319990892751715e-05
1.157531600470549965e-05
