1.970985172824145804e-03
1.869547020997374027e-03
1.882221736273469170e-03
1.865824531000236704e-03
2.051258572055946264e-03
1.796058439948044691e-03
1.722160501408599460e-03
1.587864921939737472e-03
1.159818848463202001e-03
1.195167956701450283e-03
1.044568499985354393e-03
1.102231606654212933e-03
1.306531334294077328e-03
1.535622608634564130e-03
1.578737295325519010e-03
1.562247852634194266e-03
1.493271381832211257e-03
1.509546774879172177e-03
1.157093695165261824e-03
1.027436034593062200e-03
9.888027599078790236e-04
9.743930813393270312e-04
1.019826907037161461e-03
1.082808510643423587e-03
1.029129605138962966e-03
9.059620878778978405e-04
7.621329986613959839e-04
7.608177887607345735e-04
6.227486204771950223e-04
3.773154981785443443e-04
3.689262061905886352e-04
2.988026758641815998e-04
2.592964146276056925e-04
2.398145109767519636e-04
2.217914007550719139e-04
1.146881917080626702e-04
1.030279591090476092e-04
7.858236391592159521e-05
8.273097988426288498e-05
1.299498809504661388e-04
1.483726408300736256e-04
1.328850082338660214e-04
9.835953772653087596e-05
1.201887538990263182e-04
9.339161485561429943e-05
6.560334916775678940e-05
7.160244877101731918e-05
1.239414123566553842e-04
1.946799453086156030e-04
2.966919355792286411e-04
3.770846107545927032e-04
4.748639385403347611e-04
4.656058990166016265e-04
3.886401923091828393e-04
3.641359588767342217e-04
3.570298881191397264e-04
4.994013647575010163e-04
5.186022760916489524e-04
4.218188199484275880e-04
5.110567275101605880e-04
4.789044991595075044e-04
4.398341468854959579e-04
5.118224602523416570e-04
5.218535536332290703e-04
3.970770033950035910e-04
2.972332842739582601e-04
2.406522924636435258e-04
2.529061559155041479e-04
2.347668513138568332e-04
1.879658473756189532e-04
1.206723031925749546e-04
4.283222493895893796e-05
4.396066170987513903e-05
1.548954716977977853e-05
3.156451483041830112e-13
-4.718256608956046653e-08
-2.039525609327883654e-06
-9.557194811083101211e-06
-3.208349328664832913e-05
-3.404344334386003599e-05
-6.607598523317544581e-05
-9.049568327922305759e-05
-1.329470808149717524e-04
-9.745356992115996502e-05
-7.469917142167103140e-05
-3.903481512437600938e-05
-3.626643530611929752e-05
-4.926775795484117154e-05
-3.466607922425850432e-05
-4.489283266643691610e-05
-8.504081716043220137e-05
-7.956737235340218635e-05
-1.159483126656367440e-04
-1.366942129956599849e-04
-1.048158814004293592e-04
-1.470937186393480580e-04
-1.653470813799620286e-04
-1.184344001598237590e-04
-1.298894781056106329e-04
-1.503470860349411095e-04
-1.825398213528695696e-04
-2.622431734599668792e-04
-2.641499744377260738e-04
-3.464068982116782699e-04
-3.352293988294843428e-04
-3.102022963102757771e-04
-2.708975851515141352e-04
-3.148337766415394224e-04
-4.161118359959056268e-04
-3.846938180938583611e-04
-3.184543529569997520e-04
-2.559659329178055409e-04
-1.764489171575639817e-04
-1.421523830922246810e-04
-1.151488812424274086e-04
-7.590862287357226534e-05
-3.660130984666006574e-05
-2.920507351656391915e-05
-5.175217687050636810e-05
-6.937974733430137767e-05
-6.141484175799051862e-05
-5.794122998673717392e-05
-6.275061607301151497e-05
-7.509606530077704762e-05
-6.599532317456183975e-05
-1.289473165535916048e-04
-1.034739126015913458e-04
-1.146422692953362655e-04
-1.435112025563820698e-04
-1.894606885615623330e-04
-1.528404504233934959e-04
-2.822144296070101550e-04
-3.699963273631585396e-04
-4.755058408751256958e-04
-5.219071606590587045e-04
-4.520131617680410983e-04
-4.822019199926265952e-04
-5.706842010832738517e-04
-6.602293186449410779e-04
-7.334409063034527752e-04
-7.938274079953417089e-04
-9.293657546549821983e-04
-1.019383164190763857e-03
-7.520374157582645092e-04
-7.461151265489014521e-04
-7.855667018207624416e-04
-8.102413492199667024e-04
-9.946581654085206916e-04
-1.113776437118712236e-03
-1.376270677922831120e-03
-1.440592783910032895e-03
-1.598818467010141176e-03
-1.427071462610335914e-03
-1.432386265941489002e-03
-1.438979630495088383e-03
-1.142689617983094937e-03
-1.063832578798126630e-03
-1.023941474566684561e-03
-9.003596171345636025e-04
-1.113286400921163245e-03
-1.004905697096854580e-03
-9.482827053435597623e-04
-8.408529933277460178e-04
-8.641525522316014602e-04
-8.700151186430600276e-04
-1.050694315931509490e-03
-1.200337013388887543e-03
-1.058606562524516681e-03
-1.165832411393680733e-03
-1.372797543110289200e-03
-1.528104631785077560e-03
-1.871371629126510148e-03
-1.934677528960445422e-03
-1.949219008638986093e-03
-1.759123138044673372e-03
-1.579247181020830473e-03
-1.743989918109816514e-03
-1.822676747351290299e-03
-1.986877315589338690e-03
-2.007796979758696542e-03
-2.047585565493078782e-03
-2.425096599301916102e-03
-3.039386578934910252e-03
-2.843813263560495200e-03
-2.397672171268764793e-03
-2.309658137252342328e-03
-2.871936879521962051e-03
-3.037419902699406080e-03
-2.953012460147382955e-03
-2.865613052359773996e-03
-2.774879113647660787e-03
-2.677062169238114860e-03
-2.569685205145305629e-03
-2.860232573248019244e-03
-3.356206488900089283e-03
-3.648451397278104549e-03
-4.112985913554060950e-03
-3.798649019853746114e-03
-3.506458529638420418e-03
-3.979905533836283066e-03
-4.010542830739575841e-03
-3.520696095462937276e-03
-3.567916188470165225e-03
-3.834124921891309337e-03
-4.360543587752134867e-03
-4.685676454140268524e-03
-4.587687614656459426e-03
-4.003418336270440220e-03
-3.336216937640571010e-03
-2.682527083459079146e-03
-2.296506962074405626e-03
-1.742690237714319447e-03
-1.107157307177780063e-03
-8.101319090198576094e-04
-8.069283730600012357e-04
-5.029978760194846361e-04
-2.970741562236415894e-04
-1.980622825690031238e-04
-1.575787081590521925e-04
-1.984713696003681917e-04
-2.632096067655014839e-04
-2.750239159475047451e-04
-2.731709906172780826e-04
-2.504127311111357035e-04
-2.153594860182552460e-04
-2.358828727122577957e-04
-2.601424481150634385e-04
-3.061067550697522195e-04
-3.411279255453097611e-04
-2.459264300027783285e-04
-2.297937433776771235e-04
-2.661457535946637433e-04
-3.248857520107503467e-04
