-1.576705720953695651e-06
-8.007428136637793764e-07
-5.473139914996663969e-07
-7.018783226127740579e-07
-6.027446610838510501e-07
-5.042398512551395681e-07
-2.414622587372100216e-07
-2.373322982826952275e-07
-2.305896656386254450e-07
-3.633030695681300973e-08
-2.054688294472696781e-09
-3.524111546383698427e-07
-1.305459773335809721e-06
-1.805478737515257728e-06
-3.411267516645984769e-06
-5.444968517102720108e-06
-7.216864698411524122e-06
-6.884727258405865903e-06
-5.949186248025559879e-06
-5.530275546389157677e-06
-3.929649574917424856e-06
-1.895959213395843162e-06
-1.239705930752380702e-07
-1.045415568912872306e-07
-8.702725426851265763e-08
-5.918967782488790337e-09
-6.405853330148027804e-10
4.328986025591194601e-09
2.999120159989233261e-08
4.430366165303799852e-07
1.393570388678229692e-06
1.067991996082685620e-05
1.124283583816457590e-05
1.831188764597966299e-05
2.525436726071035763e-05
3.583475758292589257e-05
6.483474739861947128e-05
1.088333318601635420e-04
1.182181884802158221e-04
1.360725629252005069e-04
1.382081430723750351e-04
1.519434349661886964e-04
1.497131453361179993e-04
1.129967454980813582e-04
1.306374273299839694e-04
1.422702079410017705e-04
2.142917583012061142e-04
2.862417557330227780e-04
4.347742543541004666e-04
4.933006589738078230e-04
6.033427714250413432e-04
6.280995891042331870e-04
6.079370400216517001e-04
5.482800556857397129e-04
4.759746143007358155e-04
5.002858221331738745e-04
3.679335334044182121e-04
3.068824188124901343e-04
2.459215357080845200e-04
2.089005376050659965e-04
1.049532463919892322e-04
5.545060299528492387e-06
-4.933936123463577274e-07
-1.193435141917732517e-05
-2.373713909038535112e-05
-2.814324445644635891e-05
-3.444245011776916134e-05
-3.530140353724388970e-05
-3.583359389892493282e-05
-2.808224761151626177e-05
-1.810778990234582119e-05
-1.482520205818978324e-05
-2.161592596143596071e-05
-2.716675272928308649e-05
-3.329876335638953187e-05
-6.672816305549677336e-05
-1.210774928485897181e-04
-1.562665884902747786e-04
-1.785408122972308436e-04
-1.742640595740402103e-04
-1.706709616914489863e-04
-1.355281077003768497e-04
-8.014637230981862346e-05
-4.491759446645178966e-05
-1.062709706377691589e-05
-9.404843174942694578e-06
-9.954811981454070766e-06
-1.229578154999546018e-05
-3.210451969943258675e-05
-6.780524924623514756e-05
-7.555897473551683981e-05
-1.075280569457763596e-04
-1.437822627176270449e-04
-1.565367884669171432e-04
-1.854249553579346134e-04
-2.018361865248014875e-04
-2.118199181650970387e-04
-2.243822247521646272e-04
-4.488191230132536499e-04
-5.476473924554208731e-04
-6.762928095067617489e-04
-9.727797008893079682e-04
-1.505552155756659802e-03
-1.559143633571210717e-03
-1.297872615696396038e-03
-1.184868691792661730e-03
-1.006913843828674809e-03
-6.572334559094200395e-04
-1.056519577257319134e-04
-6.623584134982118433e-06
-2.826187064739254590e-06
-1.970665026848857416e-07
-1.550788284699712809e-08
-1.320812696758710372e-08
2.411132585244590106e-06
2.418902861641191173e-06
2.422724351308115049e-06
2.422997846841017690e-06
2.431445974915527669e-06
2.435082083864881735e-06
2.438668479640632776e-08
3.637707675109367429e-07
8.703853431466557559e-07
1.672905059136792154e-06
1.717576992138618264e-06
2.813744391955933050e-06
1.287389230049755066e-05
4.405547920737469341e-05
6.302683249149838786e-05
1.809920417658719206e-04
2.213843573197669349e-04
2.932849868223572206e-04
5.307471037216091340e-04
5.144543133846065860e-04
4.980101716273039594e-04
3.900559582279110728e-04
3.496209765006766824e-04
2.766205432306181942e-04
2.908670290583592873e-05
1.385803117676305867e-05
1.081774479057809136e-05
-2.138607104565764990e-08
-8.025225950694680628e-08
-2.366620193282258970e-07
-2.658521627278635867e-07
-4.277867965038040455e-07
-4.561398259934919921e-07
-4.308483474180148450e-07
-3.831251466608376203e-07
-2.270185573349362666e-07
-1.978284087644928298e-07
-3.586693381886309442e-08
-1.025034405796638833e-09
2.020143288590012319e-09
4.020186345886928918e-07
5.657721174649305810e-06
6.026335632880483853e-06
1.015402055086626388e-05
1.220940504868207078e-05
2.701881329398632352e-05
1.284437460932493327e-04
1.398057284359577465e-04
1.541486483397899786e-04
1.580093182818442918e-04
1.646612456558612953e-04
1.509227840619754499e-04
