8.165324478521835197e-47
1.356358035491392646e-40
9.042386931593222061e-41
6.781791337953107071e-41
5.425433070416015584e-41
4.521194262797326790e-41
3.875309388750155920e-41
1.982510638434396309e-38
2.262660091971451114e-35
8.673875665715875780e-33
7.904294155812186749e-33
7.245664260648896250e-33
7.486895468753338414e-33
2.223372296815754315e-32
1.427890967527425207e-26
1.427890969779235016e-26
1.427930321113666595e-26
8.902022313043965520e-24
8.902022380122880618e-24
8.902022780085072993e-24
8.902023203299409084e-24
8.902023196088150910e-24
8.902023196080676235e-24
8.902111484723663664e-24
8.902171315903071295e-24
8.902171301413708991e-24
8.887892413973388256e-24
8.887892413955032912e-24
8.887892020441696586e-24
1.490109757889620558e-28
1.489438968741403859e-28
1.485439346676098976e-28
1.481207033748914872e-28
1.481207033737104729e-28
1.481206934735160832e-28
5.983205042586281288e-29
6.297861102981763634e-34
3.723218548202343199e-34
3.710906468787370127e-34
3.669276735848316566e-34
3.669192224898156981e-34
-1.614643007158244069e-39
-1.615612097629250187e-39
-1.615612150613682660e-39
-1.615682224259779094e-39
-2.045349021654577259e-39
-2.932090499051497236e-37
-1.034412525252641385e-36
-1.625931713043430634e-35
-9.469251393440152938e-34
-1.501284933533407891e-30
-1.221211258358178971e-27
-4.615304292035668500e-26
-1.884325488060542580e-24
-1.963549760209228673e-13
-3.735350864494911549e-03
-3.735350864494911549e-03
-3.735350864494911549e-03
-3.735350864494911549e-03
-3.735350864494911549e-03
-3.735350864494911549e-03
-3.735350864494911549e-03
-3.735350864494911549e-03
-3.735350864494911549e-03
-3.735350864494911549e-03
-3.735350864494911549e-03
-3.735350864298556464e-03
0.000000000000000000e+00
0.000000000000000000e+00
0.000000000000000000e+00
0.000000000000000000e+00
0.000000000000000000e+00
0.000000000000000000e+00
0.000000000000000000e+00
0.000000000000000000e+00
0.000000000000000000e+00
0.000000000000000000e+00
0.000000000000000000e+00
0.000000000000000000e+00
0.000000000000000000e+00
0.000000000000000000e+00
0.000000000000000000e+00
0.000000000000000000e+00
0.000000000000000000e+00
0.000000000000000000e+00
0.000000000000000000e+00
0.000000000000000000e+00
0.000000000000000000e+00
0.000000000000000000e+00
0.000000000000000000e+00
0.000000000000000000e+00
0.000000000000000000e+00
0.000000000000000000e+00
0.000000000000000000e+00
0.000000000000000000e+00
0.000000000000000000e+00
0.000000000000000000e+00
1.870992256968665484e-19
1.870992256968665484e-19
1.870992256969637597e-19
1.870992256969638320e-19
1.870992256969638320e-19
1.870992256969638320e-19
1.870992256969638320e-19
1.870992256969638320e-19
1.870992256969638320e-19
1.870992256969666968e-19
1.870992256969666968e-19
1.870992256969705727e-19
1.870992256969735820e-19
1.871027909431204671e-19
6.980198280918095594e-18
6.980200603110415584e-18
6.980200603150211460e-18
6.980201104699342211e-18
6.980201243246189512e-18
6.980201243367137912e-18
6.980201243367137912e-18
6.980201243367134831e-18
6.980201243367134831e-18
6.980201243367131749e-18
6.980201243367128668e-18
6.980197678120981855e-18
1.871021881460058857e-19
1.870998659536857027e-19
1.870998659139085567e-19
1.870993643647776370e-19
1.870992258179338992e-19
1.870992256969873283e-19
1.870992256976387982e-19
1.870992256976958779e-19
1.870992256980382842e-19
1.870992257044928699e-19
1.870994925913772787e-19
1.870994967465842060e-19
1.870996513390746046e-19
1.871002555761498776e-19
1.871351836525967240e-19
1.937406044491106015e-19
2.176491948069982534e-19
2.176533845810084279e-19
2.198444636596352629e-19
4.037677513211307613e-19
4.071686459217703513e-19
2.103105880059251587e-18
3.762571034101788534e-17
1.981656610580836419e-16
2.714093827347558144e-15
2.756093885994963314e-15
2.827213937941458912e-15
4.431240022745652265e-15
4.433090061533775560e-15
1.316179943102612554e-10
1.316182702900873585e-10
1.125403091016382619e-02
1.125403091174061350e-02
1.125403091174171505e-02
1.125403091174254251e-02
1.125403091174864700e-02
1.125403091174616114e-02
1.125403091174618370e-02
1.125403091174645431e-02
1.125403091176623536e-02
1.125403091176629782e-02
1.125403112969928197e-02
1.125403112969904952e-02
3.511534928575995042e-10
3.495767058442022325e-10
3.495756028149016112e-10
3.495747395639154836e-10
3.495684770723838167e-10
3.495684470630534477e-10
3.495683817942373985e-10
3.495680385857265717e-10
3.495466562231381024e-10
3.495465922678215866e-10
4.780461448695214710e-17
3.856997377598946065e-18
3.741440709795096646e-18
7.261369786879339766e-09
7.261369786879331494e-09
7.261369786878108921e-09
7.261369786878108921e-09
7.261369786878107267e-09
7.261369786878107267e-09
7.261369786878107267e-09
7.261369786878107267e-09
7.261369786878107267e-09
7.261369786878102304e-09
7.261369786877802037e-09
7.261369786877762332e-09
3.726876587654950185e-18
3.726876111606384522e-18
3.726875172369195881e-18
3.726875171049516328e-18
3.726875170710359294e-18
3.726875170710206760e-18
3.726874773749753967e-18
3.726874773746560775e-18
3.726874773746560775e-18
3.726874773746560775e-18
3.726874773746560775e-18
3.726874773746560775e-18
3.726874773746560775e-18
3.726874773746560775e-18
3.726874773746560775e-18
3.726874773746560775e-18
3.726874773746560775e-18
3.726874773746560775e-18
3.726874773746560775e-18
3.726874773746560775e-18
3.726874773746560775e-18
3.726874773746560775e-18
3.726874773746560775e-18
3.726874773746560775e-18
3.726874773746560775e-18
3.726874773746560775e-18
3.726874773746560775e-18
3.726874773746560775e-18
3.726874773746560775e-18
3.726874773746560775e-18
3.726874773746560775e-18
3.726874773746560775e-18
3.726874773746560775e-18
3.726874773746560775e-18
3.726874773746560775e-18
3.726874773746560775e-18
3.726874773746560775e-18
3.726874773746560775e-18
3.726874773746560775e-18
3.726874773746560775e-18
3.726874773746560775e-18
3.726874773746560775e-18
3.726874773746560775e-18
3.726874773746560775e-18
3.726874773746560775e-18
3.726874773746560775e-18
3.726874773746560775e-18
3.726874773746560775e-18
