3.219092851913758008e-09
6.582835489584330745e-07
4.482831262721472376e-07
3.378864403050678298e-07
2.737694949664674647e-07
2.355586673738102591e-07
2.034947099208626285e-07
1.857858454907758795e-07
1.939340514123020430e-07
1.919035835097046090e-07
2.564801733535726452e-07
2.458487539753947792e-07
2.530399384916256333e-07
1.903497284609983960e-07
2.720703347106880333e-07
8.679266066050900962e-07
2.421144061577153227e-05
2.541177592508216237e-05
2.565617517530174060e-05
2.574017108231492471e-05
2.574037804887068556e-05
2.572944621051714094e-05
2.566740148817416817e-05
2.571602797336430598e-05
2.573395680538869868e-05
2.569034667902040411e-05
2.561192760333130065e-05
2.504710903441872378e-05
1.774122999579064314e-06
6.472621588988802376e-07
6.325882050457024854e-07
1.364722620435990022e-06
3.063520226938944223e-04
3.112816096231184825e-04
3.217866321529702276e-04
7.725247645379815535e-04
9.382401355600128836e-04
2.684617154943425097e-03
5.179442727360845412e-03
8.352020674580013307e-03
9.717311154672565732e-03
1.176399005423529702e-02
1.435560718632479353e-02
1.850819781304779629e-02
2.417966630632155736e-02
3.081454735639739886e-02
3.592978366345423585e-02
3.865355476131299151e-02
3.967516971848809165e-02
3.847493899280090418e-02
3.689113191736072273e-02
3.372468805892112065e-02
3.235981293164386791e-02
3.031319414275005994e-02
2.772182489296435084e-02
2.356875872349121007e-02
1.759239459011160620e-02
1.095271045706904499e-02
5.829645390594748004e-03
2.655123582858742292e-03
1.467768793456651665e-03
9.216193544626620623e-04
1.059519909812062058e-05
4.429514583705831462e-06
3.942191984608718390e-06
3.804896773638877808e-06
3.326358955828094041e-06
2.980477241306288399e-06
2.866695284411243661e-06
2.736631835924808519e-06
4.660195635302174155e-08
-1.462038584457607884e-04
-1.576574662821994684e-04
-1.580123538842079527e-04
-1.595297960540357021e-04
-1.604704855377125071e-04
-1.604895473223328696e-04
-1.605984262904543484e-04
-1.606188367573815228e-04
-1.606276732380861755e-04
-1.606331022709212833e-04
-1.606514180753593971e-04
-1.606514094122829018e-04
-1.445003981469234053e-05
-2.997723925535166403e-06
-2.647698683584902150e-06
-1.134703362528160442e-06
-1.940525512420142899e-07
-2.003124954500279659e-07
-9.237314756276368066e-08
-7.225157124525188786e-08
-6.328089833818283740e-08
-5.754616935341793492e-08
-3.921114020606854891e-08
-3.859575802098784781e-08
-3.680411337142869489e-08
-3.653950361137171730e-08
-3.167881190215260179e-08
-2.723196318667881221e-08
-2.719329079599442827e-08
-1.871561967612552836e-09
-9.305790973281531945e-10
-6.373845967671681072e-10
-6.294174158558857929e-10
-6.133990769610740951e-10
-6.104138202687943274e-10
-6.101422061621989185e-10
-1.019036913907340746e-10
-1.635491802477953175e-12
-5.922858056355668382e-17
5.535374151781882855e-16
5.103556937172231262e-12
7.168442831788692000e-12
1.436748776959933226e-11
6.025645033906239270e-11
9.316676028511104288e-10
9.342484625568513799e-10
9.377862507302550717e-10
9.402442597478040103e-10
9.403511362583867168e-10
9.504790976943863804e-10
9.506837005368027976e-10
9.506831425980783480e-10
9.455801391984503637e-10
9.435152533038338133e-10
9.363162083660231940e-10
8.904272457965615149e-10
1.901609329093719544e-11
1.643523460846862893e-11
1.289745070159426839e-11
1.043944168407686607e-11
1.033256524673630634e-11
2.047408842003536925e-13
1.380465206091355686e-16
1.383819520610309398e-16
2.568059300242718303e-13
2.568067490887809727e-13
2.574970965189932114e-13
2.897580742235757015e-13
2.897580741897010802e-13
2.561675299143455949e-13
2.247870160373401581e-13
-3.289647103789717642e-12
-2.583973668466983064e-11
-2.742789427973624573e-09
-4.073163900737500614e-09
-4.269213096014209684e-09
-4.272905020780553710e-09
-4.273007237575548949e-09
-4.273115483829031826e-09
-4.273147799849358412e-09
-4.273147804109687636e-09
-4.273115543218288665e-09
-4.273084162727373107e-09
-4.269569728609526770e-09
-4.247019639695531909e-09
-1.530070085560577755e-09
-1.996958147229989655e-10
-3.661725169150471160e-12
-2.265840219972178582e-13
-5.692055689942786140e-13
-3.575252833893176763e-10
-3.594033495462555576e-10
-5.038398851682169940e-10
-5.072328755647268555e-10
-5.209171933425692229e-10
-5.485375377005212889e-10
-6.063986765585024550e-10
-7.646949887745687026e-10
-9.923690935754113074e-10
-1.432219084711765607e-09
-8.819000935029803291e-09
-2.734053575612954054e-08
-6.116665240325161267e-07
-6.135878181900833021e-07
-6.139411815869496276e-07
-6.139650997406974840e-07
-6.141766728455915709e-07
-6.142284465742378762e-07
-6.146033031143961688e-07
-6.244090399704345028e-07
-6.293838221058064149e-07
-6.311978964728633212e-07
-6.283308635507151162e-07
-6.430624713186730177e-07
-4.131367389050817874e-06
-4.144440742668267766e-06
-4.167306585434927237e-06
-4.228726093964592177e-06
-4.234270532202645533e-06
-4.326697316025199670e-06
-4.333144002099734126e-06
-4.324456915094227696e-06
-4.327133293920902694e-06
-4.330329745863469277e-06
-5.984388524696847355e-06
-5.995475430176204501e-06
-1.927859763018637312e-06
-1.932167727501727932e-06
-2.043074759582008615e-06
-2.021547365797696471e-06
-2.903670086730376977e-06
-2.820934734673433931e-06
-2.838228731161919586e-06
-2.838831791527746050e-06
-2.833433643762973835e-06
-2.840732363725482392e-06
-1.186137719161297403e-06
-1.147936839659295892e-06
-1.142670214046378266e-06
-1.123580629426014650e-06
-9.902973368496309476e-07
-9.557206752510228174e-07
-1.806743110425390371e-07
-1.719346115664044492e-07
-1.544928370174255291e-07
-1.597503076876531762e-07
-1.825662552064973618e-07
-2.038209293477376719e-06
-2.066819715641407546e-06
-2.061221440394760247e-06
-2.063111816306218795e-06
-2.065205361475016085e-06
-2.064596897817911285e-06
-2.060882938759852272e-06
-1.959621577387290645e-06
-1.976527375676245626e-06
-1.981748804202988928e-06
-1.980252067572348416e-06
-2.115959444988862683e-06
-2.981451981721581801e-07
-2.898873962400065085e-07
-2.929897416961785948e-07
-3.017903448446886594e-07
-1.336510154322850232e-06
-1.379392837368255449e-06
-1.384026754296996926e-06
-1.379453816222027088e-06
-1.370803984422972168e-06
