1.004444689381603015e-02
1.042182038387536556e-02
1.056583500609509750e-02
1.069230023280450144e-02
1.056576358377111190e-02
1.032577152926729587e-02
1.004553569342461067e-02
1.001031209616930727e-02
1.014227877509730341e-02
1.046617766456546701e-02
1.107268629596389747e-02
1.140521555565315349e-02
1.170738668044977310e-02
1.143058804935362903e-02
1.073748585003470729e-02
9.753075238180834369e-03
8.657996863431736967e-03
7.897013029328603384e-03
7.157176154201590201e-03
6.585065775571684321e-03
6.073558006996397120e-03
5.312384605325207350e-03
4.418361943978574985e-03
3.507739460181458647e-03
2.662058362624969681e-03
1.844805391378883221e-03
1.108522677161226204e-03
6.657230857616278433e-04
2.696469957819125612e-04
-6.279153220986357080e-05
-3.912729398923926109e-04
-7.552343013264678192e-04
-9.791466628238829854e-04
-1.283909008566510093e-03
-1.578160255166309632e-03
-1.975514691790731733e-03
-2.415714757852679712e-03
-2.855066218890232616e-03
-3.319031782447125819e-03
-3.467268849655117443e-03
-3.498281315302513485e-03
-3.378617177250376261e-03
-3.125231237396031234e-03
-2.686305079045040855e-03
-2.186467730540645870e-03
-1.918289873342164317e-03
-1.666867867373285220e-03
-1.407576369238767609e-03
-1.060174364973644938e-03
-7.967549873564449712e-04
-5.414313036075941304e-04
-1.154992707324508755e-04
3.202769973385734162e-04
8.619221570356060819e-04
1.408210271755337218e-03
1.850040093096055665e-03
2.129573473918002988e-03
2.261995792201181542e-03
2.260159967143021784e-03
1.985322986673506221e-03
1.521139488298970830e-03
1.081796886033261186e-03
7.315905486367582644e-04
3.760497697568993252e-04
1.097436903405269674e-04
5.491790789724367357e-06
-3.306375374884575356e-05
-9.818604954980403657e-05
-1.750371228077259413e-04
-2.717108315557431944e-04
-3.578582413967435383e-04
-4.767900287206251557e-04
-5.339444658798822617e-04
-4.888851484150927079e-04
-4.090922586595219755e-04
-3.074217090139353954e-04
-2.113115590534385760e-04
-8.178915892280355919e-05
4.473392456264453823e-06
4.957388140163983980e-05
5.413926834210351326e-05
4.850751042305780531e-05
4.247064264754566435e-05
2.680583676277426542e-05
-2.840214272008618676e-05
-9.787005818060247624e-05
-1.474514099986268408e-04
-2.329470783852490880e-04
-3.314952693668985883e-04
-4.795395766433561296e-04
-5.286584347942313187e-04
-5.770068437146875498e-04
-6.374719262912960762e-04
-6.888614395692918037e-04
-7.137313394587259949e-04
-6.438296504113496209e-04
-5.955999982945854934e-04
-5.024559873520285458e-04
-3.590797587224530785e-04
-1.209418893838078314e-04
1.005006529555932436e-04
2.835008940764775190e-04
4.157353621137189776e-04
5.543333714858704464e-04
7.400186458183193429e-04
8.470027826388491473e-04
9.755984885197552942e-04
1.096581803046539540e-03
1.194000127803672342e-03
1.288606749249702728e-03
1.267301234216081833e-03
1.332305756700221354e-03
1.365794090661420247e-03
1.320554690584713371e-03
1.245962747462094587e-03
1.128367025818832227e-03
1.109599545375878314e-03
1.012867255714571674e-03
8.879087678718753209e-04
8.033153526359066701e-04
7.573502144346833933e-04
6.875234513385539842e-04
5.639326027868628039e-04
4.231452041419990289e-04
2.993097695297614633e-04
2.124165883035341641e-04
1.311194431366916101e-04
8.950605210593505186e-05
3.004807334887549730e-05
1.924500980427863568e-06
-5.042939044967578651e-06
-2.749722305156815053e-06
-1.923851638779620584e-06
-5.589124370985513009e-05
-1.541122100667465813e-04
-3.392164938453492030e-04
-6.721680486201309307e-04
-1.198825718877743942e-03
-1.847416635842493186e-03
-2.388071443435501717e-03
-2.830082524360745186e-03
-2.987659727103459187e-03
-2.860097713797795857e-03
-2.489686129861451522e-03
-1.972456953372155996e-03
-1.491717514626262871e-03
-9.770351045231074130e-04
-6.487432923997083064e-04
-4.736759774494362848e-04
-3.795501818870516270e-04
-2.746317061340062551e-04
-1.943781858519085849e-04
-2.012083606607554132e-04
-2.374452884412689175e-04
