8.386680220343850460e-04
4.890209638147378218e-04
3.514532397305022656e-04
2.995077919488171436e-04
2.622906499918653826e-04
2.264063757673124894e-04
1.975519305243470219e-04
1.745347102533547257e-04
1.636535249927967262e-04
1.548698547709282162e-04
1.489051281016780671e-04
1.390485950723754232e-04
7.154216739725157836e-05
6.334198581284794093e-05
5.964099847382431661e-05
5.658530911940576677e-05
7.260782630837834737e-05
7.281117273478171026e-05
7.192766393117956984e-05
7.228586672344337167e-05
6.617436362779121500e-05
6.007470074165913073e-05
5.270112410516805961e-05
5.015851935860748804e-05
4.777599956815687873e-05
4.436272590045651771e-05
4.170405801325736446e-05
3.278712674992082416e-05
7.312769461079985922e-06
3.194006128565023950e-06
2.042076692565597406e-06
5.660296525346523332e-07
2.938625257430303905e-07
7.545684736801952294e-08
1.090756146183370619e-08
1.481358311808758477e-09
1.427495342233335754e-09
3.906967787359274369e-10
2.300362639529128501e-10
2.248430764601657709e-08
4.133871793769503562e-08
6.092428576696816210e-08
6.571534045435716063e-08
6.921637391395587460e-08
9.337067883304571290e-08
6.019754749707063098e-07
1.073420191209911325e-06
2.077541832544084555e-06
1.853483311225300517e-05
7.365057679247746965e-05
1.577632630331741808e-04
3.528601927798610100e-04
4.974296944548827837e-04
6.325590462455571742e-04
9.589230455132923339e-04
1.359916713171027301e-03
1.603499284327602461e-03
1.922635535683808738e-03
2.270645988989226406e-03
2.620221404319272775e-03
2.871697878458358017e-03
3.143988385537322457e-03
3.620436106344577989e-03
4.168640402565396315e-03
4.349094978952194011e-03
4.546982623204338589e-03
4.423411466762377370e-03
4.268128411353510655e-03
4.226622481603225373e-03
4.018285519516413308e-03
3.735840741137109403e-03
3.409851733349000217e-03
3.150145732453152412e-03
2.828201493331666556e-03
2.273266233935254763e-03
1.541366860764411531e-03
1.217183700897341405e-03
8.846508818523983507e-04
6.822405376750740333e-04
4.376363717618757146e-04
2.356698627709600451e-04
1.244984753984231419e-04
5.846671896143673029e-05
3.387615794943179875e-05
2.565438378555247672e-05
2.019792481001667658e-05
1.463141168405500106e-05
3.226324381613947014e-06
2.505338125553728401e-06
2.169092911503940056e-06
2.636735948598950183e-06
1.792207827385619675e-06
2.061253397178230872e-06
3.303560173170634644e-06
4.829284113964263942e-06
7.170653318503375669e-06
1.548853401049428305e-04
1.648058538529611464e-04
1.689510454679686666e-04
1.711331317215326506e-04
1.719511335631336915e-04
1.844711984749083727e-04
1.861007742532741211e-04
1.886347340843066848e-04
1.888410414330570213e-04
1.880673970227273980e-04
1.868053125262382171e-04
1.847796100895562812e-04
3.801834087576361123e-05
2.935392251081925195e-05
2.559261499169497808e-05
2.388180233171444082e-05
2.322427582199861965e-05
1.056347276695770315e-05
8.090497670868510417e-06
5.291604115090937537e-06
4.684885328158766967e-06
4.085153869853605633e-06
3.826998376256336723e-06
3.512204924292386547e-06
2.558575878710782518e-06
1.525969644580051634e-06
1.084101546989203427e-06
5.977100647767151213e-07
2.988394219927053677e-07
2.720602378571012326e-07
2.605285172059541401e-07
2.605044997313838843e-07
2.630668015711774792e-07
2.576429758433790208e-07
2.467666247388901478e-07
2.457284414687002551e-07
2.399490476812514589e-07
1.090715431402371823e-08
1.025655367751958723e-08
6.353831204743990144e-09
5.957761178822358466e-09
5.388594127163084304e-09
-8.032565948081606867e-07
-9.177372862439915483e-06
-1.594142045703622119e-05
-3.004327708644326768e-05
-4.045755067882572962e-05
-4.652900431271219625e-05
-4.752082493722346347e-05
-4.874070678616469429e-05
-5.700344030850254518e-05
-5.816972727689398654e-05
-5.912079086355407839e-05
-5.927904153139932464e-05
-5.853858916780795246e-05
-5.017346406470815857e-05
-4.341529559073187408e-05
-2.931345819848538798e-05
-1.889924966625743512e-05
-1.282780239856220355e-05
-1.183598187230362928e-05
-1.061611602516933194e-05
-2.353382502831431491e-06
-1.187094783270212467e-06
-2.360262451248440677e-07
-7.720658178873477956e-08
-8.951217057960510683e-09
-3.329505867967317713e-10
7.868862213253378049e-11
2.497994069875826551e-10
4.391449720770717742e-10
5.596865695716084137e-10
5.802428873647518798e-10
5.982068551161181622e-10
5.982074543491857510e-10
5.982025582027118823e-10
5.982025465922796934e-10
5.982022534244863313e-10
5.339450650015671353e-10
4.422221617541837839e-10
4.265299119648503303e-10
2.611322649338307366e-10
1.469615651275142803e-10
3.330173380078629645e-11
2.993921964998537806e-11
2.797873893740915814e-11
2.859780424071480474e-11
2.859903512341065454e-11
3.041058632932529821e-11
3.360495950088200307e-11
3.500236051767435299e-11
3.500236051759917649e-11
3.500236031710295202e-11
2.817714447559380601e-11
-2.685811803837408909e-08
-3.519241480677172694e-07
-3.327179894243269349e-06
-1.642359706290457476e-05
-1.981882829613299861e-05
-2.643616196361388249e-05
-3.089930289915077225e-05
-3.403381641567449666e-05
-3.739854474128350434e-05
-4.007506571462408218e-05
-4.269986082624082762e-05
-4.390136782534355316e-05
-4.504469238994543136e-05
-4.791134994054220374e-05
-5.034102620713054593e-05
-4.030673219343215626e-05
-5.865548597504629700e-05
-6.318923911641768692e-05
-7.528915408495847348e-05
-8.076071537206667105e-05
-8.512464087318212579e-05
-9.771830230793118570e-05
-1.001231906831696427e-04
-1.223879108784370546e-04
-1.427811914136311753e-04
-1.596715803619696466e-04
-1.709196392759665081e-04
-1.869794997754693679e-04
-2.272523743027555370e-04
-2.706177332860325497e-04
-3.012693177852228919e-04
-4.366551502289525819e-04
-8.733255190812220072e-04
-1.780450839480878086e-03
-2.762735139923306552e-03
-3.338782651870011737e-03
-3.874919833694647278e-03
-4.184642198364714114e-03
-4.375937964389749364e-03
-4.624905286436057500e-03
-4.632407147684586626e-03
-4.663303997921968737e-03
-4.859680884828868064e-03
-5.027957159954138909e-03
-4.968671176565663157e-03
-4.443635700991873522e-03
-3.907395071809188075e-03
-3.621240774620322275e-03
-3.279282273061389589e-03
