-2.150090950228943120e-04
2.876457759751277151e-05
8.671391021820803763e-05
-5.322476350647202547e-05
-6.673199494570052981e-04
-4.646910807258668413e-04
-3.059037146858048961e-04
-6.605171168759834787e-05
2.123902592450242289e-04
6.510435814007123172e-04
1.413431354773862130e-03
1.521456060432251891e-03
1.613895198234864244e-03
1.553587908134330259e-03
1.415866060677724997e-03
1.121634966632082580e-03
9.189855690861400668e-04
8.562623845549734722e-04
7.335628476061928013e-04
6.174119763817086668e-04
4.720772644422137863e-04
4.165029648301214684e-04
4.328017444459666963e-04
3.756006390337202766e-04
4.150095551281448246e-04
5.355635141669428225e-04
5.764089347497725275e-04
6.939635600607760996e-04
8.059773254438795664e-04
1.248244604588442811e-03
1.724174443239472011e-03
2.032685815084406440e-03
2.426191104043000629e-03
2.678350450196153709e-03
2.841990255211658198e-03
2.439189011462729231e-03
2.085312418505421914e-03
1.715802634699632040e-03
1.574046968876608018e-03
1.281214589634728116e-03
1.128734169145028006e-03
1.122517155606127118e-03
9.171632863188335788e-04
9.119072930170239429e-04
6.665338369550897297e-04
6.672516775059231069e-04
6.250201427667467780e-04
6.294759969160764910e-04
8.348771831805955118e-04
9.235210874254263375e-04
1.120551633852444069e-03
2.185006582138947911e-03
2.448812938484165678e-03
2.610955524304719739e-03
3.409418751279932793e-03
6.695243674667721023e-03
9.964373742368224512e-03
1.226983315489102618e-02
1.551206963350196949e-02
1.653978624608749490e-02
1.618975585477135798e-02
1.323769278144518169e-02
1.002715657046967385e-02
6.981727495866236165e-03
4.478787095078977376e-03
3.936909513668184098e-03
4.086439232818361682e-03
3.716422142171646459e-03
3.595725153211746811e-03
3.358993358856710628e-03
2.375220207646975504e-03
1.996647859518930687e-03
1.357049921028821715e-03
1.288035522465198583e-03
1.330387872790095771e-03
1.576788926117477820e-03
1.638493013898243865e-03
1.313158160667788786e-03
1.008974497250207528e-03
6.851659070062398119e-04
4.015738013543081728e-04
2.516097064639968413e-06
-1.871749281705390648e-04
-1.326063442276259065e-04
-5.651135044732729377e-05
-1.840359191573031760e-04
-1.125155346294968718e-04
-1.388193650220394639e-04
-1.552139700821101470e-04
-1.679284496519463149e-04
-2.305520123761706968e-04
2.675126031780581965e-05
1.054360646680703217e-04
1.023439098955727385e-04
1.051500050537897786e-04
-7.863683561950460504e-05
-1.132732162028986571e-05
5.322125547393597605e-05
-4.511774712080601947e-05
-6.035870816084215514e-06
-1.130846062083288760e-05
1.164713935265362851e-04
2.080327119389573348e-04
2.376000326067355644e-04
2.723609216690130023e-04
1.924307556404596272e-04
1.520937355287142246e-04
9.324407805915881770e-05
-1.196681819685429019e-05
-4.919736357986960679e-04
-7.973878105722382236e-04
-9.580237731464218967e-04
-1.045955957353810481e-03
-1.120523941464180925e-03
-1.098935619726102569e-03
-6.640416582156081918e-04
-4.324155381567008558e-04
-1.927298282386001713e-04
-5.079693531059823077e-05
1.947865082895273992e-04
4.021637064542352038e-04
5.068439468809998088e-04
9.811005209420123416e-04
1.027341003142284151e-03
1.082959970609362723e-03
1.585612071850397292e-03
1.519712992534573296e-03
1.482209275184456776e-03
1.045488182074622973e-03
1.100500722982474802e-03
1.083895636291382731e-03
4.806744813397351049e-04
4.906850444260759184e-04
7.321401338311687426e-04
9.042742401940674852e-04
1.021996912790719154e-03
1.282579764292164984e-03
1.498958340959000504e-03
1.767114365157946817e-03
2.020007141085184213e-03
2.316118864315925511e-03
2.840001192670051772e-03
3.887364567455798420e-03
4.966767406536701408e-03
5.856828208568788663e-03
5.710470761808142219e-03
5.775291677865827811e-03
5.777555166860379003e-03
4.898842557865231047e-03
3.489435360891289441e-03
2.303126548792376518e-03
1.917991462649680685e-03
1.272008066438632626e-03
4.679823008986127545e-04
-1.016014267552627792e-04
-3.755044861308736353e-05
-2.787944030047134368e-04
-4.405243943120412697e-04
-4.010878655490124583e-04
-4.391976668914790547e-04
-4.970657514995783718e-04
-6.975073023342036674e-04
-7.201721110988864270e-04
-7.472426733203184042e-04
-1.003371632953616683e-03
-1.358326262108330460e-03
-1.531113667016515334e-03
-1.573917743419869049e-03
-1.681978636083230998e-03
-1.664377273362964947e-03
-1.587286306075730118e-03
-1.478959168900080079e-03
-1.250817459877258441e-03
-1.106997439892168020e-03
-9.377706998544270032e-04
-9.754468448964293339e-04
-1.197103804187046525e-03
-1.189314394277800422e-03
-1.285466748879177286e-03
-1.312890960546986936e-03
-1.314003217257961624e-03
-1.265563936535824734e-03
-9.253338112691256341e-04
-6.854009455388052020e-04
-6.345661450543924704e-04
-9.054150960904169994e-04
-9.993514735411952905e-04
-1.165867522620020729e-03
-1.300463116922997509e-03
-1.388159945308961238e-03
-1.713140391776005016e-03
-1.757852003449841610e-03
-2.150820609257303364e-03
-2.756155762779523288e-03
-2.940056464728184240e-03
-3.167635209996265411e-03
-2.838549427840122378e-03
-2.563580616338332566e-03
-2.326550748291266336e-03
-1.636567246907252035e-03
-1.424533804007519161e-03
-1.484199838897605961e-03
-1.698511996130372620e-03
-1.665444944293478129e-03
-1.551846810711481192e-03
-1.460101445366614572e-03
-1.333085795831519304e-03
-1.015872667909157147e-03
-6.904553941681979478e-04
-6.604546975845366737e-04
-5.906291755840055186e-04
-6.104032251811416674e-04
-5.523814523284549744e-04
-4.504444686434912952e-04
-5.427595503553933913e-04
-4.856072958643569272e-04
-3.516170314542245109e-04
-2.237495865377947622e-04
-2.296175774242326356e-04
-2.894798208320835484e-04
-2.289765247456448428e-04
-1.982760597135330789e-04
-2.146721308955623273e-04
-2.781487436623120493e-04
-4.552273910257363643e-04
-6.862865421308801542e-04
-8.791885961215204588e-04
-1.043821706783364806e-03
-1.024456240176762354e-03
-9.505809745377681065e-04
-9.209957954148742390e-04
-7.584075843985431256e-04
-1.169746598314656870e-03
-2.608093407767684765e-03
-4.832546323615602261e-03
-6.939297902527410966e-03
-8.533609013223138889e-03
-9.401354259862659823e-03
-9.256946700477315312e-03
