beta2
1.081186762634908129e-02
1.103597012631645814e-02
1.129060409578934443e-02
1.129110658190751043e-02
1.138922171641186705e-02
1.163116490395923845e-02
1.149841540374498330e-02
1.105794492862879896e-02
1.083402620841902170e-02
1.060948299505680772e-02
1.053125418794320298e-02
1.037522653063583516e-02
1.013793265782855432e-02
9.879541054864935876e-03
9.565191119545256304e-03
9.537732443567474572e-03
9.848074747293097259e-03
1.047835041592224542e-02
1.034858610386861499e-02
1.039398713367443300e-02
1.061047360284633409e-02
1.071695099407537002e-02
1.070248882927017295e-02
1.074697447679859655e-02
1.077256638588115073e-02
1.125975369820670507e-02
1.144128824426809618e-02
1.176937999855189390e-02
1.194165751855192498e-02
1.201985872475174952e-02
1.206002005130524940e-02
1.220936570920333822e-02
1.266091661636674186e-02
1.332789394324124937e-02
1.340576516083614653e-02
1.332514410605012412e-02
1.326434490878950281e-02
1.308302204048730072e-02
1.250120637972312529e-02
1.209785610887031265e-02
1.187959102974784839e-02
1.207520169171139371e-02
1.204639839501318171e-02
1.210184542515663902e-02
1.218792968492134893e-02
1.203959945670289057e-02
1.170013491932698352e-02
1.183197955249871286e-02
1.204027910751685401e-02
1.221497498153132320e-02
1.254108901214677843e-02
1.297795870802667673e-02
1.353440389868317689e-02
1.421321809644123836e-02
1.519242098469184704e-02
1.569295681810774917e-02
1.661164385052049317e-02
1.741062909756015825e-02
1.768106972832730189e-02
1.799112378951528077e-02
1.839010555038234074e-02
1.849312237159665695e-02
1.841776697666632975e-02
1.780944536698784650e-02
1.734089170667166974e-02
1.685145610460436413e-02
1.641606227753569791e-02
1.644287179861068926e-02
1.609494583091536368e-02
1.574869957198990131e-02
1.531562290495294687e-02
1.504280097737041751e-02
1.486044572983557729e-02
1.455986587461688062e-02
1.428490532430362267e-02
1.411339284410799422e-02
1.396772902668471164e-02
1.331710234901804790e-02
1.253236532714927659e-02
1.178670808355643598e-02
1.204856624966174281e-02
1.185653887105106788e-02
1.174213218791084895e-02
1.168115585927841787e-02
1.159034969926649693e-02
1.140892332228974834e-02
1.119716373943439869e-02
1.160324693330063058e-02
1.146460063892019293e-02
1.135104258560871299e-02
1.132691004890352959e-02
1.116622222089588140e-02
1.083356236095459751e-02
1.065929703120882706e-02
1.041306057653054729e-02
1.043938458944951818e-02
1.043141055087993749e-02
1.050728530929619445e-02
1.050758127221008628e-02
1.046042293242127955e-02
1.032765582617298401e-02
1.036237415522607910e-02
1.044918022411025181e-02
1.050006371371091374e-02
1.051075747024914769e-02
1.047004564206614058e-02
1.047280150291121127e-02
1.021337880684321589e-02
1.004296845188040049e-02
9.846071101197527431e-03
9.801540401795795499e-03
9.776401143981473113e-03
9.563637476743849092e-03
9.353566656917278177e-03
9.432109199904880129e-03
9.490014048326209095e-03
9.612102453671935928e-03
9.845795877237092930e-03
9.813307623247741890e-03
9.805919824206175278e-03
9.726274115536334003e-03
9.732831085888137695e-03
9.921268364317621657e-03
1.004954541831809198e-02
9.882322934461902630e-03
9.717648202827422130e-03
9.563557056870539835e-03
9.501933651663439090e-03
9.558911309503700243e-03
9.728670725704661321e-03
9.807863111564712327e-03
9.927044747958180954e-03
9.981093766822737162e-03
1.029782508368796284e-02
1.051679690955204666e-02
1.075188288547905893e-02
1.062700513624210627e-02
1.046468429413742983e-02
1.036057775897165044e-02
1.044838493635998761e-02
1.034871482658296371e-02
1.038796689185035246e-02
1.035043663634855997e-02
1.038506783028850591e-02
1.072641030593669310e-02
1.117105914047895887e-02
1.155753192299868205e-02
1.174736792010590974e-02
1.179044490967456546e-02
1.229569591890307054e-02
1.272572310137746326e-02
1.325236579938974743e-02
1.333417128764203402e-02
1.292979377987157549e-02
1.231257810849011904e-02
1.172319061164814671e-02
1.144135526777992351e-02
1.146675455245689708e-02
1.151781818676550495e-02
1.132543326789857939e-02
1.105663213391220798e-02
1.087269126997674265e-02
1.102885550672600898e-02
1.128263850539400551e-02
1.132548693345346302e-02
1.111254928215976365e-02
1.113712189903113756e-02
1.105744548633647364e-02
1.079625043526257280e-02
1.036767764635289704e-02
1.002167624703619898e-02
9.901367745936884637e-03
1.015908284637176071e-02
9.931436663424149033e-03
1.009629399969538301e-02
1.041202332323455312e-02
1.075174740596337997e-02
1.059359374949142216e-02
1.045037916353257559e-02
1.089143501151238619e-02
1.111223400655679538e-02
1.105046048013975241e-02
1.101506026951114443e-02
1.121932998434982225e-02
1.147445018300432412e-02
1.179580691741458076e-02
1.178332029016286760e-02
1.158515977868709856e-02
1.091309317598499092e-02
1.076857479127913374e-02
1.071378080187862687e-02
1.063167844866035397e-02
1.029833900463146892e-02
9.960199034254820644e-03
9.451437947418161317e-03
8.920845160923476097e-03
8.598712390815272180e-03
8.767872410058510924e-03
8.944321156768856446e-03
8.827952800636256966e-03
8.805677554268672227e-03
8.818943468538094702e-03
8.859648871529362049e-03
8.890388025529442212e-03
8.344011756425418966e-03
7.861557184978953949e-03
7.575641389543720343e-03
7.390386933202083841e-03
7.377225425068844981e-03
7.365003393360883971e-03
7.700234523862431110e-03
7.930833373900063668e-03
8.129853744746919769e-03
8.357437415354045107e-03
8.955100413294492939e-03
9.508075334757559727e-03
9.716004202967778308e-03
9.631409333573471426e-03
9.637460267499056363e-03
9.605268508944900252e-03
9.801502437616470970e-03
9.909560799793392522e-03
1.008991226703710373e-02
9.942736832009385628e-03
9.930683390959971907e-03
9.908160230642186830e-03
1.019730256827155838e-02
1.047767388880266326e-02
1.093196373174008459e-02
1.093968395658678414e-02
1.089367302320195380e-02
1.081517722001378370e-02
1.094107854647698164e-02
1.130595679159250924e-02
1.154573982198776883e-02
1.178506410959230186e-02
1.185159929136003765e-02
1.169277807338298981e-02
1.149467474312814916e-02
beta3
8.890748231932307094e-03
9.527936375876858155e-03
1.035721474139214213e-02
1.024557101859298325e-02
1.017726687854134462e-02
1.057183303351883624e-02
1.064597598400629161e-02
1.034051268359004357e-02
9.957636032062211137e-03
9.631607541903751402e-03
9.238759487204137311e-03
9.024289022397626731e-03
8.876954177960796541e-03
8.353222243536333885e-03
7.896788671098385268e-03
6.941448777801287155e-03
6.418757938795824694e-03
6.006795414433529698e-03
5.948391489888160341e-03
5.657430766457476230e-03
5.414278370682102000e-03
5.227158551276664920e-03
5.107663996582406142e-03
5.055587460233363847e-03
4.984644187471449703e-03
4.917266217619277631e-03
4.851006380723704020e-03
4.870764331552620077e-03
4.836980910145127939e-03
4.864275453911877205e-03
4.710945260066433035e-03
4.662807189518863860e-03
4.518729671117729940e-03
4.421066561419907497e-03
4.136551190750601542e-03
4.096272196447764066e-03
3.880373075282034408e-03
3.639585704388498787e-03
3.802636551089192372e-03
4.060635886148116630e-03
4.004646521136957099e-03
4.079078344930970809e-03
4.271676754538697440e-03
4.416733861391380911e-03
4.539268802499897212e-03
4.913503223074513343e-03
4.988368878130541341e-03
5.449307285162540739e-03
5.634757267414408112e-03
5.381789738592606016e-03
4.883028016218721873e-03
4.529928012563490952e-03
4.244882096125043858e-03
4.181550523085084820e-03
4.182927739229187758e-03
4.237070160583977438e-03
4.306257518229692632e-03
4.251693789588872549e-03
4.205652454126697012e-03
3.992171940416579766e-03
3.807589768816520975e-03
3.723168997805597485e-03
3.711007630837537263e-03
3.667583436856637971e-03
3.814517232905910611e-03
4.348115747035841659e-03
4.862112800480052066e-03
5.172663352013796671e-03
5.469315949416997044e-03
5.505021001640521619e-03
5.648378431535131319e-03
6.078794821874344834e-03
6.412673003203576971e-03
6.636915876282217103e-03
6.823259333530855633e-03
6.970717664426417069e-03
7.062114418257442114e-03
7.457465154450872158e-03
7.579285515245435569e-03
7.708495334264790430e-03
7.477618186098568959e-03
7.534279670313836184e-03
7.714795424807039358e-03
7.865505536943656270e-03
8.103974763833031447e-03
8.195954269197110870e-03
8.388876256953566035e-03
8.713308334942356306e-03
8.361606793665958201e-03
7.970442552496074390e-03
7.864882255498552993e-03
7.649973650897081909e-03
7.530671353153390278e-03
7.452391895278808603e-03
7.444920011714012409e-03
7.260448885504495325e-03
6.975608345364673821e-03
6.717200908717118474e-03
6.474214935613117200e-03
6.088466305513133732e-03
5.707727893379681977e-03
5.590120104467810776e-03
5.481726756745426005e-03
5.173997753988002733e-03
4.765151973758600251e-03
4.363233684219812100e-03
3.977813866499669074e-03
3.626298496040088800e-03
3.335343245839218068e-03
3.061513127762676388e-03
2.844774374260225242e-03
2.611630694831592638e-03
2.315303231002444929e-03
2.051746045393461684e-03
2.083327432887382459e-03
2.068301855678025651e-03
2.053884641294073145e-03
2.113263975069799849e-03
2.118952417402816205e-03
2.093232332890152501e-03
2.143185787519851122e-03
2.166166291294193379e-03
2.419550268477976308e-03
2.702977255827482966e-03
2.821780240337125930e-03
2.844593544582867811e-03
2.989849277148917683e-03
3.165066085202159797e-03
3.313904896285089878e-03
3.481935143666432288e-03
3.565305069129276905e-03
3.656125898179317033e-03
3.768071068455962694e-03
3.721440203006569358e-03
3.684700736581629846e-03
3.736620486915619328e-03
3.670055217547686655e-03
3.678976208617785407e-03
3.657944613975617522e-03
3.611772458074905771e-03
3.577477509176760564e-03
3.588675733390646327e-03
3.518711384166544817e-03
3.472074022892166802e-03
3.432798519880103736e-03
3.435991673727780815e-03
3.470446658185183733e-03
3.594137957875069914e-03
3.499253489537799099e-03
3.290877508572975611e-03
3.353265131852133183e-03
3.480218222312236528e-03
3.695444726804059631e-03
3.820822236516093796e-03
3.898210309041260941e-03
3.845137371362889432e-03
3.917278179840217103e-03
3.986251549402477189e-03
4.109197716571592190e-03
4.026627404333222790e-03
4.055940995514906687e-03
4.346627743584099285e-03
4.804042147389813583e-03
5.353568096622094395e-03
5.702758017802527293e-03
5.743242399036617082e-03
5.738036438674549988e-03
5.351427407349581764e-03
4.981078136314016393e-03
4.543222412086343753e-03
4.156079003682999241e-03
4.416476977867563741e-03
4.668001712030358033e-03
4.656361141562614415e-03
4.653331558835139756e-03
4.763579551394310843e-03
4.838428226844049274e-03
4.898306776604700527e-03
4.799579551754615953e-03
4.838569935721314698e-03
5.153984554610429973e-03
5.252117975663376202e-03
5.542322773598936346e-03
5.736646612618653482e-03
6.050270153658911937e-03
6.343295237590812138e-03
6.415738315661253036e-03
6.486466090346164337e-03
6.234203365107880354e-03
6.161918583602925270e-03
6.072243826350402773e-03
6.092530239516044666e-03
5.905956065761260552e-03
5.774426149639742475e-03
5.594046606604619921e-03
5.509899855306531723e-03
5.489670338792518658e-03
5.596869395185983739e-03
5.464683640675996323e-03
5.302222215185860982e-03
5.163020392904921207e-03
5.119946293805117607e-03
5.044868673558678546e-03
5.017488607072609699e-03
4.916801084404292740e-03
4.800641800081500640e-03
4.744779473841552117e-03
4.453103218474366992e-03
4.349765204178202352e-03
4.269320151339874719e-03
4.255926455952534562e-03
4.294829867109523948e-03
4.349669517446436845e-03
4.364805923424927916e-03
4.528812678076213349e-03
4.783620939878757000e-03
5.063540850692057650e-03
5.338044165969211587e-03
5.645058706330544074e-03
5.442760627322185130e-03
5.080668215089191239e-03
4.483633658546730058e-03
4.255112579453469712e-03
4.045337976022329342e-03
4.023024144888929024e-03
4.085253109421452429e-03
3.836512804229277613e-03
3.717547960796702480e-03
3.653080319875663673e-03
3.567566696549319405e-03
3.594045959290220749e-03
3.696656339944041220e-03
3.928480206821013260e-03
3.854057393908623744e-03
3.901225316097984945e-03
3.997927620131644030e-03
3.933676628955210496e-03
3.988610916425161523e-03
3.852438612966136745e-03
beta4
-3.809950251796605583e-03
-4.356509962627201638e-03
-5.102279237724532263e-03
-4.765194841868703596e-03
-4.590310851796133851e-03
-4.781175241975138199e-03
-4.560096798659683121e-03
-4.220577351011357663e-03
-4.221393446973848926e-03
-4.217763355722298213e-03
-4.338376162874824429e-03
-4.535981700212170925e-03
-4.642407357269625647e-03
-3.969876320132200917e-03
-3.359023826002791382e-03
-2.802232736679074934e-03
-2.936395607128769632e-03
-2.806839991343425093e-03
-2.720322514484164317e-03
-2.698587347445907669e-03
-2.856146272281302051e-03
-2.623693858780372194e-03
-2.462593438659405574e-03
-2.455369014566510105e-03
-2.760025987389712679e-03
-3.009913759744360651e-03
-3.462410767003072133e-03
-3.830597576919923981e-03
-4.026523994490248566e-03
-4.058294551066115100e-03
-4.188168196293858697e-03
-4.449036257038435638e-03
-4.936945077771076780e-03
-5.582729939207759992e-03
-5.744698639053484948e-03
-5.822341758705148161e-03
-5.836952985953100699e-03
-5.753225494566607118e-03
-5.015882564273375574e-03
-4.229842082666263742e-03
-3.901304916762974966e-03
-3.970948432577494844e-03
-4.233155311779025071e-03
-4.416075408391258519e-03
-4.394434437352885692e-03
-4.112200797414808547e-03
-3.139436342486753590e-03
-3.217934454938690004e-03
-3.221342715950751244e-03
-2.639953234107248348e-03
-1.792031674654082302e-03
-1.528013197474946709e-03
-1.232100184183390623e-03
-1.007281739990101158e-03
-1.572341997930914222e-03
-1.867210480331049464e-03
-2.869346962532306512e-03
-3.673577180039514032e-03
-3.738249092443702778e-03
-4.432791566665964314e-03
-5.364494652103682718e-03
-5.819765374156789933e-03
-6.160231664069300804e-03
-6.147619357748745558e-03
-5.686722166066746249e-03
-5.597991447085387887e-03
-5.350577124148320554e-03
-5.775395570137240378e-03
-6.050037495729794317e-03
-5.834426355185889576e-03
-5.608045905120344864e-03
-5.397723519617432519e-03
-5.914781823069612497e-03
-5.410782756951944966e-03
-5.088297183092550108e-03
-5.136055701701950499e-03
-5.025324468928322671e-03
-4.723644364544685170e-03
-4.658449763413382259e-03
-4.443481107705758368e-03
-4.585260065418232320e-03
-4.197587271734849051e-03
-3.857999701146334979e-03
-3.507912991242141502e-03
-3.159221217243647368e-03
-3.101224192924882314e-03
-3.042418637619153515e-03
-3.037289105617760505e-03
-3.011877665503941495e-03
-2.867998572280571964e-03
-3.049868129782529191e-03
-3.503286067183265882e-03
-3.676013326188048904e-03
-3.974443640542330361e-03
-4.098082995797230552e-03
-3.896739697399569276e-03
-3.772934476742264079e-03
-3.835206433554744047e-03
-3.825951064290880957e-03
-3.936099111818244962e-03
-4.133703750859299073e-03
-3.942598237722700315e-03
-4.064579866504467592e-03
-3.890463343079121790e-03
-3.646503573769816105e-03
-3.443783817204744586e-03
-3.236737918779302586e-03
-2.856551326691301324e-03
-2.744981174073192996e-03
-2.741944453573976620e-03
-3.115166561701860314e-03
-3.320662119915978022e-03
-3.534572066287905000e-03
-3.346372119193431836e-03
-3.445655550671852460e-03
-3.418850411171785175e-03
-3.582489215283128463e-03
-3.639526525725157984e-03
-3.516050861171446384e-03
-3.419157434941075269e-03
-3.423607507637319285e-03
-3.299306261365363493e-03
-3.247301105483302829e-03
-3.392685580106806660e-03
-3.375730616621226265e-03
-3.069829796283562139e-03
-2.941765605281540866e-03
-2.924752558416726135e-03
-3.075243058420225328e-03
-3.110877869798265270e-03
-3.197498641651468944e-03
-2.995813199294263766e-03
-2.780221087831285902e-03
-2.700631722486715632e-03
-2.635807836817191489e-03
-2.442035736003021068e-03
-2.230109458889398353e-03
-2.128660034347087775e-03
-2.032217553389386189e-03
-2.204932726740047640e-03
-2.293010797308131683e-03
-2.605889628676564922e-03
-2.860641413571902991e-03
-3.175382124385799434e-03
-3.732397365316414417e-03
-4.275309985026124610e-03
-4.758018401094098182e-03
-5.335861305342372816e-03
-5.794695041308944861e-03
-6.204828282451687813e-03
-6.226658777830443650e-03
-6.114752460749427534e-03
-5.529008992779569677e-03
-5.263593872064016924e-03
-5.201597561996218304e-03
-5.215358746539836693e-03
-4.786742625543656884e-03
-4.100908227488785085e-03
-3.562446063242187023e-03
-3.088928129615985379e-03
-2.769648696713322006e-03
-2.740745454212888815e-03
-2.485693601679406575e-03
-2.150940011953613937e-03
-1.877650199807544013e-03
-1.937551671342115610e-03
-2.021756581321526927e-03
-2.090630938228063389e-03
-2.154301244022085483e-03
-2.401517072376555852e-03
-2.709524121213768670e-03
-2.408994246500008145e-03
-2.017957367286935151e-03
-2.170380645494573123e-03
-2.373135572183862965e-03
-2.468216817026482133e-03
-2.572460418950432877e-03
-2.376782424139377292e-03
-2.238796274212992952e-03
-1.826806571429513996e-03
-1.497639625373978992e-03
-1.270685953984470977e-03
-1.163376565572697002e-03
-1.189717768382628216e-03
-1.058266094855240614e-03
-9.592235050220553581e-04
-1.012988562382786647e-03
-1.043512372188886176e-03
-1.065163003980453167e-03
-1.234183434324675425e-03
-1.328417687409737561e-03
-1.439836897364278265e-03
-1.388999508513115433e-03
-1.352208508931969193e-03
-1.492543165825435669e-03
-1.497354053834951040e-03
-1.550541045775011284e-03
-1.538469357683190566e-03
-1.462981065153201761e-03
-1.595354946009562569e-03
-1.477418992363023010e-03
-1.563256401198264995e-03
-1.654876575496294720e-03
-1.621163134421823183e-03
-1.655665487559392773e-03
-1.787557303440715428e-03
-1.868741055649635659e-03
-1.926634776351692337e-03
-1.860680216778817309e-03
-1.816038584019284609e-03
-1.764640981738478318e-03
-1.799462475924389245e-03
-1.847641129764930048e-03
-1.824898662432594167e-03
-1.940365907581214711e-03
-1.994699925118293554e-03
-2.411015323031131651e-03
-2.754152409217966533e-03
-2.847741180202662675e-03
-2.775963793679408868e-03
-2.708392100928610526e-03
-2.615633429783860431e-03
-2.611566446042695895e-03
-2.543455348826180636e-03
-2.298505192692083376e-03
-2.069623369278348387e-03
-2.422160742691946162e-03
-2.693859264953592757e-03
-2.657936000518510648e-03
-2.537186026936119870e-03
-2.481558937655852729e-03
-2.514557609045521211e-03
-2.944926940096129903e-03
-3.178950126407822409e-03
-3.185163789627231193e-03
-3.142364399833970541e-03
-3.169773890039234016e-03
-3.105578249081043015e-03
-3.012015804374612322e-03
beta5
6.621982964180384620e-04
7.297011709408336710e-04
8.441482425970911474e-04
1.055163626270610696e-03
1.287811383945937360e-03
1.417979815008468467e-03
1.566158166097052348e-03
1.810705582834741534e-03
2.136418609066273282e-03
2.504242220980848043e-03
2.804134857840212720e-03
3.304461128503991159e-03
3.600649730634720731e-03
3.688945595032067353e-03
3.811344721464687835e-03
4.594755831792389153e-03
4.761464666342501116e-03
5.471861978803765209e-03
5.442637838051472138e-03
5.524527242501036176e-03
5.767411451048086099e-03
6.116548338518516467e-03
6.403193027819479091e-03
6.414073685949032988e-03
6.517280733410344903e-03
6.495537421787960473e-03
6.157593780037779428e-03
6.142091156712598324e-03
6.313395644658346961e-03
5.980999238871763379e-03
6.097147844558692756e-03
6.174516392024567875e-03
6.292950643270131886e-03
6.234516147750031670e-03
5.956218091758045709e-03
5.115742583301510771e-03
4.435938745112331591e-03
3.874018228229652965e-03
3.522393424776722008e-03
2.571135777164963894e-03
2.540643074323646611e-03
3.199773142755892551e-03
3.982444737700631399e-03
4.657645772340186785e-03
4.944927735532681640e-03
4.707337739381247006e-03
3.791367295620559630e-03
4.585803137290299196e-03
5.157597890138827107e-03
4.498063139220020989e-03
3.711727584604721138e-03
3.512623982968897558e-03
3.572024317275797681e-03
4.733881342970057415e-03
5.924338125001551991e-03
6.242318778459361381e-03
6.252875728219718654e-03
5.752924010425959980e-03
5.222113532763751967e-03
3.794606947779483215e-03
2.090822902148002128e-03
1.138285002301597446e-03
5.141039868458039883e-04
3.532826151704923558e-04
2.687540462945093049e-04
2.308784428182567071e-04
2.145412536516040115e-04
5.364856456141310182e-06
-2.310406755699100827e-05
7.628325481331686543e-07
1.862692775214867228e-05
2.957592547167162914e-05
-1.154978856519431633e-04
3.487557591951797491e-05
1.650462684065141013e-04
1.917614709049628738e-04
2.521417400722746191e-04
6.992692906366590293e-04
1.163488922072662213e-03
1.862509466502844857e-03
1.479336470743451096e-03
1.697061861768920255e-03
1.600336780801990284e-03
1.437576212928848036e-03
1.246293020289541194e-03
1.237852486689176162e-03
1.338447527609337500e-03
5.473390516015676222e-04
8.385013475404024495e-04
1.163556811141138684e-03
1.454867302935818237e-03
1.862433555668013916e-03
2.317269457945564989e-03
2.852946033025898290e-03
3.588154467404936886e-03
3.639514605761562382e-03
3.793713388919190896e-03
3.744495484828230109e-03
3.909578513675186946e-03
3.479618480759443400e-03
2.987753160725522411e-03
2.834194503485023154e-03
2.827735377845951199e-03
2.634280030910794018e-03
2.100195760182495090e-03
1.773660748093883752e-03
1.560902663584822370e-03
1.606724200371069475e-03
1.465822973536331716e-03
1.288374707482907878e-03
1.183651054676107366e-03
1.012830553582997738e-03
8.597121092141098674e-04
7.767824258052002939e-04
7.225342687050401429e-04
6.126814891843498315e-04
5.160189224722510704e-04
4.863674413270656859e-04
4.262403298332793260e-04
3.496850078154981642e-04
3.115692388632256785e-04
2.594582136970048159e-04
2.863644259184599497e-04
2.745237662582894998e-04
1.731657500947873080e-04
1.539258601815508398e-04
1.688468618116152110e-04
1.602311213729433709e-04
8.621709535639425362e-05
4.760794228429326991e-05
4.426634273500319896e-05
2.652644902461525657e-05
8.790667623753344685e-06
1.239914191917080644e-05
5.461407998688382329e-06
2.543581934630617291e-06
1.438871613589285421e-07
4.595258511620600977e-09
-1.247009453960278045e-06
-3.263953391567357511e-06
-6.510873489571712159e-06
-4.419242618208915792e-06
-6.648513749522712676e-08
1.242665671118787014e-10
4.477176267963066804e-05
3.924039689400963876e-05
1.818989907426034076e-04
4.397188594141443084e-04
5.942253448668451338e-04
4.737247853399815969e-04
2.408016357851371710e-04
5.295325231617106874e-05
-3.925118908793588868e-06
-5.817828202822608114e-05
-1.410686205607790313e-04
-2.092040691976080908e-04
-2.391945667964920656e-04
-3.570697376289605767e-04
-5.626026204796758228e-04
-6.094712585800804092e-04
-6.316145201551949181e-04
-4.158087298237441234e-04
-3.266456347395545103e-04
-3.295847110289174464e-04
-2.423258672671219636e-04
-1.190728305486917664e-04
-4.804656212979670416e-05
-1.052419115715815754e-06
-9.892145627219914886e-08
-8.703498949250318645e-06
-1.812670967211692523e-05
-2.174186188035545742e-08
8.297839659728209856e-06
9.596729334494363004e-06
3.062095776439624294e-05
5.194520880320778157e-05
7.331123790547543380e-05
7.515631537270064803e-05
8.248011141300700387e-05
3.131019628521579992e-05
1.396739271403932427e-05
2.556975255307461639e-10
-6.393147446828533102e-06
-1.621776726532232920e-05
-3.182103352911547082e-05
-6.320045815828950991e-05
-7.431110631339874525e-05
-8.487693021331237542e-05
-1.256363660168268608e-04
-2.219432960826428318e-04
-2.144531920243226324e-04
-2.559208764606688284e-04
-1.802596052888664699e-04
-1.228195746634585606e-04
-9.823624168426826019e-05
-1.172043287262967916e-04
-1.861566475074212816e-04
-2.994152581392943153e-04
-3.825771076068250820e-04
-3.669885029575084903e-04
-3.646900516249210059e-04
-3.675282875417089715e-04
-3.756622034430003162e-04
-4.473605706231895953e-04
-4.522784492460256022e-04
-3.957474926546370331e-04
-3.061231666446317381e-04
-3.013539958315341227e-04
-2.625029697075938065e-04
-3.073554307373800500e-04
-2.626640877090889248e-04
-2.398349709238510781e-04
-2.131676112535972449e-04
-1.916216170647238627e-04
-1.595386958539161580e-04
-1.125257351999131941e-04
-3.258022480550342586e-05
-2.124734904634012532e-05
-8.077805548839058329e-06
-2.207222259486590123e-05
-5.312979667220430662e-05
-9.215983997163393815e-05
-1.372979287249223351e-04
-1.557665295157800722e-04
-2.177557482038292740e-04
-3.284261279864088409e-04
-3.817647900969307374e-04
-4.252288193428068602e-04
-6.182046870358457683e-04
-6.037589797323907308e-04
-6.040273442521168663e-04
-6.368611465203972283e-04
-3.279155357481767998e-04
-1.965238984119131575e-04
-2.133474689580612559e-04
-2.546111308082822482e-04
-2.189112141995582287e-04
-1.529325932867178143e-04
-1.358666962483197978e-04
