2.550224260701757732e-03
3.784042201816294627e-03
4.853946571334113308e-03
8.225601983296563016e-03
4.264181134774075064e-04
9.317802783743029922e-04
1.490613273843247565e-03
2.172145953526485960e-03
2.150270694784311380e-03
2.374590278727650109e-03
1.958798931417093502e-03
1.906650994592272441e-03
2.134320733068159875e-03
2.431512289670522201e-03
2.777289492586478611e-03
3.038483840823647496e-03
3.165238527535831764e-03
3.804987767909920240e-03
4.325645325008492699e-03
4.253373054800690424e-03
4.781778271993966829e-03
4.742934377656227336e-03
5.449714450773288088e-03
5.098079878067258812e-03
5.402033242264159783e-03
5.072299387039406332e-03
5.119173142629055567e-03
5.177777112245525969e-03
5.706576840132614181e-03
5.737938078129322175e-03
5.349617177657107862e-03
5.288128014937759809e-03
5.043385574002594643e-03
4.900687147206794422e-03
4.976035970725599042e-03
4.691553012792551089e-03
4.142680857671752342e-03
3.760846578843779747e-03
4.428276493911036289e-03
5.946477687194346058e-03
6.066128830806765890e-03
5.071770079294488261e-03
5.178898722455915760e-03
5.680926623422653983e-03
5.602239676389291108e-03
7.102401270464176603e-03
8.007327676564205549e-03
8.906562223000392270e-03
8.868295245565909618e-03
9.152231743562479205e-03
9.193475837893929151e-03
7.966919286734482769e-03
7.370910261621733441e-03
7.237101784785136306e-03
7.321021256494054767e-03
8.202625575938675070e-03
1.063933844248176643e-02
9.270639624294252368e-03
8.748401600887772966e-03
7.643762225883136974e-03
6.799377844347535144e-03
6.082624309700022588e-03
5.724306347602366347e-03
5.452327607581170139e-03
5.410298442803416347e-03
4.855554624746588437e-03
4.184775926778528873e-03
3.386977475755590956e-03
3.068440861720941534e-03
3.051945788389616963e-03
2.528280082096065993e-03
2.408346864687045067e-03
2.714686204538521112e-03
3.177492136877973442e-03
3.409680348827974754e-03
3.226969521808903917e-03
2.664667195306328305e-03
2.779758439848061848e-03
2.650410032433468850e-03
2.869978906064469572e-03
2.516104736412621331e-03
2.694795278156017580e-03
2.519387612137423318e-03
2.758953929538429054e-03
2.440787900536665455e-03
2.025570059469021262e-03
1.882142776637547085e-03
1.691760330714440694e-03
1.336058474209298125e-03
1.371146435152324067e-03
1.513536676118457883e-03
1.044489421967767159e-03
1.161709298212441855e-03
1.231968666682492150e-03
1.108588620715802303e-03
1.355585328802619977e-03
1.374748015930278653e-03
1.348581509873023531e-03
1.421978686378630539e-03
1.382999951485074314e-03
1.202884963574542623e-03
1.150587783300032266e-03
1.098245883646897488e-03
1.430807555395992303e-03
1.457223215250365604e-03
1.389370580195425139e-03
1.520083998695828274e-03
1.712913600867882078e-03
1.618685270454464078e-03
1.979044588898736315e-03
2.047793342581078098e-03
2.586598951385383517e-03
2.576645933776198528e-03
2.273093761532904780e-03
2.328623838992663255e-03
2.071707253468954915e-03
2.456968857182966447e-03
2.441039959319993551e-03
2.582580666355839983e-03
2.097727004156570239e-03
1.654640905119955738e-03
1.724546903358318466e-03
1.802814663746865219e-03
1.995504935076150566e-03
2.351544715959617230e-03
2.032893647183431872e-03
2.179041512579677538e-03
2.426851367261324052e-03
2.809290977370754519e-03
2.880148570570312261e-03
2.674855363966108842e-03
3.295858791233259068e-03
2.787259944290867118e-03
2.521763782240365580e-03
2.335715695412994911e-03
2.561405384711264253e-03
3.366677933745918037e-03
3.164933907420219676e-03
2.250712615287010776e-03
1.225680190471064093e-03
8.533656981467689379e-04
5.152627921549805552e-04
3.108755778364339826e-04
1.242385933816639667e-04
2.841175862356770516e-05
-1.212206863352831976e-04
-1.457774358209403280e-04
-2.625478731832838353e-04
-4.652671543780349079e-05
8.800919280871458182e-05
2.754168494905074585e-04
3.963485628055697608e-04
1.135386819337896928e-04
2.152739746474238410e-04
1.757831327686480390e-04
4.895098237342811491e-04
6.626741918402983449e-04
5.389873090072026330e-04
3.693720741894561464e-04
-8.382432311629189024e-05
2.275222920074096883e-05
1.453254185207464831e-04
1.282281245036154789e-05
-1.430363739553527989e-04
-1.293775315291079370e-04
-1.769354336808378768e-04
-5.730337368994457880e-05
-3.182490476764700260e-04
-4.109188381127069196e-04
-6.680228049085497463e-04
-8.728625052775390667e-04
-1.054313326571066495e-03
-1.269085272613001058e-03
-1.421586954826472302e-03
-1.340852449888220877e-03
-8.940393712716246735e-04
-5.902896591504142899e-04
-6.197191573931244875e-04
-5.486498510738758820e-04
-3.388073919505996318e-04
-5.095128942716817136e-04
-4.321655595305327262e-04
-2.692063220809708590e-04
-5.240858603857024835e-05
1.112774044570644235e-04
5.277357496129582963e-05
-1.773721707737078870e-04
-2.705265686742449466e-04
-2.498938199715410795e-04
-1.644927381665148888e-04
-1.915512494496059734e-04
-1.605703766575122918e-07
-7.678851194168831180e-05
-1.095958465370890951e-04
1.136783283631812144e-04
-6.945122606237763519e-05
-8.340262343116964291e-05
1.989309733916487999e-04
4.374774297356277515e-04
7.515795522432968225e-04
1.242681657487597824e-03
1.591110709714658750e-03
1.527845059628377654e-03
1.354183254112582011e-03
1.171014391920721306e-03
1.265301803302312398e-03
1.379750314732859900e-03
1.530418571950452680e-03
1.525046103983254469e-03
2.215232595811062518e-03
2.409974695275342998e-03
2.112025842921270991e-03
1.876046367742260608e-03
1.869274654722383492e-03
1.868500345536468731e-03
2.494687903387207261e-03
2.426626367800683009e-03
1.849638744119749129e-03
1.778807146362855734e-03
1.976646326713080940e-03
1.241105676352817228e-03
9.139485479261082786e-04
5.502167603670660417e-04
2.294010502458599169e-04
1.423527699564797265e-04
9.663197289163143677e-05
2.041961302304670298e-04
5.481051128791167640e-04
3.923456475839432280e-04
4.547571586045474879e-04
7.115188249816275677e-04
6.962772111582287348e-04
3.616677418591564405e-04
1.230199876585991745e-04
-6.342801143692514067e-05
-3.149053667843638754e-04
-1.662486989532443473e-04
-6.682475215882802849e-05
-1.185658304957229063e-04
