6.534449048082804782e-05
3.635971349806907366e-05
3.039970854557442096e-05
2.390922808467594367e-05
2.010803256117506081e-05
2.050214711946213197e-05
2.803192711092313753e-05
3.660020138527082703e-05
4.744563256861976277e-05
6.432632795506868092e-05
7.878218227128915918e-05
9.042534177309875679e-05
1.039313017467637297e-04
1.652947903295017874e-04
2.170179950168340491e-04
2.739916115919734216e-04
3.196959915703062182e-04
6.017981617610256495e-04
7.777787810727313607e-04
8.349171414548376595e-04
8.136550458312648238e-04
7.929570539897488196e-04
8.244932791442988575e-04
6.580177740200843532e-04
5.835469133540714106e-04
5.178176965287907595e-04
6.887407069055699648e-04
8.276705156596378963e-04
8.428785598333398722e-04
8.528398208771668975e-04
7.896273072152108384e-04
7.794684169574769665e-04
6.254240520480256870e-04
5.061181506520500339e-04
4.959850801580396049e-04
4.902497500287516727e-04
5.185464473919012413e-04
5.147837132972336643e-04
5.053601366192501465e-04
5.595609390396335571e-04
5.701442774605761836e-04
5.190480042893534131e-04
5.254398019207924065e-04
5.358762286084931556e-04
5.872149551949083779e-04
5.546412618512599991e-04
6.961486572559214036e-04
1.001992962116948988e-03
1.219788176305126176e-03
1.467355952620611565e-03
1.474291288389261226e-03
1.407209399010224578e-03
1.193491346434301902e-03
8.462671238726437442e-04
5.255639945271601112e-04
2.203596083482932313e-04
1.110768945608044383e-04
8.479693948266416894e-05
4.983330335855106348e-05
8.394189611458940806e-06
6.716474752423184313e-06
6.238287814138854220e-06
5.466627728991767260e-06
3.681765088591282826e-06
2.684078426898598346e-06
1.358175359667157086e-06
1.031579350287411886e-06
6.153246819067452960e-08
2.851886007642845832e-10
2.461428175807018833e-11
-5.250862193762470138e-09
-3.122019507984735899e-07
-5.831399714799584279e-07
-5.992173260634519980e-06
-1.210393485408497675e-05
-2.006966903981440473e-05
-2.804938286106474962e-05
-3.888525513202431035e-05
-4.368023167468039800e-05
-4.819304558939078049e-05
-6.549479330867593230e-05
-8.713953972251154995e-05
-1.488852947911499004e-04
-1.517945596977690517e-04
-1.500064671286792709e-04
-1.427402874291206576e-04
-1.219263274614144411e-04
-9.473150521070683135e-05
-2.766297265691487352e-05
-1.373938596222911629e-05
-1.048407959664993115e-05
-7.986394412564920946e-06
-5.409396741477833489e-06
-2.993906604234387214e-06
-3.316947960538387453e-07
-2.031943327087843849e-07
-1.806531459173682004e-07
-1.457823925177593617e-08
5.758784025747070033e-08
3.454697693202467696e-06
1.302862466801818176e-05
3.139191863813819272e-05
6.075471985124200462e-05
1.089085539725241658e-04
2.062811984617594224e-04
2.569955818334407360e-04
3.171321472497704540e-04
4.865183144916471539e-04
9.712507541548527157e-04
1.907560701098510612e-03
3.288851703915662925e-03
5.309904654293946119e-03
6.655175275671438954e-03
7.965282160488773924e-03
8.908171487686753279e-03
9.406660614213012764e-03
9.240799902422274989e-03
7.728118854763391977e-03
6.589485327010455133e-03
5.160560698031906382e-03
3.710518236008412355e-03
2.229224403686140207e-03
9.213168228289462950e-04
3.617598092675789107e-04
9.117195604895411351e-05
3.042936588324209938e-05
4.149915445274230687e-05
8.255833263039598314e-05
8.660284666483856195e-05
1.013008563862212376e-04
1.056816921356265154e-04
1.060789783041467954e-04
9.147350173968565683e-05
5.094694360631863437e-05
4.274322125492202454e-05
2.549442086723103989e-05
1.611311409191386418e-05
8.681673291180382466e-06
7.285880118355282115e-06
1.041159543200037431e-05
1.944998354973701232e-05
3.256869329855389901e-05
3.593869531533073710e-05
4.067754531358294852e-05
5.121912974703163264e-05
6.100640732121309298e-05
6.838039291983264898e-05
6.572547561083891894e-05
6.694804237113528356e-05
6.280022757570190349e-05
5.029385285648666003e-05
3.518697419086423380e-05
1.798883974282303904e-05
7.149623798264137325e-06
1.797793250552785391e-06
5.178578786811533218e-08
5.923292910607607237e-09
-1.031282029969922602e-09
-1.262014782043075793e-09
-7.276168274923140423e-09
-1.215494931699086123e-08
-1.305809791454030816e-08
-3.455067306687061857e-08
-3.746570120056378330e-08
-5.320352655637850049e-08
-3.451041361153068149e-07
-3.058484890089741928e-06
-2.207361418654596894e-05
-3.008886249773948585e-05
-4.681714237115172888e-05
-8.175762576850943524e-05
-1.338405045323098712e-04
-2.429626641960252965e-04
-3.292151257185914055e-04
-3.848802445534235065e-04
-3.892698468336916874e-04
-3.691707768761079769e-04
-3.240217009099941817e-04
-2.309235944693144164e-04
-1.415258116248985937e-04
-8.507870550132869060e-05
-6.844238547056438282e-05
-5.497697009016947980e-05
-4.862493977584066417e-05
-3.067125706513007901e-05
-1.559224245521247476e-05
-1.779941436403889004e-05
-2.345675351109390383e-05
-5.083837358924386753e-05
-1.022761997681486459e-04
-1.314272685227193735e-04
-1.367096393453146681e-04
-1.281318327944558431e-04
-1.186893884364559619e-04
-9.057349445987538967e-05
-4.509198942916137681e-05
-4.188465734300060285e-05
-4.447860890126139911e-05
-4.411507236242638791e-05
-4.357706538666696001e-05
-4.301728479788475683e-05
-3.618412815846121748e-05
-9.541648516957556840e-06
-1.471330689195293443e-06
-1.020524115074666305e-06
-9.244137128458222949e-07
-8.265018788183697550e-07
-8.236511288192591695e-07
-7.337640545713978541e-07
-1.359723260448683009e-07
-5.976123481220916299e-08
1.766052296628666721e-07
4.797384731204290792e-07
5.407478997203670812e-07
1.040470195588437406e-06
1.873975851199823265e-06
2.065536445194115732e-06
1.977574476240742093e-06
1.864094893692453113e-06
2.759803244586311274e-06
2.642930304437943940e-06
2.704003213880965486e-06
2.577328731370892448e-06
2.509272090898405529e-06
2.319934544232227597e-06
1.363852054811813860e-06
1.012515571129729969e-06
7.065809871773149110e-07
2.065770532590235029e-06
3.386577540417983818e-06
1.182301156423149765e-05
1.404574998854299016e-05
2.495034141359358713e-05
3.475670132205060849e-05
4.914657588665384135e-05
6.422344437345007672e-05
6.267833220751584870e-05
6.466034530321182645e-05
5.654322285037585884e-05
