2.540990920647032136e-02
1.527595001967751824e-02
1.153266416746420719e-02
7.919131115386036923e-03
6.732895273616451570e-03
5.963475453057834504e-03
2.049158562785547474e-03
1.191920677433995794e-03
-3.663474729783237644e-03
-1.291661740623576728e-02
-4.522808239951046222e-02
-9.486329020968320425e-02
-1.681074910553749246e-01
-2.106983184239461793e-01
-2.072237898283633140e-01
-1.965151244009148979e-01
-1.633755110188876147e-01
-1.142727984988951562e-01
-3.978365098513017561e-02
4.903365031589806966e-03
-7.062749096499552903e-02
-7.864044116645553528e-02
-7.838866849991721342e-02
-7.781414358159131905e-02
-8.323406583962651706e-02
-8.575244123531629292e-02
-1.379127906379508904e-02
-1.134569801846823101e-01
-1.509192826823204103e-01
-1.542217551008809029e-01
-1.531391378126022440e-01
-1.562810577975507764e-01
-1.574048169661360075e-01
-5.656600046161634060e-02
-2.387772662812248994e-02
-2.527486180034152832e-02
-2.395742044729921513e-02
-2.159134652831547554e-02
-1.989454380113482579e-02
-1.508608877141395972e-02
-1.449370608027418517e-02
-1.336566125747089273e-02
-1.446013232093964172e-02
-1.985029433107065797e-02
-3.224845987429390132e-02
-5.053111144495820578e-02
-9.743168085037501314e-02
-9.796405074995756523e-02
-9.943287919455801038e-02
-9.331631143805017847e-02
-7.637538174648247913e-02
-5.636960094081138600e-02
-8.377381348400483527e-03
-4.512119606069469983e-03
-1.687523303816468312e-04
-1.448011861306657422e-04
-9.734587641719106080e-04
-1.706898728043982618e-03
3.058035854960229610e-05
-7.255304978214944774e-04
-1.926969200709904156e-03
-1.962176448160306112e-03
-2.540862396048753323e-03
-7.926420818984670005e-03
-1.141767439857066004e-02
-1.246705627736692003e-02
-1.197902372598700325e-02
-1.234097606644225277e-02
-1.199233414801171606e-02
-6.824377754908233541e-03
-4.650619109730449487e-03
-3.286316891419209778e-03
-4.740627999282884600e-03
-4.153988026855027701e-03
-3.980936255518443233e-03
-3.738754296904238123e-03
-2.788560317339298326e-03
-2.477358929241609258e-03
-6.177901554133861592e-04
-1.889170470031688342e-04
-4.244212810977940836e-05
-2.701967057547344383e-04
3.088081335097716401e-04
-7.778660646904704025e-03
-4.120238490649884289e-02
-1.249653876738546221e-01
-1.389927810061847291e-01
-1.525176478218132903e-01
-2.012238131598773627e-01
-1.930545269359623950e-01
-1.592308343342710708e-01
-7.618497919918439110e-02
-6.242231667546816604e-02
-4.916467922426886322e-02
-1.140504975249182927e-03
-1.315912919419509955e-03
-1.868287956683969617e-03
-1.421051776265791445e-03
-5.064755052871242613e-01
-5.058355289008361622e-01
-8.363186797658087590e-01
-8.372995468786551543e-01
-1.111101491295473531e+00
-1.111489711811602943e+00
-8.949407670297104822e-01
-8.939746729662237934e-01
-5.662283519633156681e-01
-1.169986959677200566e+00
-1.347749007592426551e+00
-1.350623541150075324e+00
-1.634794035946103952e+00
-1.635383598259677163e+00
-1.652287078886768734e+00
-1.045106846662995137e+00
-5.902304257516061137e-01
-6.411880899511777088e-01
-2.277182107800428401e-01
-2.989084941656826033e-01
-3.087220852773271407e-01
-3.198179332429631483e-01
-3.322890156350750690e-01
-2.786353027104535585e-01
-1.230943011655900032e-01
-5.184615101315232649e-02
-2.258192067395450864e-02
-1.400759091009776830e-02
-8.407847634738195575e-03
-8.128090628051715810e-03
-4.329346964888093445e-03
-6.554468172558388511e-03
-5.692564397772106703e-03
-4.963819407284898906e-03
-9.330772059546575551e-04
-1.347255307819634042e-03
-1.098692741185334967e-03
