1.682390055962710435e-02
-1.904492273264414906e-02
-4.226291035925090755e-02
-5.053434707637832757e-03
-2.341294099728491365e-03
-8.261496197069848058e-02
-6.273252593435789393e-02
-6.429281025204815203e-02
-4.599910345834463260e-02
-7.930082755442210973e-02
-9.642106377286795149e-02
-1.862571466497105754e-01
-1.601949509086165180e-01
-2.249235256699229912e-01
-1.479511641010841094e-01
-2.260978401535946314e-01
-1.390694014192973005e-01
-2.372237445900333974e-01
-3.396331035859038172e-01
-4.293292465363769961e-01
-6.364641172752386611e-01
-7.978417526033799723e-01
-8.711743884197843402e-01
-1.105068159910574277e+00
-1.589820552167660939e+00
-1.699898696142638332e+00
-2.547801789674904338e+00
-3.252424949375798402e+00
-4.047581372370721020e+00
-5.808356681014968714e+00
-7.298644847989963047e+00
-1.613373688307481180e-01
-1.112224654012035213e-01
-1.458235827823934072e-01
-2.755304594696665887e-01
-2.393720543243963161e-01
-3.286108886798181361e-01
-6.514507551972723576e-01
-3.879986569757709614e-01
-3.772840012726044745e-01
-5.445059464121313475e-01
-2.407860072203824586e-01
-7.953063630900883973e-01
-1.202583899006430146e+00
-1.672198863943930247e+00
-2.565420417035234824e+00
-3.510470990956686688e+00
-4.286078603953181521e+00
-5.019191165146070333e+00
-7.200398111055519301e+00
-1.194508681475318745e+01
-1.297773080589610295e+01
-3.634987475496786136e+00
-5.513401542664152721e+00
-6.196979742707592997e+00
-8.581113953809428097e+00
-9.380207988639474692e+00
-2.243553339657261603e+01
-8.272513191755235251e-01
-3.821003463394400668e-01
-3.760921284532320885e-01
-7.775469053199787761e-02
-1.377700499134510981e-01
-5.034290938448408165e-02
-5.246816639262066179e-02
-7.778060237815134781e-02
9.439198142469891559e-04
3.955748804158854340e-03
-1.682415032173485009e-02
-1.062468772579348991e-01
-3.335506899122644281e-02
-4.793973050631255423e-02
-9.995044976218338609e-03
-5.966937505148377230e-02
-5.487395405392810760e-02
-5.313589389592672865e-03
-1.594248126710205021e-02
-3.149968002390492183e-02
-6.312352330035136960e-02
3.814290226106595988e-02
2.226946663295266068e-02
3.419577453502785271e-03
3.948932848794400700e-03
4.245646777614396974e-03
-2.285931943838136280e-03
3.521012613259522778e-02
-4.597299051767132078e-02
-1.059805103813712818e-01
2.286540426528324566e-02
-2.905645021352020602e-02
-5.370698403335097404e-02
-6.186313830140602321e-02
-9.931216559658359241e-03
-5.301096087327469841e-03
-1.526173811666501397e-03
