-1.425731110848857200e+16
-7.189853350692969000e+15
-3.278530394837596347e+22
-2.458897841161878949e+22
-1.423342577608234841e+23
-1.187139413209016204e+23
-1.017548068464871248e+23
-8.962685563940998270e+22
-5.084140169070234086e+26
-4.575726154492268775e+26
-4.159751049538426284e+26
-3.813105128743557541e+26
-3.813105128732181032e+26
-3.813105128732079327e+26
-3.813023167440668351e+26
-3.813023167439289151e+26
-3.840217461378535958e+26
-3.840216951079267892e+26
-1.301556088428417678e+27
-1.301555694161985118e+27
-9.203049327188105354e+26
-9.203049325247222690e+26
-9.203049325247222690e+26
-9.203049325247222690e+26
-9.203049325246719664e+26
-9.203049325246719664e+26
-9.203049323290240427e+26
-9.203049323290119480e+26
-9.175343933204908889e+26
-9.175343933204908889e+26
0.000000000000000000e+00
0.000000000000000000e+00
-1.980691320688576161e+04
-1.980693252245902477e+04
-1.964041601114375590e+04
2.843627444744741917e+08
2.834826728221617937e+08
2.834777355598710179e+08
3.543579877866187692e+08
3.543242755499769449e+08
3.543387583708502054e+08
3.544983144851005673e+08
4.232159374692916870e+08
4.232149619133570194e+08
4.235363767682490945e+08
4.235363607813703418e+08
4.235363818047051430e+08
0.000000000000000000e+00
-8.753990150005117059e+07
-8.753727130114455521e+07
-8.754602274253614247e+07
-8.751208340760202706e+07
-8.751237867680585384e+07
-8.752352163563603163e+07
-8.777176030379034579e+07
-8.777078659662103653e+07
-1.423454441795487404e+08
-1.423454284705983996e+08
-1.423454284735408127e+08
-1.384252935623003244e+08
0.000000000000000000e+00
-9.010717204175359011e+08
-9.010629689788633585e+08
-9.012900060532455444e+08
-9.012896881118177176e+08
-9.012785186913267374e+08
-9.010302799209996462e+08
