2.519323077193602600e-05
1.044142210160402154e-07
5.655500667633243403e-07
9.740817760938387915e-08
1.352196739335931971e-07
3.407087733391880779e-07
3.758968571248193095e-07
3.285247708744977505e-07
1.237450424394324551e-07
3.514775112701621788e-10
5.696184786692392286e-09
4.625635265728151029e-09
1.279340235135606916e-09
5.568337259004704462e-10
7.876610703734626255e-12
1.300848886515605411e-12
3.381354536716000760e-11
2.444429336117985097e-09
1.098009324474065977e-06
1.734991295506303765e-12
6.760409228411314480e-13
2.602282179105446901e-17
4.992986223674097761e-19
1.104745967752791867e-17
3.136442897906147045e-17
6.263673229627517715e-16
3.436984715940010380e-17
1.185388093140334022e-22
2.276575004555043353e-21
1.372684009680634236e-25
3.343383356938198197e-28
2.385969048343890199e-26
3.527755689354134710e-25
1.112361753846318895e-20
8.216998080425946508e-09
1.711539541586566003e-20
9.798830250491659168e-18
1.274113350970853792e-12
2.559276686677512790e-18
1.679267210702906714e-19
2.266246046345797412e-16
3.428411851569545437e-14
2.271663994111534189e-12
1.483622289565792379e-09
1.572186526049785519e-09
4.415360653309427355e-08
1.266757843341538461e-06
1.929573617577900118e-06
1.066282198796467535e-04
6.658400395014697033e-04
8.248766176153166584e-05
8.561778078606129435e-09
1.229921910939964312e-11
1.305532043201019534e-20
-5.546293382632375099e-26
-3.521117540433738087e-09
-8.342287917606630636e-09
-3.497454050412944571e-08
-5.335797738899111095e-09
-9.673508884055270003e-06
-2.607560832897629228e-06
-4.265837799214016947e-07
-6.843557346680459754e-06
-3.466159153749252636e-06
-2.051349910956216394e-07
-1.861296710364114425e-07
-1.564138883328482257e-09
-3.982740430901848028e-09
-1.455280123548445679e-09
-1.553055677808625668e-07
-2.568902428760429758e-07
-6.065933473006705960e-07
-2.254955761906023192e-04
-6.304333080885321028e-06
-4.968034870388502231e-07
-3.548979650028642532e-07
-3.757050519208913824e-05
-2.906731841972754068e-06
-4.791981855099915118e-06
-6.357846538811433735e-05
-1.288457375370907982e-04
-6.353024206016901106e-05
-1.283959091193860613e-04
-1.847205057500647609e-06
-4.623224952465403033e-06
-4.607824234970201474e-06
-3.601293315738836490e-06
-6.524307933137687985e-06
-3.418501091560330723e-06
-1.521505108633347268e-05
-6.908731901725617569e-07
-1.567082176050915840e-05
-9.748763851717007460e-07
-5.114068590424837495e-06
-2.208727378629054484e-05
-3.627629166645672304e-05
-1.575373695155598262e-05
-7.705039015548585646e-06
-1.348729783079176530e-05
-1.578507786389795966e-07
-6.921313905258293227e-08
-4.751948363353546922e-08
-2.570462068752282782e-10
-5.150301038462217615e-13
-2.876086736386006216e-19
3.188153521664145905e-81
5.123075048969864180e-18
1.819123406012963656e-12
1.818503107482786490e-09
2.152121506359812807e-06
1.499863152562816108e-06
1.821093411538318180e-06
1.179363376632788203e-07
2.622550374555075019e-08
3.770293753951934301e-08
2.384826446147162260e-06
3.056042817125870091e-07
1.453266331940470708e-06
5.067528845473773163e-06
4.235629764796057361e-07
1.258701920070835610e-07
4.150361578591723839e-07
3.964024376726735198e-07
5.368326603138438762e-08
2.558356737184182672e-06
3.408488914107884126e-07
3.425338798475027485e-06
1.206135865820254167e-05
1.805790442640245299e-06
6.526543715103906774e-06
7.660378945229714197e-06
2.699211215477542153e-05
3.151478056228339839e-05
2.521374137191318446e-05
8.168073334730076995e-06
5.517039986605645356e-06
1.210903994502775470e-06
2.587205515083555221e-07
1.806970150530908553e-06
1.495388323438987746e-06
1.291960703227248503e-07
5.400170980743060668e-07
1.537676325149783693e-07
8.191930670184277380e-09
1.238090334023442045e-07
3.723728014196862913e-09
1.575922176161253789e-07
4.898576703189927523e-07
1.530063756591341711e-09
4.670506575544190936e-09
8.124600790992956318e-12
7.080826354069352327e-13
8.836027837803604444e-14
1.038198168095549466e-17
9.771048143239749851e-17
2.123629869409834984e-05
9.395055738769367867e-05
3.720681539864687244e-08
9.391222047954427417e-06
3.671914217494040122e-11
1.378129320091546091e-09
7.955848364952762321e-08
3.613244948398287322e-09
2.960603013002822842e-07
1.579147946401101192e-07
6.223538607379528224e-08
1.826127852295537866e-08
1.711394070771894131e-08
1.527277319592888924e-10
1.078876066016049057e-07
1.618735687013161542e-07
2.598510007610394529e-09
9.600012914774435788e-09
2.813946657293321078e-11
1.576417261210020662e-08
4.330216026534303754e-09
6.370744192499923136e-07
1.808100296383292903e-06
9.776515473567041389e-09
4.004785859085384438e-08
1.738592931758859793e-10
2.607805814132102048e-12
1.472085944535375652e-13
