9.419186373034878671e-07
3.514517675590080669e-06
1.004807118509707714e-05
3.253859626408993420e-06
5.729677277513325697e-06
9.248847192986306713e-06
3.912364250676279799e-05
3.778475720479364751e-05
9.208106871308235821e-05
1.200249109431085037e-04
1.913109711471720482e-04
6.542078017752269055e-05
1.305208568677237112e-04
2.076992354492417122e-05
5.825274711784961913e-05
3.810016074480890015e-05
1.306172001457261438e-05
1.042810957577344105e-04
1.055291195375894476e-04
7.439139979197807360e-05
1.417148102607012857e-05
1.207307221818490252e-05
2.246931877345346626e-05
3.688131719764150635e-05
3.217430977483190545e-05
1.071156941902451571e-04
7.011167552179805196e-05
6.998568504183985185e-05
3.845939830697434980e-05
5.980231374668232877e-05
1.954149908266833172e-05
9.459369790920051752e-06
8.281971070727042717e-05
6.083428291027865318e-05
5.354748532471805683e-05
1.355823735172936775e-04
2.044476855038129099e-04
5.922247500567678349e-05
1.770220302934511381e-04
1.387415013303779868e-04
4.627619296353587881e-05
3.765073425632884779e-05
1.250045090332052266e-05
5.868687027782746408e-05
2.570328664137872470e-05
1.238433310137152443e-04
1.435376030748713235e-04
2.716084864745084686e-05
9.044839026064991250e-05
1.671604683571364860e-04
4.752718358499001278e-04
7.610237957725065868e-04
1.672536972200486857e-03
3.177515280490528053e-03
2.817004785959752698e-03
3.262161680760879492e-03
6.866966948376880889e-03
1.894525093505118780e-03
1.643937919263236541e-03
1.281144252789657165e-03
4.641474308735056434e-04
5.701041339638127960e-04
1.847726392663456276e-04
4.002849996675982307e-05
1.984394491738807159e-06
6.728442846093815275e-06
3.915023743731189379e-06
1.432324240946569991e-06
4.372544807413334791e-07
6.266009157837462947e-08
2.395706179477156851e-10
2.630587534434584199e-10
2.285496372248510347e-13
-4.015271626561977378e-14
-9.477593115661408760e-12
-3.009707775440093240e-12
-6.445473393523693125e-09
-3.118408364936310886e-07
-9.787388331337846088e-07
-3.640820850542771910e-07
-1.731743984520185982e-06
-2.954397381533178191e-06
-2.509883782187085577e-06
-9.227218078143102482e-07
-4.327632963737248169e-07
-5.046194906171342411e-05
-5.834594089229152964e-06
-3.616044790181125857e-07
-3.389183305856448767e-07
-1.450615738263120250e-07
-1.352595598499189704e-07
-8.120169150792493229e-07
-5.781420973798523992e-07
-1.218671448180959376e-08
-5.361750314584137961e-08
-1.089660750306249049e-06
-8.794219857259472516e-10
-1.517297096088558242e-11
-5.304461981323029196e-17
8.658617995796494580e-10
1.817009657275417371e-08
4.792713964357086770e-07
6.914623288832553583e-08
2.440975243356149283e-07
4.058784666206141578e-08
2.437808640970708102e-07
1.087987846192708425e-06
5.852779455072201734e-06
1.740937197153628836e-04
5.439277645221267431e-04
2.425809264925364757e-03
4.509859096901403311e-03
5.164804259055083210e-03
1.041584042438590575e-02
1.696400462870951975e-02
1.924045158321412846e-02
7.246335040924286111e-03
3.080681307670291632e-03
4.023784868874053303e-03
1.544462213060032642e-03
1.376379379601970303e-04
1.116715590124813873e-04
2.209167740540216008e-04
6.355757715799804485e-05
9.777206957410511531e-05
1.394990818466970771e-04
2.160519581116756996e-04
2.621628162064251755e-04
8.104203162355895637e-05
3.275446732675336634e-04
1.712966439056865637e-04
3.968228737875704190e-04
5.447571311038138832e-04
4.239494775673877244e-04
5.745120383355142651e-05
2.344464324663432520e-04
1.550384649160945025e-04
9.804313173399340669e-05
5.326613571862633427e-05
1.872690785419310416e-04
1.746376077287882479e-04
2.842151188212604365e-04
1.420754713648161817e-04
2.268232194000072426e-04
1.772739962849269888e-04
1.037595718845021095e-04
1.211242384156146741e-03
1.072355391021573724e-03
4.504337152431139510e-04
4.260525974353618491e-05
7.428041887325984313e-07
8.790401026838582493e-10
7.958312299533451210e-14
-2.189123921861893356e-12
-6.414114056607462009e-10
-2.245299044353744779e-11
-1.911903868411120520e-09
-4.112012628714792195e-08
-1.012332870530527964e-07
-4.720540653995447502e-08
-9.320096806862208798e-07
-1.608910043563164330e-06
-1.491137788164188833e-07
-1.955348601964765236e-07
-2.833140519618011491e-06
-8.981866519544564812e-06
-1.878979360496219656e-06
-4.294249202533923019e-05
-1.621403546389165433e-05
-6.560231902877109258e-05
-1.545811801614999114e-04
-6.824789602114248105e-05
-1.226489253569252225e-04
-1.268431860429392109e-04
-1.756888257233438829e-04
-7.701931514839208560e-05
-1.144401327120923959e-04
-5.771760518696793192e-05
-1.497836167703431168e-04
-4.343414818271514001e-05
-2.031271463072286158e-05
-7.163701222197696244e-05
-5.214726096467074495e-05
-1.186218868607104271e-05
-1.195828716474423359e-05
-2.886385551128091168e-05
-3.802844792216051001e-04
-1.801325536698635942e-03
-7.103434369632114897e-04
-1.417244011306734858e-03
-5.092506788328239609e-03
-1.297436692700999327e-03
-1.035212070575929197e-03
-3.411101322683286058e-03
-2.137019761342207579e-03
-2.247336346453329085e-03
-4.787023103858418019e-03
-2.027117312459842009e-03
-7.895935042464318821e-05
-3.563379780316075653e-05
-3.795713747193929814e-05
-1.144279638915346234e-05
-1.587672734078920562e-05
-8.632061731912772803e-05
-7.101185916227826991e-04
-3.477690750921019671e-04
-3.952628540567688941e-05
-3.691241639254297878e-05
-4.988691875779074274e-05
-8.695352597567964915e-06
-4.093060821480367531e-06
-2.452603489217920871e-05
-2.189830706008276002e-05
-6.624079602954017934e-05
-1.818413064270393376e-04
-4.026422435028278307e-05
-1.560046194372784406e-05
-2.922403056505624031e-05
-2.643584691905890760e-05
-8.204172805792991902e-06
-9.195243227725701264e-06
-4.012007062315766043e-05
-5.272606431914298483e-05
-1.263590593138528726e-03
-2.513097693685955626e-03
-2.988285511328359675e-03
-1.726045912203269354e-03
-2.184006204462992599e-04
-5.463697439951923171e-05
-4.323828979712459263e-05
-4.558829973369092902e-05
-7.817370814202319524e-05
-3.726777725599461340e-06
-8.649923732593449156e-06
-8.202568820732459892e-06
-1.232882501837062301e-05
-9.444298043284657425e-06
-1.192921824487334917e-05
-6.632461195470997303e-06
