-1.014094079560942246e-01
4.635116943283839469e-02
-1.236369152448609648e-01
-5.544016903513853539e-02
-7.344911210036354776e-02
-5.007818013900468962e-02
-1.104391091573265204e-01
-1.061313649493421524e-01
-1.243483541149611876e-01
-5.320949505104259902e-01
-4.266953674096583132e-02
-8.260995072242085513e-01
-1.283904724104481532e-01
-2.185397460770888423e-01
-3.471554246267129218e-02
-1.646804249692130490e-02
-6.055475833837691696e-02
-8.746929828894713099e-02
-4.335338224157123110e-02
-1.741432229900702344e-01
-1.787320438714511128e-01
-4.060908647024875084e-01
-4.583593799692172177e-01
-6.902621197482027293e-01
-6.116654748612645465e-01
-4.625018680468790944e-01
-3.260831133147392147e-01
-9.657383315124808965e-01
-7.920655283725471785e-01
-2.809558064055138749e-01
-3.265148028189294727e-01
-4.538995044098628751e-01
-2.509284133987695231e+00
-2.454155731372793525e-01
-2.807102012991555817e-01
-3.300744696355322749e-01
-5.534121077730186355e-01
-6.470246130510814986e-01
-7.218833174492266247e-01
-8.414083865310609811e-01
-1.097004721112307291e+00
-1.677158342194666307e+00
-5.096957619455628752e-01
-5.374806027881173787e-01
-9.410006250908310443e-01
-1.544621954139452358e+00
-2.093151795613668598e-01
3.856089273337650614e-01
-9.209194905608741877e-01
-9.500455351362936396e-01
-1.309044925708719553e+00
-5.772860116653414503e-02
-1.784621828415487157e-03
1.652223995836094722e-02
-1.329103853498519450e-01
2.449829845522051852e-01
-2.473729990233996534e-01
-4.427509360458440901e-01
-8.709272583647205412e-02
-1.451342909784347324e+00
-2.703626566342182347e+00
-6.339318274747786752e+00
-5.862620868510829197e+00
-1.774586623400647711e-01
1.305170542937829081e-01
2.326354797580466316e-01
-1.058885231873592375e-01
-9.597916142957152452e-02
4.045102622324003167e-02
1.333685877137105180e-01
-5.218516083450567417e-02
-1.493802978448584007e-01
-2.766634913940076435e-01
-5.687587318976202733e-01
-1.759355052638231109e+00
-1.841528207500991998e+00
-2.340196454874436949e+00
-1.905196762508164054e+00
-9.822928398096797409e+00
5.135502517041556914e-02
