2.189991430510516946e-17
8.512665244597754899e-16
2.426879342637120024e-15
7.660558135284629220e-15
6.139016492609035124e-15
1.636869148426212453e-11
1.637123573805560404e-11
1.637114117829374709e-11
1.637025719187266347e-11
1.636718404242080461e-11
1.636719243402199557e-11
3.616812757742810984e-15
1.072736648134165051e-15
8.872018279178874942e-16
8.415040868060726086e-16
2.105452364087041863e-17
3.854603315878155372e-18
3.848107686898318265e-18
2.046157155413151805e-20
9.521208934532058195e-21
9.520239909254347732e-21
9.449728142437949771e-21
9.448543333612727861e-21
2.347687162890714682e-23
4.534042091115665522e-27
4.131666184518110842e-27
1.588738935890913388e-22
1.915084387806098440e-22
1.942196440064619143e-22
2.432961602381627104e-20
5.289261048849128945e-16
2.860102893763241408e-13
2.860103127420575524e-13
2.860103134587899642e-13
2.860103134693774620e-13
2.860102896635411010e-13
2.854813878927704919e-13
2.375491978440307517e-17
2.380775732735048055e-17
2.381858874852887555e-17
2.381858352062077947e-17
2.381852306394038686e-17
2.430333448538473554e-17
6.451269067872262642e-19
5.687933216889221276e-19
5.618096154715937075e-19
7.498354674888921336e-19
7.495691078478262214e-19
2.912518934894479873e-19
1.415630211491883281e-17
8.166531819283780626e-17
3.304734959940558398e-15
2.655263306715914657e-13
7.165541507262366360e-11
7.165545796052952910e-11
7.165544402339130554e-11
7.165537651434666373e-11
7.165215344010784415e-11
7.138993165636226237e-11
4.291440744846910855e-17
-4.770232597227863055e-22
-4.803994771185758280e-21
-2.006878738629496727e-16
-2.166445472925980380e-11
-2.336455554705923258e-11
-2.371585339561309983e-11
-2.371638556373337188e-11
-2.373292485926202067e-11
-2.373307817421451349e-11
-2.090524878999005327e-12
-7.623832354955649533e-13
-4.137656230853133754e-13
-2.539589745119689971e-08
-2.539588091780461732e-08
-2.539588472594305005e-08
-2.539586305386551898e-08
-2.539549109470779387e-08
-2.539548841447167729e-08
-4.196729261919448460e-15
-4.190821694134075488e-15
-2.868524071274044184e-17
-1.659740908521334759e-20
-2.847972392682401534e-23
-1.619392757102675165e-24
-1.374091305156896970e-24
1.185490400861729795e-20
8.679557365803874559e-16
9.186405335711685624e-16
1.776085987339821997e-14
7.476967367838636357e-09
7.483985975958690213e-09
7.616341028022868788e-09
1.515885650470139623e-05
7.850650529804402422e-03
9.479392411819189540e-03
9.479384958954882937e-03
9.479384971126719392e-03
9.479384839552176464e-03
9.464233599388116244e-03
1.628742222891462312e-03
3.411774988683798372e-10
3.171120802034555305e-10
2.979217120666052517e-10
2.971422598314786038e-10
2.971417850689416369e-10
3.387153567873842057e-13
1.607075506382281210e-11
1.605122719421162883e-11
1.605117516447031343e-11
1.605011904553745887e-11
1.605011696218504910e-11
1.605008924729083516e-11
3.840897141306440706e-16
3.133022124998752528e-17
5.452819988653230662e-18
5.437237409611837569e-18
1.200150168799536602e-18
1.314066787274852839e-18
1.314131568358210795e-18
1.315205749943692381e-18
2.984767979850978162e-17
3.058720358228569959e-17
1.821999141563372215e-15
1.821901537356929427e-15
2.003559323557746397e-15
2.003601053595875181e-15
1.975068581216168935e-15
1.974329057432393485e-15
1.829171193889035978e-16
1.829007383497316208e-16
1.242887189190547932e-18
1.200082968974722183e-18
1.200081300094052589e-18
1.200081300093493877e-18
1.200081243619122710e-18
1.200081231621386699e-18
1.200081231621202387e-18
1.200081231605590221e-18
1.200081139557438310e-18
7.079617384117009980e-19
-8.079368778188884618e-15
-8.269622404975881389e-15
-6.109499070957448571e-09
-6.109721394279876805e-09
-6.120247480056255083e-09
-6.120262142800453607e-09
-6.120935246355077326e-09
-6.121056066146470780e-09
-1.462673526759873244e-11
-1.441184724213676481e-11
-8.946266549179002678e-12
-1.474424170607344210e-10
-9.261059069033039576e-09
-1.544106943248537561e-02
-2.623450066329684194e-02
-2.623450085075270874e-02
-2.623643970052346938e-02
-2.623644055437301600e-02
-2.623643147218980218e-02
-1.079537130903120666e-02
-1.940798320491932127e-06
-1.940615670458596752e-06
-2.084126527018002692e-09
-1.091988013879625858e-09
-1.064514406014557655e-09
-1.063873345013939730e-09
-3.652847116510973215e-10
-3.608839941482467056e-10
-3.770990894621230667e-11
-3.752030155699299587e-11
-3.292374854567966324e-11
-3.068268127074270354e-11
-6.117528005815148512e-12
