6.327306799143207761e-04
5.848928896130280424e-04
8.257823217063215782e-04
7.699237093790725671e-04
6.765077371477437986e-04
6.179430705677391817e-04
5.941089134395820953e-04
6.038804280270380735e-04
6.430613769582961764e-04
7.390539434369800551e-04
7.362891378712419811e-04
7.165270614829156613e-04
7.227323426282700669e-04
8.436520682207105130e-04
8.428767006473616335e-04
9.040943790963202340e-04
1.008557315422270971e-03
1.369940349922850291e-03
1.594010365642117150e-03
1.641988681349431127e-03
1.702649424897977352e-03
1.699194654854725359e-03
1.926361226297241712e-03
2.366121387491499934e-03
2.753637864896583357e-03
2.941373225954784561e-03
3.117298488151036637e-03
3.430415582547504619e-03
3.634519045631701226e-03
3.487634803418725952e-03
3.480519238491040779e-03
3.835687438323074402e-03
3.952545522574824576e-03
4.034916505526421442e-03
4.018832753002905649e-03
4.156096162818159745e-03
4.346960428288456323e-03
4.695879349985610830e-03
5.318288606181384610e-03
5.903189779430232688e-03
6.748951772259839839e-03
7.482957106900639532e-03
8.479084883162398695e-03
8.739569956384798596e-03
9.270700426146563991e-03
1.002607215886641527e-02
1.066025993108873915e-02
1.087505570390608078e-02
1.085107560244517877e-02
1.070868276669849524e-02
1.043079715045602297e-02
9.845888373883166303e-03
9.028194711466696123e-03
8.413200816309647501e-03
7.845689946871951814e-03
8.235336794751453235e-03
8.216635054170499594e-03
7.937635112330226894e-03
8.155906919820540141e-03
8.304523531467166569e-03
8.503986430733389765e-03
8.636056958560310581e-03
8.498243018869401644e-03
8.421954191896119379e-03
8.483255216763416554e-03
8.630702758940757974e-03
8.399039560263646745e-03
7.790671873557253324e-03
7.579537184150331175e-03
7.325472494173386646e-03
6.635290167329425774e-03
6.036163664664266106e-03
5.789451489071451018e-03
5.414115605319511255e-03
5.242217427752431970e-03
5.231512571194005083e-03
5.011250402828256074e-03
4.691830134090272872e-03
4.580781196998592701e-03
4.393051084378021311e-03
4.143390047681391221e-03
3.963967390809547582e-03
3.688524049556895362e-03
3.400763061922370666e-03
2.897640110678936440e-03
2.595755226517261049e-03
2.289172832713413323e-03
1.958959319564609284e-03
1.757664740861030438e-03
1.571134464139193514e-03
1.243732346519954221e-03
9.312104735629366100e-04
6.244123632081187165e-04
3.792398213035491693e-04
2.302656648071838366e-04
1.428090632388222812e-04
8.578471376568254879e-05
7.861740012303444650e-05
6.734677734710426344e-05
6.324971843281457229e-05
6.470589779852833575e-05
6.371518397212638763e-05
5.232565478144416424e-05
5.230240232758680209e-05
5.242773300756485441e-05
4.336441152750226112e-05
3.554949281117861909e-05
3.069721824576154509e-05
2.714979028415061049e-05
1.996537584745135298e-05
1.927360349669358063e-05
1.787704406761089369e-05
1.638804569109602758e-05
1.857794845899957665e-05
2.015186186750264627e-05
2.292847347245772756e-05
3.086601812037111504e-05
6.594225362668973195e-05
1.537888497234562286e-04
1.808065971197305225e-04
2.330592241444287723e-04
3.272722210292126530e-04
3.740546347973254027e-04
4.180756659780378651e-04
4.548376318043095899e-04
5.355210168528769070e-04
5.604006719880297435e-04
6.199542529598815917e-04
6.390692787708939860e-04
6.269015670820526692e-04
6.031670479369157694e-04
6.204338062164735596e-04
5.968379779024082657e-04
5.418224856285714991e-04
5.136934496453121569e-04
4.919325611293305471e-04
4.824209895641690571e-04
4.038389374195853749e-04
3.759819002049960535e-04
3.134300784048791731e-04
2.842319738612572306e-04
2.601964269870089830e-04
1.962117808357593954e-04
1.521223766943868426e-04
1.232905363370090325e-04
9.364951761935877666e-05
7.777321264068280118e-05
5.415097154108877117e-05
2.559040040901791382e-05
2.057947633234761319e-05
2.049116913244205108e-05
2.041770457500159450e-05
3.034661359462893730e-05
5.389192682624203832e-05
1.691438441842810355e-04
1.805121515705466367e-04
1.984395617660415778e-04
1.934755836765927623e-04
1.921255632369873447e-04
1.933202316908656836e-04
1.930543144126658638e-04
1.926641766826489230e-04
1.924960334043452975e-04
1.917636381030632137e-04
1.787027170739935108e-04
1.436383757614065511e-04
2.077533192677789636e-05
-2.153807125305714793e-05
-5.904911669294904891e-05
-8.835247051931648555e-05
-1.204920497729999824e-04
-1.492291534509232096e-04
-1.639568514010513725e-04
-1.827250841674602020e-04
-2.278283183767003709e-04
-2.694388970412081780e-04
-3.001776090613348909e-04
-3.045674967720079693e-04
-3.189041041180579335e-04
-3.126222899804044649e-04
-3.538511461873384092e-04
-4.434390962232601075e-04
-5.561091833995226172e-04
-6.228460631463344404e-04
-6.828072927717609465e-04
-8.059188747469499823e-04
-8.805507277701860383e-04
