1.341121225320504248e-03
1.443967326127230250e-03
1.615560151822476075e-03
1.771092500110874523e-03
1.901501170568180342e-03
1.878210021311067226e-03
1.783025181377181868e-03
1.727454789434900708e-03
1.647130229561300863e-03
1.563950242405368713e-03
1.491384792516715777e-03
1.460650011476151595e-03
1.457128544963018314e-03
1.453496667144866345e-03
1.431705330942359368e-03
1.393100048570626017e-03
1.350880284405668553e-03
1.358034797968917439e-03
1.413582965406619046e-03
1.482098956035051525e-03
1.585221184595642747e-03
1.682304887266772341e-03
1.777242010100483875e-03
1.858392134630359972e-03
1.876502889137482118e-03
1.858009934558368936e-03
1.782162940489716600e-03
1.700678490034739738e-03
1.606080657337856854e-03
1.515713962395355162e-03
1.402306683111816110e-03
1.263689806848553379e-03
1.122876099460536244e-03
9.867096022109680519e-04
8.498945438972412827e-04
6.862317187087946637e-04
5.609108298300307218e-04
4.541345435872605712e-04
3.882563850593614215e-04
3.215176151830140727e-04
2.485024260174045676e-04
1.653253605016256694e-04
8.635037661626307644e-05
-1.934970594530242578e-05
-1.643664488343626526e-04
-2.798967905983900501e-04
-3.734143755501234696e-04
-4.714232595177404706e-04
-5.353177326978058540e-04
-5.947000379907341292e-04
-6.576077874748308344e-04
-7.670458980838912701e-04
-8.819811208132813602e-04
-1.020045059335342435e-03
-1.196551376514029064e-03
-1.392948128953618589e-03
-1.558937664607183129e-03
-1.744604313197745593e-03
-1.944218734913398744e-03
-2.136289241441931535e-03
-2.380830370335164457e-03
-2.598214723302947216e-03
-2.828685941750056897e-03
-3.003407467903081770e-03
-3.144086161289454378e-03
-3.235353381154550036e-03
-3.285289174270664570e-03
-3.285527640146336439e-03
-3.327977460566561210e-03
-3.347267551284808726e-03
-3.346368896268421631e-03
-3.393129327482910084e-03
-3.417856822414377851e-03
-3.416514927677882698e-03
-3.382938014330148877e-03
-3.363883043667546379e-03
-3.388529004130614187e-03
-3.419123670314685743e-03
-3.441821708931849712e-03
-3.485472795207924124e-03
-3.509910852105690027e-03
-3.585956052761290948e-03
-3.667214317967697548e-03
-3.646022245570622929e-03
-3.613094037534532194e-03
-3.609830177196669734e-03
-3.611348963475950833e-03
-3.581648617474648879e-03
-3.531368052231586684e-03
-3.520315876646820663e-03
-3.498146019620417425e-03
-3.492010126980971130e-03
-3.393804409212915554e-03
-3.201632645323210929e-03
-3.031083430953627339e-03
-2.888568312838214747e-03
-2.751288457017227185e-03
-2.618799272301983259e-03
-2.496457565757470489e-03
-2.373184729241957589e-03
-2.258863443028015158e-03
-2.130200243733596736e-03
-2.016412198545538496e-03
-1.820840257519814502e-03
-1.675007595940581446e-03
-1.592821889413170190e-03
-1.497417070402478788e-03
-1.398846105984017166e-03
-1.280583642788102111e-03
-1.167026005834425435e-03
-1.039769560732505850e-03
-9.272879851457111562e-04
-8.027375322536300407e-04
-6.535646695753965715e-04
-4.924156301249357987e-04
-3.688574293844188042e-04
-2.458114805673492832e-04
-1.194825645276768623e-04
7.256752333307079420e-06
1.193450289803823469e-04
2.331009156930373470e-04
3.373107522678146721e-04
4.507300740424447449e-04
5.362806582267712471e-04
6.277432553522919881e-04
7.374350767955836078e-04
8.312740676950452177e-04
8.816453124540765207e-04
9.246692903421546489e-04
9.835137114274014603e-04
1.060601439602426284e-03
1.166256082873196433e-03
1.262940865671370681e-03
1.408834861519972200e-03
1.546703675491168176e-03
1.706889997617373105e-03
1.903606210957263555e-03
2.069206113186189671e-03
2.262468552394342625e-03
2.463999400377389366e-03
2.578678910769377931e-03
2.672187426336140783e-03
2.688594836816927264e-03
2.641913208699002164e-03
2.560733492768531207e-03
2.412351505833652821e-03
2.225534710254664910e-03
2.022184329067814017e-03
1.774960551347261805e-03
1.541134830002142313e-03
1.281156492638378967e-03
1.039983934637427965e-03
8.622642745696641612e-04
6.851795533135288455e-04
5.538250552957111293e-04
4.499909620158361258e-04
3.663162049913220339e-04
2.912286191601760215e-04
2.391385224041555106e-04
1.983172183347224182e-04
1.574554729584006635e-04
1.071149748081564413e-04
6.786617323211885258e-05
3.641650295581661434e-05
2.116228923205051591e-05
1.117990129551756639e-05
-6.045141715408449835e-07
-2.193157813752949554e-05
-4.339035077269659757e-05
-6.199103393450355979e-05
-7.013535600018919907e-05
-7.864441505889796481e-05
-8.200537300779852940e-05
-8.414835100563160513e-05
-8.760383939370978035e-05
-8.993988592047243331e-05
-9.064973671671042882e-05
-8.895348671500122892e-05
-8.044436759221402350e-05
-6.230554629598435471e-05
-3.963740551333515754e-05
-1.879245166434149919e-05
-6.100451348993010171e-06
1.072663905806501650e-05
2.228703166845557278e-05
2.599662255101219263e-05
3.113576434197962774e-05
3.846150950097918393e-05
4.238927185837583467e-05
4.403388232800651853e-05
4.925445653643326397e-05
5.210155526879172946e-05
5.767477933900762516e-05
6.410849870311473699e-05
6.512795905187525726e-05
5.575322425396310260e-05
4.647660386194864490e-05
