1.187731851526996948e-03
1.296008386562490103e-03
1.278316073601655414e-03
1.640647696195074098e-03
1.534658665706343291e-03
1.427332152514339172e-03
1.015809138139565655e-03
9.111247618124496302e-04
6.850903039200910948e-04
7.974346252790545219e-04
7.912521944498601776e-04
1.108972073204842531e-03
1.342025322821149315e-03
1.534271184139993863e-03
1.931945030610430873e-03
1.798709833778060815e-03
1.591587746676091826e-03
1.226625364686500467e-03
1.215311420566526218e-03
1.435775012490552458e-03
1.619404946836855083e-03
1.557759771891124292e-03
1.603456578240418720e-03
1.488459506984006996e-03
1.225432640522525034e-03
9.848397258304802948e-04
9.670226620369021860e-04
8.678239407418570153e-04
7.409853639347612278e-04
6.508681128601027498e-04
5.110619831354953685e-04
4.587278345138920453e-04
5.587497675519177351e-04
6.649971076633439141e-04
7.315367535142831661e-04
7.501967803624544091e-04
6.423838805288964926e-04
8.874566827216585126e-04
8.553350400724043070e-04
1.093239874033146396e-03
1.242161771435939307e-03
1.279518395269122876e-03
1.360369366931791753e-03
1.202225744861360000e-03
1.265169351445579252e-03
1.310506430307172183e-03
1.340000075878406902e-03
1.486493638631115411e-03
1.514006144684621304e-03
1.432017824746460201e-03
1.439352229077086806e-03
1.192986083133486903e-03
1.026304488743581649e-03
8.296024006584749606e-04
5.313769114422840214e-04
4.794293849105590128e-04
5.426123736047450564e-04
4.611476420681518145e-04
4.036797093565946178e-04
4.133024712867803749e-04
3.907732956193164277e-04
5.101173351899888648e-04
4.600554360624483155e-04
4.168992146226037951e-04
3.560011218582212630e-04
1.964970460993343507e-04
1.535492602313034689e-04
1.619155347950359711e-04
5.462521316629182801e-05
3.501491540816008833e-05
4.096261350141687272e-06
3.594898532360918044e-06
4.148841645967865761e-07
1.735269899323929861e-07
-3.237976937788840588e-10
-7.890843106722679610e-07
-3.608405820974768461e-06
-2.561510994469180256e-07
-1.050539815619512863e-09
-8.987854792043365092e-08
-4.385062092188940735e-06
-7.723717220857486657e-06
-5.467729815101791783e-06
-7.211858561515658162e-08
2.989582502008673316e-12
-7.183897964374353049e-15
-8.148723170685371062e-09
-3.997095589015839554e-08
-3.395898806135005906e-07
6.890922465809557883e-11
2.936036876158395024e-07
-4.237808593674187590e-10
-1.112573520672509398e-09
-3.080630133973320404e-10
-7.011504251280067109e-09
-1.803783178464568729e-07
-7.490828166024907242e-06
-1.588974442931767834e-07
2.024382474201221829e-09
3.550413641257270335e-06
3.630961005430256258e-07
1.023871332307427468e-06
2.628084786273473013e-06
2.071447463767773801e-05
7.482152769169853187e-05
2.115711809745965801e-04
5.402756253478084754e-04
8.529696855572370352e-04
9.698234553161806746e-04
1.398923604496044200e-03
1.540433998274085264e-03
1.673677959731555663e-03
1.697863156703852561e-03
2.166725937541004454e-03
1.946229310500471313e-03
1.797377736182817574e-03
1.612578382791027753e-03
9.946741676979155289e-04
6.853270737923859452e-04
5.237928669005596132e-04
2.771334808397651851e-04
3.147199170280925475e-04
3.926199775526467706e-04
5.704614306581039847e-04
8.327207075385942379e-04
1.124427923359926388e-03
9.964668271062230263e-04
1.209257716635621545e-03
1.262711349219662865e-03
1.070933421869265257e-03
1.028432122438909186e-03
1.317384203663112202e-03
1.545189603979062057e-03
1.672400102091240511e-03
2.009525004404750723e-03
1.805022028763491465e-03
2.217601035477139923e-03
2.426256655981246652e-03
2.816941101341063902e-03
2.791951541294157048e-03
2.467247663848079475e-03
2.789827814610276735e-03
2.968748017821707004e-03
3.183810693348550908e-03
3.835153292923361781e-03
3.745711507367493164e-03
3.113826143873969256e-03
2.373688262119741377e-03
2.051117998611416953e-03
1.742564985357800611e-03
1.083346511470674413e-03
4.546966658054237996e-04
1.013530709017531814e-04
1.848305420802475952e-10
-5.614328525141608963e-05
-7.589969039818118325e-05
-2.916002530993640988e-04
-4.895738324415062261e-04
-4.138882031904948171e-04
-4.281783725636304785e-04
-5.581316583260454919e-04
-6.025504307043268951e-04
-6.950013414129213671e-04
-6.894570609015694684e-04
-8.157834369300000395e-04
-6.994082569377526454e-04
-5.823584264812605143e-04
-5.796406224287369967e-04
-4.188078615497562232e-04
-5.312559621817608156e-04
-6.885408217755465549e-04
-6.055818787328213181e-04
-7.579807038119993528e-04
-7.047330703115468713e-04
-7.086946290842971886e-04
-7.087049258238072632e-04
-7.623142351269083334e-04
-9.213385521976329498e-04
-1.139986203293073298e-03
-1.455425252215421499e-03
-1.398818807164461811e-03
-1.285434596498282421e-03
-1.522584363287614621e-03
-1.589225774691828581e-03
-1.437986255296368719e-03
-1.274739446563994977e-03
-1.390387119527315869e-03
-1.068725700622485562e-03
-1.020413533224500107e-03
-9.610731108342246160e-04
-9.879803682942694953e-04
-6.945782231531995353e-04
-5.769644090854073818e-04
-5.623730721018142288e-04
-5.908893099124312622e-04
-5.813986511270825960e-04
-6.508395670405249479e-04
-4.364970715350628585e-04
-2.759303017833426418e-04
-4.210525376720709216e-04
-5.298695523566521485e-04
-5.119235776557123918e-04
-7.701668545849475918e-04
-9.907636975316665151e-04
-9.881159682435603289e-04
-9.404964332404243052e-04
-8.584629220567630220e-04
-6.204622798175883809e-04
-6.398550547830244087e-04
-4.728501287825280725e-04
-3.643507476721923803e-04
-1.947773429532435310e-04
-1.364707255419921538e-04
-1.393195597676868730e-04
-5.689863098737866273e-05
-5.878376002213265422e-05
-2.799586901142627382e-05
-1.064381579008350935e-05
-9.010834732134156354e-16
1.584644387335106279e-05
2.820701236580757239e-05
3.292930936895574208e-05
4.425831744443741757e-05
1.024664980454993235e-04
1.140239144981371991e-04
2.380265866827022982e-04
2.894197193812685998e-04
3.387448785333742850e-04
5.980305021152333353e-04
8.215496977554985394e-04
8.065467380761251730e-04
9.160543860622834007e-04
6.661804486101647986e-04
8.892982231516642026e-04
1.156535489797274989e-03
1.078527478111841482e-03
1.172511836696553834e-03
1.153401472299100082e-03
1.244934467600098890e-03
