beta2
7.668134952370986822e-03
7.721625442005990159e-03
7.764118559516806559e-03
7.834895263530664011e-03
7.812175202523173774e-03
7.780675919180442615e-03
7.687015494954010236e-03
7.850498408592896521e-03
7.792392948688928178e-03
7.741292468044336239e-03
7.491715493794284461e-03
7.355045938506025657e-03
7.456625646366356851e-03
7.510040122637329923e-03
7.666283289134540394e-03
8.011119186256646096e-03
8.375299307854751352e-03
8.633276533810971612e-03
8.711435755674071940e-03
8.772895898250789026e-03
8.535959888215247093e-03
8.575895285010235944e-03
8.780519483623874105e-03
8.939679377817446454e-03
9.130539056706913487e-03
9.548125815553296092e-03
9.517530929236260595e-03
9.581601530802726779e-03
9.714670955577531936e-03
9.919219633331043812e-03
1.011324160621205823e-02
9.953434223558238481e-03
1.006106588769033541e-02
9.686820954304892553e-03
9.529474437996714870e-03
9.247127249034845647e-03
9.035211199524210979e-03
8.755516557382880816e-03
8.640312124433452076e-03
8.890852320976663087e-03
9.233914574714958967e-03
9.572916028401438210e-03
9.820309783229546480e-03
9.998774904358593424e-03
1.022713935026033083e-02
1.017344652192480985e-02
1.022909173528807093e-02
1.036837281270967630e-02
1.011641748597497115e-02
9.843970304059417031e-03
9.735103521332947457e-03
9.575315902485583702e-03
9.742637782983811640e-03
9.953935050813697560e-03
1.019498655635637380e-02
9.721559201133059269e-03
9.524697386044580355e-03
9.233163597330805439e-03
9.661233899927446772e-03
1.001291244232790575e-02
1.043872695005092742e-02
1.085751807547469076e-02
1.078538513153931566e-02
1.096235426002397338e-02
1.115203245073020065e-02
1.128261419101858273e-02
1.150312909853993398e-02
1.210929139574330390e-02
1.202138124089222396e-02
1.211371733941074211e-02
1.232270672644016768e-02
1.239074069933563532e-02
1.230210332262537780e-02
1.213520772514652991e-02
1.192716016367013909e-02
1.183887560850487020e-02
1.191183734444662724e-02
1.189465833839101205e-02
1.142016723487086424e-02
1.090746515601240772e-02
1.093321903627490592e-02
1.071470017522142652e-02
1.081448438939133783e-02
1.075593055481668080e-02
1.084182235100328989e-02
1.079012994113475420e-02
1.079273768539618095e-02
1.050053312554387677e-02
1.021865242708884514e-02
9.952201185592186514e-03
1.001540195530247271e-02
9.852981249593087756e-03
9.691515546746028165e-03
9.516892947359485017e-03
9.394451282443776544e-03
9.433946671425517960e-03
9.662457434597079842e-03
9.897621863564015979e-03
1.016061117332629597e-02
1.041965720212616187e-02
1.054016188188573386e-02
1.061067859805455219e-02
1.073167641319487317e-02
1.090084755080336990e-02
1.110344674990423885e-02
1.109741497592120311e-02
1.102692671596965795e-02
1.096074682053638574e-02
1.103758309412154054e-02
1.134715273912001790e-02
1.180041935435260231e-02
1.209630573448174096e-02
1.207641307326172593e-02
1.201042321678787855e-02
1.195946885674770838e-02
1.187942306261106050e-02
1.179518579316070521e-02
1.187139231396309828e-02
1.174058747167554262e-02
1.162653266263999514e-02
1.161819901631258936e-02
1.157223767214760404e-02
1.165315768872391897e-02
1.166967327178978012e-02
1.175990299634812122e-02
1.183384404904589196e-02
1.187375461803807410e-02
1.216558327102278125e-02
1.224127738492906438e-02
1.244046128530826995e-02
1.245782276369350981e-02
1.250495509310389254e-02
1.249957259189250422e-02
1.252815307200290905e-02
1.255377092385542501e-02
1.262447986150467237e-02
1.252897065276965469e-02
1.241104314658981675e-02
1.206884863647266111e-02
1.192017081830628461e-02
1.169850974494863159e-02
1.166923690995436136e-02
1.165996838919170810e-02
1.171149424413838076e-02
1.190543712913963957e-02
1.205346718531528916e-02
1.213254736885850671e-02
1.182563163210046189e-02
1.139615922871912643e-02
1.106982573075216553e-02
1.065995131266201171e-02
1.029665632936187236e-02
1.021320853875144763e-02
1.027520880700921561e-02
beta3
2.240787441071903120e-03
2.305260105162207016e-03
2.392274118924083912e-03
2.434638937380875431e-03
2.367416275096941546e-03
2.316179967088356686e-03
2.335260314124633016e-03
2.502150043085387549e-03
2.656820667946026889e-03
2.862960695416933571e-03
3.116726626282604121e-03
3.164213652285635149e-03
3.179184393635802602e-03
3.281700911403311570e-03
3.416912121780027716e-03
3.345614271927840715e-03
3.326697229886248913e-03
3.288018438599256930e-03
3.317527168699967860e-03
3.457428997023476169e-03
3.481648256078091405e-03
3.564449768576592910e-03
3.384738859587020036e-03
3.269038316012033533e-03
3.107669789838294564e-03
2.974433026724673974e-03
2.913561780781399879e-03
2.890693374259498995e-03
2.887415729395368703e-03
2.820557993892112286e-03
2.760922784118081952e-03
2.618358417482214047e-03
2.493590925887666839e-03
2.482698297550052502e-03
2.454664538272319143e-03
2.468205516720402802e-03
2.511253291557757721e-03
2.449463510104699614e-03
2.263095541827641905e-03
2.321489774880938425e-03
2.241368143544473709e-03
2.194227588089564009e-03
2.137546198231819999e-03
2.033687106938590963e-03
1.914149507935326367e-03
1.928512693608201104e-03
2.075413817731278868e-03
2.218987856246597452e-03
2.591326819978572588e-03
2.631536721653132942e-03
2.336531041324965349e-03
2.046042354405168059e-03
1.936410468683345126e-03
1.874288424865917617e-03
1.806091003612748458e-03
1.805092788213304199e-03
1.793410926204272405e-03
1.726669156877900548e-03
1.688093807255549184e-03
1.597613056148204256e-03
1.568156908664170403e-03
1.573046654362969012e-03
1.629418980079496825e-03
1.679148994316120641e-03
1.687953962272873429e-03
1.766023912755503803e-03
1.854610490922982413e-03
1.919307212548088375e-03
1.781866872947936598e-03
1.742095187213491599e-03
1.736179690305218390e-03
1.615752755980116645e-03
1.564502211408779538e-03
1.511609782413541854e-03
1.420167584531277071e-03
1.265883503465504295e-03
1.234024372167735230e-03
1.207983254158830847e-03
1.103616253192045860e-03
1.013257721641203004e-03
8.958258780250190605e-04
8.175962728504584508e-04
8.019469805496341058e-04
7.783275873027087344e-04
7.399993407821714442e-04
6.963918668110673487e-04
6.487863186758378257e-04
5.657794366618347070e-04
4.789047016539984061e-04
4.052159831515435772e-04
5.505179321273947352e-04
6.065746952463595305e-04
6.504800002807035672e-04
7.090506207073873132e-04
7.897464684785315998e-04
8.345636173889838753e-04
9.388577012010880518e-04
1.018562468467943240e-03
1.118211657376326799e-03
1.192838438241656390e-03
1.296258457221333496e-03
1.367463561500057790e-03
1.487122782580292462e-03
1.561576592508146996e-03
1.660026582842467641e-03
1.748967438892108347e-03
1.809278439390094072e-03
1.883049680263291364e-03
2.007774551688036764e-03
2.115059193427401996e-03
2.313920099656211794e-03
2.381036183752283791e-03
2.332190269765553256e-03
2.148982379459321405e-03
2.006417914873629901e-03
1.799554006042964390e-03
1.592074614056624305e-03
1.446650895037879161e-03
1.309302665966465169e-03
1.192174771394717905e-03
1.148094673242526075e-03
1.108693695726512430e-03
1.128881478639278367e-03
1.164864074446140922e-03
1.203415433052057969e-03
1.254488631700523488e-03
1.163970759849399395e-03
1.120571188940841165e-03
1.106738992116308501e-03
1.129603511934081355e-03
1.142156591316460280e-03
1.131129116299891407e-03
1.120265313624163811e-03
1.125999183603463086e-03
1.090074809595944225e-03
1.104038051688104429e-03
1.094330708373057390e-03
1.068147358423411370e-03
9.986293450032692354e-04
8.914075875042982338e-04
8.593140230777950115e-04
7.719277298445208083e-04
7.466372857907175621e-04
6.976703180152321561e-04
6.236686462550839177e-04
5.722528987199739653e-04
5.446371451418450995e-04
5.613010805729992799e-04
4.719983161269821793e-04
3.698442376211689758e-04
3.999402531321294028e-04
4.148051669972289491e-04
3.934137550771496863e-04
3.974228339066117094e-04
beta4
5.023674107071767146e-16
2.816666754885223860e-16
1.709062334953803695e-15
1.810532475192387206e-15
2.559967020312649447e-14
1.709538592797753506e-13
2.984484108019496365e-14
4.163891607891695638e-14
1.047653159732084808e-13
2.472031714673154626e-12
2.913950946219748918e-12
5.419992900672586563e-12
1.280631214933206399e-11
1.997177597934967275e-11
3.621611585524631933e-11
6.350329980324334824e-11
5.928895639633711639e-11
4.735762275871915360e-11
2.379788034973771001e-11
5.531410272623938465e-11
1.572755573788153613e-10
9.513270430616190022e-11
1.768539434186246019e-10
8.830445836013360046e-11
1.640610971781974062e-10
3.159736235442649646e-10
2.564647947162781043e-10
2.447278672619561907e-10
3.945531414580347409e-10
1.767205140860290174e-10
1.229747479014011216e-10
1.479896266269079351e-10
3.358007374724943275e-10
2.145007156655029031e-10
1.408112319691371061e-10
4.485343197907614720e-10
3.309511810068941449e-10
1.570611419232111937e-10
9.054132234981804683e-11
1.215053569893021029e-10
1.263819308314047623e-10
7.300502914990827008e-11
3.844242223376520983e-11
2.737044739656365715e-11
3.407452422024251767e-11
4.304022907231805885e-11
4.773571746828479132e-11
5.484869319360353354e-11
5.164384106966720901e-11
8.048969993356990637e-11
7.408736428678552727e-10
1.320411957810677537e-09
3.713267548530819682e-09
3.441180749851950937e-09
6.440436150669147090e-09
9.742223972372131892e-09
1.227582266128231086e-08
2.234246398299964326e-08
1.337379675659038790e-08
1.369163975237045604e-08
8.745528960714059125e-09
2.632710240164295373e-09
3.056693019713742082e-09
4.072870815868993176e-09
3.950009712084803105e-09
1.018115748309751839e-09
1.252508023083666168e-09
5.852091303605454266e-10
5.822560916782245255e-10
2.863295565625282699e-10
1.900156372755628540e-10
5.660421993838443750e-11
4.002947185669245352e-11
1.162028587463251217e-10
2.083895935838305723e-10
2.296398516390432865e-10
1.769944839755614444e-10
1.003365087579270482e-10
3.410064964669704817e-10
1.943779118180309039e-10
1.093624670235263673e-10
6.984063290082989632e-11
7.614404176689417219e-11
9.237673289866830987e-11
9.572593222372254424e-11
3.173024404344459387e-11
5.671627847512627779e-11
5.059077144653311253e-11
1.092522690125201496e-10
1.054082423347132396e-10
3.451904602813170756e-11
1.829968795931659984e-11
4.997448411422794928e-12
1.237395990823835525e-12
1.481566166679766681e-14
6.717008354272311253e-13
4.824776203874212827e-14
1.129868587112883920e-13
3.444287722655439815e-14
3.828345724858347992e-14
6.841922638867141538e-14
1.415760626434974590e-14
7.968854294334187318e-15
5.847107027339765597e-14
4.855579610633439507e-14
1.916720886565451978e-14
1.007941105983426509e-14
3.065513048956727738e-15
2.304002926928633798e-15
1.799071794681084931e-14
4.865107328817853962e-14
4.654105728211486063e-15
3.072316899730807647e-14
5.650460945437635718e-17
1.199995996016063877e-17
1.507717099073965628e-17
4.032588463930995456e-15
6.855358283405101281e-15
5.443711587623958339e-14
6.663518232134857367e-15
1.325651153168914960e-13
2.040556588952630726e-13
2.726015024674399099e-13
1.447528880162746364e-12
2.371534329538247435e-12
6.856458058755103497e-13
1.548694796720978384e-11
4.709348962386352461e-12
1.904053700704759765e-12
9.407952593132805120e-12
5.811024272939584027e-12
3.005054271318937755e-11
8.785328180102530337e-11
2.478636122424265285e-10
2.181675120734989713e-10
1.961784989994596774e-10
3.232618957417684681e-10
8.376926755461547407e-10
8.983048448581457251e-10
4.790121419408049821e-10
2.320102887620172563e-10
3.385362909579666744e-10
2.768266864971581165e-10
1.774487944910067670e-10
9.990758033658890910e-11
5.185210611732134120e-11
1.929559657876468873e-11
7.494122025610910381e-12
1.077596325887165577e-11
6.904301437493386186e-13
1.555967217882778467e-13
2.197204855308709806e-13
1.150039281370482768e-13
5.279598213692258087e-13
beta5
1.658962387951245826e-04
1.706496201916070940e-04
1.867202792242917471e-04
2.087288400673923696e-04
2.175374563516551557e-04
2.360249640379825692e-04
2.453376045242075879e-04
2.757967916297543974e-04
2.582438217507261277e-04
2.480405977142788321e-04
2.391720680231003426e-04
2.431016628214157705e-04
2.386963626424151675e-04
2.601856775594768578e-04
2.711864254316648064e-04
3.323239778783340084e-04
4.038392464809909118e-04
4.433984707471747065e-04
4.634391672246440230e-04
4.768993254829898736e-04
4.671278821425148666e-04
4.704770793954374513e-04
5.140822406317178007e-04
5.492122603695308259e-04
5.626636497916386037e-04
5.819337412395809723e-04
5.456854178972365271e-04
5.258059307986508949e-04
4.935344761958929474e-04
5.418441095597892852e-04
5.745205262270667180e-04
6.124255136628082435e-04
6.634723393134107222e-04
8.127041897919790384e-04
9.574399910296871666e-04
1.058692897631960048e-03
1.239125913843990706e-03
1.415842803055511901e-03
1.603221650049407908e-03
1.426570614164479958e-03
1.430124123874422070e-03
1.394201430885647769e-03
1.428485961730317517e-03
1.554052391272282580e-03
1.591092958047079717e-03
1.538901977860616770e-03
1.592511259518539484e-03
1.700320093801462214e-03
1.891451735101095169e-03
1.824898536429304333e-03
1.631659493791418059e-03
1.462548911085254696e-03
1.651903592553076840e-03
1.913302239991097279e-03
2.187893362697894938e-03
2.185007971537178927e-03
2.120384581881064497e-03
2.021651040721573860e-03
2.049067340343547518e-03
1.934565866398995585e-03
1.616004552014915861e-03
1.376419031200257909e-03
1.384715779415858581e-03
1.294546856863460329e-03
1.188310268788415934e-03
1.101152035085819440e-03
1.018043360967420177e-03
8.020190395556156798e-04
8.339856216530880341e-04
7.606298633604700009e-04
6.637019908913368042e-04
5.689960635374769274e-04
5.981178419676273523e-04
6.944485616083902885e-04
8.073969633534345061e-04
8.532537438017340692e-04
8.485639065569340004e-04
8.955825646416193950e-04
9.935459784957720135e-04
1.029910413076303615e-03
9.373952223841632144e-04
9.526127804426950951e-04
7.711282024618882312e-04
6.758520488547066366e-04
5.515165233647567481e-04
4.794365446000986011e-04
4.195824611437790281e-04
4.247162220294487043e-04
4.081991218692794109e-04
3.753697571086347007e-04
3.510012511302563294e-04
3.541537657601152118e-04
3.420608550568061089e-04
3.478319991977597402e-04
3.348235656676979474e-04
2.943964581259648355e-04
2.979290702061334955e-04
2.922302134680090425e-04
2.827402082988727454e-04
2.607057260809456578e-04
2.212137186431117864e-04
2.041409048137552860e-04
1.917512215678867466e-04
1.699173951791652765e-04
1.461767883742580518e-04
1.243742424449968979e-04
1.197224068927043477e-04
9.920026949031659005e-05
7.454132599585540863e-05
7.054135592798191291e-05
7.396644594348171606e-05
7.131133542471465104e-05
6.162513172695687771e-05
3.229130726837438602e-05
2.816954562569710393e-05
2.272748108005507288e-05
2.265618761455481017e-05
1.895332071028224433e-05
2.601357109757721137e-05
2.184630318641680953e-05
2.939969542721577355e-05
2.833119710743952507e-05
4.255475343055413088e-05
3.768795889223432595e-05
4.895968141816999441e-05
6.162996489138161302e-05
5.691406089880461915e-05
4.233802259061424816e-05
3.528179149112877150e-05
1.992617791574117960e-05
1.048546599967507492e-05
6.421592907918613434e-06
1.896104118391032178e-06
1.982307437934618233e-09
-1.978244269448732286e-09
-7.206785433102912774e-07
-5.226773279912227201e-06
-8.063257975904609238e-06
-1.394331178028310799e-05
-1.796941001291452004e-05
-2.424466934995404436e-05
-9.609826998220425694e-06
-4.016939517992695209e-06
-4.439307366724868601e-06
-2.422360397769061981e-06
-1.696583235046863207e-06
3.360828675936546347e-07
1.202296684716453915e-05
2.874603962093765349e-05
3.177969656331798668e-05
3.340734766673035267e-05
2.662851486747589013e-05
2.649137865271884745e-05
1.733772574569944480e-05
