6.386426552607099765e-11
1.300630386387628817e-08
2.723268023409809913e-08
2.058987598428246780e-08
1.661021321876118716e-08
6.840806506571109524e-07
2.646100276154318927e-06
2.258744251790021805e-05
3.704232761555607812e-05
5.255090947459990910e-05
7.081765663091985411e-05
7.619032986595211318e-05
8.971160777621161036e-05
1.241228173117127223e-04
1.389279761674568243e-04
1.438104395212313070e-04
1.458984664263616906e-04
1.498254276548450180e-04
1.512534849325234277e-04
1.426994336887156198e-04
1.309697374580077859e-04
1.159608379400368775e-04
9.851236534872120096e-05
9.062180467243531763e-05
9.040299518793563297e-05
7.039233049815377347e-05
5.846922990927487827e-05
6.007863013145664684e-05
6.781251263113045045e-05
1.405555866697675335e-04
2.185241633102256097e-04
3.400680708539167117e-04
3.835000702534277473e-04
4.220468371738377716e-04
4.316984389240723801e-04
4.346167116304976131e-04
4.356761360794233584e-04
4.282343651424011174e-04
4.352465809168673712e-04
4.323833184704446199e-04
4.303952698718998670e-04
3.547607248254535891e-04
2.759698559293839964e-04
1.521855437573660320e-04
1.101315944407279033e-04
7.425257516509445939e-05
6.365959085607272221e-05
6.462578348320372834e-05
5.876834275130658189e-05
8.310702011144183827e-05
9.668786231736989855e-05
2.191239250207486610e-04
2.442470161818070416e-04
2.503838454140557826e-04
4.228664393642085216e-04
8.843530675746543628e-04
1.370918557193846450e-03
1.810276977817665148e-03
2.322484407895246319e-03
2.499732877220906761e-03
2.562847231157814720e-03
2.609399603495964667e-03
2.604707292713219491e-03
2.515982112271544432e-03
2.746032903992385536e-03
2.865416957099763563e-03
2.802508345777944467e-03
2.351019082251061629e-03
1.869492043554931522e-03
1.432254894235791961e-03
9.211260292391398397e-04
7.520777697853879692e-04
6.858217198063109969e-04
6.091866855569919850e-04
5.943761484533050714e-04
5.629198307341553437e-04
3.005122463735760666e-04
1.737346689953596119e-04
6.239964280846930535e-05
4.969752761873096129e-05
4.243213778095484087e-05
3.672345729793622678e-05
3.297089656190997029e-05
1.772639222887582909e-05
1.237040468629312298e-05
1.115392298703151863e-05
7.192254885781387342e-06
1.331041149611673539e-06
7.429206789367517977e-07
6.378424989186048572e-07
5.944504577395117986e-07
5.794570423384665757e-07
4.909027171010224872e-07
4.173714454102450938e-07
3.719955614669223464e-07
1.485983693774419379e-07
1.487777744501048491e-07
2.452461101643659227e-07
3.657144851738703744e-07
4.263220230572176594e-07
4.821921802959672070e-07
1.098802936188166915e-06
1.184950034540516391e-06
1.261320133267871603e-06
1.277312544582387043e-06
1.268788353620974494e-06
1.254254508251036788e-06
1.253896883253200588e-06
1.246943597751748245e-06
1.116561408858032953e-06
9.713149226127040825e-07
8.878149854185381810e-07
8.198308101734320373e-07
1.943836490609178413e-07
1.053938171462419938e-07
2.936242800370398170e-08
-3.353022292993497457e-08
3.938066384327847454e-07
5.859211386583334822e-07
3.861008035482157829e-06
9.365704114047629784e-06
1.158219605277416558e-05
3.267462506371240433e-05
3.550680753212032365e-05
3.679812446929952083e-05
7.211787466039848524e-05
8.283951931389020064e-05
8.695816597992110837e-05
8.862823777837146126e-05
9.401767706834110829e-05
9.735437586720709937e-05
9.785958352874692828e-05
1.130484775393405015e-04
1.776234467105803272e-04
1.905639368198336879e-04
2.592898193097827281e-04
3.678152155431473644e-04
4.110000038047846821e-04
5.999896923007842905e-04
7.957892087559703892e-04
1.006748013509404334e-03
1.402109569498270931e-03
2.085289187448666984e-03
2.746815238279344280e-03
3.255391802165658825e-03
3.368326369011138965e-03
3.588148390333778092e-03
3.739299832805169626e-03
3.697256560265560835e-03
3.623803576727187368e-03
3.426643804723956358e-03
3.226963168145267468e-03
3.014348760148154952e-03
2.613185767383726082e-03
1.926477336590871935e-03
1.261170991201887972e-03
7.319008343227689220e-04
5.522075873049787182e-04
2.983620478436062339e-04
7.564950961935388522e-05
7.658697980078731627e-06
7.286006007401874226e-07
-2.548568508218378379e-06
-3.635213902340284658e-06
-1.320769110774754534e-05
-3.274688643529453268e-05
-4.017829443757675107e-05
-4.453588496699928525e-05
-4.921334051920075227e-05
-5.095791620762657871e-05
-5.372311311486254950e-05
-5.848447981426266020e-05
-5.858949153970745998e-05
-5.726978993485923384e-05
-5.776835926816529333e-05
-5.831818172813067167e-05
-6.122196625002176908e-05
-4.480857409672094272e-05
-4.059291535584648626e-05
-3.717103808876297895e-05
-3.306020388950940041e-05
-3.234828573262675723e-05
-3.030275690584413573e-05
-2.633423306510506278e-05
-2.748824772108722945e-05
-4.608984628629703411e-05
-4.709201500609241334e-05
-5.455868755755292660e-05
-5.114406297033468620e-05
-5.382688057987237572e-05
-7.000188263922293649e-05
-9.709608747291975639e-05
-1.451048822553841855e-04
-2.303103599482670836e-04
-2.680609481373054620e-04
-2.989209674700191817e-04
-3.036405416333056296e-04
-2.869858738715126592e-04
-2.946021164240059434e-04
-2.929092509505575861e-04
-2.876295370475319001e-04
-3.042765864992346748e-04
-2.908975928736008839e-04
-2.641440709772808668e-04
-2.229404833877087161e-04
-1.383433824215233763e-04
-1.002296605983077371e-04
-6.879302163930561245e-05
-6.263847244921492822e-05
-6.018524212815003633e-05
-5.055163271314042301e-05
-4.345141211504187519e-05
-3.969856201463401450e-05
-1.725943798643202304e-05
-1.125287673831928693e-05
-9.976577341268128471e-06
-2.604748454770805095e-06
-9.630575380651157225e-07
-6.064056356904788486e-07
-3.893143515520897659e-07
-3.486450783689532858e-07
-2.979578019624516879e-07
-9.841276881376077975e-08
-2.801965575750434536e-07
-2.543553795550553930e-06
-1.101695276588955761e-05
-1.358995595096528128e-05
-1.608236069106284242e-05
-1.635794314162254573e-05
-1.661046222086539853e-05
-2.692959376508600411e-05
-3.008561556320447821e-05
-1.569511072538063768e-04
-6.342359935344903847e-04
-1.514663674716454226e-03
-2.374672188474518959e-03
-2.909007910577959734e-03
-3.219586413865795343e-03
-3.294826477290745386e-03
