beta2
9.051263239857342685e-03
9.118124886726683420e-03
9.177130271261834532e-03
9.247174455566734008e-03
9.274127130972696295e-03
9.321594460695189349e-03
9.405602452607958811e-03
9.533275759165581870e-03
9.634502367541031981e-03
9.752074617706663062e-03
9.888213949745223302e-03
1.002536583431401333e-02
1.006922992578221723e-02
1.011260438674332907e-02
1.014210352414482777e-02
1.007544706468956920e-02
1.006119383045928593e-02
9.999444579951409506e-03
1.017250864715503814e-02
1.023845101026040275e-02
1.035662579547063332e-02
1.045006828571631678e-02
1.052616494351534329e-02
1.057877671410237252e-02
1.065948652346957251e-02
1.061574114910103332e-02
1.071105461563426342e-02
1.079188115781663793e-02
1.090565912856372895e-02
1.104829455000923971e-02
1.121061420944397154e-02
1.104675200560214024e-02
1.101426738596101781e-02
1.103711267576895118e-02
1.097451421803564454e-02
1.102293735813601738e-02
1.100607102970223641e-02
1.104793663307256785e-02
1.114470147421647850e-02
1.114278619724392433e-02
1.111259160526966577e-02
1.106329875523560588e-02
1.102174252957082400e-02
1.093920097939283034e-02
1.092718100881911319e-02
1.090712491793243213e-02
1.090636007914600261e-02
1.083154218399656928e-02
1.074918124146403975e-02
1.067299608892981373e-02
1.056006721677644339e-02
1.037050396331124641e-02
1.024445757996115050e-02
1.014732269267060866e-02
1.004781989172491563e-02
9.926378874041873190e-03
9.889874995992562617e-03
9.902168385010835100e-03
9.812851945900671197e-03
9.692508868067637590e-03
9.571999318844219562e-03
9.323718967477228475e-03
9.289306057592740251e-03
9.284731339276389162e-03
9.280169457084902485e-03
9.307082901223760057e-03
9.298367424618219149e-03
9.216215448782850983e-03
9.057479319533563028e-03
8.928445961553739540e-03
8.835017957852690090e-03
8.747033373019788213e-03
8.608014044536444614e-03
8.518996483440639117e-03
8.497128042319652616e-03
8.470480655061760761e-03
8.461106069868360585e-03
8.581228234744268935e-03
8.611276786380753223e-03
8.667516531182049844e-03
8.736040653675719928e-03
8.699654435111101036e-03
8.683496125169856000e-03
8.711798666461312984e-03
8.747722863496405765e-03
8.719911652494211768e-03
8.726265132124301493e-03
8.676164209667895991e-03
8.638578820710099762e-03
8.638840024099307680e-03
8.598598564501493124e-03
8.651357809444901875e-03
8.731939833085051658e-03
8.786293258235849946e-03
8.823465747034308498e-03
8.796441960078185685e-03
8.808799837664277321e-03
8.831197295713910655e-03
8.838600128070531886e-03
8.870047378820260578e-03
8.951271675409974704e-03
9.018550519477423061e-03
9.007107680939128308e-03
8.990583359153883625e-03
8.977028030898026936e-03
8.909030270167393739e-03
8.832635412835149885e-03
8.758507715682704517e-03
8.708373200890021787e-03
8.620847279211470843e-03
8.561339011744285507e-03
8.488465246933467323e-03
8.528131000285026769e-03
8.579452886063567568e-03
8.592428488107949069e-03
8.605944766675689001e-03
8.629456354577284827e-03
8.658678713451268064e-03
8.758279962023217055e-03
8.849374282962811297e-03
8.934461569832997940e-03
9.051631276818721678e-03
9.128862470087106135e-03
9.215175314753978886e-03
9.211772017566847298e-03
9.186457261664194088e-03
9.207975033524253006e-03
9.265298286769484831e-03
9.257768135658882985e-03
9.281058206050555107e-03
9.261976763723707429e-03
9.260492798310097223e-03
9.280032051913873065e-03
9.376447305288113793e-03
9.412935495284019405e-03
9.446813233113408870e-03
9.512242153555078988e-03
9.579671610307548962e-03
9.537264067288619279e-03
9.481098495952801700e-03
9.385949590989133701e-03
9.279657012107315334e-03
9.325589248647932553e-03
9.389648687406576544e-03
9.432515789158064240e-03
9.451480855237306272e-03
9.420989706477480088e-03
9.435513750930470123e-03
9.398945010355061122e-03
9.416877110804286466e-03
9.416555884167624596e-03
9.427290314043112324e-03
9.554856375301248872e-03
9.528102079450338768e-03
9.643729266965904434e-03
9.703089195569804953e-03
9.703377847789837474e-03
9.499433324401347634e-03
9.328968282045272536e-03
9.334534174068652088e-03
9.168781147119022673e-03
9.008509875937799338e-03
9.015123007421438350e-03
8.977576474816629723e-03
8.974551003606980049e-03
8.969391457141236493e-03
9.088830523253502158e-03
9.180926460280470700e-03
9.268680193086176883e-03
9.385649725187614201e-03
9.520852110595359047e-03
9.690936910859964531e-03
9.670797446701542149e-03
9.812550277622789086e-03
9.779644360849057763e-03
9.659358085445001602e-03
9.719225775457480954e-03
9.739987309720830877e-03
9.778151641953935005e-03
9.804690153541286909e-03
9.877685968429653074e-03
9.848469370109309839e-03
9.812386797996199700e-03
9.725749249665217866e-03
9.644527690521858404e-03
9.568983209256516284e-03
9.545090591368543542e-03
9.460966106423284588e-03
9.615396498914744600e-03
9.639004959371616499e-03
9.643202574496105225e-03
9.656746896287590060e-03
9.632628027402518472e-03
9.645630607836939291e-03
9.732144077979050165e-03
9.838570775860982706e-03
9.850986092269971989e-03
9.878534853566885154e-03
9.865578664936487663e-03
9.903651271054161181e-03
9.942821535035331268e-03
9.942265649657978932e-03
9.940091685326333734e-03
9.934027309655046184e-03
9.955337855900605465e-03
1.001796692769280940e-02
1.012384808523504598e-02
1.018566577933710179e-02
1.020341712156664846e-02
1.019497340099678566e-02
1.023478701954338987e-02
1.030170769201777317e-02
1.037875362079740925e-02
1.049685907094930273e-02
1.053654841006096063e-02
1.054328285928847475e-02
1.041612543235226687e-02
1.030746681518359027e-02
1.020971654699517200e-02
1.009972973178345501e-02
1.002772851118212058e-02
9.980543207555536700e-03
9.997571876388548773e-03
1.007117021457753191e-02
1.012222975287429064e-02
1.018819382928370237e-02
1.021753985993162188e-02
1.024829625912359460e-02
1.014672299271206571e-02
1.012198475506679435e-02
1.008686863040308274e-02
1.002026338685232595e-02
1.000271648198269338e-02
9.936538458185591866e-03
9.872000561298936716e-03
9.748230994927283011e-03
9.593334215405896481e-03
9.589850322690145895e-03
9.568309845614022049e-03
beta3
-3.856428666113087067e-04
-4.037180945224444093e-04
-4.303333471163645974e-04
-4.571093021319950177e-04
-5.568218764261476800e-04
-5.746496213515712081e-04
-5.769946439059437000e-04
-5.354934910627380572e-04
-5.369514247716194923e-04
-5.481975085285430019e-04
-5.828871452429235144e-04
-6.532632217224588166e-04
-6.879100848395069663e-04
-7.255199422592391572e-04
-7.482261534635646118e-04
-7.048883660872631287e-04
-6.372066001794813878e-04
-6.131083482707397336e-04
-6.638290543112154675e-04
-6.101215755041228001e-04
-5.597049357526945757e-04
-5.285743591932183256e-04
-4.588391994691947990e-04
-3.547392345606461541e-04
-3.091830910363028290e-04
-2.603311010064483615e-04
-2.569324588936577457e-04
-2.147374413835106337e-04
-1.696573894706468466e-04
-1.429353588407202263e-04
-9.518544339263981476e-05
-8.129525684920943605e-05
-7.734026812896490103e-05
-7.003884957030112211e-05
-5.819457308097413352e-05
-6.304386693923593431e-05
-6.019458267460687378e-05
-4.247302476944078253e-05
-3.906029727128185886e-05
-5.816618956340535615e-05
-5.858220343333493175e-05
-6.775254950688432902e-05
-7.000195533385188519e-05
-7.870911041495759432e-05
-9.809931118384382679e-05
-1.046567649129959620e-04
-1.348760510825811726e-04
-1.842995043643223525e-04
-2.244712122696466972e-04
-2.574793362687123307e-04
-2.462634034444872739e-04
-2.637425449966195263e-04
-2.773497160116593363e-04
-2.404810445600371824e-04
-2.325919176460020284e-04
-2.292966716029691012e-04
-2.279542893391914608e-04
-1.865058245357004629e-04
-1.538499512383237431e-04
-1.582399152054827021e-04
-1.755926082874913630e-04
-1.621846032753520141e-04
-1.826786450159610816e-04
-2.107478366874614541e-04
-2.047507119453395585e-04
-1.946710898304219572e-04
-2.194236850461870974e-04
-2.105601699308072084e-04
-2.549656044228223485e-04
-2.849253313598348620e-04
-3.193426099768336031e-04
-3.597432322354723769e-04
-3.846216602693005812e-04
-3.841689451908487105e-04
-3.622032481750083908e-04
-3.492456450061698749e-04
-3.185793612332444755e-04
-3.209706090909732537e-04
-3.350716610075873611e-04
-3.533484398460475700e-04
-4.042145147702986695e-04
-4.097058995434663077e-04
-4.221463650755534805e-04
-4.519109306228198827e-04
-4.501103464742940100e-04
-4.938516208630566165e-04
-5.239871932233189193e-04
-5.700513640367408773e-04
-6.033058766885587149e-04
-6.187411107016929472e-04
-6.613993592846253945e-04
-6.651103213168596279e-04
-6.694924340104340841e-04
-6.711701162048211693e-04
-7.128509208365473200e-04
-7.276478746697794160e-04
-6.951086740137250950e-04
-6.609517255134171468e-04
-6.681749155597079123e-04
-6.305480901212261093e-04
-5.996404841361708486e-04
-5.601077928082613244e-04
-5.695780352537237147e-04
-5.585665197146359425e-04
-5.886383101709388981e-04
-6.084343427193768944e-04
-6.359568422423887007e-04
-6.948059769753052884e-04
-7.515039388029569681e-04
-7.987778838421393142e-04
-8.369363879701912767e-04
-9.759704947911164398e-04
-1.002141249341288298e-03
-9.512117289903976531e-04
-9.139002597243941605e-04
-9.380826717024124631e-04
-9.123415881351687115e-04
-9.122144161949159377e-04
-9.147695907061549527e-04
-8.643133666344513313e-04
-8.494138769529134244e-04
-8.692444398825703925e-04
-8.818373517032160368e-04
-8.616179986824713160e-04
-9.139361848735554419e-04
-1.001128298943182275e-03
-9.910769710610826955e-04
-9.582726077718916550e-04
-9.092310893543954472e-04
-8.437927917425566086e-04
-8.006400308761864055e-04
-7.586044454303733208e-04
-7.245948847246284734e-04
-7.224529119656260094e-04
-7.351193992849460422e-04
-7.367900067654883142e-04
-7.401123530847933006e-04
-7.395289078220867486e-04
-8.496670184822646774e-04
-9.484118073542306942e-04
-1.025905420892803815e-03
-1.088947084845596092e-03
-1.039726497129232459e-03
-9.919710134198111810e-04
-9.684264983085420948e-04
-9.583122062723557592e-04
-9.286777458463312419e-04
-9.014808194682360750e-04
-9.621212286889882373e-04
-1.029697742888101937e-03
-9.606928126203555240e-04
-9.719104975708764112e-04
-9.717428773769630143e-04
-1.039706990321952532e-03
-9.331748219251507093e-04
-1.055116731431789742e-03
-1.205030197151575611e-03
-1.359045180388453872e-03
-1.569899170290072875e-03
-1.600463885612558000e-03
-1.520077978741150946e-03
-1.520087347829252207e-03
-1.427070328829029445e-03
-1.356766975764486707e-03
-1.203471645988506405e-03
-1.147002776060197923e-03
-1.197534098439578202e-03
-1.268323760741513640e-03
-1.349821533530935324e-03
-1.411611567385479427e-03
-1.496199500386399773e-03
-1.448004634563781860e-03
-1.439739307143717137e-03
-1.397343814846795183e-03
-1.331130550559160792e-03
-1.401774925947982513e-03
-1.327619161067467458e-03
-1.356512137516491289e-03
-1.179562613284324685e-03
-1.033612603434066980e-03
-9.441026015105882406e-04
-9.136732005753116139e-04
-9.723119290647679437e-04
-1.057893468168626117e-03
-1.126813734234535531e-03
-1.212087109921572425e-03
-1.240288514906031855e-03
-1.350614922548413078e-03
-1.239162057821180385e-03
-1.277316252126681206e-03
-1.300280857483823976e-03
-1.299453389229119531e-03
-1.325213731919372114e-03
-1.355928622539739762e-03
-1.434591181989092017e-03
-1.485873322873036218e-03
-1.498488393365609260e-03
-1.562169672335545281e-03
-1.477139087334003887e-03
-1.378533669986079131e-03
-1.318779924216031138e-03
-1.234121340183941696e-03
-1.142211382510396151e-03
-1.108231124058265717e-03
-1.061536393565282220e-03
-1.029679959360328950e-03
-9.979410433074052070e-04
-9.032564496186743907e-04
-8.521551921061337916e-04
-7.880141290663789707e-04
-7.257962605730001494e-04
-6.622475793870679760e-04
-6.322963607816034504e-04
-6.056214191406186775e-04
-6.085677280222693847e-04
-6.507489303065689063e-04
-6.183264770035196796e-04
-6.007107283481363195e-04
-5.549440692100191495e-04
-5.919816661547188394e-04
-6.649750322996299257e-04
-6.895158076331278293e-04
-6.617861766203053317e-04
-6.339974485325640310e-04
-5.891151670620270540e-04
-5.388058176280165635e-04
-4.481561460011337732e-04
-4.155666273452103109e-04
-4.066055683655941597e-04
-3.792753857255470331e-04
-3.590842143866017529e-04
-3.199981952452735025e-04
-2.933700933515250150e-04
-2.318349277947441252e-04
-1.837897784700557365e-04
-1.469196306245256834e-04
-1.221893287397871606e-04
-1.029334139436876482e-04
-8.731048863731076504e-05
beta4
1.493911137252429151e-03
1.523724937537393812e-03
1.581281183998170786e-03
1.635618001537117797e-03
1.748178919943324397e-03
1.763882847479004545e-03
1.745474336100273811e-03
1.706497135077203291e-03
1.727030317650366138e-03
1.761072328115640372e-03
1.832192908127551739e-03
1.871591979176665671e-03
2.029731593558016869e-03
2.057212270436397771e-03
2.110086535256952209e-03
2.221497903042934929e-03
2.271287704349208604e-03
2.324030096873183886e-03
2.393825389086176071e-03
2.499224093806279561e-03
2.604393026063287798e-03
2.657798586756255840e-03
2.731896167950523431e-03
2.732000325273827891e-03
2.686699853080914795e-03
2.671005431400407752e-03
2.719654432847604716e-03
2.749552634372165634e-03
2.714436123038774240e-03
2.634593756203406929e-03
2.587850918234146751e-03
2.716800172247995498e-03
2.735163550135284206e-03
2.726825646005861213e-03
2.800473299784264625e-03
2.734946838838946907e-03
2.887509312537820186e-03
3.014480108212188279e-03
3.034077411237902713e-03
2.952860315954746601e-03
2.993467541204259449e-03
3.038731314465057537e-03
3.042900994949037947e-03
3.025495007968222010e-03
3.121249697672343493e-03
3.153814516525195455e-03
3.153747641644309447e-03
3.414418241869933163e-03
3.684325117401535121e-03
3.949431210139887904e-03
4.035076658867625676e-03
4.302033236724177832e-03
4.462143953972375066e-03
4.423054715159547082e-03
4.654721976826294016e-03
4.919211377129638005e-03
4.818749824639366117e-03
4.502361762962744929e-03
4.590110659379158589e-03
4.339781873374849025e-03
4.150867932300934295e-03
4.395040648912508160e-03
4.190871195757037843e-03
3.928027998735147269e-03
3.771608594809404934e-03
3.625962001073331463e-03
3.771087464423744477e-03
3.920455804061149033e-03
4.182697814853413021e-03
4.201803905842736372e-03
4.202228846000974696e-03
4.272716873985202973e-03
4.622295369912496690e-03
4.536979024536329577e-03
4.534788845241552631e-03
4.512480262667343742e-03
4.457987709354372177e-03
4.339434420154185401e-03
4.094717517541686912e-03
3.944061001826431809e-03
3.761008049781292516e-03
3.854160878654292691e-03
3.916712491330591808e-03
3.961744407744926047e-03
3.989624273754173618e-03
3.896813823854176559e-03
3.673097141699793993e-03
3.517501228547695227e-03
3.335186796058715875e-03
3.240026657319716903e-03
3.154125092506093742e-03
3.268411081614064611e-03
3.333301036904980693e-03
3.383903243895499020e-03
3.381173336509650344e-03
3.246209265920279620e-03
3.213012245584674891e-03
3.143833576585644204e-03
3.149185806485087571e-03
3.183387927675541181e-03
3.244461695511251589e-03
3.219010553831910468e-03
3.310372687341113507e-03
3.327488104555107601e-03
3.381463753353590798e-03
3.458570523415935814e-03
3.516854067728455904e-03
3.573860903500663058e-03
3.594425848133493608e-03
3.527142988371530924e-03
3.427300647027700826e-03
3.312227008581313664e-03
3.101707896033567211e-03
3.071221615088334279e-03
3.067382677673921761e-03
3.119032061199621640e-03
3.118252946138518403e-03
3.200406950494584773e-03
3.172232288721920593e-03
3.169094178766931717e-03
3.130591727995317951e-03
3.174714923770806732e-03
3.238719680178767189e-03
3.010763588121593160e-03
2.945672000069645552e-03
2.983388055877148407e-03
2.803408071055217554e-03
2.585684247878855015e-03
2.386915025282674262e-03
2.228094446857530921e-03
2.040205717478617113e-03
1.918564743356897945e-03
1.813287737027311809e-03
1.693590790023122468e-03
1.590962127272892764e-03
1.472328406822986067e-03
1.350829947638054404e-03
1.253356512502544918e-03
1.077843179088290842e-03
9.501430850726177600e-04
8.679627516273956400e-04
7.810719594088571995e-04
7.398969770313096762e-04
7.036504481198306311e-04
6.539090526400731171e-04
6.041967700878331151e-04
5.689280881659762677e-04
5.190542769993144578e-04
4.754324059325925776e-04
4.689120725211821331e-04
4.826933825746296041e-04
5.190643431538122937e-04
4.993233130065840610e-04
4.586665732808194521e-04
5.019942903766742761e-04
5.831855001114451568e-04
5.710339677857940825e-04
4.456448451992782184e-04
3.520510762408464618e-04
3.312897946546096580e-04
2.841004826132491898e-04
2.558311613879060611e-04
2.732573191670612184e-04
2.470151779397342421e-04
2.604935284200547707e-04
2.403852783434335847e-04
2.218959079838515197e-04
2.134592429968645096e-04
1.987273447043546020e-04
1.968348064973316251e-04
1.933882566024814091e-04
2.266498430022756698e-04
2.139247161736199132e-04
2.697361750635982416e-04
3.258517363889691112e-04
3.660197985952961543e-04
3.629859476738057163e-04
3.745629211570912476e-04
3.826900302875456752e-04
3.953864913437973123e-04
3.969636993315886920e-04
3.828290259626010504e-04
3.836165736475258920e-04
4.044658048012299560e-04
4.134190188689451911e-04
4.117607051550068700e-04
4.396581078865110289e-04
4.550439550792953003e-04
5.012798188795520400e-04
5.577791541092179005e-04
5.938229364976976756e-04
6.283692111505102037e-04
6.588692278940099477e-04
7.024917605302346754e-04
7.437402288200025552e-04
7.794844973068290649e-04
8.263261468232142339e-04
8.738368998871258756e-04
9.143588023545320877e-04
9.802287330848210179e-04
1.001517889976743939e-03
1.110810857276997056e-03
1.208863957338994228e-03
1.227582095708477667e-03
1.281844386710325303e-03
1.334859883352822185e-03
1.413610150306741919e-03
1.435820815709086193e-03
1.480243591441335804e-03
1.496078172687043129e-03
1.514730308645718298e-03
1.611042809666392121e-03
1.711426883515273578e-03
1.876243170247491980e-03
2.028784446402112814e-03
2.190786076600987828e-03
2.299574737504341861e-03
2.381816810878786134e-03
2.343533254363464394e-03
2.399500658446255576e-03
2.465880597928552312e-03
2.504803665201791978e-03
2.505402806945974774e-03
2.525211446163340510e-03
2.531094754342869645e-03
2.576438741681556788e-03
2.700194056535586921e-03
2.808675116467077362e-03
2.699277234377799647e-03
2.588549589019404316e-03
2.434162705662160781e-03
2.306491047079644793e-03
2.161256748133284777e-03
1.975922228291769785e-03
1.841977112294049777e-03
1.784433598908392697e-03
1.700148554305584789e-03
1.612957610636464936e-03
1.575134381963269343e-03
beta5
2.869183478242050660e-05
4.187336372146349434e-05
4.014984614792602928e-05
6.636565400450626412e-05
4.572930053174287897e-05
2.139332135566383695e-05
6.560999507170423412e-06
3.088110059562012169e-06
-8.282968886385582993e-08
-6.334950098712292395e-07
-1.619802965921133290e-06
-4.559537367676596209e-06
-1.993438684260809640e-05
-2.669780462635826365e-05
-2.800457291160142137e-05
-8.876296554979955320e-05
-1.831913782694392923e-04
-3.522555913351008345e-04
-3.451553091292333718e-04
-4.699255179499118532e-04
-6.049201083600194186e-04
-7.457297041031169449e-04
-8.726224109261592919e-04
-1.092868612912707010e-03
-1.400460651362299457e-03
-1.686682040882873154e-03
-1.824194196687398042e-03
-1.997076943841157980e-03
-2.288884289304015350e-03
-2.310953984839631426e-03
-2.571075860835910724e-03
-2.699987392231221507e-03
-2.893485460358789178e-03
-3.256340668521490699e-03
-3.900514594201402382e-03
-3.468465153547020154e-03
-3.426453983777493374e-03
-3.413807364992690191e-03
-3.575421337575970283e-03
-2.721544340307056192e-03
-2.406920389876418369e-03
-2.211005650603995419e-03
-2.043862251261534604e-03
-1.614116489886982617e-03
-1.540627460803278706e-03
-1.366373893591169746e-03
-1.206228462711927962e-03
-1.473371283947581822e-03
-1.734726971540030303e-03
-2.012561135855266223e-03
-2.065060488958258937e-03
-2.476247033821462121e-03
-2.368709095656001875e-03
-1.982457763894340114e-03
-1.699750519397327971e-03
-1.494891027960220872e-03
-1.407750348622945329e-03
-1.094157070801916962e-03
-9.267851192090053626e-04
-1.112428038231613563e-03
-9.592336678720214498e-04
-5.120669867039475374e-04
-5.581914165638009054e-04
-7.145113378544372743e-04
-8.057353243851695735e-04
-9.229080672517515384e-04
-7.852318574741415542e-04
-6.914583633720269591e-04
-3.246819018534925511e-04
-1.790838462618870837e-04
-1.274341837535418963e-04
-8.217222223949407242e-05
-3.298140422498499338e-06
-6.714486481205548030e-06
-4.368242553196197866e-06
-5.897800825181322245e-06
-1.279965027004226764e-05
-4.739450766208955175e-05
-6.572317844795799659e-05
-7.905243304810952577e-05
-1.231517390329088177e-04
-1.181728459586892414e-04
-1.404026566230397698e-04
-2.474330716812482046e-04
-3.764562484266551715e-04
-4.905292197175423023e-04
-5.307290160433210434e-04
-5.786698771228539206e-04
-6.592030660977904596e-04
-8.438565584259907033e-04
-9.891266766764842712e-04
-1.263004552714667083e-03
-1.493421168700945992e-03
-1.806886259791494476e-03
-2.397705562630262667e-03
-2.509227272246510217e-03
-2.441486713241076967e-03
-2.402450314220070521e-03
-2.469998100433613841e-03
-2.172573723402460456e-03
-1.702951444949183908e-03
-1.358925593156321780e-03
-1.174559189832003131e-03
-8.650071670362657807e-04
-7.074616473803504394e-04
-5.135963466947119542e-04
-4.271880116142655966e-04
-3.813376045789915094e-04
-3.590899195500409200e-04
-4.050267141401833575e-04
-4.261721799722111232e-04
-5.061410309438244253e-04
-5.071428338832470982e-04
-4.606395388097488173e-04
-4.263509696395650743e-04
-3.629093747628172597e-04
-3.988369698950633120e-04
-3.612620656049420498e-04
-2.631268834410894629e-04
-2.405753101038874265e-04
-2.434377028546082754e-04
-1.935107153458864848e-04
-1.518157276589511290e-04
-1.076064249255863619e-04
-1.889647831717928953e-04
-1.768446573606539235e-04
-1.512087772697379455e-04
-1.627211034804834080e-04
-1.668902367196088633e-04
-1.734350871610032367e-04
-1.403356798230390938e-04
-1.383099458556533287e-04
-1.331728789497045552e-04
-1.027380939553920958e-04
-1.059703511906384904e-04
-1.079423817205967320e-04
-1.046803180247992651e-04
-1.154609418863765738e-04
-8.834645576205388110e-05
-6.438059878000168654e-05
-5.378711557333359634e-05
-6.466177512304870979e-05
-8.033384219892720699e-05
-1.140565696246744897e-04
-1.715242593492890535e-04
-1.639040111261107018e-04
-9.213783536555792547e-05
-3.981368840124626491e-05
-1.805385813542614685e-05
-8.620498120503638004e-06
-1.637712301815382599e-05
-2.929872470161552030e-05
-4.345355100522238446e-05
-2.499318331832805638e-05
-6.738876840111496626e-05
-3.687687430068725843e-05
-4.005897283325225711e-05
-9.321775509163106614e-06
-1.370088505956598179e-08
-8.388043749292531316e-05
-4.036868120200894853e-05
-2.566041088723359495e-05
-4.668921291505093261e-05
-4.117238990411012920e-05
-8.664214546650724955e-05
-1.112096466361023285e-04
-1.426573740821955312e-04
-1.833124868751011174e-04
-2.399061892324047735e-04
-2.864717129215119205e-04
-3.240713327589798704e-04
-3.273392060288232925e-04
-3.698070467352092272e-04
-3.213274704223882672e-04
-3.757624392420514476e-04
-4.163012502564480488e-04
-4.098567957211138920e-04
-4.398923045095504917e-04
-3.716093207250754709e-04
-3.061334372318843698e-04
-2.832068355629426600e-04
-2.754854667313943193e-04
-3.852733295369493733e-04
-4.971834894355113251e-04
-7.398470960693498150e-04
-9.519813411455416846e-04
-1.223620750914597346e-03
-1.463933611577458108e-03
-1.533074003131053731e-03
-1.589970014935862021e-03
-1.387268172257790592e-03
-1.234643676337773659e-03
-1.223258140535400012e-03
-1.257482988628316669e-03
-1.221615776817783390e-03
-1.265895881209551030e-03
-9.267246759453043672e-04
-7.024352362316533312e-04
-7.843943440503420338e-04
-9.620394335116668133e-04
-1.131791745767809967e-03
-1.298623717049249022e-03
-1.447358324996509023e-03
-1.481940491915370150e-03
-1.563291417593925007e-03
-1.682015256018172620e-03
-1.773196549206209911e-03
-1.883230376578511056e-03
-1.812123418438802390e-03
-1.812040919985641709e-03
-1.779416733961937912e-03
-1.691772864890681884e-03
-1.695016223612060436e-03
-1.668636274078264242e-03
-1.708571774232779976e-03
-1.810495738961400824e-03
-1.689200271984813220e-03
-1.650621229926296871e-03
-1.475420536335208307e-03
-1.531313772282208094e-03
-1.557321332762340652e-03
-1.519111245507271269e-03
-1.468319895034468896e-03
-1.466769628390028959e-03
-1.463669326721269738e-03
-1.507698107067962159e-03
-1.621984569617836982e-03
-1.833979587693251607e-03
-1.632039764667885277e-03
-1.548865043893401898e-03
-1.373400003291884875e-03
-1.171970930895076778e-03
-9.463814084726826980e-04
-7.167148127109599677e-04
-5.734017244034112469e-04
-4.817081884502609468e-04
-3.196555861372968625e-04
-2.763628949579275849e-04
-2.738713887302592119e-04
