beta2
8.966424648702217559e-03
8.961358405120741638e-03
9.014963625135565678e-03
9.055326891052390553e-03
9.103604534044070634e-03
9.168820861211545922e-03
9.251202548224481473e-03
9.300048429234382408e-03
9.296404621817366126e-03
9.285572731376080108e-03
9.307893337034949671e-03
9.320152016342810736e-03
9.363376298467469133e-03
9.413671586287645360e-03
9.525040621149866160e-03
9.601873099321572153e-03
9.658979211644973945e-03
9.695317895207625214e-03
9.636277334349742721e-03
9.564804557163190252e-03
9.515844619204155697e-03
9.500945891150922376e-03
9.507682229434310031e-03
9.520683889033621297e-03
9.509447805983041457e-03
9.437584432141810781e-03
9.358176236041629986e-03
9.281715258362183488e-03
9.248973936847201122e-03
9.216563523309306144e-03
9.161136364593022718e-03
9.101574772889498358e-03
9.044493164462196269e-03
9.002044389761447787e-03
8.956011335286789485e-03
8.802372142612650135e-03
8.715286263274391043e-03
8.650239469769629985e-03
8.596966953973559158e-03
8.584057997318549765e-03
8.599191455946859214e-03
8.547878910415737663e-03
8.495060702859240018e-03
8.438417118973591535e-03
8.397863460662255072e-03
8.400517815109170838e-03
8.436288933451040542e-03
8.530965702996603367e-03
8.579955834907729978e-03
8.615536280472482072e-03
8.606041719140030549e-03
8.602230695713083269e-03
8.658317842581971652e-03
8.664818218494158009e-03
8.662416497281156397e-03
8.697280998445161559e-03
8.635306296479301758e-03
8.612055832893377935e-03
8.704658382356624327e-03
8.798715557132196635e-03
8.868559602447558671e-03
9.022209616437723567e-03
9.133834607754704599e-03
9.225692304688348083e-03
9.297753027703643813e-03
9.376539568173164474e-03
9.469988217284841525e-03
9.502223244002155900e-03
9.622310210255963919e-03
9.724430941812835238e-03
9.721169637593349636e-03
9.726076734019338532e-03
9.690983338986044332e-03
9.698441267798365434e-03
9.670038460182238393e-03
9.587269679098529840e-03
9.512442733829191283e-03
9.415418883201458200e-03
9.312942790249563105e-03
9.224480561024922878e-03
9.265417302688877185e-03
9.264460376375479797e-03
9.341372782475819078e-03
9.282285532404652845e-03
9.195805982299751560e-03
9.137850185766753855e-03
9.037863836249358102e-03
8.893846065416771349e-03
8.847715379356730844e-03
8.793519383075907442e-03
8.695019446521165540e-03
8.622691673913197852e-03
8.566515996660892945e-03
8.616304579935132879e-03
8.649571773492240739e-03
8.654753820973158651e-03
8.632315737317002372e-03
8.672087261927407045e-03
8.708499357434821078e-03
8.743972775469538439e-03
8.754190692554491421e-03
8.789129874753377064e-03
8.775583739983210119e-03
8.745483558645631567e-03
8.752256291881616024e-03
8.757674836905093851e-03
8.779108110510292634e-03
8.780463737175035061e-03
8.817677624449390961e-03
8.896811422857135720e-03
8.959588590017348447e-03
9.001899168196905027e-03
9.085561776583013852e-03
9.163466826835588164e-03
9.226897648840708122e-03
9.271106120459303435e-03
9.338107682698312817e-03
9.390394708538253934e-03
9.395652565535721548e-03
9.390290823775449686e-03
9.425027132182408132e-03
9.452384597818781764e-03
9.464545760248403716e-03
9.480297266363305053e-03
9.505584947629425532e-03
9.539595388390094063e-03
9.571796528537469470e-03
9.581249672278240037e-03
9.575001422849428734e-03
9.561474075559555502e-03
9.569450739169038656e-03
9.565665329715557913e-03
9.539820852794835687e-03
9.503811511469584597e-03
9.479609280548221759e-03
9.482423858523707227e-03
9.466661973812923875e-03
9.466760965870811562e-03
9.435369548754610203e-03
9.425150079299482106e-03
9.408552557371552272e-03
9.377658189108406539e-03
9.341862486797122833e-03
9.271165777735044383e-03
9.302562213182100775e-03
9.348407172257752751e-03
9.400529059193307724e-03
9.434730387297782933e-03
9.460108923397981401e-03
9.486015161602339568e-03
9.523928364343136471e-03
9.554800666269180898e-03
9.448631977334628895e-03
9.479609870273211086e-03
9.459875095137527598e-03
9.469806189617960973e-03
9.496249650745212934e-03
9.593573793723515070e-03
9.702229544081404644e-03
9.662566187852408145e-03
9.698583636803185040e-03
9.729571218760210694e-03
9.771210668300778224e-03
9.773508293250849147e-03
9.786644427263884588e-03
9.819077878402781775e-03
9.875188130683354784e-03
9.945132774126326167e-03
1.005314121792924217e-02
1.015845316432497855e-02
1.028853235169686908e-02
1.039887952101861690e-02
1.042837018757838789e-02
1.040020290276275246e-02
1.049629754698871639e-02
1.058595651949870500e-02
1.053292093038602287e-02
1.047411185492303984e-02
1.042685641396705852e-02
1.045115053760071328e-02
1.045601251913814284e-02
1.044003279409203358e-02
1.041666162538856799e-02
1.047092693793172727e-02
1.051719185895939358e-02
1.056230222213295870e-02
1.065866242925801732e-02
1.069712524592677377e-02
1.063320318584304140e-02
1.059239472941222136e-02
1.053995396753912295e-02
1.047276930128187428e-02
1.045650813514375187e-02
1.036993885951322664e-02
1.025801238241331494e-02
1.016602301111859188e-02
1.005819721430186234e-02
1.007135905370142373e-02
1.006911183248298571e-02
1.000941929897755829e-02
1.000340250982532930e-02
9.951472663569355115e-03
9.904086954087495953e-03
9.863916244296801888e-03
9.800908945328042077e-03
9.738125583125679940e-03
9.754004541932582290e-03
9.794612321282009093e-03
9.850483394279777385e-03
9.909544467020131933e-03
9.937857476565491524e-03
9.931643739011857333e-03
9.992840109007968680e-03
9.952177699223199725e-03
9.866183571749002901e-03
9.823896903992442031e-03
9.831035044947807749e-03
9.848411416290545062e-03
9.844048631549875972e-03
9.844826836669149858e-03
9.804622264970079548e-03
9.804111172439495744e-03
9.793173976307793793e-03
9.839294060828090993e-03
9.879063627578831344e-03
9.845315941900842360e-03
9.786169276949864895e-03
9.756259522554426578e-03
9.680073805622749911e-03
9.746349171533916916e-03
9.830412408399413424e-03
9.896197265553321326e-03
9.948260987584681136e-03
9.956714072500828447e-03
1.001793142137407874e-02
1.003525886397859355e-02
1.014670504409987545e-02
1.009232353976085086e-02
1.003156995252192651e-02
beta3
-7.774460447187852034e-04
-8.316251607116941771e-04
-9.305956011186872602e-04
-1.016532643456036829e-03
-1.066835515472281098e-03
-1.037934127529077915e-03
-1.039372515014776698e-03
-1.065037054014404509e-03
-1.060783897132552313e-03
-1.115478046399292003e-03
-1.213030208892335645e-03
-1.299642040416851014e-03
-1.400340461962230757e-03
-1.519293856840344022e-03
-1.650125356367956094e-03
-1.688430904015803717e-03
-1.778718144082669719e-03
-1.899915085711553157e-03
-1.917004234444718127e-03
-1.900234055436175393e-03
-1.830293197030269034e-03
-1.758376245951402770e-03
-1.738819924138006959e-03
-1.717266933046723929e-03
-1.680835093069414903e-03
-1.621717260641160297e-03
-1.575658617409047679e-03
-1.543112191485580559e-03
-1.405583649559389962e-03
-1.289593411417993326e-03
-1.261512407830883004e-03
-1.247379199491877293e-03
-1.229367980830205122e-03
-1.215979251790555915e-03
-1.208910349532139449e-03
-1.153583284589554739e-03
-1.128704187205676647e-03
-1.068934055993599631e-03
-1.116012715171317560e-03
-1.090915957970007167e-03
-1.088004535971249858e-03
-1.148346283575842237e-03
-1.228903069460415441e-03
-1.329280674567586210e-03
-1.500313445509540364e-03
-1.789154764520440493e-03
-1.938549537052125559e-03
-1.998652989677707041e-03
-1.997037385850905164e-03
-2.105723833346654587e-03
-1.971881147185735369e-03
-1.839541775024740658e-03
-1.618929607165663738e-03
-1.647951657578423067e-03
-1.659149231832563950e-03
-1.674924281100385968e-03
-1.682177676636482499e-03
-1.635963920725115551e-03
-1.547029588899276461e-03
-1.392769206900505491e-03
-1.327102155020935250e-03
-1.296751791270902600e-03
-1.257786498652553814e-03
-1.215585534852938344e-03
-1.272889741073474426e-03
-1.382562460461701911e-03
-1.518356469905069719e-03
-1.618076372225435346e-03
-1.634809580873173001e-03
-1.720065121050092915e-03
-1.784071545197296734e-03
-1.961384174587453046e-03
-2.091758480107353598e-03
-2.204959899781866028e-03
-2.397215978851495802e-03
-2.414679863810496527e-03
-2.429845420733625812e-03
-2.419799646335487123e-03
-2.431810268475285367e-03
-2.485758396664969339e-03
-2.664137450967187654e-03
-2.757393647665958535e-03
-2.748396410166167696e-03
-2.711373201857879799e-03
-2.679370013581240662e-03
-2.656329774770092942e-03
-2.673188807899034083e-03
-2.732447240549423957e-03
-2.560736626634647472e-03
-2.489470868793534648e-03
-2.586341200704295878e-03
-2.591728734786462318e-03
-2.631625320134311705e-03
-2.583244243700218157e-03
-2.446775006738898493e-03
-2.235161718642230191e-03
-2.074310371427360439e-03
-1.925298180938495723e-03
-1.869712872200867022e-03
-1.820346209146323120e-03
-1.774058996770361794e-03
-1.725941262874344188e-03
-1.760604699561174212e-03
-1.792923408764357084e-03
-1.703848570695484354e-03
-1.628360725117383809e-03
-1.537405393557335093e-03
-1.445607014540593567e-03
-1.314367471944266749e-03
-1.232380212199206491e-03
-1.162262513118247605e-03
-1.115869740196272350e-03
-1.041387931517567464e-03
-9.620606599710030196e-04
-9.190576957499969283e-04
-8.896326027183834584e-04
-8.423599779337946972e-04
-8.082035500785430052e-04
-7.622315588194480051e-04
-7.529117681522761504e-04
-6.316189216697161565e-04
-5.285136265625549725e-04
-4.661018849415424778e-04
-4.288287062817657870e-04
-3.768670229374804421e-04
-3.232870160563470173e-04
-3.292677993788622071e-04
-3.404305221843256378e-04
-3.272430589221444639e-04
-3.409122522680922305e-04
-3.415237004459252632e-04
-3.055626294001190994e-04
-3.092969847906409898e-04
-2.703258025496432489e-04
-2.504808071223746596e-04
-2.330916128450731322e-04
-2.257672323423855470e-04
-2.299979547785044819e-04
-2.205406549126784767e-04
-2.088287253509027279e-04
-2.262167356686414061e-04
-2.282742882619619249e-04
-2.580567948850940501e-04
-2.795148219003527022e-04
-3.071646792103012989e-04
-3.243083634759447490e-04
-3.484019210162275586e-04
-3.556004888689817244e-04
-3.653248113749256757e-04
-3.936397022310830058e-04
-3.841550487111838061e-04
-3.542618035177297038e-04
-3.168943097870848382e-04
-2.382190380524101445e-04
-1.854929764299788830e-04
-1.114986284889819221e-04
-3.064124087247728512e-05
5.600690869227804500e-05
1.561998474282930247e-04
1.483016631008579026e-04
1.180128905553569374e-04
8.142426675416443720e-05
6.255910720967464546e-05
1.927661091315709444e-05
-2.140262281396889847e-05
-3.914587840353044718e-06
-1.612557651227846352e-05
3.147351538025731227e-05
9.515699317282591714e-05
1.452174025303040674e-04
2.282440063536066112e-04
3.002046043659498510e-04
3.454164233015763821e-04
3.966271719411200696e-04
4.594583827397826208e-04
4.886832731002084193e-04
4.797917243575920026e-04
4.761653834944671042e-04
4.657057916126328264e-04
4.693328833274378184e-04
4.721601996991174914e-04
4.453626703220700230e-04
4.392246259689162359e-04
4.391008030743656816e-04
3.977649409097991796e-04
3.860783155991778532e-04
3.942610919722408297e-04
3.649429127690346076e-04
2.654999187740841437e-04
1.915298278969905889e-04
1.068108816679521765e-04
2.982879670541648269e-05
-4.220939329100015138e-05
-9.734032935896806335e-05
-1.482651747765195011e-04
-2.041874940287924183e-04
-2.580453890865006894e-04
-2.882910910003503029e-04
-3.334612575722890296e-04
-3.866112482741917620e-04
-4.251368820892964116e-04
-4.760115897560462787e-04
-5.419645974983002164e-04
-5.986531256986788851e-04
-6.710901081807328725e-04
-7.542409934348803541e-04
-8.098138884648626006e-04
-9.157390857374063733e-04
-1.043459938814269433e-03
-1.161453469003117600e-03
-1.265500126927446550e-03
-1.359616747983075774e-03
-1.426880133452760289e-03
-1.427913017959337415e-03
-1.489644094387678700e-03
-1.568029548630312485e-03
-1.677219173519098154e-03
-1.789454951119970544e-03
-1.814358477397561443e-03
-1.718942100239032999e-03
-1.596020535016065816e-03
-1.464383957728182875e-03
-1.318384723378579829e-03
-1.204297055341860875e-03
-1.055616878011995247e-03
-1.076465730573507914e-03
-1.041121895947325331e-03
-1.044239126493283053e-03
-1.056218829083045534e-03
-1.070948649264969431e-03
-1.133373715691640519e-03
-1.140702265602945402e-03
-1.184182981624182750e-03
-1.090426825430174107e-03
-1.177721818831168514e-03
-1.260144707013879668e-03
-1.282533709035906140e-03
-1.256959477084490170e-03
-1.285813385509789689e-03
beta4
1.492150168277485818e-72
3.240079690914381058e-59
1.897801047861311458e-78
1.120165344050529131e-47
2.695403806102170837e-52
5.616100388893150067e-48
5.131648531145528678e-45
1.857362842354380810e-47
8.400573965876333264e-48
1.195885119210830404e-47
5.814030330345093620e-42
4.973319336404412932e-42
5.004977593984556590e-34
2.382863909019320092e-33
2.456377501222925771e-33
2.633409732253331568e-34
3.787502227793637059e-33
1.011167960798102178e-39
6.938670242124739611e-36
5.114733940025024054e-24
8.394839838731291517e-28
1.140034206658994726e-25
2.492019688759924095e-22
7.640048544080023215e-22
3.145452206105205224e-23
7.440496670289850509e-21
3.601554252825003810e-22
5.102701799139841591e-21
9.681694961482256058e-22
2.580231086225933471e-21
6.222682053349697231e-21
2.635772966187530200e-20
1.817108471445780284e-19
1.899208658115410711e-19
1.331028589011098982e-20
5.439709271951727024e-21
3.682160119622936433e-22
5.008026575461859080e-24
4.683429012819792611e-21
2.184571701267037335e-21
6.093743321482304578e-22
4.251282408374769415e-22
2.678067325574335498e-23
2.331199549345360403e-22
4.432561698782573764e-22
3.832224479063076329e-23
9.674847496717249263e-24
4.076580121149259222e-24
2.774031941725226978e-21
6.798587369296247434e-26
3.526143836937846927e-26
1.075510191549694552e-30
3.225962643579027966e-47
8.355957711192164079e-48
2.206436184796220417e-78
7.894922623772966647e-48
1.209430532309932727e-52
7.462713841316887962e-43
-1.253606445395019340e-103
-4.667847173279970697e-110
-2.297837106322493665e-47
-1.419725513620451812e-49
-1.133445735071609791e-35
-1.370862590684111478e-29
-3.249661391258391403e-26
-3.189899626760577829e-23
-1.025238119146173157e-22
-4.687671019900749878e-22
-2.993298264617705166e-21
-1.639344156259431814e-21
-2.787127205716091329e-21
-1.112136547807438054e-19
-1.017988490452603231e-19
-4.706885420595174228e-18
-2.664460159007002810e-18
-3.264057737801122106e-17
-4.275707036332273463e-17
-2.087244849211250507e-17
-1.925892759018863290e-16
-1.316596171396066506e-16
-8.983447367155742725e-17
-6.773404991056568413e-17
-6.608029014485198587e-17
-9.131752527954013382e-17
-4.968135123863453971e-17
-1.949629109317395752e-16
-1.314645168779107938e-16
-2.822810962087233940e-17
-2.239576246456385015e-17
-4.063358211430598709e-16
-1.435855981070932873e-16
-9.317377137576445033e-17
-2.090380643897889422e-16
-1.773200521719220733e-16
-5.708665573489240882e-17
-9.467062438207904454e-17
-8.931436627259578025e-17
-1.156743721686990936e-16
-5.033788378118534243e-17
-4.120078803706435851e-16
-6.203322568786365277e-17
-5.160121194292807204e-16
-1.543077176218333334e-16
-2.258532754263262622e-15
-2.277870377943550066e-16
-1.225646134414674983e-16
-9.604075536483023763e-17
-4.643502097114704297e-17
-1.245942850070345801e-16
-7.066586861919609086e-16
-9.625023590250312814e-17
-8.511839949911521647e-17
-1.692151590237690870e-17
-4.970352105511353405e-17
-7.708377742929070912e-18
-4.010324663255714254e-17
-5.869271623095978419e-17
-9.031631252163823734e-17
-1.141670644942343972e-17
-7.555222857811344745e-18
-3.001454198425406240e-18
-8.157129618908197970e-18
-4.380017597857166967e-19
-6.999819025518818492e-21
-1.628953870817247609e-20
-4.876553413525851463e-20
-3.746316441110550610e-21
-1.162560171453478956e-21
-1.549773925764260138e-21
-6.020919136420381667e-20
-4.472517785855182465e-22
-7.903294673613837359e-23
-1.172075598301464583e-23
-2.901269803665319216e-25
-8.854242783701901687e-38
-3.137178457357686165e-35
-1.453597941840481896e-37
-2.921232998762188498e-40
-4.774509363587274641e-41
-1.662951338644983152e-48
-2.119348108866161121e-43
-7.459122504339271047e-48
8.149613642711314425e-122
-3.903144432125317385e-107
-8.832545694879288173e-104
4.878693377386352795e-121
-2.782584998894491486e-78
2.148181577222928295e-104
-1.273553878884552294e-50
-1.724796011479122054e-41
-1.842420855618778799e-41
-1.031756386014387058e-58
-1.664239673290306523e-95
1.992391141423292770e-95
1.243249812637342225e-82
3.427106526648724543e-95
3.765172678002202859e-44
1.247458958376975551e-41
1.976036404227532119e-34
1.289840402568355968e-39
1.028373264373456218e-39
4.384964177414165262e-32
4.341483828663801580e-32
3.757351019876081198e-34
7.296932606986041187e-35
1.439583736619359225e-35
3.975792433595794516e-32
1.272338204719285524e-30
2.052515827731263446e-34
3.207320224084654363e-32
3.784815439345299020e-32
4.567746141721443662e-27
7.887536591820540990e-29
4.472867631706451074e-26
2.789893945258468116e-27
4.872825536077188075e-31
1.708996788834818442e-34
9.529946415051452006e-35
5.238300172672449168e-35
5.270348929338156959e-43
7.851914442231491698e-47
6.353452147791022791e-31
1.889031401487564411e-35
1.887775066982101315e-33
6.657687512076643734e-35
1.248869615740182301e-33
1.542733442547627199e-31
1.247012827680784470e-32
1.291790175255649927e-32
3.878588122044602131e-36
2.972571212492862803e-50
-1.226075784170114620e-112
6.847314607208100019e-121
-3.744529353642216135e-78
-7.915935476915777733e-73
8.037922794553611162e-121
-2.398910441496846319e-72
-1.447765668697465039e-72
-1.430809488787900076e-110
2.381242586528509700e-114
6.471790882443791112e-99
1.353389116132800460e-103
5.341609790175710015e-48
5.087267133359533479e-48
1.267163589621813761e-30
8.740634568067310860e-38
9.277267904912321851e-35
8.844075141269616639e-35
8.295606546976249937e-27
4.658040255138537401e-23
6.207975270232194587e-25
1.596011104918307713e-22
8.538310356102559319e-26
2.275582990011540438e-24
2.965177766132310193e-25
1.534672599093511099e-26
1.700671927974690607e-24
7.913282050157760416e-21
3.130990461712886726e-20
6.960089193471786994e-22
2.560791687858526991e-23
7.528399983221926766e-21
3.670108159593875725e-23
9.515690702336470371e-22
2.561051229702388297e-24
3.827705161675466405e-28
5.508418540197082953e-24
5.060281373016534885e-23
1.046682617046040284e-21
3.517984084904126041e-24
1.662543576941194399e-23
6.847282737226700335e-28
1.190255117834113451e-22
5.176063100876357493e-22
9.085441860743259513e-30
2.286628425747280920e-30
2.090035941297165586e-32
2.242274780459833266e-32
1.976236736862783423e-37
beta5
6.411484137015531487e-42
-6.423731575380119951e-54
-2.746162228935977820e-53
8.761762531534111639e-38
3.987507413065278798e-44
-2.420444494137813542e-53
4.545134449472906609e-45
8.194055110446080447e-37
1.000683912562435107e-33
2.512761064928374625e-44
1.015397995756562810e-31
8.482375071771533856e-38
4.176384969881056350e-38
6.123228452703568446e-37
7.643426407795362546e-28
2.682702434340603258e-26
6.241495930208073698e-39
9.396470215770652717e-26
1.153978740267662275e-24
2.705073279984523118e-24
3.433943383601879662e-35
2.878215054278086340e-32
2.502046394379982015e-38
5.016279598386320514e-38
1.290586963273228218e-48
2.791309820016232586e-56
5.520175110396789908e-42
-6.743159803210293473e-55
-1.735719245412630414e-53
3.658010020994578795e-48
4.044440665154546479e-38
1.694628523450884671e-35
1.427908958647760419e-32
3.128099261839237514e-30
6.366861555545485468e-46
1.934481509915576497e-46
5.483938863788191133e-30
4.820691496060229582e-46
-1.056845463791124300e-53
-3.673757344552817979e-38
-7.835143717681207388e-24
-9.009476929506209440e-23
-3.712809949198598197e-21
-1.955426045111734093e-20
-3.218941075243577180e-18
-1.213147948584403638e-17
-1.926934827596025947e-17
-3.768342957280249802e-17
-1.406334531952472244e-16
-2.079073754600911070e-16
-5.083960667098064556e-17
-8.122218522923328343e-17
-3.750488256354053488e-17
-1.300405570396787344e-15
-1.183636800213317480e-15
-6.719364876248747388e-15
-7.376136288105309799e-15
-6.657282439064072082e-15
-1.731669272584065482e-14
-1.109374286105734317e-14
-6.899139989145828834e-15
-5.052435915098492893e-15
-2.224939226734366277e-15
-9.311884229732809842e-15
-2.117304185396776472e-15
-1.978669718371025419e-15
-4.156950356000201639e-16
-6.392186672482596988e-16
-1.379317097784943489e-15
-7.014649616611188616e-16
-5.736182435656433654e-16
-1.271229795839866273e-15
-1.076495946990506818e-16
-1.747143849850761148e-16
-1.236219379404561934e-16
-5.276487215267319382e-17
-8.151610173764379491e-18
-1.390223872457222257e-18
-1.172248617371490637e-18
-5.713707916970516200e-19
-1.077802087230850441e-19
-2.887357107204693485e-20
-2.660469418259125940e-18
-2.016733294568492354e-18
-9.423280889872747147e-19
-2.485590410211482476e-18
-5.290234708426352400e-20
-8.997185216697798207e-19
-4.285230843846243768e-20
-5.192725347816538693e-18
-4.545524824866335048e-18
-2.278599165484305638e-19
-7.659553761198750595e-18
-1.127214432769427025e-17
-4.339033885206883446e-17
-2.678671572611007064e-17
-1.061728502481872762e-16
-1.716438842055953551e-17
-1.084564399892270450e-17
-3.707381793773540401e-17
-4.471959516624181216e-17
-2.224274694186776106e-17
-1.501051060966055840e-16
-1.607709362316757239e-16
-3.425314352967684046e-17
-1.304339937066350178e-17
-2.838739945225369440e-17
-5.997099643293791316e-17
-2.139502369963913150e-17
-1.001768284263488096e-16
-1.653495228740034622e-17
-2.280665306755089846e-18
-4.656427356858898224e-18
-9.640756127820309858e-18
-2.274191833859642425e-18
-1.794725440025341334e-18
-1.569377471590771663e-17
-3.582225674541249186e-18
-7.747868878082252681e-19
-6.616254201227690371e-18
-2.923355154476418593e-18
-3.166072961491129887e-18
-2.247405611870448141e-19
-1.788488030463570365e-19
-1.352081912399642114e-19
-6.562156625467916830e-19
-1.106934996445902166e-17
-3.377540237088653409e-18
-4.678665500638817370e-18
-5.920586386214567169e-17
-2.216153142905007160e-16
-1.199758304718400327e-16
-2.427698133197200422e-16
-3.612832970252692002e-16
-1.008319695700146633e-15
-5.456324740731275850e-16
-3.042965225339140665e-15
-3.213970882078502033e-15
-4.260327289338156786e-15
-8.094423283410250915e-15
-4.198212117314938013e-15
-1.824078178992211441e-15
-1.295409848665725860e-14
-9.508884833444505060e-15
-2.221811596178916548e-15
-8.859555753596533337e-16
-9.034773958574877767e-16
-6.995186707001306373e-17
-7.486924384603209061e-17
-9.022340318081271601e-18
-9.403405904435299666e-18
-3.823148663868521992e-17
-1.272613049638135282e-16
-2.305703006895496900e-16
-2.487307317497231366e-16
-2.779841049521927841e-15
-1.702454320230835586e-15
-6.522076461154768035e-15
-8.928405750581583994e-14
-1.162496569373830694e-14
-5.439124869346189073e-14
-6.817181238592106379e-15
-8.335304410600361380e-15
-3.319248158393762823e-15
-2.034778116682822387e-15
-3.060845450360154505e-15
-3.437799278519503425e-15
-1.646040834390683115e-15
-1.873026744549562180e-15
-4.651731022492014529e-16
-1.618025597185025665e-17
-7.629294187720453075e-18
-5.714487685704165511e-17
-1.072447068515984314e-17
-2.074083495025889917e-17
-3.873889470024906198e-20
-1.469230237215245731e-19
-3.813236225768951819e-20
-1.680266451820143760e-19
-3.215229920669181362e-21
-4.988087679040343869e-21
-2.217690930694078248e-20
-1.097529775403803964e-20
-1.013043025579862339e-19
-5.264931114036566014e-21
-4.478702500219300841e-21
-1.291202783974194464e-20
-2.402598851305199441e-19
-9.446506632694222634e-20
-1.051935496606290068e-19
-1.348346745959294092e-20
-4.938905904491435542e-21
-7.289478586299576990e-19
-4.589641334347555135e-19
-6.128523475892455670e-19
-2.559464940392174980e-19
-3.841543166336919493e-20
-1.539721517907925179e-19
-3.313514066250894842e-18
-1.046657898062824596e-18
-1.762435172232308636e-18
-1.638724691140440715e-18
-8.300626901124064236e-18
-6.168967086240037542e-18
-8.788184913094975415e-18
-5.527074872024557817e-18
-4.017872583114665347e-19
-1.904465127401309579e-19
-3.129702828195441451e-18
-1.443496785298995136e-18
-4.782478590601769926e-18
-2.337704184800247416e-17
-2.523267470593430936e-18
-6.650166020898827137e-19
-9.938859225743274999e-18
-5.496352255310596295e-18
-6.864046796080249488e-18
-3.556339098594486485e-17
-4.506452918279027811e-17
-2.513141787161025210e-17
-2.353737833683164187e-17
-1.033548279069118552e-17
-2.251431773907586561e-17
-7.292361866671552198e-18
-1.730211632982983003e-17
-3.196309744577065116e-19
-3.858914123386757177e-19
-3.955766528178644975e-19
-1.410825276991049625e-19
-5.256490802304292766e-19
-4.096095511693476435e-19
-2.300452831897851836e-18
-3.261103732529788963e-17
-1.319918571002283915e-17
-1.059977931857014890e-18
-1.150307109819855014e-20
-4.381630655022616003e-21
-3.385814051707153375e-22
-4.599682893865773483e-21
