beta2
7.663271524985994926e-03
7.877822229902051859e-03
8.216971918187059368e-03
8.601668588844559732e-03
9.237332712859792905e-03
9.798836101115818847e-03
9.904563499328371962e-03
1.036614611811532798e-02
1.034633124150125677e-02
1.022963566634467643e-02
1.024511731441365633e-02
1.058856563334087571e-02
1.088388705941385759e-02
1.121497948552604637e-02
1.145829005358697979e-02
1.131706384399432282e-02
1.129227993742082034e-02
1.108025259281770689e-02
1.032869029246102563e-02
9.752613718564361045e-03
1.029780675795098979e-02
1.045354841168827896e-02
1.037109464492814818e-02
1.034376375962272124e-02
1.039421605762017205e-02
9.426261391688483746e-03
9.202552741490895721e-03
8.938946556722508069e-03
9.000484616164467974e-03
9.306318519440465523e-03
9.733010148580738263e-03
9.838692315261046012e-03
1.023899819792034246e-02
9.862720217510105580e-03
9.856163306979135938e-03
9.635586687696668512e-03
9.798004105199313585e-03
1.017488271001480531e-02
1.018516664702663263e-02
1.009537968659944551e-02
9.754630531590235618e-03
9.409216475476680358e-03
9.252845025904010701e-03
8.942719261492038108e-03
8.846218390721603819e-03
8.716042440420986373e-03
8.226102900439619461e-03
8.277878668067915890e-03
8.208485138146984911e-03
8.204742650349431538e-03
7.960484945306017801e-03
7.741485404683332190e-03
7.877635597953337038e-03
7.801837877789454673e-03
7.630097325972163072e-03
7.345851552690308914e-03
7.348881944960267837e-03
7.522627716948417781e-03
7.552392056638758573e-03
7.553661836853665934e-03
7.564562542569505318e-03
6.999980344667620230e-03
7.067952035686983492e-03
7.412092193020808871e-03
7.737202191187564360e-03
8.252225449809563046e-03
8.629220753347575240e-03
9.869556514534302133e-03
9.888813832367095158e-03
1.011538802237651156e-02
1.020126791515738041e-02
1.023901151328820112e-02
1.012046995714408967e-02
1.015241785574656080e-02
9.986261078292445192e-03
1.014505085946606003e-02
1.049351317910591358e-02
1.047572837352234512e-02
1.140816948327253409e-02
1.262681399751393665e-02
1.237494826758238180e-02
1.189441953264822223e-02
1.148547507956598247e-02
1.149263942693430109e-02
1.196668747987832473e-02
1.193777371314508687e-02
1.200349961451681324e-02
1.110150654928054870e-02
1.069134865721086368e-02
1.028327744473807662e-02
9.966814707952690450e-03
9.895751811392822228e-03
9.630316907741829496e-03
9.879269585565481071e-03
1.017181331818164253e-02
1.005262041393841649e-02
9.749999069808581303e-03
9.447844083544288188e-03
8.973736409715151949e-03
8.597347163585324081e-03
8.451019403173189865e-03
8.271642642022345934e-03
8.368893549793844644e-03
8.345505852180155892e-03
8.303543741733343184e-03
8.573423648974539193e-03
8.793922785797429753e-03
8.458722067166364600e-03
8.546993192611112081e-03
8.638127051164842113e-03
8.421169011647642103e-03
8.157261842997826778e-03
7.829946668088696299e-03
7.320246636065237678e-03
7.559338249390981472e-03
7.606254385871204574e-03
7.662051934373791465e-03
8.092838765184344474e-03
8.257527024578038138e-03
8.413368244773537438e-03
8.859899447882433471e-03
9.344400948227847906e-03
9.652046510993496711e-03
9.903775625398007765e-03
1.008153918634623405e-02
1.024344734970994084e-02
1.054698893395010495e-02
1.078898267881240811e-02
1.065959747968935403e-02
1.059323683941477447e-02
1.076711986217078129e-02
1.081707325446061574e-02
1.094846192117889493e-02
1.086371046019897132e-02
1.086456936703030646e-02
1.045730249473735170e-02
1.019901384133579253e-02
9.844442414577408984e-03
9.682503056697672889e-03
9.328209208918955553e-03
9.184880928762736291e-03
9.106951731401396327e-03
8.638806387995644903e-03
8.199048184770043463e-03
8.142650353873952251e-03
7.743721087890009791e-03
7.398520645168919600e-03
7.379927840439089518e-03
7.252032973939747697e-03
7.229895994782002504e-03
beta3
-5.087801912181328543e-06
-4.906282700962595629e-06
-4.964890381341608642e-06
-6.088562911993685120e-06
-4.409654071442460624e-06
-6.611960113086190699e-06
-8.105964667014728872e-06
-1.113556911643673775e-05
-9.911215047067979607e-06
-9.230994363580690418e-06
-6.599557525400423250e-06
-7.961442838660354811e-06
-1.630430967533099714e-05
-1.560617896590396839e-05
-2.184726816573733335e-05
-2.024955393823110240e-05
-2.531555345171618938e-05
-2.931985528387599126e-05
-2.981593461954846629e-05
-3.766799979406115653e-05
-4.128289923663545354e-05
-4.213312691271960282e-05
-3.773361345629408346e-05
-2.891366293005752776e-05
-3.375930070514073281e-05
-2.708880230456966570e-05
-2.775969854097928163e-05
-3.302740482282549698e-05
-2.318702896864586192e-05
-2.315518902618894556e-05
-2.039902231424562781e-05
-1.633207614549397527e-05
-2.076368512209045291e-05
-2.386516260787791683e-05
-2.116176638550199907e-05
-2.105765239820720576e-05
-1.684356938590793397e-05
-1.737902340122655806e-05
-9.700293122181329788e-06
-7.868329243610825953e-06
-5.540033587309086001e-06
-2.427162547044309152e-06
-2.010252370230095083e-06
-1.557885552212106838e-06
-2.145558716985909085e-06
-1.724717330153855227e-06
-4.406119954393710452e-06
-3.779522672246097862e-06
-2.931565344952636446e-06
-6.551254356035566366e-06
-3.602493838869910155e-06
-2.599504952742955912e-06
-1.045019324361323668e-06
-8.005900317372142298e-07
-4.244183892654488668e-07
-2.543432548775576702e-07
-7.225205153481832717e-08
-7.975160380197198648e-09
-3.768535233574841286e-09
-1.527723698812244032e-10
-1.366757358116394044e-11
-3.798098429064858068e-16
-2.888953863476142128e-22
2.203207610026361497e-17
4.191029409753695369e-13
4.557535889666307981e-14
7.846098226914755294e-14
4.995858353049274491e-14
1.376708188443913201e-18
-5.832455047520322248e-18
-1.697141380899333143e-13
-1.647124181610341572e-10
-1.597972925991184178e-09
-5.579091441060047070e-09
-1.175492812117986061e-07
-1.724729412784868508e-06
-2.455321221891142004e-06
-4.671678031940050001e-06
-4.397198098923808540e-06
-5.740649660269598597e-06
-5.029987487143302034e-06
-5.619538226037114982e-06
-2.971847023100915585e-06
-2.935247913905002534e-06
-3.189630991869794631e-06
-2.870196931413231426e-06
-2.919094465583069813e-06
-8.196207069248082926e-06
-8.400455159648514627e-06
-9.788436311997878781e-06
-9.094691253569756571e-06
-9.825334909905294496e-06
-1.009287985551695167e-05
-9.989568929185274358e-06
-8.369222257007215884e-06
-6.557668873574906644e-06
-6.005778261795333419e-06
-7.671883414305542945e-06
-5.256916645666396122e-06
-4.067039639958947693e-06
-3.291703919034052945e-06
-3.461711948633265937e-06
-3.922284008866209059e-06
-2.021674375308544415e-06
-2.854927462937599682e-06
-1.610281041133256078e-06
-2.226632381018791461e-06
-2.462319747651989077e-06
-2.113764396423854448e-06
-3.226520312239200764e-06
-3.104809448722772661e-06
-4.101024068509939091e-06
-6.601031838391520300e-06
-8.647649385699644880e-06
-9.737686302850672256e-06
-1.136266360441196143e-05
-1.516668567921232937e-05
-1.651199321604295770e-05
-1.563761454573770273e-05
-1.973046117538305424e-05
-1.359252239132485185e-05
-1.173524513287486192e-05
-2.180623710675027069e-05
-1.885153987713241282e-05
-2.476989154859982135e-05
-2.229499954161919879e-05
-2.673208656012069520e-05
-2.545432029567622960e-05
-2.287540734395140311e-05
-2.045659007185275045e-05
-2.440391455045590435e-05
-1.993218254932017469e-05
-1.686847344193806024e-05
-1.491963506984179098e-05
-1.349120969782144792e-05
-1.226435952086789999e-05
-6.922679050625674269e-06
-3.728949480711735014e-06
-1.301266323187080839e-06
-1.029302097652401633e-06
-7.139518219058249735e-07
-3.539254703801806521e-07
-2.924752697157765363e-07
-1.807321159278991830e-07
-1.098583799892375254e-07
-9.594855355727701909e-08
-8.418432261712280567e-08
-2.294513237322939318e-07
-1.391462919096461165e-07
-2.930027310456977950e-07
beta4
2.844322058036315160e-03
2.800454435498565126e-03
2.909086438873828735e-03
2.793853538472238808e-03
2.596350095532755625e-03
2.523710240424519025e-03
2.662338512784693818e-03
2.792179532433913466e-03
3.197277143303496778e-03
3.243717620984424600e-03
3.354514792269758759e-03
3.381777866862745088e-03
3.366113462202788634e-03
3.158884943974006425e-03
3.007203944269147208e-03
2.936890018097429965e-03
2.908044098939953272e-03
2.915189508967288776e-03
2.871589331760460162e-03
2.842980855898673710e-03
2.729966898554070029e-03
2.762307600923457999e-03
2.717611735581208342e-03
2.762554573015541665e-03
2.921579712970009089e-03
3.084577596337619715e-03
3.456358130092159354e-03
3.872339736479202526e-03
3.883935887071294710e-03
3.732051318990802641e-03
3.626101313570676866e-03
3.769770474143051622e-03
3.662209470311324211e-03
3.792568215141985891e-03
3.806552727688207807e-03
3.931558675302150065e-03
3.676089870937942865e-03
3.393932062480326146e-03
3.300872928327558756e-03
3.188983486972348999e-03
3.231035941254010654e-03
3.252667205291192784e-03
3.254080388113287075e-03
3.236992169617243162e-03
3.340572623569970385e-03
3.362541516213547743e-03
4.263168980107040137e-03
4.465416965036059574e-03
4.736558034850391757e-03
4.893532308789074955e-03
4.777879035113157674e-03
4.671479366444832027e-03
4.299015426509093449e-03
4.116137369887175324e-03
4.527887094964629447e-03
4.978370069792778518e-03
5.076966837296534654e-03
4.911762796164238776e-03
4.872832081901781048e-03
4.653757857149672106e-03
4.451079287875995757e-03
5.015494641137591483e-03
5.057588641182524623e-03
4.974232392056795321e-03
4.790836931953956421e-03
4.829294617412852215e-03
4.970551195998928161e-03
4.768123628230202214e-03
4.810227929896588803e-03
4.563019925696153167e-03
4.392841715499529176e-03
4.190829461489556720e-03
4.252790100196015763e-03
4.198184924349481276e-03
4.066774700147888881e-03
3.734571163888741885e-03
3.160738687337526047e-03
2.651808954361057485e-03
2.457027460275752490e-03
2.318416814895118624e-03
2.281100480306847127e-03
2.379799703221777835e-03
2.455486642818919402e-03
2.436957367507601620e-03
2.545762838179000190e-03
2.431986761733618153e-03
2.338171749574458926e-03
2.260356226595489591e-03
2.175443087472436407e-03
2.124138102707315116e-03
2.065667928336046254e-03
2.072937586545188244e-03
2.182609914691248376e-03
2.358538268852111448e-03
2.605666919565624573e-03
2.660920430107866635e-03
2.699931984316400555e-03
2.736803273774994754e-03
2.734196212496347277e-03
2.892441252318776919e-03
2.955591105934443977e-03
3.022348267543004466e-03
2.887856649315931595e-03
2.822667613441952241e-03
2.758736712146241631e-03
2.641957901890025669e-03
2.488863122886096277e-03
2.417946979886444366e-03
2.078155151489988889e-03
1.845981046164414316e-03
1.790693784833242118e-03
1.734930442870681079e-03
1.711454433830202071e-03
1.635058325430765449e-03
1.572819146144354687e-03
1.495964804204914485e-03
1.429892961075990808e-03
1.420929355290029414e-03
1.426041690294630338e-03
1.459684596564521028e-03
1.513332473673320447e-03
1.598030682798800423e-03
1.746463133914247495e-03
1.740787870215990997e-03
1.759175375617968995e-03
1.892467593842823764e-03
1.746742908401622283e-03
1.666964602551961180e-03
1.593177606420155719e-03
1.576714575385119868e-03
1.576854770102040443e-03
1.401780454009641120e-03
1.196151859649656913e-03
1.083797717095184941e-03
9.751373327975100883e-04
9.024997512126403448e-04
7.770200924745692458e-04
6.690019659460684802e-04
5.874470101513212458e-04
6.171331350998908710e-04
5.831836751621021463e-04
6.083824075706302167e-04
5.745016241366094137e-04
5.699505088342379311e-04
4.652586834754786566e-04
3.567670191331026759e-04
2.637461260208335580e-04
1.842123440091970009e-04
1.059770958468485297e-04
5.662089498552778981e-06
beta5
-1.704958416472974762e-05
-2.271595413924272115e-05
-1.529890112129119755e-05
-2.093897140471088320e-05
-1.084412100385203227e-05
-1.198565915420088874e-09
1.030044564871124857e-05
2.861296254365455622e-05
5.150034017034244054e-05
1.216702175264683233e-05
-3.323221291956217241e-06
-2.545295349799395616e-05
-6.635319241716581195e-05
-9.032531223508597157e-05
-1.020197657667997566e-04
-1.796548591904963761e-04
-2.711710038917894612e-04
-3.484805696117654404e-04
-5.301100309741697131e-04
-6.978492529754901173e-04
-8.176845669716636825e-04
-9.528823299568283008e-04
-1.077137177182929499e-03
-1.178678820831535398e-03
-1.342409548003842962e-03
-1.456964325674447525e-03
-1.510227247228588133e-03
-1.585106072013102701e-03
-1.777579311347201110e-03
-1.768945582781379210e-03
-1.852983291667169687e-03
-1.925842827427735795e-03
-2.072316410203841643e-03
-2.012693324040391602e-03
-1.929863729394495084e-03
-2.039392469941484279e-03
-1.988424220576835363e-03
-1.943533084073969901e-03
-1.861370676486611298e-03
-1.611208660271166125e-03
-1.680825425930856497e-03
-1.750488456466494942e-03
-1.835123438671615228e-03
-1.756401969902364035e-03
-1.903168647546620712e-03
-2.113978049812312125e-03
-2.738771758949956354e-03
-2.676533511534998425e-03
-2.704052726819715716e-03
-2.639643082299589563e-03
-2.487758243063632226e-03
-2.384290801395678831e-03
-1.844065939773989731e-03
-1.573106681993887476e-03
-1.349553073656712104e-03
-1.217125648611304314e-03
-1.137895185882198184e-03
-9.150688096977981772e-04
-7.122574110413078642e-04
-6.166080827735940118e-04
-6.444546575253213335e-04
-4.485386965304988130e-04
-4.596219473424765015e-04
-4.799540397525597435e-04
-5.637025881343768301e-04
-6.605462553520217821e-04
-6.901994806481216282e-04
-9.461822484671958758e-04
-7.199956898911703080e-04
-7.036026585989341815e-04
-6.698034582750405936e-04
-6.307428364716495409e-04
-5.609591702645415952e-04
-5.356104795214420341e-04
-4.762707868583250710e-04
-5.024958494618605997e-04
-6.352599429845472156e-04
-6.803359142972068572e-04
-8.516923146936444377e-04
-1.025259865055713412e-03
-9.362860978740861553e-04
-8.023754828327088473e-04
-6.855746182225863974e-04
-7.576957129694449457e-04
-9.051724419340504302e-04
-9.600475136528239476e-04
-1.048651068301967217e-03
-8.935680123814595394e-04
-9.468088918192199728e-04
-1.017760305878306990e-03
-1.086897053130226644e-03
-1.143049829348967254e-03
-1.242574658581155952e-03
-1.273674120564389448e-03
-1.398204967405107741e-03
-1.310014776991140235e-03
-1.297710349899624128e-03
-1.323230150362545657e-03
-1.408470799956964160e-03
-1.377266203663407140e-03
-1.235643004808782090e-03
-1.165040370839392396e-03
-1.079731504730841764e-03
-1.049781868071617257e-03
-1.014244570617861855e-03
-1.052905785831886789e-03
-1.108351529462718935e-03
-1.088824295095937224e-03
-1.167937056509267503e-03
-1.296390255457570591e-03
-1.334653223983980549e-03
-1.376918251477789526e-03
-1.425631190404056357e-03
-1.522227483912248509e-03
-1.632240497378618406e-03
-1.683330875127478973e-03
-1.875447648705180857e-03
-1.980263450700342834e-03
-2.127294385155537731e-03
-2.303148698459530318e-03
-2.382719236094740269e-03
-2.298653216562568553e-03
-2.380526756758369940e-03
-2.478581187310321867e-03
-2.640244300137457780e-03
-2.837270625261810453e-03
-2.793939421712202543e-03
-2.693531520427976632e-03
-2.543389531949975888e-03
-2.423351380076484846e-03
-2.434509375717314530e-03
-2.481782983429060493e-03
-2.536770663283652652e-03
-2.736870760018698338e-03
-2.802511060966381834e-03
-2.809360802586102941e-03
-2.881508688271984184e-03
-2.928576049832358735e-03
-3.042599630971273925e-03
-3.221209757433494015e-03
-3.252498749372596462e-03
-3.312047260015243098e-03
-3.415321309251840090e-03
-3.686928615842371363e-03
-3.521100474200997577e-03
-2.585798869561986915e-03
-2.101721875138153756e-03
-1.613751883440234236e-03
-1.235465544551253743e-03
-1.003151503873716708e-03
