-2.397007876305778939e-02
-2.539603705525786057e-02
-1.698184127741443269e-02
-1.273649741965907599e-02
-1.018919806139999620e-02
-8.491078652672760449e-03
-4.496067246077171085e-03
-2.574437715027397267e-05
-1.701311359640194634e-07
-9.257305923267783977e-08
-9.246867456210350560e-08
-1.220050550033551014e-08
-1.047992479160078099e-08
-7.909420330891397117e-10
-8.333508116782693675e-11
-3.458775034614850057e-13
-3.267594045424314055e-15
3.233195691526840663e-14
1.595995431938813100e-12
6.681116711829842017e-09
6.684883712111060837e-09
6.749293466940543791e-09
6.773165995597863539e-09
8.108485115558385212e-09
8.226700256526992092e-09
1.547180502287121494e-09
1.543417024036742918e-09
1.484436905482405798e-09
1.507965920728098165e-09
7.621761269559839520e-08
8.175394551113949527e-08
8.534526985708521395e-08
8.801246448772541898e-08
2.724658529266703946e-07
3.669477540797056339e-07
4.849519304194191879e-07
8.113748655144332425e-07
3.350844168367046361e-06
3.811654009151381516e-06
1.281358314322726991e-05
1.304416055837523374e-05
1.931966275734141799e-05
2.154572509830861282e-04
5.310798353311505524e-04
5.310241314033309823e-04
5.220187994467866176e-04
5.238916579193733485e-04
5.184121710070708046e-04
3.482443657552754539e-04
1.725422025294379548e-03
1.725748790580939078e-03
1.725924173357751322e-03
1.724169397829800358e-03
1.725220206705359608e-03
1.779649926563741649e-03
2.813376334135039760e-03
3.967114824307406938e-03
3.976317938889545149e-03
3.976197803770815421e-03
3.980960082603735017e-03
3.903821365686958172e-03
1.182614973335654280e-03
2.998488892928460881e-05
2.605219108616668958e-05
2.576664294261078281e-05
1.907282285098757291e-05
1.637044991916353107e-05
8.540196656182687783e-06
7.106573193721951933e-06
1.620565050257753875e-06
1.701256392444688396e-06
1.730297991567918645e-06
1.010818733868448274e-06
9.908115886014916545e-07
6.776257040996217095e-07
1.132456219854819999e-06
1.036652569122489180e-06
6.283696354428760225e-06
1.636584910563001474e-03
1.638472449438007619e-03
1.638381574978437644e-03
1.637798669257980620e-03
1.637780502691535238e-03
1.632397821062613573e-03
1.933019422546295489e-06
3.652544725551716792e-08
4.978951878613839511e-08
4.671833408603734095e-08
4.477125250599652386e-08
4.577461112316722929e-08
9.758723710840307153e-04
9.758689239567668516e-04
9.758793272659680405e-04
9.758700284948326796e-04
9.758677505022233557e-04
9.758640164190727053e-04
2.999997822759661165e-08
2.934371356587038493e-08
4.160690456470539971e-10
1.390193174155713118e-11
1.145093482761091555e-11
6.352571623935781242e-12
9.792582516242386122e-13
1.562651808586409246e-13
5.797580608631998413e-13
7.523542724403661977e-13
6.987375257218819892e-11
2.697248654516660348e-10
2.121381118506467082e-09
2.127851260207080610e-09
2.191777557678418289e-09
1.549882039335548440e-06
1.549871351657962618e-06
1.550192685746886163e-06
1.550201826573815963e-06
1.555147575903245273e-06
1.598704691568782424e-06
1.401139059064744803e-06
9.574033862964801908e-05
9.602301275865369708e-05
9.612872024990046390e-05
9.618204177930021563e-05
9.634976598974072067e-05
9.598363392573825662e-05
1.703419312877856723e-06
1.624460593680900308e-06
1.607574328405756222e-06
1.598355801608487176e-06
1.653001919280787999e-06
8.813911121164744956e-06
9.000462121117855079e-06
1.433010440178021606e-03
4.506968576199985380e-03
4.899925608924820576e-03
4.920014279195255788e-03
4.918894789874617146e-03
4.918935860846772486e-03
3.494905235078676984e-03
4.208581808930605961e-04
2.785338497036525703e-05
7.500389031520139139e-06
4.750077045299396510e-07
1.913178755457812487e-07
8.109012585580470829e-09
3.417710381303790062e-08
3.288516713161128778e-08
3.128923921566396186e-08
3.126070566359852579e-08
2.828521967241410929e-08
2.790518861945653007e-08
7.323907747785788512e-11
7.313968491218071396e-11
2.849896599743981400e-12
5.317101068581522336e-11
1.652071041979423037e-10
2.591982067431996070e-10
3.022613766042335862e-10
3.104126452475534560e-10
4.112222582101368085e-10
3.582633561818102249e-10
2.467758240479012211e-10
1.543163072676554941e-10
1.147754357619248105e-10
1.066401344863005090e-10
5.862116865514187055e-12
5.736259348907021441e-12
8.991651854515024634e-12
9.517957971680021360e-12
7.937136881416513983e-12
9.818287175736352855e-12
1.117599750952225139e-11
1.331032040654547333e-11
9.459543832296406386e-12
7.404700174756742502e-12
5.462167233304947020e-12
3.565038601052001602e-12
2.174925058704851204e-12
4.919943518646419002e-15
3.148302366440326171e-15
3.019369948904919860e-17
1.788463268327125073e-18
6.502661656587507826e-19
6.319126195935004593e-19
0.000000000000000000e+00
-6.222139224480522741e-21
-3.969153340401805946e-13
-3.891631915467038072e-11
-3.202337585018037730e-09
-3.240328751975268975e-09
-3.240335553207202396e-09
-3.240370824003837042e-09
-3.239973908675618260e-09
-3.201454504813715257e-09
-3.803323895039556743e-11
-4.207199275911629772e-14
-3.527076082549368680e-14
6.739639440001697727e-19
2.555576756965872413e-18
7.495163414547186220e-15
7.496207672671020713e-15
9.760716862015288308e-14
1.002586741822845686e-13
1.002586747178872969e-13
1.002567928137258549e-13
-4.589896530138268528e-13
-4.596024446826118878e-13
-5.720147134818212781e-13
-2.772184024928343077e-10
-2.806339982729070325e-10
-2.850237214433322421e-10
-3.020297767483412686e-10
-4.113580683738074275e-10
-1.059456818505854229e-09
-8.352495192703429658e-10
-8.763310728791778174e-10
-9.612531854250864485e-10
-1.859608558136225955e-09
-1.754676520382622723e-09
-1.289028447731534270e-09
-2.002713959198706693e-09
-2.182720751999216459e-09
-2.153792278955344182e-09
-4.730290725310600150e-09
-4.249226163856636658e-06
-1.679175727346769167e-04
-1.681378584833102981e-04
-1.681423550059979097e-04
-1.681423061480162844e-04
-1.681388183670602839e-04
-1.638943182929104880e-04
-2.257971667831420860e-07
-4.745423240276201290e-09
-8.574593004225958872e-11
-2.146273841578959852e-10
-3.678558634621527628e-09
-4.830682080271625715e-09
-1.071161118429183888e-08
-2.098492919843998657e-08
-2.669986413251535373e-08
