-1.134111377004288370e+05
-1.063473934808451158e+05
-1.895354184952012417e+02
1.211323933569077860e-02
2.515263490902423099e-03
-7.912335954921329018e-03
1.645228486445850929e-03
-8.216088432871540125e-04
-3.764653083087099450e-01
-6.556030126056609612e-03
-1.386713100762896472e-02
-7.254015331919664439e-03
-6.362812261131787009e-03
-1.990827151723664583e-03
-2.239268186124679719e-02
-1.022767534776445122e-02
-7.604648764768987164e-03
-8.133084101894260884e-03
-1.000952721961725043e-03
-7.609825633952304463e-03
-1.557053014587440019e-02
-1.183339096194570145e-01
3.086551315898742372e-03
-9.962952033847293637e-03
-2.686538753348693791e-03
-3.626652921462017974e-03
-1.863812423783148819e-01
1.446479034095945679e-02
-9.970425194557135107e-02
-1.017026790395610808e-01
-5.289139719104014592e-01
-7.444960346462288214e-01
-9.003204781875796536e-01
-9.681096679437907193e-01
-9.955584099641778817e-01
-8.611224479496748518e-01
-6.710964875255571727e-01
4.093758057438430173e-03
-2.927404512698474418e-02
-3.466635181045080432e-03
-4.043740615462657617e-01
-1.904076052405497821e+00
-1.910880254385643084e+01
-2.009424367789678456e+01
-4.418940127086407044e-02
-7.219393535701071896e-01
-4.282743209468691803e-01
-1.937251452156702192e-01
5.638176953945712305e-03
-8.552655313397503067e-02
-1.561146393872349936e-01
-7.697697738739794460e+00
-5.196845033544503917e-02
-4.587044439933914142e-02
-7.626496818537087906e-03
-1.775137271762494218e-03
-5.677187561658626064e-03
-1.350506534389217528e-02
-3.217910113586729126e-02
-4.926705648060612786e-02
-9.971705437257888729e-03
2.005792492121735455e-03
-3.417501661762801374e-02
-9.199471479896388984e-03
-2.225189556379521608e-02
-3.912474009804692635e-03
-1.780196412263277961e-01
-1.713656223135346171e-02
-7.055839238668763953e-03
6.190683526731276427e-03
-2.033692044870749616e-03
-1.433292982276898088e-02
-1.465345201200985402e-02
-3.417893167262970808e-03
-4.171719792781285879e-03
1.002512060809566908e-03
-1.280961810329056018e-02
-1.951358599466118064e-03
-1.773980827555749276e-03
-1.899759580020823685e-03
-2.119387794310275026e-03
-1.152992669852402480e-01
-3.946526278865577879e-03
-2.097535404550012611e-03
