2.387170512959978404e-03
2.490827877011735948e-03
2.997253321069632756e-03
3.552874245150483817e-03
3.786364752758102342e-03
2.717810387056427898e-03
1.992292592797631403e-03
2.124745760158085715e-03
1.506680176149879013e-03
1.370823961899020902e-03
1.365007327471484937e-03
1.736987738014914105e-03
2.020037662370350977e-03
2.231275131137283336e-03
2.504550746178061098e-03
2.621379010126929747e-03
2.838788149277687509e-03
2.707079454634284468e-03
2.721104600462074391e-03
3.036554069650319702e-03
3.293647944900398184e-03
2.986520824139226801e-03
2.972005108411250682e-03
3.410050787020597537e-03
2.436067933073745966e-03
2.093391483848437012e-03
1.420736020357829055e-03
1.381074021312613496e-03
1.525062162143035532e-03
1.710507863708923175e-03
1.256633815865628150e-03
1.153016519172360465e-03
1.327933559039220406e-03
9.830790695967588956e-04
9.475871328614242882e-04
6.140289146605093029e-04
2.641175780443720989e-04
-2.359010252336263305e-06
-3.893646039809977645e-04
-2.488677997705028089e-04
-4.793514130580571984e-04
-7.224362298949242979e-04
-1.180699018065274868e-03
-1.891951241263854604e-03
-2.769217910307113142e-03
-2.218633523423699152e-03
-1.943273519795444236e-03
-2.154637706475870038e-03
-1.544075137753162397e-03
-1.402095107889342546e-03
-1.412272680558355337e-03
-2.209813677453767271e-03
-2.482765415351459014e-03
-2.950016234556034067e-03
-3.758305747633153282e-03
-4.346259856770519001e-03
-4.424988011308550809e-03
-4.570965863525186870e-03
-4.572622515999911347e-03
-4.759096442218743381e-03
-5.435390881255755882e-03
-4.659775204624190537e-03
-4.956390513388328131e-03
-4.973098117447291924e-03
-4.658698031144431831e-03
-4.612575528781534887e-03
-4.811498607690227122e-03
-5.067968761838919159e-03
-5.917943312428187649e-03
-5.800911707785266769e-03
-5.741045265274248056e-03
-6.728276394452859313e-03
-7.218659732369426055e-03
-6.508392555391270297e-03
-6.770812470280941110e-03
-6.769636955298082709e-03
-7.069381928769222570e-03
-7.133855861789894365e-03
-7.397503792560550760e-03
-8.495678179700521387e-03
-9.687957828492070600e-03
-1.006386533111534344e-02
-1.153009354878396439e-02
-1.121138680152891989e-02
-1.415994433666986629e-02
-2.710784016461167262e-02
-3.775815151368770023e-03
-3.536812815659455198e-03
-3.514147475376727149e-03
-3.997301025063113022e-03
-3.953800605227341704e-03
-4.573800364135335861e-03
-3.679525349182590291e-03
-2.858400625187573242e-03
-2.978641564663189224e-03
-2.727623619649636056e-03
-2.703251968752460460e-03
-2.442567662281780721e-03
-2.562502087322198439e-03
-2.091629469362627121e-03
-2.384883731013863993e-03
-2.797498090935569229e-03
-3.357963755825288908e-03
-2.188959787296157391e-03
-1.912786438498398052e-03
-2.519877391480045657e-03
-2.095196172071894618e-03
-1.725803540269192811e-03
-1.281937495996754439e-03
-1.041265386248771451e-03
-6.086395342689146027e-04
8.868973481735227440e-05
4.624913142133583359e-04
8.039985661816095126e-04
7.539100857139240195e-04
8.388044657764407060e-04
1.263974988652443072e-03
9.240765146507698294e-04
1.074818069607547111e-03
1.186848199916235806e-03
1.574493611307158916e-03
1.756430049946500508e-03
2.067844799570979844e-03
1.757888367230574277e-03
1.775214527879566666e-03
2.456246667578248794e-03
1.867579451700628361e-03
1.354919459055141124e-03
1.449480478060235014e-03
1.612361673624923943e-03
1.857831494697605038e-03
2.223289799147543967e-03
2.341668673594931444e-03
3.008448580696036333e-03
3.296377130687746290e-03
3.309494335617300508e-03
3.981516143785541681e-03
4.036504793760032316e-03
4.404327560958141465e-03
4.167198190763951073e-03
3.077952575699489501e-03
3.046230470493957627e-03
2.339471800960766113e-03
1.914706168862007020e-03
1.645737775315530725e-03
1.675481531840494320e-03
1.122211370814973474e-03
1.009315499745931481e-03
1.134691168062542353e-03
1.476543191365095728e-03
1.126458342894298128e-03
1.039527996913610633e-03
5.193178304954269202e-04
3.791258778085206550e-04
1.496693026902938973e-04
2.421223055126369686e-04
9.779376311630828020e-05
7.306511793724596699e-05
7.727024702494596003e-05
3.008170681217082966e-04
2.656858536956472564e-04
1.641544992707802235e-04
-3.699277711297067444e-05
-1.052735238067448116e-04
-4.723958733798519261e-05
-2.398766985577597383e-04
-5.312870307451596436e-04
-8.870925387521399292e-04
-8.191142206644528743e-04
-8.808457013974966155e-04
-4.736639015464391006e-04
-4.635231450194131179e-04
-1.689016649366101687e-04
-1.821883919339141813e-04
-3.610944922548080509e-04
-3.115783854831086675e-04
-1.496264395450653097e-04
-5.468358320541057821e-05
-8.592530931629183667e-06
1.381027890990782622e-04
2.988482971207520968e-04
2.084583232423304873e-04
2.964202124307990641e-04
5.194637233542396355e-04
5.275034644120458419e-04
1.934722998820942073e-04
6.764502303912883936e-05
3.614676173035066245e-04
2.579649770292402936e-04
2.160098871003587179e-04
3.265531983747659299e-04
3.187194339857853196e-04
6.122199285507526735e-04
6.523804436643524740e-04
3.320533853000447590e-04
7.906894092201656660e-05
-9.757189849084192646e-05
