beta2
7.951827978819677942e-03
7.988354669701836983e-03
8.050734347717417722e-03
8.042850009814346210e-03
8.126727623096241526e-03
8.216589188695474014e-03
8.318848755614772356e-03
8.399354232777980420e-03
8.492791231298622151e-03
8.558720146678588242e-03
8.525747072764402329e-03
8.582002200431594965e-03
8.677359261926819584e-03
8.756822679636797405e-03
8.810475466192135147e-03
8.857967735712448873e-03
8.890579369098778467e-03
9.062503205427535624e-03
9.059848719561508154e-03
9.155606422327704219e-03
9.208515244242248404e-03
9.200069477509554422e-03
9.235633612877261131e-03
9.290599555541673507e-03
9.312940109960306939e-03
9.435914007817316346e-03
9.455258501819052697e-03
9.469843578901728995e-03
9.520573735834966800e-03
9.569534406518601100e-03
9.650528026982440818e-03
9.590651090250479349e-03
9.714210947229571722e-03
9.761756935577578856e-03
9.740479340078316006e-03
9.770202706163773690e-03
9.775339267561973522e-03
9.868589823489056986e-03
9.999807817374927604e-03
1.009137078631041837e-02
1.020584333773632765e-02
1.027683029438115382e-02
1.034228207455118592e-02
1.039989450805294327e-02
1.047042401337190849e-02
1.067283962167986031e-02
1.087525365676982915e-02
1.098382630037959481e-02
1.093612073148113664e-02
1.092155570761695407e-02
1.083680923698542714e-02
1.079835388392922160e-02
1.080159379600479676e-02
1.079719600806054725e-02
1.084451834457526159e-02
1.085831465594817857e-02
1.083842482744100735e-02
1.086352435881688880e-02
1.080988617860595066e-02
1.071900706519073390e-02
1.062172610647544799e-02
1.042971745562587017e-02
1.038955930914398085e-02
1.030735004259212932e-02
1.023489810712900801e-02
1.008351935712963054e-02
9.988769386274423678e-03
9.893131592175426203e-03
9.768348742112086674e-03
9.582405537947546320e-03
9.480142012151013264e-03
9.403375557304092039e-03
9.309444854688944671e-03
9.272981315316342066e-03
9.396916178025058186e-03
9.539741482970636594e-03
9.739936424491486486e-03
9.909005653595797519e-03
9.849700710145995255e-03
9.827408296544146160e-03
9.720568273115869073e-03
9.795391428854154092e-03
9.895459013293477976e-03
9.862701189641519262e-03
9.864262949796639285e-03
9.922919544166795489e-03
1.005113563164068170e-02
1.019867658724470105e-02
1.028192465969239924e-02
1.039474396637358675e-02
1.044759877109919383e-02
1.044566764494321912e-02
1.042109367670815759e-02
1.046430838094911282e-02
1.050416984992293655e-02
1.046067961712970895e-02
1.055291489332098320e-02
1.058970642130662755e-02
1.060902505149942388e-02
1.055904175812321863e-02
1.051816828040677207e-02
1.041829886344957865e-02
1.038411417865073641e-02
1.038489796380338143e-02
1.037680319848373854e-02
1.037503233297627087e-02
1.055507190474215019e-02
1.076851214569414517e-02
1.089809147745096282e-02
1.097524899740891582e-02
1.108782998261019156e-02
1.118410450184906604e-02
1.124491577680412219e-02
1.127957294741914127e-02
1.128875290265335223e-02
1.131111606467235381e-02
1.134093042966990809e-02
1.133389203865738624e-02
1.135404155410778791e-02
1.133084386209914571e-02
1.130537392836204399e-02
1.130435319337717674e-02
1.129559288378264442e-02
1.124442735306451294e-02
1.120573816380555053e-02
1.114515749647987213e-02
1.109911490126335928e-02
1.104866095188569708e-02
1.094242848096185598e-02
1.095663042284309233e-02
1.092924370118614034e-02
1.085893604085837877e-02
1.080569073671847243e-02
1.078169598585553696e-02
1.075657720530145967e-02
1.077854454768810422e-02
1.075271174903639528e-02
1.077144915141908799e-02
1.082720814591057318e-02
1.093059395371656119e-02
1.099603533576301237e-02
1.100722884883630764e-02
1.108334763723578704e-02
1.114506462396351941e-02
1.124048530689537514e-02
1.139520634509801240e-02
1.153434295659784212e-02
1.149824989520148791e-02
1.142935441482888573e-02
1.151041080210027726e-02
1.162270190780712725e-02
1.174405621986897297e-02
1.172087309446372995e-02
1.166598889197326648e-02
1.146833437252525213e-02
1.128825148694414388e-02
1.137745289176893965e-02
1.134674976603258952e-02
1.142170815153542227e-02
1.148375555069285590e-02
1.142475526784791223e-02
1.138583335412553590e-02
1.139107139597245189e-02
1.143102483806136827e-02
1.131059701854532709e-02
1.117063694186063577e-02
1.115901365594906131e-02
1.107622027384891697e-02
1.092425916300361448e-02
1.068954618227288718e-02
1.052263988785151483e-02
1.041222889913464428e-02
1.043117459588107504e-02
1.035498465650532343e-02
1.044794440246180761e-02
1.039446757827434606e-02
1.024152530492906943e-02
1.021000464777565425e-02
1.015999377130455406e-02
1.029986022463894035e-02
1.045646323845824538e-02
1.050548605474419667e-02
1.053568495856375964e-02
1.057906884983534149e-02
1.066341733287546993e-02
1.079786943817518871e-02
1.100425397259854193e-02
1.117185513335374608e-02
1.107692462586364751e-02
1.095449335287368778e-02
1.086293854033437700e-02
1.079258683950091134e-02
1.070569407209796299e-02
1.051987204013081142e-02
1.041931168448157093e-02
1.033616877716116503e-02
1.023614549323153752e-02
1.024012773232926138e-02
1.026525408798187669e-02
1.020872504682041049e-02
1.012156372173710246e-02
1.006747590548015894e-02
9.971623419489383106e-03
9.866523100669492147e-03
9.765172791192381491e-03
9.751133998663443977e-03
9.847343587758182124e-03
9.901710430449369924e-03
9.975213313846133245e-03
1.005021297670457767e-02
9.900977890111175780e-03
9.866892335396863431e-03
9.776330160862711782e-03
9.765986943749254898e-03
9.814622850160072826e-03
1.000742893479939638e-02
1.018517151459982090e-02
1.020976650725429272e-02
1.024383130500919337e-02
1.032474780771041982e-02
1.035355206484538104e-02
1.034132492036716686e-02
1.034860379711738040e-02
1.023511979795735903e-02
1.007423281019952446e-02
1.000264040944800342e-02
9.992680787133927794e-03
9.971907402163094833e-03
9.945783733576876035e-03
9.827570619376025177e-03
9.735359786235013579e-03
9.634646934388816503e-03
9.568594249711067506e-03
9.588835185974262446e-03
9.623589051979884040e-03
9.659691012771797272e-03
9.630506165636170193e-03
9.628195601703774462e-03
9.615583246586602295e-03
beta3
8.083351773052163854e-05
9.492762415002123887e-05
1.154786649801611809e-04
8.535353655079602894e-05
9.773298088066447126e-05
1.087810616405904870e-04
1.214693697246400759e-04
1.264498163882277941e-04
1.304363304593838114e-04
1.499297677820830084e-04
1.890831358425954108e-04
1.654967375044963049e-04
1.447573351528737935e-04
1.560436603364316090e-04
1.603154503824479017e-04
1.829007535294370089e-04
2.193864332610754165e-04
2.624579223692355802e-04
3.727578887024097674e-04
3.715229004561930058e-04
3.704015698628502335e-04
3.886866773572088003e-04
3.849023094544075287e-04
3.372492193245796798e-04
2.969720794780510414e-04
2.791632595783580728e-04
2.857745896615586541e-04
2.833353495328611070e-04
3.024118640939607063e-04
2.990369559491414886e-04
3.526407040480284663e-04
3.465020826972866784e-04
3.263901294261925524e-04
3.297735786004852340e-04
3.402650647936070259e-04
3.439633822550669821e-04
3.635115771123736332e-04
5.031405635073309774e-04
5.876099437546541829e-04
6.495892978629678018e-04
6.729259545954775334e-04
6.930415243533254426e-04
7.643951182152889734e-04
7.829160522360132952e-04
7.725022305902109858e-04
6.191267123259653650e-04
3.760469197587888767e-04
1.458452210016334674e-04
2.472932936038128374e-05
-1.289373367682888493e-06
-3.848286989825614563e-05
-6.176527741436562443e-05
-9.253142340637271924e-05
-1.320882518037561635e-04
-1.782449330474935797e-04
-2.308766009789773612e-04
-3.004837790801102556e-04
-2.987954261037634130e-04
-2.966545809518968688e-04
-3.369501477363383854e-04
-3.712256612542327774e-04
-4.293320128115227187e-04
-4.928685914121877076e-04
-5.742214920941050241e-04
-6.481315457753481250e-04
-5.721603721227550791e-04
-4.972912733162878620e-04
-4.279604679632992574e-04
-3.765987810854787006e-04
-4.294250173640105006e-04
-5.103518123164783307e-04
-4.822562970030202937e-04
-4.688273497744028032e-04
-4.784125635613208733e-04
-3.812626297609195700e-04
-3.216594098023134668e-04
-2.012509193125260466e-04
-1.233812473598307690e-04
-1.117070895107509228e-04
-1.015618207752690247e-04
-8.436757315703016541e-05
-8.873444594546483523e-05
-9.006312509255134306e-05
-1.017948086073178172e-04
-1.049641413926992591e-04
-1.018782404156477197e-04
-8.502030227659803491e-05
-7.480263333155494473e-05
-7.636900846276443847e-05
-5.098111984401529156e-05
-6.816857215642422381e-05
-1.144942001855574264e-04
-1.616802799138272620e-04
-1.969478647426917833e-04
-2.494296310149590485e-04
-2.900199667367069382e-04
-2.727143764759983437e-04
-2.455101503230731072e-04
-1.767113664426771692e-04
-1.746809821884568695e-04
-1.582916063402673486e-04
-1.842353676968870851e-04
-1.781616398055571983e-04
-1.709141416674949657e-04
-2.069576449289946122e-04
-2.501640530090178420e-04
-2.126301132266217927e-04
-1.730100255613905950e-04
-1.769733756997073483e-04
-1.410204476342211415e-04
-1.270528630508002080e-04
-8.284903943989703284e-05
-8.629355671475094072e-05
-7.198978962574961119e-05
-7.089459580171823989e-05
-6.481460502667243202e-05
-5.782584747418784100e-05
-4.976460858224517238e-05
-4.011527303574756670e-05
-2.424910323700240667e-05
-4.681573726045150559e-05
-6.465131195553327917e-05
-5.594807572051658140e-05
-4.284546602907566832e-05
-4.566961130876106390e-05
-3.933744860707539642e-05
-4.652839539145263729e-05
-3.788507903733683631e-05
-3.031538775489154680e-05
-1.524797365106371274e-05
-5.640333771012378351e-06
-2.196627506835498108e-07
1.489246942610309575e-06
4.174484530016140223e-06
1.314621667490696873e-05
8.291153421976477198e-06
3.073424825661360607e-06
1.463476109199616542e-06
9.007342833864121077e-08
-4.110437607019343613e-09
3.616086460919969683e-06
4.138150470892297268e-06
7.070742592365400104e-06
2.096376375143607992e-05
2.905028856725543301e-05
5.108564675317860343e-05
7.448994782999278060e-05
1.143207090999009794e-04
1.165099102269182170e-04
1.349444796668620170e-04
1.303331044448775519e-04
1.630681250807926655e-04
2.046828549811065051e-04
2.343318405765512657e-04
2.228405640933383116e-04
2.537055265554641727e-04
3.147380305807404759e-04
3.614697369733591340e-04
4.020485505858381083e-04
4.552098707263335761e-04
5.525464578387095493e-04
6.930752641264199820e-04
8.730328344805444920e-04
1.077610693059764205e-03
1.155557286051681889e-03
1.245304400834751270e-03
1.291022461009821206e-03
1.147654237516446737e-03
1.080638863169142150e-03
9.623327738012547221e-04
8.919864401485990942e-04
1.038511711198244602e-03
1.183162675012289959e-03
1.279488405196861373e-03
1.403009483838032340e-03
1.398387764401112137e-03
1.342521592573248882e-03
1.337454592532236674e-03
1.362252382974861453e-03
1.418916402339174447e-03
1.473957637568826425e-03
1.442825860226055329e-03
1.502256976946564652e-03
1.588199361426043165e-03
1.723528880167873260e-03
1.905171270638168334e-03
2.093063964575417844e-03
2.258481784610689904e-03
2.253199240564251679e-03
2.168947986625687895e-03
2.111131100576245281e-03
2.067990515858016479e-03
1.967812712498996641e-03
1.980119991583068062e-03
1.957234575671458823e-03
1.977456469309903271e-03
1.969625623888939664e-03
2.084064777206602083e-03
2.010074702160763276e-03
1.983818121365029177e-03
1.916120239498806093e-03
1.916495634922729240e-03
1.878674997404548158e-03
1.770452575878986041e-03
1.675854772047436240e-03
1.588439548725217041e-03
1.520306353579303337e-03
1.537714210775226620e-03
1.593409389173782451e-03
1.701437683165857306e-03
1.701396011905594117e-03
1.738719714098896016e-03
1.720784530652012291e-03
1.710326883971749826e-03
1.769439021633186383e-03
1.815068428226023194e-03
1.860582181976083022e-03
1.863650301168625310e-03
1.890185354067700028e-03
1.854275278290287796e-03
1.869720489011874242e-03
1.690212756836573845e-03
1.741346171402004738e-03
1.773066352718530823e-03
1.632988735475838366e-03
1.662090717651039037e-03
1.599881042108709361e-03
1.643524850786833285e-03
1.712600652510889608e-03
1.797111155959432976e-03
1.893885284740958125e-03
1.922611547813010951e-03
2.038788096534194412e-03
1.897134152130334995e-03
1.900793477847652953e-03
1.941826031876606835e-03
1.807561743231668981e-03
1.714840933849642824e-03
1.637396924710236065e-03
beta4
1.423904663612017042e-03
1.315165782821656974e-03
1.163558561166751822e-03
1.709118661941486138e-03
1.891308461054083331e-03
2.013288126124643078e-03
2.217183439557540280e-03
2.569411689416164091e-03
2.924352461927614069e-03
3.187774899715105359e-03
3.499238400299067332e-03
3.551779296239134485e-03
3.368102284447687181e-03
2.558435978148454991e-03
2.236624390864859133e-03
1.913549445894676283e-03
1.752165663936169470e-03
1.663893339570627532e-03
1.595417089770064661e-03
1.351423922752235550e-03
1.165023056606409070e-03
1.178123055451065718e-03
1.083729569349580792e-03
1.547955423145520523e-03
2.239416695084791957e-03
2.841606918098025548e-03
3.325273632823150770e-03
3.768296872672493702e-03
3.760102800111821825e-03
3.562769754783888521e-03
3.634852675958471970e-03
4.302443936990931438e-03
3.812651504985809479e-03
3.709406710965651097e-03
3.960967519974349302e-03
3.916441903509095337e-03
4.364141346742874197e-03
4.493103264497736241e-03
4.410023948094098784e-03
3.952126104855114425e-03
3.288766322604102978e-03
2.980571495919516391e-03
2.839569497136122320e-03
2.512580562947182294e-03
2.511303721949821859e-03
2.056965514196163088e-03
2.274316141658796857e-03
3.504541628283188836e-03
4.885549082677603794e-03
5.836883826979553588e-03
6.380295286821284842e-03
6.588252365649312214e-03
6.353960114263404804e-03
6.949127258960259741e-03
6.294360712179937131e-03
5.910513586408604886e-03
5.891624878921210805e-03
4.248430130255904241e-03
4.033353119772188633e-03
2.999079760239113830e-03
2.296973408613729555e-03
2.634496109899725665e-03
2.219232914644086833e-03
2.023917156835251027e-03
1.997601573880100883e-03
1.582995799005039450e-03
1.086234109016163008e-03
6.915796465585101818e-04
3.262148364723400874e-04
4.256387707520391164e-04
4.862936961545618946e-04
5.495348957183149091e-04
6.870675394769135266e-04
5.973894024396238711e-04
7.556074454429772538e-04
8.567225220399527982e-04
8.204444773838946020e-04
8.759452496272721305e-04
6.509323871666497681e-04
6.768335087699649082e-04
7.306285013873967549e-04
5.025454081049624423e-04
3.609228469052856584e-04
2.865097835567443404e-04
3.157039950612736904e-04
3.835257114343937758e-04
2.941083615919738757e-04
2.218453305559862844e-04
1.539733364090428865e-04
1.094946350421977476e-04
1.214836272018687450e-04
8.355940898492177971e-05
1.161556739894730394e-04
1.495262963713921947e-04
1.434258385816789807e-04
1.181737101286601616e-04
2.079919304426802945e-04
2.645216693948449849e-04
3.449333790175359562e-04
3.202590845226127971e-04
3.488057052278851957e-04
3.061167553602200594e-04
1.226257674574986602e-04
4.744547721344415298e-05
9.929038619307570100e-06
-1.101769967761005936e-05
-2.360886485529106626e-05
-3.638340412665739794e-05
-8.231452184453678537e-06
-6.470471642932772558e-06
-5.412405103042374128e-06
-2.090640442007606250e-06
7.049736207477382409e-09
7.382463861386515668e-07
1.853247721409832078e-05
3.932141250675517941e-05
3.774298932675283671e-05
3.535496198636645468e-05
3.013667367939033284e-05
2.804070303007765097e-05
1.047218299354297047e-06
-1.072608769858760809e-06
-1.531159385387997714e-05
-7.720463388428151893e-05
-1.525042748176094266e-04
-2.081664297738576683e-04
-3.176393418217584382e-04
-3.605186017183200200e-04
-4.196082629662755705e-04
-3.956203320350095776e-04
-5.083887096228749186e-04
-5.168902506147293741e-04
-5.738500289463544174e-04
-6.454717375843402848e-04
-7.386819695773017306e-04
-9.105202680596475619e-04
-1.105054710610463547e-03
-1.234748716796841856e-03
-1.262982691951278560e-03
-1.858687241372236360e-03
-2.180312188495619509e-03
-2.441576925717574634e-03
-2.577833362747532393e-03
-2.795736108518207495e-03
-3.259179978071925169e-03
-3.753084022438204787e-03
-4.196708563913694769e-03
-4.674166144132687988e-03
-5.120511050175547210e-03
-5.353085877986066277e-03
-5.667256241905640340e-03
-5.952559678353173608e-03
-5.523533717999877177e-03
-5.081868136926914054e-03
-5.796795402774129573e-03
-6.994093725068869366e-03
-5.370950965496792961e-03
-4.832612768613589460e-03
-3.913279994596577382e-03
-3.183441566724321513e-03
-2.655955910809975826e-03
-2.529516458526390350e-03
-2.423117005535861072e-03
-1.827249105775793480e-03
-1.581411203673903495e-03
-1.441601961595361751e-03
-1.397221486429791552e-03
-1.403502605915200874e-03
-1.421793669909563775e-03
-1.599504609124920065e-03
-1.813149310025754211e-03
-1.453260101635665434e-03
-9.192326048878753271e-04
-8.237916251689046416e-04
-6.971241736203388382e-04
-7.434936794499945496e-04
-6.295939658331469813e-04
-7.155876522396071096e-04
-9.423142642220379978e-04
-7.518832857281094236e-04
-6.211263718373402718e-04
-6.553181369964741721e-04
-7.620806334283596181e-04
-9.012399884051061020e-04
-9.969127371828173656e-04
-1.071563016652737552e-03
-1.039959049406703794e-03
-1.041554323493802149e-03
-1.262676649188925176e-03
-1.409705253311026264e-03
-1.607838381256543152e-03
-1.512000770707093086e-03
-1.338706493782597763e-03
-1.261681354551647764e-03
-1.098746743702583512e-03
-1.111055992275481515e-03
-9.744203014430425497e-04
-8.146983609816167617e-04
-7.134376263642773193e-04
-6.058472713124513076e-04
-5.670511752434940350e-04
-7.517865575979056211e-04
-7.409910821769235580e-04
-1.035975842160706149e-03
-1.225186191680160096e-03
-1.396826057845678435e-03
-1.545293063478118045e-03
-1.927940793247287683e-03
-2.160634083649598351e-03
-2.432002978180417257e-03
-3.278948764767848287e-03
-3.265828949314934088e-03
-3.361520992464399078e-03
-3.245875395132187882e-03
-3.338008752567577214e-03
-3.620476775433703436e-03
-3.773992795567196641e-03
-3.994302248495574734e-03
-3.566369181144009737e-03
-3.073207279641147587e-03
-2.554821328633169811e-03
-1.982824181784540764e-03
-1.394022846962682683e-03
-9.232184334057010403e-04
-7.397755519279170227e-04
-6.252853984934152957e-04
-9.266660865437770624e-04
-9.796224562480197046e-04
-1.078091254237166247e-03
-1.130465165228342062e-03
-1.130734383864804085e-03
-9.911323888956795856e-04
-1.257901898120985639e-03
-1.328803969002037393e-03
-1.129140115560462723e-03
-1.119432416038488014e-03
-9.653005109905255995e-04
-8.504323962597005408e-04
-6.930140360103771236e-04
beta5
-1.448772970358815516e-03
-1.555644294148467643e-03
-1.626606022785052983e-03
-1.747633872389365997e-03
-1.659684368038125829e-03
-1.611861114264560510e-03
-1.594064659479841250e-03
-1.573696397652090372e-03
-1.614744234625060688e-03
-1.672118584183544419e-03
-1.650033226439472827e-03
-1.748123385133650530e-03
-1.773364174780754253e-03
-1.727736148314714792e-03
-1.655960612993978218e-03
-1.752353818206990989e-03
-1.882232726649734917e-03
-1.801340419101199724e-03
-1.964476611829378550e-03
-2.008709048772587547e-03
-2.095976365257820780e-03
-2.236841580845189484e-03
-2.349133017054904141e-03
-2.325115165753319051e-03
-2.313892916509492984e-03
-2.306172289209849208e-03
-2.436749853177410004e-03
-2.586337651604867470e-03
-2.878993740104009592e-03
-2.912300831837373333e-03
-3.134305425233275232e-03
-3.306607530023670388e-03
-3.604040025344599010e-03
-3.659337929753271254e-03
-3.765233725812540486e-03
-3.661752354717467094e-03
-3.701063896344519537e-03
-3.700971134212975751e-03
-3.851133105695650656e-03
-3.585719935063950113e-03
-3.282329525816704476e-03
-3.072805283512308749e-03
-2.870724650076293856e-03
-2.540817126992585620e-03
-2.499655215525342297e-03
-2.154691734786812370e-03
-1.949948716151740299e-03
-2.107672302679784986e-03
-2.146497700973329543e-03
-2.108992209231869315e-03
-2.081303311113784534e-03
-1.973453595364707200e-03
-1.700580287912587148e-03
-1.599680474079601990e-03
-1.518314973550728090e-03
-1.471728115092465561e-03
-1.416480858674738210e-03
-1.167069390076451354e-03
-9.663125646292606511e-04
-9.132690374405716665e-04
-8.326867565649810361e-04
-6.023751716067620495e-04
-5.686993080547403379e-04
-5.131051572308071781e-04
-4.665231058275927205e-04
-4.174694796537203986e-04
-3.847940572632415008e-04
-3.543706112981607559e-04
-3.728253150103376075e-04
-2.412320211205201247e-04
-1.835856971653094215e-04
-1.634675897265750941e-04
-9.593924279473402901e-05
-9.973384438888184273e-05
-1.037617495904875252e-04
-1.070019888770503281e-04
-1.153804344454125840e-04
-1.408832240102828840e-04
-1.542154380295932285e-04
-1.376795946470498974e-04
-1.277526790687109502e-04
-1.479007324504507585e-04
-1.986627788735103955e-04
-1.687011204918827437e-04
-1.819191826543201129e-04
-2.202589065739699785e-04
-2.068826818323178218e-04
-2.067388801323792342e-04
-1.843931686186488098e-04
-1.787318159330364745e-04
-1.815135070462638167e-04
-1.697713906911570906e-04
-1.700025183276670452e-04
-1.616258476957951624e-04
-1.662804712129436514e-04
-1.281695792423117480e-04
-5.157669795411215768e-05
1.388721248546124107e-07
5.047417035790477630e-05
7.745671596854906732e-05
1.047625534422797411e-04
1.188777712728039584e-04
1.740019767603854812e-04
2.067239317823986000e-04
1.721928392700927885e-04
1.676393389369377324e-04
2.365840748717189831e-04
2.747616675795547811e-04
4.510641779529271774e-04
5.376110085041768683e-04
6.460513359454233065e-04
7.841567194753083694e-04
9.805667354363060279e-04
1.183882174553423615e-03
1.365715816676095875e-03
1.499469472443747771e-03
1.484753204585604214e-03
1.506347068305688474e-03
1.482658606753572278e-03
1.496700381378777197e-03
1.390034784326680053e-03
1.192259152506197108e-03
1.069024429938936465e-03
9.168158375705085785e-04
7.796896233475615785e-04
6.459059916388295393e-04
5.437125399160622858e-04
5.155687667455699161e-04
5.342959458630721714e-04
4.717991599138176076e-04
4.633963621252165112e-04
4.737551464964536601e-04
4.864746033585828000e-04
5.073628186679869428e-04
5.162658795840575172e-04
5.279764752583482887e-04
5.189209297862624939e-04
5.246172188659943472e-04
5.519981209045605021e-04
5.558166953487638038e-04
5.061372410008553764e-04
3.920566173004191163e-04
2.973569476578849210e-04
2.991644038209813035e-04
3.432989891223535948e-04
2.932962969611304011e-04
3.779060882448753928e-04
4.547094168471301910e-04
5.219893308099060993e-04
3.739296942335340536e-04
2.931350065611972554e-04
1.908972371714095584e-04
1.174445622019700051e-04
6.042349563538367419e-05
4.577174706907320185e-05
2.205247076855266532e-05
2.820163688644927610e-06
1.269899890811055627e-07
-2.787253358138062453e-05
-7.569159101398039487e-05
-6.133261143566551428e-05
-3.402668176340189327e-05
-2.802497220040998780e-05
-4.163962526081377248e-05
-1.387724433181568073e-05
-1.895195991452269529e-10
6.609001027126663798e-06
2.075447068052161520e-05
5.677616583188409966e-06
-9.357781454075986864e-08
-8.765800801232174951e-06
-5.117396732231817587e-06
-4.360726098867315190e-06
-4.480400920448334824e-06
-4.476096842500280944e-06
-4.849488495864334644e-06
-5.134330838370095343e-06
-2.763867772382646185e-06
-5.626164201341372563e-06
-5.527484841017418788e-06
-6.023382098069467576e-06
-3.968003738872732695e-05
-3.245661562962356202e-05
-4.319111538956460288e-05
-5.229507669863062120e-05
-9.358912667931783443e-05
-1.099578239902642763e-04
-1.455046350490015524e-04
-2.274468126090573722e-04
-3.067273336245354069e-04
-4.097999466325525893e-04
-5.071491205858227186e-04
-5.375807408592470646e-04
-6.106266620026748644e-04
-6.387600628819155388e-04
-6.825261081089266813e-04
-6.770690249314402455e-04
-7.451189748626329103e-04
-7.519372741883641187e-04
-7.096526561119211561e-04
-6.506727272549155030e-04
-6.244085622154986730e-04
-6.235656864380649967e-04
-5.756921988033150001e-04
-5.466336347783582773e-04
-4.703752117684149598e-04
-3.573136486634155692e-04
-2.481147838641731859e-04
-1.746538133579197353e-04
-9.828878829290159478e-05
-6.316210881885209823e-05
-3.871812187328429599e-05
-3.302654627371811295e-05
-4.289888791402285483e-06
-4.457231380955132330e-07
5.179622371618916254e-06
2.281778876505565948e-05
3.535907404223216204e-05
3.073680505990045620e-05
1.450677912221325837e-05
6.845732863428339313e-06
1.888639755086900751e-08
-8.045739669215376454e-08
-4.234278823326162107e-06
-6.058526620681375428e-06
-1.919769129071420926e-05
-1.802356439093199321e-05
-2.849675500225522679e-05
-2.760168788645422802e-05
-2.072383736987931256e-05
-6.284502944824217498e-06
-2.746900120504158757e-05
-6.175276627812745906e-06
-7.478447983971874105e-06
-2.507386102132607775e-05
-7.649431012576128337e-05
-5.610343129809547880e-05
-5.678505580640134232e-05
-6.905912196240037457e-05
