beta2
8.120669497384266217e-03
8.090513072812371281e-03
8.096490562930550722e-03
8.435868175982835088e-03
8.671621525072070041e-03
8.714144331355675593e-03
8.811715074772137613e-03
8.962772530561120138e-03
9.265250477509503341e-03
9.692778586031638999e-03
1.022489333002287760e-02
1.083164695545279360e-02
1.098387671821077563e-02
1.118292264962801943e-02
1.065077934405363712e-02
1.035314248624802716e-02
1.031049914966780320e-02
1.037633062387887176e-02
1.010082893535403474e-02
9.599492733620136262e-03
9.220017009939806413e-03
8.493787853837718449e-03
8.139271107025001714e-03
7.871020099002715154e-03
7.595437905415808322e-03
7.556286494444542333e-03
8.247685976352291809e-03
8.790596333825078171e-03
9.349549978888108126e-03
9.788562729627383469e-03
1.028786799132152749e-02
1.015245276940139954e-02
1.035551375812423548e-02
1.087778990637359999e-02
1.189083565538695889e-02
1.145575971761002634e-02
1.134015959294198440e-02
1.112447817902890816e-02
1.032095822549034501e-02
1.010001981727617210e-02
1.033784636559867062e-02
1.065161457355571356e-02
1.125101087152412943e-02
1.171742959944352402e-02
1.248059707338989265e-02
1.206260875182373418e-02
1.150311019430773005e-02
1.131175273597503396e-02
1.145109412636192633e-02
1.138321855982214401e-02
1.145283902162310546e-02
1.301955802919641143e-02
1.423371851938973719e-02
1.500362233085529920e-02
1.527867646462497883e-02
1.587567045182197364e-02
1.655735787559336342e-02
1.798939826754376858e-02
1.663552251140824889e-02
1.538531528072832263e-02
1.484164665841681413e-02
1.520786445141746046e-02
1.525054540038072587e-02
1.499770531904581587e-02
1.492798579742937899e-02
1.477335091906483572e-02
1.467313221759881589e-02
1.405112084058770736e-02
1.331005742466845679e-02
1.255092729657524865e-02
1.284372076673627981e-02
1.276042827332011208e-02
1.255559291570084932e-02
1.183693268507059367e-02
1.085496279634880386e-02
1.061566142142569141e-02
1.049963562038331785e-02
9.636555802805367096e-03
8.688926405616224230e-03
7.708944084004900818e-03
7.659608160584353148e-03
6.794528692158338656e-03
6.844798775335958659e-03
6.732748672340577514e-03
6.841348925062832459e-03
beta3
1.768840191265257794e-02
1.790970299340784860e-02
1.711358716630433097e-02
1.927210858382204586e-02
2.011037008133059051e-02
2.030617294953672436e-02
2.064779237710954660e-02
2.143612993240188308e-02
2.210358400382512328e-02
2.027720796889407456e-02
1.846631651771225499e-02
1.678939826778982902e-02
1.576157557228537870e-02
1.525670630808426825e-02
1.467430172979004854e-02
1.343407047793089733e-02
1.264592476073849239e-02
1.207142407796745961e-02
1.175756985961382180e-02
1.282663505444488032e-02
1.370470201274010154e-02
1.478975601127619291e-02
1.391949875764584080e-02
1.304542680767312168e-02
1.301522905162795854e-02
1.305829226986012469e-02
1.284139059432857013e-02
1.277858071673072110e-02
1.244472600393013717e-02
1.189762804366805739e-02
1.127845858343324778e-02
1.014112448568834333e-02
9.183686976611711572e-03
8.063307510140897000e-03
7.017230522795740028e-03
6.683341616859763551e-03
6.258297344035917281e-03
5.275408066183359668e-03
5.242366542449922694e-03
6.269993464037356898e-03
6.169615576001383564e-03
6.131412994049414977e-03
5.856375460663121833e-03
5.255633646756055835e-03
4.473810031867395814e-03
5.333493515290940040e-03
5.991019468254981870e-03
6.731577408899444559e-03
7.276702123441421491e-03
6.742546606226601340e-03
5.670003693064151924e-03
6.338549141959626092e-03
6.777600026072833940e-03
6.112883094432485648e-03
5.478333292734218103e-03
4.792433067290829615e-03
4.085711408119665350e-03
3.904622796696443146e-03
3.601241209205831729e-03
2.730441690907448558e-03
2.951666630216365564e-03
2.912600217468940857e-03
2.992656836584189298e-03
3.065486916602646293e-03
3.313183872461092014e-03
3.687051243256850210e-03
4.106366921492994940e-03
4.578153198330625964e-03
5.023017845890960856e-03
5.346693739730218504e-03
5.893984625906269204e-03
5.630519723967261636e-03
5.687113635476179208e-03
5.502279361395145257e-03
5.279601342734721765e-03
4.141901150816032322e-03
3.588494529475674041e-03
3.357281441845669148e-03
3.083236033675764484e-03
2.580610275985380057e-03
1.933808326375493006e-03
1.752182772254844189e-03
2.008574991454694335e-03
2.187669574449916179e-03
2.319665648793975410e-03
beta4
-1.450676310722663552e-10
-1.853639793622932917e-10
-1.668188222892759725e-10
-5.197037647006690772e-10
-6.698072701025354727e-10
-1.201991922792584676e-09
-2.446120192429861294e-09
-1.968743841208600325e-09
-4.291329834602057982e-09
-3.772032052771223883e-09
-5.839905398776482550e-09
-6.617034577715325888e-09
-1.233029863476355014e-08
-1.516112410642111599e-08
-1.385446393429396537e-08
-8.493430044865548612e-09
-1.173672432881947640e-08
-1.537142220099397799e-08
-1.869821194119628065e-08
-3.065285962296522529e-08
-4.054051050001256321e-08
-3.228005238306280068e-08
-5.750276208430763674e-08
-7.192964913402115959e-08
-5.576233264530014600e-08
-4.683557389246081597e-08
-5.064201395100723939e-08
-4.321398753799155852e-08
-4.710874212504577231e-08
-3.579469200463891986e-08
-3.349935252915692142e-08
-3.293526894394906362e-08
-5.011534019509783819e-08
-3.919057415333768610e-08
-5.606715308095519463e-08
-3.713624944525738651e-08
-3.394376619326384243e-08
-5.756117967870523546e-08
-3.700486573434265772e-08
-2.564248120179496219e-08
-1.694335585650140141e-08
-1.974175896564928520e-08
-2.427169074990229053e-08
-3.227133766166068984e-08
-4.560857703150018499e-08
-3.123949663573590529e-08
-3.216035156105765135e-08
-4.042197177874013860e-08
-3.277595735345193780e-08
-2.063803904655520894e-08
-2.031822178902266965e-08
-2.609975149656908045e-08
-2.192086955340014459e-08
-3.571030797533359231e-08
-2.612002005867684230e-08
-7.748634560571860146e-09
-3.335111853662890009e-09
-5.370373105451734926e-09
-1.399180356216011904e-09
-8.363118049831142001e-10
-5.968535274120659541e-10
-1.409364620226721609e-09
-1.283123018761298089e-09
-6.479869758611421879e-10
-1.352499751869850621e-09
-3.236662790404866537e-09
-1.963505137840266821e-09
-2.850193120468050534e-09
-4.796094788587050781e-09
-3.692243864849413230e-09
-2.952469764800085674e-09
-6.943377263406648909e-09
-5.499978522551414496e-09
-5.159559746811022531e-09
-3.569287592842786090e-09
-1.685053714688316683e-09
-9.741561975267457914e-10
-8.481171238903332555e-10
-4.978179475251610254e-10
-1.872135373101501673e-10
-6.416866706016701230e-10
-1.115140174177627573e-10
-1.502150884591984933e-10
-3.671340094190855357e-11
-4.349677927302342078e-11
beta5
2.781238249342336050e-13
6.580997711826021958e-15
5.612409625442812759e-16
6.659066145483132118e-14
1.247268806926945159e-13
3.056202028938841066e-14
7.538592497794141024e-15
8.982531233573085732e-15
3.942932642582900716e-14
1.809146581568333134e-13
2.148390645362975199e-13
2.421413506320468764e-12
5.829599316104376235e-13
8.368919550994885010e-13
7.477981961350783527e-12
1.825007417585570218e-11
3.153317617650888947e-11
1.489238949658323685e-10
1.249578219638739695e-10
1.708524688081682149e-10
1.787092290013347949e-10
4.906245015538527782e-10
3.542992455052655486e-10
8.330027109099718725e-10
1.382413664002964751e-09
2.236067937049693294e-09
3.525679693057443420e-09
4.295798733646740627e-09
7.712612049070155248e-09
2.423829224050277848e-08
3.460239856968335319e-08
5.890110638539605348e-08
8.213108488883080350e-08
1.182219572569460558e-07
1.380179954899751490e-07
1.173506164911868885e-07
1.337470769332411524e-07
1.941101548294040858e-07
2.757813070352790562e-07
2.190545829270532525e-07
2.137569794707327134e-07
2.047065787253315040e-07
3.226047719445793649e-07
3.239021723559985504e-07
5.717685621514354774e-07
3.394917128476279823e-07
2.940843923340797411e-07
2.759166589741254220e-07
4.872176214738810963e-07
3.254982776320517961e-07
3.552610521890941471e-07
6.622135125826136990e-07
7.163434602098620728e-07
7.730434414182283219e-07
6.931914265039814404e-07
9.664988606229741768e-07
7.686294864406286132e-07
1.402041150200678479e-06
1.366086035857483841e-06
2.025211401919969116e-06
8.807639432247341096e-07
4.102149747964745127e-07
1.718663415991010084e-07
9.340363599848568731e-08
5.432015566239947726e-08
4.273052182399531549e-08
2.121700404092491164e-08
1.452531573806870376e-08
1.429151409502330141e-08
2.175329028638498550e-08
1.584946211468007549e-08
7.000225427662069167e-09
2.579349560585190470e-09
5.616197892734580536e-09
1.611285222323787506e-08
1.593993118941251866e-08
1.086190558046196376e-08
3.412801088708858226e-08
2.277639318662350138e-08
9.338429937944633900e-08
7.614444185413794735e-08
1.263545368647114048e-07
8.295151877617868005e-08
3.869473442542395011e-08
2.038378064695768213e-08
