1.437890310037622898e-04
2.211958893497447884e-03
2.882576253282987007e-03
2.899279547364439196e-03
7.666930255428362241e-04
5.608155962847461784e-04
3.475091788906396837e-04
7.583850619345602201e-04
3.216243017645745465e-04
-2.841656921703073803e-03
1.012464375358913739e-04
6.184129005815953420e-04
1.582133515270304179e-03
5.776280511875201036e-04
3.286081981557701487e-04
4.262791415541609193e-04
7.533820951057411310e-04
3.578949121567987987e-03
1.241320793344156612e-03
5.192233039714249342e-04
-5.796361176657167339e-05
-7.180880464159127257e-05
9.339481771706826217e-04
-3.826482842322619533e-05
6.201241407123823934e-04
5.105453573462044375e-04
1.087375647082948656e-03
7.481910920376897995e-04
1.005427589769438074e-03
4.059908109756830454e-03
1.580367978533651734e-03
1.426152544938204996e-03
1.378234968696126017e-03
1.761663060775226766e-03
2.178949353212677759e-03
3.237633029976760401e-03
3.779151702648890585e-03
8.124099939387150610e-03
1.293012390793865651e-02
1.212073233967067391e-02
8.640348742977504992e-03
5.610434000231689748e-03
4.512957014906030136e-03
5.309218384735811015e-03
5.267275409322194277e-03
7.794737698644729242e-03
1.016767838168801223e-02
9.497932804759754224e-03
9.641805998529744820e-03
1.123984506567682340e-02
8.464115675220275012e-03
1.059256319781773197e-02
7.091845382532635175e-03
6.468149805960150475e-03
1.083042394907606648e-02
2.045041265084143051e-02
1.468272777681794115e-02
7.961022021418715650e-03
5.866950917046160480e-03
4.739194357145206163e-03
4.437427536261662545e-03
3.394694734696438419e-03
3.124912443834503527e-03
2.836792994142610987e-03
2.833884812462330541e-03
2.330954419923503620e-03
2.521672506873318467e-03
7.068853037562163391e-04
8.832506746156444091e-04
7.473048896188382983e-04
1.206491095260543451e-03
1.006459993793088099e-03
1.361465257934309182e-03
2.658292562202915765e-03
2.549597653463644108e-03
1.592238269226841502e-03
1.179468299256694055e-04
8.907084826044929732e-04
7.290811795644416794e-04
1.890387683784862599e-04
-2.532105956608627940e-05
1.350191357012855791e-04
-3.586003363930324232e-05
1.531246336546311594e-04
-8.761358907296139817e-04
-9.945006259841036866e-04
-9.083972007029389928e-04
2.789509194715696062e-04
-1.144942028092892734e-03
-1.886116716796638068e-04
-5.361765244584679847e-05
-6.973112258656850339e-04
-7.309047658978748462e-04
1.674256522136257893e-04
2.224541489736930498e-04
-1.739933876713710783e-04
3.542801830042717330e-04
5.614610493379434226e-04
2.031157184798698873e-04
-3.996594536756370424e-06
4.239458670935570785e-05
-6.062256599530443111e-04
-6.160090271962831389e-04
-3.343333873668213711e-04
9.735783351286560357e-05
2.328486706325547150e-04
2.431257477376375282e-04
4.229818417948085635e-04
8.191147586593415031e-05
-6.213589211103735994e-05
6.828968799864931273e-05
-5.690205291355594211e-04
2.972716205035437226e-04
-1.237233935588773356e-04
-1.943591963949474651e-04
2.234747066110138233e-04
1.328250828289320707e-04
8.981498628386497003e-04
2.849792346881620947e-03
8.461401417306532551e-04
3.252212283649534076e-04
3.489435359156843846e-04
1.119125867156167603e-06
1.356359834217351842e-04
-1.307627070999031586e-04
1.748835604759126419e-04
1.578311407837618325e-04
4.909897717187178441e-04
2.255332951367586573e-04
2.776779327666060787e-04
1.566154674801463562e-03
4.412845520147097795e-04
4.306343889015043134e-04
4.850378898233420285e-04
7.712605245314630353e-04
5.752773072045455627e-04
7.630502435313033394e-04
9.374736767177205507e-06
-1.021252694467002784e-04
-1.687470890319185289e-03
5.918000392052417740e-04
6.968955855192358808e-05
-5.268646082794527160e-05
-1.265434727637371323e-04
-4.663530412408682766e-04
-2.637286042578426866e-03
-9.330436233707775683e-04
-1.567196495331925950e-03
-1.562990509173456648e-03
-1.445167663562238599e-03
-2.114099344094524501e-03
-1.319867743044881962e-02
-4.356550509265890575e-03
-3.264496661471136957e-03
-2.447085784023361309e-03
-9.123572027671964044e-04
-1.732518002818991517e-03
-1.074015339248009238e-03
-1.072641003647770500e-03
-2.335428839632732335e-03
-7.435672471572720701e-04
-1.102380190253734451e-03
-7.888204305286305139e-04
-6.129431423184073142e-03
-1.699552024285091523e-03
-1.866381370626242443e-03
-1.249690910358206702e-03
-2.356391412802634738e-03
-3.268969784852513317e-03
-1.515276462341215089e-03
-1.712300276628376822e-03
-2.191589165243716577e-03
-2.447968723835182350e-03
-1.396201097710012950e-03
-9.617370086328701868e-04
-1.457468770306883342e-03
-1.171039382093054483e-03
-1.260060933836998744e-03
-9.673901496879502328e-04
-7.228161068281864195e-04
-5.619822924934820586e-04
-1.245881207568812514e-03
-9.390358535308432906e-04
