beta2
8.617160559901514486e-03
8.684291849790918422e-03
8.667848027814551576e-03
8.613902639948347456e-03
8.811455139822029978e-03
8.938318865910514083e-03
9.211361621981715639e-03
9.404451621768852854e-03
9.262743476332204948e-03
9.076949356345091410e-03
9.144255193392753639e-03
9.332553798049172261e-03
9.781552795579425905e-03
1.018839624936418789e-02
1.056978202935274572e-02
1.090654709174293524e-02
1.079354775147147935e-02
1.085402255084550946e-02
1.077275305043434023e-02
1.072275467112169048e-02
1.087159342952750268e-02
1.109044122550600919e-02
1.123229223350124054e-02
1.139854069032687767e-02
1.155313288244180434e-02
1.173871141081082869e-02
1.155655010243927458e-02
1.145686766226943799e-02
1.126150586965786113e-02
1.104773565581288960e-02
1.064933300944795845e-02
1.090118029692778434e-02
1.097542121614505581e-02
1.083650485518018042e-02
1.098433373536363174e-02
1.084794792525433683e-02
1.080546584967497642e-02
1.060966928170899853e-02
1.043904312849353554e-02
1.041603874562321841e-02
1.041735395726960112e-02
1.041266647826873115e-02
1.052383190515543757e-02
1.060919666940510209e-02
1.073898203881185412e-02
1.085454490689200316e-02
1.092095115401695363e-02
1.104460304527108902e-02
1.116933008152240850e-02
1.122267104990678707e-02
1.112135084317475431e-02
1.144820854853078815e-02
1.175050310525299277e-02
1.200230978379672984e-02
1.213409468560927573e-02
1.234986534994234053e-02
1.268726161793136756e-02
1.317429343667979313e-02
1.325321189264012413e-02
1.331328500252389191e-02
1.342396941235783452e-02
1.345948605127511577e-02
1.334876346762348988e-02
1.288507124603270951e-02
1.254789514287088167e-02
1.228769370726703371e-02
1.207741787191928678e-02
1.225375896253882470e-02
1.217714054981692759e-02
1.202721965248550184e-02
1.211476355725512807e-02
1.214882348035779130e-02
1.220321727452304897e-02
1.203472192724535685e-02
1.202641074702134535e-02
1.196372549384852775e-02
1.199956509729451989e-02
1.139463252674621785e-02
1.053909040184023913e-02
9.718034065325897863e-03
9.579505794726522749e-03
9.511544034928421515e-03
9.557376766885309835e-03
9.691283364640573134e-03
9.582526766700044663e-03
9.511291223895098484e-03
9.459683966098187541e-03
9.673888459279470636e-03
9.758416170091880476e-03
9.810901045683185009e-03
9.983176315084031638e-03
9.980752306674930963e-03
9.821849996066191885e-03
9.705523368646636409e-03
9.557273201515639055e-03
9.636026712521016807e-03
9.650501484737689789e-03
9.748904324575868863e-03
9.784671539444938365e-03
9.909166247132478178e-03
9.918218911843849905e-03
9.991113007613169894e-03
9.956976950114628661e-03
9.962914619270913860e-03
9.900797622872945306e-03
9.715193823585221294e-03
9.760006988565869679e-03
9.701723221610412951e-03
9.794817272813621453e-03
9.866548692739191689e-03
1.006071083549220889e-02
1.007081830625518662e-02
9.900960118239349184e-03
9.783785533591885658e-03
9.973064780006776417e-03
1.022066486481658376e-02
1.042807653208300406e-02
1.046256522130613667e-02
1.042419419080704325e-02
1.025826876090691307e-02
1.012095004555537206e-02
9.979214920076067558e-03
9.801702835743043157e-03
9.672081083252449113e-03
9.820793347560228398e-03
9.974125437021318791e-03
1.007202493403414230e-02
9.982620751646281015e-03
1.001621268599793210e-02
1.029697608142420701e-02
1.052543771420519012e-02
1.072321957354364225e-02
1.075977859413975585e-02
1.085865310346858896e-02
1.104323727496566744e-02
1.115624843718613160e-02
1.102992224073100561e-02
1.099718155736067668e-02
1.118094517068655806e-02
1.140007697231756531e-02
1.172824352874871426e-02
1.185477561849131861e-02
1.186057912757790267e-02
1.187061375433484667e-02
1.195624471312790524e-02
1.167710563633644200e-02
1.143946652344719241e-02
1.105017927257011777e-02
1.066319025949932948e-02
1.062722745806368371e-02
1.053426384578083977e-02
1.041929563741554252e-02
1.095063014839945705e-02
1.094073631469448006e-02
1.057317086764967412e-02
1.023738498906749325e-02
1.003355555591800910e-02
1.026094297237631348e-02
1.038014958382147551e-02
1.048911530853717348e-02
1.024745006507466263e-02
1.001647915665877797e-02
1.013200485943135248e-02
1.043056820128837603e-02
1.035666091300649523e-02
1.021662847066387957e-02
1.033533851606706355e-02
1.051625848799933247e-02
1.034386171064037400e-02
1.006800173326031014e-02
9.763600169748611751e-03
9.490870739708060638e-03
9.288201592382007432e-03
beta3
1.073695896835240998e-02
1.087490104548167677e-02
1.080545157531081352e-02
1.055307633434587368e-02
1.064328742953557158e-02
1.102537095468792902e-02
1.150202113552202358e-02
1.188001148169130425e-02
1.237727391884666656e-02
1.300850177935260199e-02
1.331977577002103549e-02
1.334289434488798026e-02
1.319532541596222380e-02
1.268224932868815616e-02
1.215431708139829564e-02
1.202071382695966278e-02
1.138605668020439485e-02
1.090591481076513998e-02
1.050380164475896855e-02
1.020145832883856754e-02
9.985367275629580125e-03
9.744188688017777281e-03
9.676919470214949415e-03
9.721054608147334380e-03
9.579549825458808648e-03
9.470988815619491713e-03
9.398549414222938034e-03
9.348887169834840805e-03
9.133919837291309962e-03
9.074129417880851672e-03
8.645955658976498676e-03
8.534384037604779427e-03
8.450049904491750002e-03
8.489671656131307989e-03
8.569025428713725190e-03
8.785026999201389630e-03
8.974081933173887193e-03
8.807334271659375546e-03
8.558746270789695243e-03
8.580139068314064990e-03
8.587007170791367827e-03
8.627121037622162078e-03
8.512417138417476686e-03
8.366348865306650132e-03
8.179252666013813247e-03
8.000282889413758841e-03
7.882784894558665309e-03
7.737139254895168856e-03
7.558291486723714252e-03
6.900602632403244827e-03
6.604910667564595911e-03
6.654299522804980535e-03
6.736521965335060674e-03
6.652657417782599503e-03
6.506637309391927887e-03
6.361443566125132495e-03
6.215784960485790100e-03
6.259132234058143243e-03
6.212734903583897947e-03
5.984268810060951529e-03
5.966578755577656157e-03
5.942819883791485534e-03
5.907159646193404709e-03
5.965989458441149293e-03
6.310592742522391080e-03
6.569232989882606809e-03
6.916047287233132064e-03
7.153809498825476273e-03
7.210934536336366385e-03
7.075766865303458053e-03
6.959228390380245086e-03
6.712537973154934431e-03
6.530974542477904765e-03
6.282946541140732241e-03
6.110072289684305435e-03
6.051467857955466698e-03
6.153770007988461702e-03
6.535203058637180026e-03
6.705582163789616280e-03
6.873807249728906832e-03
6.819717274420298431e-03
6.720808192828690505e-03
6.735100865266994280e-03
6.681195186183563374e-03
6.787441937773449133e-03
6.892160705305991168e-03
7.007032794583679947e-03
7.187749737385640617e-03
7.288720590960160416e-03
7.289655636619181769e-03
7.645362998275403478e-03
7.816751678109960799e-03
8.007837765740984798e-03
8.182418108561382436e-03
8.353816933978951489e-03
8.372355072450675395e-03
8.342587307616534942e-03
8.171827877562560377e-03
8.202120582223509232e-03
8.237882394608096390e-03
8.399261397156026696e-03
8.595415702587788642e-03
8.746456882606341854e-03
8.771913165200654477e-03
8.646652626017967830e-03
8.463073810002488470e-03
8.736907838327166720e-03
8.882097894469875160e-03
9.177889038884431971e-03
9.520180700708816973e-03
9.903911000671205764e-03
1.002816064409151400e-02
1.002981162927276890e-02
9.757493624417983361e-03
9.884003710640378720e-03
1.004762254916656897e-02
1.028946879191755190e-02
1.034754154398595874e-02
1.044317006469049763e-02
1.047774670946709230e-02
1.034808126587268007e-02
1.033146695008837872e-02
1.031872613693633756e-02
1.022517294834469730e-02
1.052360359196270224e-02
1.084806248668827335e-02
1.063564785196734370e-02
1.034524661619115431e-02
1.000678256020834725e-02
9.821349538809087676e-03
9.689193017255027726e-03
9.628874022533064764e-03
9.537903168687186101e-03
9.372967246075135372e-03
9.172790509903926484e-03
9.043564184467608319e-03
8.901558514835551314e-03
8.706005013439757287e-03
8.793187592912112688e-03
8.845623218858265219e-03
8.816316741340403385e-03
8.782323389915490386e-03
8.626748977746841879e-03
8.469691935374813740e-03
8.307670556446104110e-03
8.060644801804704718e-03
7.792757555162901743e-03
7.636987577947347561e-03
7.489307784480344135e-03
7.251034548792394292e-03
7.480746017099664490e-03
7.836842815173331728e-03
8.101808162681186504e-03
8.306195306699650643e-03
8.172882938718272622e-03
8.032333203500845523e-03
8.020894486657086792e-03
8.025178832274201812e-03
7.989950708116328598e-03
7.932871214076641156e-03
8.054845198645155593e-03
8.362174198644319739e-03
8.846299446763638413e-03
9.315637470129280867e-03
9.491787777485286015e-03
9.485468347040070664e-03
9.260265110459152404e-03
9.044687997991629480e-03
8.883760844296968370e-03
8.719652437594652833e-03
8.512479261108173156e-03
8.291360174069846434e-03
8.140224976842287338e-03
beta4
-7.459883659250018343e-04
-7.218151609891215563e-04
-6.912126042402204351e-04
-6.559852464194993772e-04
-7.447026311598730361e-04
-8.198955917211310333e-04
-1.087119796206629380e-03
-1.387674894349564007e-03
-1.261015582455339481e-03
-1.255775752314184680e-03
-1.314411010351373543e-03
-1.613583382092012575e-03
-2.245449677426411897e-03
-2.138669917714657899e-03
-1.991552344648604093e-03
-2.041813809647722092e-03
-1.593685940694305071e-03
-1.145735815227627314e-03
-9.211045933139314686e-04
-6.025018202596601861e-04
-4.033732267352708057e-04
-2.836548776908404080e-04
-1.429805953718283251e-04
-1.033499790159958249e-04
-1.185760837415836928e-04
-1.208081474639942485e-04
-1.413840803771542192e-04
-1.648282991863629957e-04
-1.148079668338406492e-04
-6.768419809675176859e-05
-3.965673161764433707e-05
-8.874497425823900084e-05
-1.409287095699540259e-04
-1.037275418910828056e-04
-1.695213610335490908e-04
-8.692992406265115271e-05
-1.387274474956422146e-04
-1.583983875371241059e-04
-2.206508111296308524e-04
-2.193716022937705189e-04
-2.291288680763024831e-04
-1.919867755258275314e-04
-2.003993398299957714e-04
-1.846648469171767080e-04
-1.895200613388973282e-04
-1.659597638077846813e-04
-1.543669456401389672e-04
-1.360859348128023170e-04
-1.307323128494815583e-04
-8.579909306309563743e-06
-9.436609191662517285e-08
-3.600547716887245371e-05
-1.707127377227809768e-04
-2.674708163919937878e-04
-1.699134963820873141e-04
-8.858208704594114726e-05
-1.003538033822218517e-04
-3.552597052872242069e-04
-1.334900219824773594e-04
-3.432104637898100935e-04
-8.249855081966935792e-04
-1.067058648418241912e-03
-1.406142084412356427e-03
-1.425632683875852893e-03
-1.187958010270712041e-03
-8.502625458572340457e-04
-8.990964801842917962e-04
-1.251539388327667195e-03
-1.651467288482224649e-03
-1.523094541433307920e-03
-1.522866773749940094e-03
-1.505192529290626333e-03
-1.613595117191386590e-03
-1.287200372784961383e-03
-9.630296452518478413e-04
-6.608203032758826027e-04
-6.002931038805620371e-04
-3.811872145315970306e-04
-2.898656961549916618e-04
-1.903486872099151002e-04
-1.674517157537598296e-04
-1.622363652900344233e-04
-1.439169665370127610e-04
-1.357500859236209401e-04
-1.781876433114235069e-04
-1.535286482344965149e-04
-1.935196371731280770e-04
-2.117088956826024271e-04
-2.592328668181078256e-04
-3.115098809454521270e-04
-3.954951323273967010e-04
-5.732423553390908998e-04
-7.092912660081715677e-04
-9.180070577493396880e-04
-1.148347988194374936e-03
-1.165608552465946740e-03
-1.315097006741482253e-03
-1.457904487185177501e-03
-1.621991024602925744e-03
-1.701462332301689577e-03
-1.813164362097328172e-03
-1.846473730797676231e-03
-1.778406168770068187e-03
-1.593904980219545877e-03
-1.500536943430530543e-03
-1.383570557846179388e-03
-1.080355798178608568e-03
-7.762289877090019444e-04
-7.058237627428146088e-04
-5.589186272976565725e-04
-5.610526352421698823e-04
-5.282303259151504204e-04
-4.607725333520452807e-04
-4.576755275002895949e-04
-3.984325935843158108e-04
-5.131476397965358850e-04
-6.608270510411480949e-04
-9.402452736902369582e-04
-1.102069274057228092e-03
-1.316137506226912595e-03
-1.460820282400522932e-03
-1.591690149239160298e-03
-1.680137081806679653e-03
-1.801088288502372117e-03
-2.352242786434795806e-03
-3.293374753499200489e-03
-3.503964421465138000e-03
-3.289303042253532636e-03
-3.243418663031133551e-03
-3.156799592932964076e-03
-3.192948140103636298e-03
-3.533467885177108900e-03
-3.858411440347144991e-03
-4.310275456223200408e-03
-4.705114281555426367e-03
-5.099744559881670344e-03
-5.556931497622137270e-03
-5.800201977867885245e-03
-5.296530110126301122e-03
-5.584849532068851020e-03
-5.834832308831357055e-03
-5.254470407957454944e-03
-5.071588741328581125e-03
-4.852793120345940889e-03
-4.844651927403896899e-03
-4.909449646530054077e-03
-4.982913786841083881e-03
-5.030122181053775857e-03
-5.188132780276697234e-03
-5.403376680550442054e-03
-4.261153065134166452e-03
-2.977063667405019549e-03
-2.898864151249575926e-03
-2.965008511236228578e-03
-3.870637908067761299e-03
-4.781255539427176418e-03
-5.254130129046021350e-03
-4.660981451909336146e-03
-4.224477342498393281e-03
-3.944557992459509985e-03
-3.889776667729185483e-03
-4.247024101158132503e-03
-3.997585730711676610e-03
-2.935831440949192381e-03
-2.548087516691533404e-03
-2.476892941961437306e-03
-2.332979036028907938e-03
-2.247840055278713545e-03
-2.012293230310471283e-03
-1.996790470145961248e-03
-2.077650155219389755e-03
-2.247863083168097961e-03
-2.352992095836514003e-03
beta5
3.270126800973341543e-05
3.568019136679554223e-05
5.072280449778606315e-05
5.514570330590421192e-05
8.393405138293650669e-05
1.112847227575141436e-04
1.338528833164450045e-04
1.965663515499494851e-04
2.518731296556867461e-04
2.354221611849288448e-04
2.231211291323537160e-04
1.774285480046402109e-04
2.368772806962108246e-04
2.203098769562775823e-04
1.897826160253277472e-04
1.496659247414741482e-04
1.765583549291993115e-04
2.141210192875914946e-04
2.557096940332513483e-04
2.594255618948457329e-04
2.974657392149615532e-04
3.699885811314966794e-04
4.465117121197211231e-04
4.851981391271906153e-04
5.299451144760351871e-04
6.285762472527744006e-04
6.610699477939323363e-04
7.680366319903371691e-04
8.740261419131442914e-04
8.141188891866873480e-04
9.194839308600815265e-04
1.016336544952587025e-03
1.151082356180021561e-03
1.473770400014120466e-03
1.959355529414003386e-03
1.649150020566896762e-03
1.788764235655161596e-03
1.935777702287829740e-03
2.190048917664845149e-03
1.873017623436937749e-03
1.715983981833380575e-03
1.592888774177742949e-03
1.469402411741918199e-03
1.476043410979569837e-03
1.332275086356170864e-03
1.285183147131056542e-03
1.237454432363096525e-03
1.174587062085633016e-03
1.153290042197892924e-03
8.598566382376372080e-04
6.687312286836407001e-04
8.173116391777866894e-04
9.378523466860726231e-04
1.023115488370300585e-03
1.070523779863498306e-03
1.113040207244279933e-03
1.159212722196459929e-03
1.442264485627063261e-03
1.688256397093529241e-03
1.582244531710301234e-03
9.252814986415555838e-04
6.099412505626957207e-04
3.645920527829785715e-04
2.873731278248253785e-04
2.941722056382483339e-04
3.299656296731911815e-04
2.516788716143813901e-04
1.295782573123038274e-04
6.705916365900500462e-05
7.128579142607520749e-05
4.705922775080132288e-05
3.820426468222674719e-05
1.740135598906769685e-05
2.459866170456290893e-05
2.813290876316189103e-05
3.382203121899462280e-05
4.310589682530432867e-05
7.915201960123612469e-05
1.622905170705409180e-04
2.830873509732983388e-04
2.444558430901631971e-04
2.641983213403827904e-04
2.066584627345486756e-04
1.819497919876377867e-04
1.996415069771277271e-04
1.821480910302811370e-04
1.897638529707849518e-04
1.822638670503283443e-04
2.203614954298334697e-04
2.247761253141348733e-04
2.310311772007767614e-04
2.485893281757959065e-04
2.773746469000573840e-04
3.300305096550655830e-04
3.701465607975384150e-04
3.558879951848635970e-04
2.881188336148510524e-04
2.937685683665212976e-04
2.526096015719857951e-04
2.748011891954744729e-04
2.614093496740830819e-04
2.669769771358390252e-04
2.619921771249987042e-04
2.368495148757856919e-04
1.825245796822521130e-04
1.777097400140941808e-04
2.037792732024735175e-04
2.756722516365104833e-04
2.922795198692685627e-04
3.416101099190708111e-04
3.845661878556270270e-04
4.292332967260743229e-04
4.785600142885130799e-04
4.928329116690049506e-04
5.498394418805615386e-04
5.807969496515938673e-04
4.807326969958641187e-04
3.778728365924706629e-04
2.683648217987141425e-04
1.905812861563434637e-04
1.309258091859353233e-04
9.564959921236546839e-05
6.428426639422239221e-05
4.559530296770523093e-05
4.648131182227471808e-05
4.563428181174871833e-05
2.813531488557116395e-05
4.356069456162126692e-05
3.591534315188349283e-05
3.607866510844190292e-05
4.386320444457747492e-05
3.969162661164805694e-05
2.777087781939080200e-05
3.378681822624999718e-05
4.716340872608042862e-05
5.855055490745824038e-05
6.297299774964620163e-05
7.608018230362363003e-05
7.945629004772679599e-05
8.214786232551279249e-05
1.263083342695485076e-04
7.398827955509139386e-05
6.268749762811153328e-05
2.066575717665374942e-05
3.533161603749299803e-06
1.152748436756858262e-05
1.568177553002457952e-05
2.627673123412732338e-05
5.554840355871378064e-05
4.143363298478389280e-05
1.356906046789973712e-05
1.121759785984982978e-06
1.434519930124419983e-09
-2.211767776146353389e-10
-7.381578982186392697e-10
-1.012575154686513787e-08
-3.881414973010414395e-09
-2.064215081212872391e-07
-2.486309337425091225e-06
-4.980819879977465466e-06
-8.748455935496462210e-07
-1.249504788208788891e-10
2.500862047685153918e-12
-2.092603070143232649e-11
8.442764188720831732e-10
3.807440896502011944e-07
1.089497595462425957e-05
4.915471975808617075e-05
1.794453855862464042e-05
1.130777003721827702e-05
6.449794385605496338e-06
1.585166680030249796e-06
2.996622827983848819e-06
