beta2
1.047460634219016598e-02
1.045012925267101503e-02
1.061352837619150211e-02
1.067075801530231564e-02
1.077910195350264416e-02
1.103501433451666708e-02
1.082346056534325140e-02
1.054688031487864726e-02
1.019892728645415553e-02
9.837319852241050919e-03
9.485895154687232905e-03
9.157592047922784653e-03
9.464564182210432469e-03
9.798371769506403206e-03
9.971665944230045930e-03
9.981862912043107036e-03
9.887498897660593200e-03
9.946692698987222303e-03
9.298634616371509454e-03
8.841591093907686522e-03
8.826036815179835737e-03
9.002598509906596658e-03
9.190789792307571537e-03
9.447445038139955231e-03
9.611252525820568327e-03
9.642205933856957956e-03
9.747283225960924266e-03
9.864543160263094385e-03
1.003238049992709324e-02
1.000976916065545938e-02
9.987011067193497793e-03
9.466538922860340266e-03
9.687863480771486541e-03
9.855431406028901040e-03
1.013828562057277408e-02
1.013289074953399593e-02
1.008023082043147875e-02
1.012216158702803834e-02
9.884539657881084157e-03
1.000987016271791957e-02
1.024123863609135640e-02
1.025068631758393155e-02
1.017187264466081278e-02
1.001861728524913384e-02
9.869581265523145672e-03
1.001504242024566296e-02
1.004105425938539922e-02
1.028355439063622853e-02
1.074499264547545789e-02
1.118405720503773230e-02
1.123483549282658367e-02
1.158954348483069545e-02
1.169472910353598800e-02
1.161985318427260355e-02
1.174776340212012327e-02
1.222286153066459366e-02
1.220505508899135186e-02
1.190682028457051324e-02
1.229140266064021950e-02
1.263444686282647403e-02
1.291155726476731457e-02
1.292144211139931512e-02
1.302936851295404333e-02
1.268114247003320622e-02
1.254975313398446445e-02
1.228191898718138282e-02
1.199431563357351849e-02
1.178318757789053976e-02
1.213990866147040756e-02
1.244127658565935719e-02
1.219467761816580946e-02
1.220510900698733650e-02
1.217903221081623882e-02
1.202809194841835544e-02
1.216007213025906315e-02
1.211482164064268258e-02
1.222131214031315673e-02
1.183713032956516462e-02
1.119600348344827398e-02
1.051749090895845104e-02
1.024739355407336752e-02
1.007734084776916277e-02
1.032747984720100778e-02
1.012270218162580546e-02
9.871461731878038853e-03
9.901519053906952805e-03
9.878350917917784468e-03
9.704389793148887611e-03
9.740669197454691897e-03
9.770513230907496016e-03
9.942331705537391096e-03
9.844901983071720902e-03
9.556054036005021471e-03
9.541306913604667012e-03
9.398477762723532469e-03
9.507002492660194398e-03
9.692572088947300907e-03
9.958487544041789291e-03
1.035841524893894861e-02
1.066465148949017130e-02
1.070744287498190395e-02
1.084124695511755332e-02
1.077965234261546272e-02
1.073668828407323486e-02
1.071156134723569471e-02
1.059479647355664189e-02
1.045412911510271159e-02
9.986994409604578460e-03
9.772441566354348602e-03
beta3
-1.280870007281847623e-17
-1.484748804038334316e-15
-9.850275388494668833e-16
-8.757774048417023169e-17
-1.534695161589091617e-15
-4.853274980699516062e-15
-8.571995040508255747e-15
-1.743182092251820489e-15
-8.373335437217494051e-15
-6.533152603039270041e-15
-6.746228240525883367e-15
-6.640542619301263244e-15
-2.133213222178293627e-14
-3.600741789775938619e-14
-2.471382993897367223e-13
-2.932865136749568332e-14
-5.872292424329369477e-14
-1.216398968810897570e-14
-2.566510116509601725e-14
-3.181662814057090968e-14
-4.671116325839086572e-13
-5.786835100146354026e-13
-1.054896872989787222e-12
-1.936009746212492854e-12
-6.413095539258201529e-13
-4.206756821786615290e-12
-9.303976495271017024e-13
-3.107562529333823374e-12
-1.499435987675075954e-12
-4.449995367331311310e-13
-2.341339833719424431e-14
-4.837714448088870330e-15
-1.309371963664719806e-13
-2.740220709658722259e-13
-6.476403731019045037e-13
-8.526369113430646893e-12
-1.244264345408580406e-11
-7.236514479928560989e-12
-4.336156649729549965e-12
-6.478856229764497284e-13
-5.972423165769948782e-14
-2.127234186662093336e-14
-1.771431472448913175e-15
-1.958009819289437062e-16
-4.390858527679097570e-17
-2.744008274138479268e-17
-6.664543705159955840e-17
-2.001757084938941025e-16
-1.512097130744673743e-17
-7.308623888658826923e-15
-6.255758039804668642e-14
-2.324292468712008751e-15
-1.096890690643065122e-16
-6.582151833287105632e-16
-4.959449524727449782e-16
-6.899381928723046352e-16
-3.638713143876726503e-15
-7.536478252952797308e-14
-1.343170360409102818e-13
-7.777941946900589172e-13
-1.444742739798491419e-11
-1.895933580658270601e-11
-1.294761011312483727e-11
-2.076865252706402740e-10
-2.863163211975404388e-10
-1.797192244521123323e-10
-8.436442858674763599e-10
-1.066566352773314541e-09
-1.440583111456018205e-09
-3.954610267479110854e-09
-4.969702434530812096e-09
-3.994413932207061798e-09
-4.346863410114945134e-09
-3.558612030205304288e-09
-1.970156160186068079e-09
-1.439726156071549913e-09
-1.058867000779554820e-09
-7.537399379185852420e-10
-8.299620104513043198e-10
-3.791293464595152552e-10
-1.084891034779175991e-09
-1.083890203090989621e-09
-5.058742254674054714e-10
-2.014745643488427451e-10
-3.203769672976662911e-11
-3.028979548555077783e-11
-2.461131973285799411e-11
-2.167502634138292624e-11
-6.977363419258005039e-12
-5.773640812402210619e-13
-4.450074332061141452e-15
-1.057833633867029892e-15
-3.258840207669955650e-17
-1.915662882144832437e-17
-5.046254628979579735e-18
-8.858948285202432410e-18
-8.679945383920256085e-18
-9.408863215846760432e-19
-2.365146192104136907e-19
-8.464659724152905148e-19
1.652068480338410888e-20
2.815677798653945421e-27
7.899534744961757889e-21
4.477727330020295551e-53
4.775244170223540679e-23
1.594248451724784819e-28
-1.700470515335247273e-42
1.906043853122728147e-26
-1.719749136243819184e-20
beta4
-8.443015007211225435e-04
-7.791194810426831097e-04
-7.353332172584619957e-04
-4.653982319666595362e-04
-3.549942232620008158e-04
-3.858612700185172408e-04
-2.337127733825829245e-04
-1.361562417266337069e-04
-2.035692721091907320e-05
-1.020910142274031154e-05
-1.757735082672947470e-06
-1.008168103822123221e-10
-1.861193614302592660e-07
-3.774948805688037204e-05
-8.926141992918529473e-05
-1.233685278780812552e-04
-1.326142507445562230e-04
-1.724696107802059443e-04
-1.945335179333822337e-04
-2.133641153929446152e-04
-2.781919573592118783e-04
-4.368148902753760934e-04
-6.879685963529953707e-04
-8.128269579187033436e-04
-7.937086625910999994e-04
-7.405508049551548077e-04
-6.332397556187824555e-04
-5.876106978624605478e-04
-6.395998224027921609e-04
-5.666907778660657327e-04
-5.438112663148338480e-04
-3.653982148026480676e-04
-5.067820335363927391e-04
-6.845606054475437355e-04
-9.720920772248875389e-04
-1.074026786842937654e-03
-1.026705649537789592e-03
-1.214281383329131239e-03
-1.047248916203739368e-03
-7.946268514410666228e-04
-7.479641987580116190e-04
-4.900349227501437418e-04
-3.454917123970842113e-04
-2.551325289250192712e-04
-1.738930749224926317e-04
-1.917190433020854131e-04
-3.648554906652067096e-05
-4.401494281271974343e-05
-4.031961181875322369e-05
-5.954406157641009020e-07
-3.300597073363194677e-06
-9.644499471583061942e-05
-1.748419251803779622e-04
-8.618490655512290851e-05
-3.165528911123576786e-04
-7.106582426762853965e-04
-7.124904720153807510e-04
-3.273812204052475080e-04
-4.589774578551740285e-04
-9.062706179228388007e-04
-1.335944127493929627e-03
-1.522911985161534004e-03
-1.811267664248338710e-03
-1.919971186936183464e-03
-1.851534184717916042e-03
-1.889015196323095766e-03
-1.845407991950226683e-03
-1.935860218749823562e-03
-2.230346593861051285e-03
-2.247853974976243147e-03
-2.343952285777135304e-03
-2.444123963016444669e-03
-2.340453214886228754e-03
-2.026371093611324756e-03
-1.763701961729450315e-03
-1.329304587196832727e-03
-1.197461800685795585e-03
-8.546408149604587529e-04
-7.499406013026225408e-04
-8.261566286750943872e-04
-9.753871659094091266e-04
-1.182619611455690105e-03
-1.600832534645577326e-03
-1.577120803434955282e-03
-1.661258849789552404e-03
-1.531754380592244540e-03
-1.367371663285198071e-03
-1.256244959264913490e-03
-1.162207369079310037e-03
-1.022915837448115303e-03
-1.028089301944009335e-03
-1.279617623869752771e-03
-1.353488083544196648e-03
-1.491303541383652131e-03
-1.760812692212569870e-03
-1.798027747632637008e-03
-1.704787199178945181e-03
-1.665697740951454543e-03
-1.636290422700620913e-03
-1.866751925496804021e-03
-2.103429514458751183e-03
-2.250644609612191885e-03
-2.178655474508954092e-03
-1.817185742946848814e-03
-1.594692202024380716e-03
-1.373774300316509423e-03
-1.175368048089309864e-03
-1.034980067478979016e-03
-1.155353216846570453e-03
beta5
5.593016197587910576e-04
6.262971503467240544e-04
6.126861956367124322e-04
6.037741491704478681e-04
6.449664671013417274e-04
6.209814696215394062e-04
6.050859813021648497e-04
6.036170700255380798e-04
5.590045807329853443e-04
5.123589322806000254e-04
4.301388784790115337e-04
3.557543718912384084e-04
4.111800531929412392e-04
4.639714388415881567e-04
5.752111383703656811e-04
5.652884050357563986e-04
6.077649856040170245e-04
7.519325556653089822e-04
6.474120349846945992e-04
6.220914853540157304e-04
7.196392865907756328e-04
7.837194875279164703e-04
8.694609149424872927e-04
1.106414022966233524e-03
1.329041833292906238e-03
1.606931275031675196e-03
1.942461564994400151e-03
2.425568976713764029e-03
2.950362009320056655e-03
2.710839287717281467e-03
2.660052597964970063e-03
2.810770599836884785e-03
2.859886779981623411e-03
3.044303264663378826e-03
3.242738255649436734e-03
2.919273530497424208e-03
2.620120927745226216e-03
2.424634604319761931e-03
2.395907721629042184e-03
1.812771131550788839e-03
1.503187521252709845e-03
1.067034087192363263e-03
7.138823903393173940e-04
5.524031119159795522e-04
4.002957352114006051e-04
4.039301083303845834e-04
2.686476496836775205e-04
3.117472766194849358e-04
3.362354021291146704e-04
2.315339063022972012e-04
2.841395104742454325e-04
4.668027333286229718e-04
5.103365618905520047e-04
3.244200718558770571e-04
2.377765301890704980e-04
1.685442148465515376e-04
1.596367714647851487e-04
4.145651228494481562e-05
5.882847580117260742e-06
-7.469423656883018565e-05
-1.414883992354310080e-04
-1.719654231666697800e-04
-2.407111791132732106e-04
-2.340072920925531587e-04
-2.159681523754804276e-04
-2.149304079118286134e-04
-1.788403335578358003e-04
-1.428993793387066749e-04
-2.719572177213241222e-04
-3.165858717055212209e-04
-3.062062944711272804e-04
-3.079189117031041947e-04
-2.643252537766265994e-04
-1.299964230699954932e-04
-1.030584252143196077e-04
-1.940545353345835564e-05
-4.847681280189078049e-09
9.933182999128438873e-06
1.170245487913484071e-04
2.710808706233873888e-04
3.402024100263344522e-04
4.627352948279005174e-04
2.234754455207624236e-04
2.681615593950402139e-04
3.178197471775660215e-04
3.613603262913472089e-04
3.792009219010016117e-04
4.856548096493789766e-04
4.889271117857799630e-04
4.904744067094728155e-04
5.130283254452795661e-04
5.445345158184666627e-04
5.942789430637717731e-04
7.260735958309286892e-04
8.360152721692273251e-04
8.408208285851364195e-04
8.789627744717103466e-04
9.588200073419486484e-04
1.090610869021636439e-03
1.012345927173201928e-03
8.713811368708146605e-04
8.458871712344439697e-04
7.275208623794489392e-04
5.624626706433291830e-04
4.384737042561756082e-04
3.716257778045256414e-04
3.128342617830529243e-04
2.763677025262108351e-04
1.966019869952905072e-04
