3.146486545853943630e-03
3.370764412931521493e-03
3.317861029382529903e-03
3.144684196143665567e-03
2.993665712389082141e-03
2.865825844729255958e-03
2.802622523601671842e-03
2.650316810651379140e-03
2.696740254803833402e-03
2.890331969318316041e-03
3.098813985474679466e-03
3.259009299408518589e-03
3.231833083153938090e-03
3.229801755136917866e-03
2.868531544531002439e-03
2.409839341886504342e-03
1.940572936482281912e-03
1.549809940567253288e-03
1.208250923447587834e-03
8.225384109933068155e-04
5.692573858223960465e-04
3.865855460610972179e-04
3.115889376817648749e-04
2.801963397516480108e-04
3.816363328406759494e-04
6.892752252570687925e-04
1.295047441600921320e-03
1.795785200510251894e-03
2.416151302002725407e-03
3.191189040039307898e-03
4.141384135706615774e-03
5.146266849877105358e-03
5.934997006627509321e-03
6.727090956018240940e-03
7.576783381947064383e-03
8.539568354378768503e-03
9.523156980537451216e-03
1.075143427744655773e-02
1.202962119535463080e-02
1.330873492564774684e-02
1.438390356921623314e-02
1.518496392741276561e-02
1.557882066064256339e-02
1.538077405272998688e-02
1.531837792194674919e-02
1.553477792550271401e-02
1.585168304451672547e-02
1.666487557561859012e-02
1.786633816370205088e-02
1.893817531727506193e-02
1.943625944618782020e-02
1.933106764730559840e-02
1.879442272976304326e-02
1.768501622519589103e-02
1.618102672777697523e-02
1.485549107438387251e-02
1.405468124430514498e-02
1.336215150854177212e-02
1.290473815593943911e-02
1.213794030459061125e-02
1.136050387227332918e-02
1.062436337990028262e-02
9.452459977902538321e-03
8.276638489415561253e-03
6.961882505870043737e-03
5.997938110118952552e-03
5.089675203800491342e-03
4.014900277434944008e-03
3.189149798911563704e-03
2.513856594510082299e-03
1.954942258797380539e-03
1.348729243615926594e-03
8.809059519486302442e-04
6.017978831521122573e-04
4.061468972690151884e-04
2.752128974920851467e-04
8.287047623951545889e-05
-5.183282380688935799e-05
-2.946727382609780669e-04
-5.764699120867255088e-04
-8.990740940993630992e-04
-1.074106356489537345e-03
-1.106090214434023384e-03
-1.148445923085914455e-03
-1.219675423610774639e-03
-1.279802316862004106e-03
-1.373759876950017165e-03
-1.520242999559773267e-03
-1.742330228686196766e-03
-1.895850772733851221e-03
-1.926388207638704423e-03
-1.979293077965108786e-03
-1.988505093997409903e-03
-2.000150598793918114e-03
-1.899358304125620166e-03
-1.836650018416669666e-03
-1.847851259664088155e-03
-1.821062174126291322e-03
-1.819415118706172937e-03
-1.849201761014052092e-03
-1.980461486224548671e-03
-2.300628924687804500e-03
-2.636980356917098881e-03
-3.066838763593909140e-03
-3.500576244260155106e-03
-3.906321375020417423e-03
-4.367282944714151634e-03
-4.533779999628683582e-03
-4.476754085100114779e-03
-4.223717450306589856e-03
-3.754623939876597458e-03
-3.194423716857600678e-03
-2.408852811475542966e-03
-1.653969492194337296e-03
-9.590901255483083023e-04
-3.593384688533288358e-04
4.670821398844253979e-05
4.022456624222426236e-04
7.392856728013038259e-04
9.747590533496678462e-04
1.103455223151239605e-03
1.272110311693333377e-03
1.452486819987288584e-03
1.521424514985381116e-03
1.390830086770407934e-03
1.271471093325614960e-03
1.202975043911888456e-03
1.117156227093421333e-03
1.033404557133864787e-03
1.069152958109390950e-03
1.207932463973529838e-03
1.258615419196859120e-03
1.257052224425949218e-03
1.216990552186861816e-03
1.216889777435035047e-03
1.098955504598506409e-03
9.701827077895087406e-04
8.509655275601335674e-04
7.116537968566274746e-04
5.933543889654564535e-04
4.039993022001837062e-04
3.157830137965548091e-04
2.250442619497564371e-04
1.963693816830162778e-04
1.961229372230983547e-04
1.731688168440805953e-04
1.085031016760278549e-04
-4.046587205905290602e-05
-2.471520505157766149e-04
-4.779915684754336490e-04
-6.603821791936679815e-04
-7.894344523508332141e-04
-8.654955720574887068e-04
-8.800569356324461313e-04
-8.430434129372542948e-04
-7.576161302272655133e-04
-6.499359608299850504e-04
-5.635668670902149952e-04
-4.720610500117421626e-04
-3.812436555824285354e-04
-3.159345963854850244e-04
-2.990196723900641232e-04
-3.968618887009738483e-04
-5.244360239436244046e-04
-7.137692484645132354e-04
-9.826385093721901314e-04
-1.150188323960658118e-03
-1.318011025117009393e-03
-1.465216260249008412e-03
-1.652588493907206774e-03
-1.760807043379202875e-03
-1.778800337339663451e-03
-1.737178353774260350e-03
-1.627156588322187453e-03
-1.510749900298927889e-03
-1.358980774858797869e-03
-1.202748902219907736e-03
-1.034079926709473947e-03
-1.034908945703546688e-03
-1.111987192209015025e-03
-1.365396114316402539e-03
-1.661392897595474543e-03
-2.167449767500300405e-03
-2.783494111119262735e-03
-3.218110755207567644e-03
-3.582171832216544689e-03
-3.731576802930687553e-03
-3.763008011000511244e-03
-3.527352364123895190e-03
-3.202600250710769311e-03
-3.045323591775639296e-03
-3.055795688938961908e-03
-3.164065127457882116e-03
-3.323343086833723675e-03
-3.359669303991379835e-03
-3.419183115059740066e-03
-3.341803486378676011e-03
-3.053997042157358902e-03
-2.701182799083338016e-03
-2.321589027967454946e-03
-2.071592202067559872e-03
-1.866331656481028979e-03
-1.856655054257259733e-03
-1.832766490454717416e-03
-1.922410549782636998e-03
-2.149983801545723733e-03
-2.394394412994453082e-03
-2.643157254277795579e-03
-2.812910203697515515e-03
-3.060498569676127056e-03
-3.065701791551274716e-03
-2.922801278179246176e-03
-2.915627025681478274e-03
-2.896061574584764872e-03
-2.892609914446149424e-03
-2.880825886420723334e-03
-2.821910258621015185e-03
-2.748880617251059713e-03
-2.627347730542393001e-03
-2.500754996519052604e-03
-2.301288136861344164e-03
-2.112909782322546642e-03
-2.072428111504142582e-03
-2.088745749248803549e-03
-2.176676026760006755e-03
-2.140169698459322423e-03
-2.091288766116457774e-03
-2.045564410532192158e-03
-2.038929388926154825e-03
-2.000513430884033085e-03
-1.850134352838834996e-03
-1.834757702621972117e-03
-1.917188806167148670e-03
-2.030852573014879561e-03
-2.163126760033469778e-03
-2.314903504641993223e-03
-2.402678903744666448e-03
-2.347797395596466601e-03
-2.272868323770646515e-03
