3.530540873981060030e-04
6.117042313767567536e-04
7.866192553866047793e-04
6.545004464405168500e-04
1.478560545497345502e-03
2.295310468214947774e-03
2.779022754732643052e-03
2.428786132252235691e-03
2.076068348322117167e-03
1.699575410165693988e-03
2.198520370141308911e-03
2.359953168787898292e-03
1.990052573278850573e-03
2.161137183002057992e-03
1.656039418135603607e-03
1.789184723963092470e-03
1.928238642529794215e-03
8.631593996080428981e-04
7.421363388013567722e-04
6.606621042601250673e-04
5.104112555113900435e-04
2.742036214121201017e-04
2.917141817789486568e-04
2.754298587719199447e-04
2.590781593966833408e-04
3.391929551315635630e-04
4.347238776947818487e-04
3.548708766829782426e-04
2.645682756531646468e-04
2.122594917216563551e-04
1.886221732316123749e-04
2.504927258603177609e-04
4.084122768326242940e-04
5.016066145692270328e-04
6.184347209965738133e-04
7.489586979007878138e-04
1.064084493905383035e-03
1.438854113873805178e-03
1.347166327532559570e-03
1.032978504120637313e-03
8.271003236646150671e-04
8.359588349700007278e-04
7.480888417887414116e-04
1.036291196611029922e-03
9.236252094296550086e-04
1.238795725651622992e-03
2.150457172958763347e-03
2.642552621092825876e-03
3.507433662845193569e-03
4.395349669002529373e-03
4.839376853650623547e-03
5.806930325969749535e-03
4.775655460493962584e-03
3.623280456804644448e-03
3.214077329890415845e-03
2.778033616095488059e-03
3.028279406669797270e-03
2.757121452639664429e-03
2.933906882415258498e-03
2.344955942988912780e-03
1.719142339589382982e-03
1.412245846560923265e-03
1.413466446237963189e-03
1.545301410867274891e-03
1.079616959733708994e-03
7.142348173737704531e-04
7.250844660443439300e-04
4.521137385958595755e-04
5.182336839019703167e-04
3.619248689014859313e-04
2.861833064462505037e-04
1.045478772019075209e-04
1.388214220881286813e-04
3.985077769855150558e-05
5.608507916673568313e-05
2.787682903675282376e-05
1.472989899847232183e-05
4.093009308817309119e-05
8.148201631826194435e-05
4.340421677150454809e-05
4.424222915732873380e-05
6.812207340890053626e-05
4.759290283551792240e-05
3.321918417995430950e-05
3.403359749714990562e-05
2.575585651104652717e-06
2.835673165095747519e-07
9.200372449009814617e-08
3.693556534231383577e-11
3.320089207586451091e-16
-1.586666735208560946e-11
-3.198734323346363275e-07
-1.065767434025519387e-11
8.838866161386424226e-29
5.718775908588823145e-12
-4.348287962901309640e-62
2.144422411309386251e-21
5.825338455788830359e-09
3.946393827838072584e-07
1.191341577640287321e-06
1.639487100166280549e-06
1.193577511091844996e-06
1.611314058174967675e-06
1.914240284160495636e-06
1.108819817428508327e-06
3.742340248206529202e-05
6.098843662984362212e-05
5.629323039539233068e-05
1.025328367308752200e-04
2.141649240112105139e-04
2.717086680270397805e-04
2.626228755060657102e-04
3.869899661079549929e-04
7.558403411751362386e-04
1.065704587405223204e-03
1.104205184398007744e-03
6.210321170099009948e-04
1.121962338080874713e-03
1.247890223916069477e-03
1.292611259385101873e-03
1.071598091561893045e-03
6.236562526730211713e-04
1.095713896317722412e-03
1.145991497145289629e-03
5.134088476043741946e-04
5.274092922364142719e-04
4.924931035102501648e-04
4.326769229541053432e-04
9.216615409244494897e-04
1.597620066157493662e-03
1.623279021485888630e-03
1.882902963370187976e-03
3.263451389556963622e-03
2.874441411309174368e-03
3.158396334783053656e-03
4.019259183903459154e-03
3.741023133142717776e-03
2.995919055436898227e-03
2.414911193782892564e-03
2.833971741546416519e-03
2.936830588959033102e-03
2.971489530458564995e-03
2.874720345614376407e-03
2.706533164650839953e-03
2.133941747084053351e-03
7.384025054106964575e-04
5.688352820292430154e-04
3.101683050845697922e-04
6.647245615531302229e-05
2.083370984160479732e-06
1.623484116930490817e-07
-1.580252699015957186e-12
-4.655677762193489729e-12
-2.374963534138752084e-08
-6.617551536270581843e-08
-2.324894701321206449e-09
-8.265473886182669250e-07
-4.937674436796843049e-06
-6.283159751254075625e-06
-8.803400508201893697e-06
-8.342924978120678950e-05
-4.940318175245820480e-05
-5.194518745325591195e-05
-1.966611406941522037e-05
-3.294145533864450739e-06
-1.122425347256897663e-05
-6.631619597671910580e-06
-2.090435234253152952e-05
-1.913633296488221594e-05
-1.440196718335564160e-05
-5.127598616061632551e-06
-1.145174800965742797e-05
-1.139214958665313507e-05
-2.492105787772583663e-05
-2.285471932871981085e-05
-6.343812839902863076e-05
-4.473072390581012006e-05
-4.392239177891444940e-05
-3.902791759187436784e-05
-6.289820718345032061e-05
-2.208722669063903224e-04
-3.808255326722414938e-04
-5.755405576997666122e-04
-8.845000464254989484e-04
-6.701017885987005417e-04
-4.658083158893046869e-04
-6.026053016076505110e-04
-1.552620161375692105e-03
-8.603893269036723499e-04
-8.322252188284593897e-04
-1.162551095261639238e-03
-1.006299057734723681e-03
-1.878003110881206828e-03
-2.240587379844530443e-03
-7.517229818200501981e-04
-1.120150040824469985e-03
-7.872897304157214400e-04
-3.938887437339704672e-04
-5.021093943375898577e-04
-5.319636820462805534e-04
-6.176677706587959142e-04
-1.472390515901427117e-03
-3.806596355161689753e-03
-6.197940083540511187e-03
-8.573111858255953732e-03
-7.426992321742201773e-03
-9.785653545315360635e-03
-8.657656957329694369e-03
-6.758777733734105259e-03
-3.484558753234082325e-03
-1.947036931795649182e-03
-2.323376040264315146e-03
-2.941471188826182311e-03
-2.398924865091551107e-03
-8.047682666329550576e-04
-7.430585313374445285e-04
-6.071044280445129409e-04
-8.411300015572018961e-04
-9.134405476378101634e-04
-1.052359652641333878e-03
-1.551987911950206654e-03
-2.408272675599057531e-03
-4.025451630672267217e-03
-7.214893463245923393e-03
-6.199705661957780056e-03
-2.952902473928632754e-03
-2.131648982273370158e-03
-1.489924369279488608e-03
-1.488966943464241615e-03
-1.152512771119778776e-03
-7.160769792572099952e-04
-1.188833416718100815e-03
-7.262458844518210636e-04
-8.638589493306795056e-04
-9.753867652786750268e-04
-9.005875012777627905e-04
-5.914857638369753253e-04
-4.186318007550651581e-04
-5.960774010123747607e-04
