3.445676039475811456e-03
4.952413882706526924e-03
2.600915614536978247e-03
1.331957202941432255e-03
1.861944722742215393e-03
1.936459866812721177e-03
1.617008903668609200e-03
1.435902188253008419e-03
1.415352937318119751e-03
2.356397493081793370e-03
2.590002617697185604e-03
4.100566444851034414e-03
1.954493487437136082e-03
2.176798394711887928e-03
2.245158946020947045e-03
1.780765753605478494e-03
1.045265772902830362e-03
1.425824442875138053e-03
1.419744224447047013e-03
1.317871616709243542e-03
1.238418386929660865e-03
1.364868334552551445e-03
1.880819556011290548e-03
3.603912988733589708e-03
1.561863322204249315e-03
7.324931948319666087e-04
1.433725952435813220e-03
1.066908820847271323e-03
1.792043711925418899e-03
1.322302641518818128e-03
1.098454170901908521e-03
6.974857173277953289e-04
1.154732150818433591e-03
1.881851629430174354e-03
9.276436473716991298e-04
1.030291812995470877e-03
1.053749806190655124e-03
1.249783355508573938e-03
5.838791887075398673e-04
1.399682067017692794e-03
2.950175554292403836e-03
1.863674729726883580e-03
1.686760591403181240e-03
2.975174776363742526e-03
2.476426171191096343e-03
1.840647545808549342e-03
2.834492372348612968e-03
5.719247626697275891e-03
8.455835442774782204e-03
8.853053313073996899e-03
7.497992946095627387e-03
4.585305377454455301e-03
3.934913884651947136e-03
5.990511426565007722e-03
4.196781718387800758e-03
2.787019334005983850e-03
4.992055391956955190e-03
4.846251092916448178e-03
3.414630772522097169e-03
3.464430185462022589e-03
4.175581760504876346e-03
8.376572397885296423e-03
8.405929640538175804e-03
4.675418436115407438e-03
3.125359880863869556e-03
3.856817942357864716e-03
4.465738123473171270e-03
2.995344092137551539e-03
3.051289115377447611e-03
2.534732677470599195e-03
1.724017815640125750e-03
1.300129504102747954e-03
1.603983875786406735e-03
1.417419806170493700e-03
1.152371250955074120e-03
1.405609589094265061e-03
8.981163202278199739e-04
7.342216961326807588e-04
2.194736936667863146e-04
3.914665183558326315e-04
4.694424349644739803e-04
1.066131402648797227e-03
1.144067869955854664e-03
1.310424734269042407e-03
6.699514925408167360e-04
1.059969476611480766e-03
8.907616680120838048e-04
6.624631298384207933e-04
2.934928609116306823e-04
2.591122913079724633e-04
1.349445297614950757e-04
6.782345443488806396e-04
4.004916739417697935e-04
4.998222151978795082e-04
3.957278101410905660e-04
3.053705212713480385e-04
2.281656888289261174e-04
9.075203796123020267e-05
1.512125575538560184e-04
1.203275742679094183e-04
4.715713101609259159e-04
1.590229343058374321e-04
3.703151706091075513e-05
2.178655186936563672e-05
1.306086454987679833e-05
6.662101055897396763e-05
3.075862821843566028e-04
6.162584812143359105e-04
1.242161571353846920e-03
