9.146139262901407271e-06
5.361568913299878799e-05
1.360707223116311513e-04
1.097752241999493723e-05
4.264400627216332425e-05
2.745061478590399978e-04
8.223090029294498858e-04
2.434784049448791040e-04
1.569981178470633478e-03
3.556729803695628071e-03
6.182758723075484041e-03
4.803763003063498196e-03
2.672315266713153059e-03
2.239084564764555127e-03
1.505578666688671321e-03
9.594115981386212811e-04
2.300368128501532666e-04
6.999342305195394758e-05
1.321483954159870721e-04
1.755194881993793715e-04
7.049774422706310030e-05
1.095018310566737892e-04
3.179461352689735750e-06
6.489382180510598467e-05
8.370134218005499227e-05
2.208661261562675941e-07
1.743874495529431020e-06
2.542088110563286274e-05
2.363907823590703962e-05
1.075670122692411711e-03
9.852523650739289027e-03
2.539345323565595641e-02
3.803801486617258698e-02
5.017378995358395821e-02
4.284692648624547490e-02
7.978871476279184721e-03
5.990933443642456474e-03
6.403324611811966709e-03
8.486035630963777165e-03
2.382134248529537215e-02
1.908133451918395812e-02
1.512548690008842789e-02
1.113157588855519763e-02
9.842381737783477413e-04
3.285238765649042651e-03
1.636078032076120851e-03
1.145517187283378105e-02
1.530118069158321534e-02
1.764062401770130975e-02
1.534897579221506866e-02
1.271602648442211533e-02
1.182945498467698892e-02
8.604903441014230894e-03
1.025628681757710312e-02
6.686876309042142155e-03
1.080559613690786590e-03
1.524577577020339329e-03
8.172330789551110475e-03
7.700001346206714059e-03
1.782577096887490251e-03
5.012064119520627655e-04
2.109183342639740517e-03
4.458968643926473560e-03
3.126586412776024074e-03
1.231744563244667381e-03
6.978130421156217896e-05
7.090559272850147988e-05
2.468356345051972550e-06
1.549113272679731384e-07
1.365116348245489052e-08
1.473672648067632716e-13
4.013416047422148800e-18
-1.252378565990021567e-30
-1.486725914588695524e-14
-4.306009796723440287e-11
-1.596945291185983376e-08
-1.135373896405936284e-08
-2.091352542548548972e-08
-1.087200711068403586e-05
-1.724746694591153870e-08
-5.456219839435892553e-08
-5.753706773730708744e-08
-9.451773564671644931e-08
-1.335142229466013442e-08
-6.396165440849122202e-09
-9.395339434975717759e-06
-1.782995778693123092e-06
-9.483725981397286484e-09
-4.518197587019792441e-08
-1.050528756268630059e-08
-4.912534066991678454e-10
-1.330939111371780945e-09
-1.622905157384063058e-10
-7.971744840377964868e-08
-1.679128756710580997e-08
-2.803214087754658864e-08
-2.311442777369102596e-10
-1.575771448484965685e-12
-5.448632562449119315e-26
1.889692046951891708e-09
7.407537187125375086e-08
1.023673096870663964e-07
4.550236620541500257e-08
7.999309658229928255e-08
3.279780590110646882e-07
1.742305498180825510e-07
5.892877477504848872e-07
2.833607889815975418e-07
1.261944578151242464e-06
1.344233540514514124e-05
9.816159908051873116e-06
4.817942471603481661e-05
7.032713206230771020e-05
2.259705322499445642e-04
1.480222908632784036e-03
4.233571242563993514e-04
1.151098327717887254e-03
1.993058254343465369e-03
6.674192712895337938e-05
7.237960419971843423e-05
1.089281990579456618e-04
3.160962002385489853e-05
5.043068887520806201e-06
9.566076510707566586e-05
1.557353515203562249e-04
6.676054659672460596e-06
6.919899073402328729e-06
1.600826873610197831e-05
1.039697546212430703e-05
6.175279734265746285e-05
2.488736374673814806e-05
1.134698469473265558e-04
2.731735213731702314e-05
9.896101890632434477e-06
1.304387263832910683e-05
2.101707785611344826e-05
1.367174772744333662e-04
3.513704163491750392e-03
1.674791711766562916e-03
2.359259501647051858e-03
2.913388786333079208e-03
3.204143828793890947e-04
3.027117477845058077e-04
3.624447098497161858e-05
2.270100237942518370e-05
2.116324564776359734e-04
8.188942999543184060e-05
7.500405232768338052e-05
1.378733251865440330e-04
1.227444207484630334e-05
4.864984055082065251e-05
1.122764113850595671e-03
1.171437363591969418e-05
1.045187058189814519e-05
7.404593955642684978e-07
1.383854489332658133e-07
3.548693848081544422e-07
8.459743512954770326e-09
5.949442051106336817e-10
5.891090338755414325e-35
-7.894525055128121007e-13
-2.064087065238832190e-11
-6.016408268364816809e-09
-1.724034965802339450e-08
-1.742291903741116613e-08
-5.252345391343526601e-06
-6.399767960894127917e-06
-1.585204233591423057e-04
-1.132642750057937908e-04
-1.059242444955003913e-05
-2.270360770800307663e-05
-2.534665497045326412e-05
-6.592434473867704559e-05
-9.507144795393719346e-05
-3.535617599516739217e-05
-6.377948278748159683e-05
-8.646696458075191338e-06
-7.207136015147753766e-06
-1.240274362823301594e-06
-5.258951857527288304e-06
-2.851630588020121965e-05
-1.418869858968391903e-05
-1.472650239206713726e-05
-2.142021084030103028e-05
-3.445616622398797552e-06
-1.906738211394406861e-05
-4.301556242247878169e-06
-9.754842729920452563e-06
-5.427025412176803885e-06
-2.812558403501052557e-07
-1.690069864664465241e-06
-9.410781655280657393e-06
-4.420556152228799192e-05
-2.316427824086443452e-05
-1.117951873635428218e-05
-4.759337301611435140e-05
-2.644119638551776849e-05
-3.890077902674817954e-04
-5.407477643917704934e-05
-3.418460928220232403e-05
-5.951595960228442740e-07
-6.251830801393328894e-07
-4.085878419795566893e-07
-1.073937655525130686e-06
-1.461213770443262611e-05
-2.080626302406419565e-05
-1.654484575764396468e-06
-5.681989331153802894e-06
-1.769227640526965702e-05
-4.835741148453023781e-05
-9.104050924085409788e-06
-1.951771551019482844e-07
-6.469694036143090376e-07
-1.054593470247073178e-05
-2.685150090296321495e-06
-2.336973504043216733e-06
-5.484548747936091130e-08
-1.046182843081850420e-09
-5.674477154249762358e-10
-5.766378780730406312e-10
-1.583645173088087942e-09
-2.424036924742406040e-08
-2.554937569159048319e-08
-1.459465410071591605e-09
-3.488932769421654753e-33
2.409592370942623294e-19
8.963048149084592304e-15
3.443821955565856501e-10
