-4.648143268669525929e-02
-3.647139369278531995e-02
-4.686238523368371767e-03
-1.001003736242529491e-03
1.191476161286700699e-03
-7.927621528318447514e-04
-5.815729442598557798e-04
-8.507733459173881388e-04
-1.189931241610381416e-03
-1.425973351126199381e-03
-4.423635374282403987e-04
-4.774206565474573439e-04
-2.911930622026037807e-05
-5.325681254540439368e-04
-1.332913147181918098e-04
3.601626268612767253e-04
-1.830378590453992900e-03
-1.306394739044039726e-03
-1.044304388225473248e-04
4.493432003814690212e-03
4.561466399881049304e-04
1.579948878584534300e-04
-2.023949697101421006e-04
3.978227881087489839e-04
2.471594561996082035e-05
-4.664202717335701361e-03
-1.088280938881359960e-02
-2.472191262300858870e-03
-1.354644279469978093e-03
1.775095938933101596e-03
5.563607520477358188e-05
6.152506697362311204e-04
-1.070046814799579865e-03
7.953198457177187899e-04
5.366787886024716953e-04
-3.359243740967178277e-04
2.045227756629094604e-03
2.018469283837307990e-03
3.918645999143741815e-03
4.181033435654795023e-03
1.685715695400351408e-03
1.901995048798089342e-03
4.709319826848573989e-03
7.423944374578438608e-03
3.591767237237209311e-04
4.945146906568810129e-04
1.008491889106433040e-03
9.130897813915246847e-04
5.396136380344203343e-03
1.587919808935542645e-02
1.213035584859113942e-03
8.274241604030981370e-04
1.136511689934005965e-03
3.529543059387746894e-03
8.041500306749946661e-03
1.760254641904729356e-02
1.109449231549893174e-02
2.893533499828331718e-03
1.159961603056523707e-03
2.301509159432902837e-03
1.851339888876261681e-03
3.000449661723675939e-03
9.898267845558773696e-04
6.485402781408410554e-03
3.740099489125854062e-04
3.002155264957561158e-04
2.066158629457116435e-03
6.707877327762936910e-04
1.129844616674887878e-03
1.671367459736841036e-03
1.125157097119724049e-03
4.509228696195567883e-04
6.648402984842396958e-04
4.174376378904383822e-04
1.171277861744846353e-03
8.846218178639800311e-04
7.548414572870539452e-04
5.694378680389360244e-03
1.865831921171809404e-02
4.903787803632379989e-03
-2.736004345213091074e-04
1.412873808903862983e-03
-9.575907773906794157e-04
4.435773077338980548e-04
3.790781893914953573e-04
-3.598806620223987370e-04
5.467820082497632829e-04
2.988591443440276086e-05
3.946131968019019076e-04
2.429220729110442162e-04
2.195215691266901720e-02
5.114849371557339671e-04
3.126650774158952028e-04
-8.375518606871739475e-04
-2.277048281718437907e-03
-1.016891992891363764e-04
6.213424589784569000e-04
1.292105660388374834e-04
-6.900689277124316765e-04
2.566528836963470638e-04
-5.367785274455943783e-04
-2.747505412915561573e-04
-3.045230943005980493e-03
-6.679674106106670733e-05
-1.638213498232242915e-04
1.433736755820103013e-05
8.322546600786635395e-04
1.365849915668816141e-04
8.253084522234361816e-04
9.803550492085645520e-04
-6.275080673083455391e-05
7.850480823495755919e-03
-8.126090631059130175e-04
-1.593466045596584864e-03
1.548272136599038293e-04
1.041068529554348886e-04
3.326472029661783577e-04
3.824991138999365645e-03
6.391827675804045636e-03
1.528786795158556047e-03
6.444047336289115318e-04
4.415072849704967982e-04
5.329102361199469914e-04
2.168670839735345642e-03
1.933216360587696066e-04
5.627225398516267100e-04
5.205906158310134911e-04
3.795903805171130067e-04
9.075572426342696890e-04
3.061605147327028410e-03
1.798164594144870771e-03
1.379703276442284347e-02
2.265292311777107603e-02
5.579846546224573670e-03
2.830728265839966597e-03
1.636328951036230715e-03
1.174079539427116655e-03
1.055662997408040021e-03
-8.294858235045516909e-04
2.761874441059262455e-04
6.241109983771601184e-04
-6.331969001090318654e-05
6.871611151470679224e-04
8.718974592151187888e-04
2.697193840630856231e-03
-3.923265268176315355e-04
-1.425840232473527891e-04
2.811029372710535006e-04
-5.827550092135260059e-04
-3.940384418841544681e-03
-1.520658602951385470e-03
-3.316666595955581991e-03
-4.241336241885522960e-03
-2.415561986936474483e-04
2.786946640255605692e-03
1.121002186998376919e-03
1.476790981667219695e-03
-3.239083806898429606e-04
3.920270996373684085e-03
1.253051241027363467e-03
1.217235300446036536e-04
6.341367489557405129e-04
1.647622687075283232e-03
-4.040806884379146064e-04
-2.133655179114510111e-05
-1.374597528839304513e-04
4.454118104337727118e-04
4.626182951444267289e-04
2.772187585123306102e-04
5.807224731101424129e-04
2.314112857905978359e-04
8.801374097487829921e-04
-8.027898371501299667e-04
3.826672190084568783e-04
4.175216276259375117e-04
-1.927549669964782571e-04
8.276362443186692475e-05
-1.637754233331912928e-04
6.910161374238897038e-05
-5.073406861691892892e-04
-5.410235356173022066e-04
-2.649623227942818319e-05
1.700609747929173192e-04
4.725541735850420405e-04
-6.709842036737903017e-04
-5.433274434241673091e-04
-5.178286695775518624e-03
-6.708238860130080923e-03
-2.704554535755258806e-03
-3.804917332050295137e-04
-6.533243740146433068e-04
1.025384962504491751e-03
4.054362764786974250e-04
-1.827584024613169945e-03
3.805547299176774770e-04
2.857096241810092724e-04
-6.077045926997488395e-05
6.318578599506489849e-04
1.273229229468893610e-03
-3.975790242508419584e-04
2.012320487014544312e-03
1.339917838542434205e-03
1.264438596948347848e-03
-1.147516651170381866e-04
-1.077942362028981799e-03
3.480173261250576219e-04
1.448363154866878473e-04
-1.944156313768311082e-03
-6.157475005082740796e-04
-5.454553132156294594e-05
-2.705108682181264182e-04
-4.718428850296101313e-04
-8.958207807703601200e-04
4.459624239357945605e-05
-2.409656724595043889e-04
-4.564753116650084944e-04
-6.785741273029237755e-04
-2.792602757043798783e-04
-1.131746816898945125e-04
-1.740212230135364637e-04
-7.203711657949834872e-05
-5.985734404457728473e-05
-4.065392975270432367e-04
-2.987634453161286570e-03
-9.675248960475729340e-03
-1.714432458816802585e-03
-3.401439621995957694e-04
8.061394464308494151e-04
7.457633569687449095e-04
1.489525208843900297e-04
-9.951011239861626712e-05
2.007448300476398484e-04
-4.657711460736592684e-04
-8.817812868746248509e-04
-6.626232123500961540e-04
-1.189880505959348784e-03
-9.483821659305071827e-04
-1.629330001570351936e-03
-1.557443940659319903e-03
