2.424580305851055763e-04
-5.733117905688025475e-05
6.610234962011486953e-04
1.670333394564168204e-03
6.988109227500236475e-04
9.483825092265171829e-05
1.903507351466072841e-05
-2.333062422670820928e-04
-6.350760168595117683e-04
-1.350109975121463989e-03
-1.265060393645549243e-03
-2.899911167390781166e-04
-7.615642421355366121e-04
-1.375977687539893090e-03
-2.822252909612947818e-03
-1.423839537511360602e-03
-1.210898478093602217e-03
-1.847188457157781995e-04
-3.209501333690158045e-05
5.473393377856983774e-04
3.292886616950213081e-05
-2.237448469757877137e-04
-2.473057477230122141e-04
-1.293085354484173810e-03
-6.998823062546170220e-04
2.665102242246904858e-04
1.058539222899366164e-05
7.019312358827152010e-04
2.677796077311089037e-03
3.256264763320444212e-03
2.774059872297948010e-03
2.698775653928875504e-03
2.006741705144024154e-03
2.419650602411495873e-03
2.359494200303300596e-03
2.398666106700905742e-03
4.732198930728324232e-03
1.366310163427211267e-02
8.966080142432841099e-03
1.207951045525352228e-02
1.153228905670251880e-02
9.883593797799895136e-03
6.413911526991541122e-03
1.206694784180910307e-02
6.328142984276427865e-03
3.650797179145617941e-03
6.080315175482136833e-03
5.162888047443405133e-03
1.162833973877139618e-02
8.243488086657538988e-03
7.241936574679416934e-03
5.269863834056049551e-03
5.022346713756080730e-03
7.380979721274281806e-03
5.994834746759412220e-03
6.830347597672687017e-03
3.971535548109367784e-03
2.293896601614555178e-03
2.326550826953932994e-03
1.481686222750700768e-03
1.864704373311244345e-03
2.155161174673712182e-03
3.686869535002790504e-03
1.988102794345370135e-03
2.095140328098579231e-03
1.681868696099042331e-03
1.999699048655459617e-03
1.119980652704452356e-03
8.709398921582135614e-04
7.142295986464748756e-04
6.364603234486630777e-04
-7.629871321757972355e-04
5.707842329189431003e-04
-7.802293341874672094e-05
8.819007944061038563e-04
7.542855305289809277e-04
-7.011698885217006270e-04
-3.098358120199288948e-04
-4.281970271299722665e-04
1.000605230938678017e-03
4.256850089190223957e-04
6.354226385014710579e-04
4.177711639533605403e-04
-6.019578676568908574e-04
-1.789742605205354672e-04
-2.273195351258974208e-04
-4.220599219353803657e-05
-7.006113595948637238e-04
-1.505878484864638881e-03
-1.928174798554061148e-03
-8.095288009417514041e-04
-1.170173605758598277e-03
-3.439271768674664756e-04
1.212367160257770164e-05
5.879015500434775089e-06
3.735990932300285272e-04
9.919737066215903940e-04
1.354629248250841314e-03
2.778207051263651404e-04
5.012865875831130089e-04
-5.753296027115801549e-04
5.513638324571573787e-04
2.955433733861818359e-04
1.216927054392806041e-03
6.594116774811983580e-04
-4.423774031045402903e-05
9.459589004580177185e-04
8.276713127751285891e-04
1.021487119297901378e-03
1.355629652319504741e-03
1.851626148938935066e-03
2.577260567085271591e-03
3.113454771680197047e-03
2.376992475831445073e-03
2.413075477731316081e-03
1.989838554594934496e-03
3.808208750981074194e-03
3.153687546930392972e-03
2.228953382936439166e-03
2.569281726478186718e-03
2.255165294093672973e-03
9.968019402011459550e-04
1.488520731983514287e-03
1.386923184925615594e-03
2.857906821442509401e-03
1.488648401826600390e-03
1.301524337826210883e-03
2.634134364193092132e-03
2.705250596990730477e-03
3.245951631070254171e-03
1.755381359753772647e-03
1.723849393598957417e-03
1.956531003795185155e-03
2.539574165261814821e-03
1.774798430174214349e-03
1.738133803068487356e-03
2.202125275671442360e-03
3.204845275638452170e-03
2.409785653154876330e-03
1.011229228351366452e-03
6.285623522131666627e-04
5.449367499189264243e-04
5.622856143475445578e-04
1.259867080125355587e-04
1.974011888408480316e-04
-5.430666529676848398e-04
1.119932713216116723e-04
3.795234532270694186e-04
-4.015955037160057482e-05
-5.313757649932442616e-04
-3.546912748874989085e-03
-2.666065708287129049e-03
-4.625700993949361135e-03
-5.038982604073388542e-03
-4.273543666116257078e-03
-1.015220861971267421e-03
-5.513016917817052968e-04
-3.923877743498659760e-04
1.408759436918442928e-03
2.320891723533661209e-03
1.914389498583096098e-03
1.860585375793323646e-03
2.520910956145593594e-03
4.240024252084184479e-03
3.188849926420119548e-03
2.527773025142101160e-03
3.033081992448293657e-03
2.011983889870115703e-03
2.201033530278138483e-03
1.959078022842362498e-03
2.616801326052669002e-03
6.082829973527935884e-03
2.849922148432526212e-03
3.283382674832194086e-03
3.032409581899339710e-03
3.330602648237005955e-03
