-5.053282545504377943e+00
-3.135468956472179936e-01
-1.150336481361327046e-01
-3.525653158171626611e-02
-7.436536335333028547e-02
-7.948161359099438494e-02
-3.546096889527427382e-02
-2.197822457782303007e-01
-2.387051500063180343e-01
-3.305941109860027205e-01
-4.483219455850960267e-01
-7.544525427322708033e+00
-7.672805434345135803e-03
-4.843894221930165195e-02
-1.737424872262570072e-02
-3.260762939462675397e-02
-1.315329552077956765e-02
-2.011898916302262350e-02
-2.619187454078522256e-02
-3.059981257332369114e-02
-1.364438261122113624e-02
-7.546478890688205175e-03
-4.679698934394545956e-02
-4.902513124792230031e-02
-3.156615865925727071e-02
-3.104434638153395418e-02
-3.989900411507011496e-02
-7.930509043953291176e-03
-5.943727949774114255e-02
-8.736916844937958615e-02
-1.600403945554655372e-01
-7.359983645698994770e-02
-2.627796499751623993e-01
-4.483039411791103768e-01
-7.017249591918134355e-01
-1.284052381939718268e+00
-1.815795425252238471e-01
-7.678870645893966229e-02
-1.018379984198344718e-01
-1.013096548580149636e-01
-5.210405541602292773e-02
-6.220809254733626614e-02
-9.146919551739740584e-02
-7.593325978500567452e-02
-3.044010937855428506e-02
-5.608623323813694689e-02
-1.148280087148633305e-01
-1.320481299020659083e-01
-1.277876045466215527e-01
-1.447771793880258395e-01
-9.925632152522373408e-02
-1.152690034491391097e-01
-2.507791279610165347e-01
-4.206659081352698837e-01
-9.792931170636624827e-02
-1.008243978945467245e-01
-5.643649876963473533e-01
-4.507939956974380685e-02
-9.470260876464604112e-04
-7.008194231937311947e-02
-1.216692839535851896e-02
-4.194436022586673918e-01
-8.770781192254096803e-01
-9.402412641749134936e-01
-1.173688945273215101e+00
-2.769357448599274907e+00
-2.676293869925548408e-01
-3.831658282423335282e-01
-9.079922034049983659e-02
-7.541417311660349176e-02
-1.272402108065767146e-01
-3.070152764169857829e-01
-3.596633762015449820e-01
-1.740709427232678963e-01
-1.438147419181980136e-01
-1.252602326175754621e-01
-4.957758192874059389e-01
-1.810673473216616591e-01
-7.168888070196510753e-01
-1.230490728971582459e-01
-1.982123440696324790e-02
-2.567721075665381145e-02
-4.231223763597925097e-02
-1.979960171279589523e-02
-1.968386648041083875e-01
-2.295806870270145350e-01
-6.214657838006546475e-01
-1.882622021993617667e-01
-1.084665106693950554e-01
2.384722190634518471e-02
4.245587650547381041e-03
-5.593317791662238796e-03
-1.521405474622518524e-02
-1.868237509080739739e-02
-7.019497254308245879e-03
-6.502382931610950489e-02
-3.654577137714048064e-03
-2.820544325312190556e-02
-3.919336232665916242e+00
-1.522484309907555233e-01
-2.949792282356077933e-01
-6.011188445311339834e-02
-2.590521086327477211e-04
-1.245402859844976264e-02
-4.279443923369015759e-03
-3.521324714076287665e-02
-5.898066564987959615e-02
-2.907782743393531877e-02
-7.358598369870235356e-02
-6.273944568260896026e-02
-1.305999148403605981e-01
-1.635238883127958232e-01
-3.234592062379088584e-01
-3.094909507331848261e-02
-1.721529250811872636e-01
-2.366938169053673935e-01
-1.753965609349736679e-02
-1.305487627371061943e-01
-4.158435574600384044e+00
1.074178367145643270e-01
-1.279413502325803531e-01
-9.351282886551869067e-02
-4.582481810719606086e-02
-2.243266830802043421e-01
-1.951609457617100585e-01
-4.174689140720999614e-01
-3.353835923689986731e-01
-7.285048632527266199e-02
-5.192282000053458080e-02
-4.454099200442798168e-01
7.652585786652946719e-03
8.923980058263716528e-03
-1.395791321645441143e-03
1.786839927056818253e-02
-1.130952366371982924e-02
-2.388354756390239156e-03
3.678316057460915417e-03
1.287935147822518583e-02
-6.059571790503817494e-03
2.624379644109246443e-03
