-2.199115402104306893e-02
-2.378950597671735528e-02
-4.369126533026446851e-03
-1.038782573794805536e-03
9.377119011026710310e-04
-8.009429710924809674e-04
-2.235630648971136710e-04
-7.545704705632511056e-04
-9.446038966561335877e-04
-8.732280148650555657e-04
-3.302704093207995523e-04
-2.493111396269322481e-04
1.740614982265141486e-04
-1.449660537583386899e-04
1.654284929230562565e-04
8.833211322601586171e-04
-4.856355679155615235e-04
-3.107442913160966846e-04
1.282420728515838194e-03
6.736609223885209156e-03
8.372956852022440640e-04
6.866914144476716185e-04
3.938087456993423301e-04
1.274399552224836233e-03
1.074620274648977261e-03
-2.316184843623596973e-03
-5.064369506369838410e-03
-1.308846454357192072e-03
2.361438113210340020e-04
3.741247265136821414e-03
1.308336865919093378e-03
1.330139130948690841e-03
4.716409455293424889e-04
1.980377847795017961e-03
1.783638771018527820e-03
7.998027599087427671e-04
3.073822260197761700e-03
2.139125455651008211e-03
3.941780175555878625e-03
4.532293097739982513e-03
2.536266550386849505e-03
3.039814702281953135e-03
7.499075679933973719e-03
1.139609887205579077e-02
1.223592843923961872e-03
8.923870939330728197e-04
1.780752118655269016e-03
1.240118124206972088e-03
6.676428776711389526e-03
2.623993714721380502e-02
1.807660543941007683e-03
1.368982061020419328e-03
1.642733336699404856e-03
3.153379769706902806e-03
8.573355063321241865e-03
2.276429095130153707e-02
1.494647899522366305e-02
3.906601831374295793e-03
1.592121125696937612e-03
3.275113715298501055e-03
2.492765008927511159e-03
3.945178868419212115e-03
1.452397791415725942e-03
5.058523804344218500e-03
7.093138733655503887e-04
5.281483967816814982e-04
1.984169778407512529e-03
6.384546352395485680e-04
1.357681360950598092e-03
1.307653609085478652e-03
1.093966786802250775e-03
5.994081924856975788e-04
7.230039688538295777e-04
3.829872201917138724e-04
1.030481628402743878e-03
1.428415446797422347e-03
1.179703849010506475e-03
5.784135204439272079e-03
1.675664147513384120e-02
5.249204070935722943e-03
2.890537348961553219e-04
1.168507265900184085e-03
-1.702066749916885768e-04
4.002483107822690268e-04
4.124155619959133084e-04
5.849708044648704966e-05
8.573866641419686544e-04
7.054048677330414241e-04
3.973099381658601976e-04
6.765286592458520524e-04
1.928969130882571617e-02
5.203668307020779512e-04
2.398947325176751426e-04
-3.158877638528868057e-04
-1.248754210283096414e-03
7.717668936850561982e-05
6.428337182209720516e-04
6.736946460428401193e-05
-1.068822736116405332e-03
9.970374182862250083e-05
-7.021417342159471395e-04
-4.445958203162321456e-04
-2.999124593831504516e-03
-2.655232271490478744e-04
-2.144633885893211446e-04
-2.297526400459434966e-04
6.889183363758772998e-04
3.267424312793434384e-04
4.752756887234846480e-04
4.230144890994584021e-04
-1.458530668867125460e-04
5.217527739139917256e-03
-1.920834781175699058e-04
-1.144290636478793996e-03
2.290275666496487540e-04
2.841372656316518814e-04
5.588262544249772944e-04
3.526236444147243590e-03
6.369185408228859868e-03
1.462978192042998019e-03
8.224431391544683974e-04
5.202130282622997827e-04
1.025057285346935758e-03
1.793197488632586063e-03
2.481916116152952300e-04
8.482260800605942149e-04
7.831358348157132099e-04
5.405290532590603441e-04
1.190103185336445490e-03
3.153294083333535013e-03
1.992960273760400417e-03
1.044417439454589126e-02
1.747480707235167172e-02
6.012355161557782386e-03
3.534919109444701647e-03
2.494809884516142797e-03
1.163760671880368844e-03
9.086226754008615292e-04
-5.837336301727894016e-04
2.164147956257558760e-04
4.748228468609264519e-04
-7.333471828548110833e-06
8.170512109541036398e-04
6.221284932819930559e-04
2.599613970028682563e-03
-3.505009160756790269e-04
-2.130477083609470833e-04
1.874160594428190033e-04
-3.722941605262732739e-04
-2.396891245752973045e-03
-6.258949188200113893e-04
-7.738110459218736255e-04
-9.387546348298043703e-04
3.473248431699219410e-04
2.098599906289619777e-03
9.544403344782981160e-04
1.288374508420071134e-03
-1.669962353406676198e-04
2.549378456061630448e-03
7.660735550139946516e-04
1.667411279172824063e-04
2.929425022015724571e-04
9.745989260224696650e-04
-3.082272568367196456e-04
5.399081141371624306e-05
-4.073710974898903738e-05
3.787311060998301373e-04
5.475736518738313734e-04
4.659319648911641959e-04
6.776722490778518083e-04
5.681085382571910997e-04
8.510975860028887783e-04
-3.996246055158025998e-04
3.654336547967227799e-04
3.123444454898046492e-04
-6.118185430446513771e-05
2.196141789428493907e-04
-1.667179327910747787e-04
7.709954559267478665e-05
-3.478960490321303433e-04
-5.757697385733485940e-04
1.171841895434332982e-04
4.023203858413876592e-04
6.872580357507857398e-04
-4.339327022561724218e-04
-2.429865102462088855e-04
-2.530882986468328388e-03
-3.800845871047069720e-03
-2.176025558698925933e-03
-2.235918359891327176e-04
-5.754781382676098537e-04
1.548947641723240690e-03
2.792756460048526372e-04
-1.237682953584604874e-03
3.624406163550291412e-04
2.094698318128721860e-04
9.623090968771834722e-05
7.954086544199925326e-04
1.133501446008445971e-03
-9.895449884420925502e-05
2.150099055851321331e-03
1.186558411276255991e-03
9.590685347019910038e-04
-1.111648015232337519e-04
-1.128337724293236805e-03
4.056673909068498761e-04
1.586381192911753076e-04
-1.788636660605959607e-03
-5.073802074451276827e-04
-1.799425698690380052e-05
-3.874774548658071875e-04
-3.610617143013999074e-04
-9.135422458002945495e-04
1.156919432319936781e-05
-2.603149813729418289e-04
-4.638338971215300879e-04
-6.437357871909196423e-04
-2.239199198003600318e-04
-1.324313435209558689e-04
-1.226512394780297885e-04
5.954979389619092904e-05
2.192854174485310364e-05
-3.553733001041193174e-04
-3.976598698324338918e-03
-8.829397769937014431e-03
-1.874385274092993207e-03
-3.754892028197998641e-04
7.106985679528053960e-04
4.709518510186034581e-04
1.439110163945889317e-04
-2.940085383578954688e-05
1.679495105554711923e-04
-4.149090231514675404e-04
-7.749073766190016366e-04
-7.626298220041619145e-04
-1.072650056065683859e-03
-1.281678560973573871e-03
-1.273567800909948360e-03
-1.421040130498345353e-03
