8.395022767423899755e-15
4.250748411812912197e-15
1.331373944474095080e-10
9.985313290991297639e-11
7.991051901323109731e-11
6.707162305430216542e-11
5.788988531698387422e-11
6.135298445299775010e-11
5.788506484481127626e-11
5.730070970459819800e-11
5.475661697243421141e-11
5.020824617789179764e-11
5.092245257687091619e-11
5.483021091749354052e-11
2.154665010546911882e-11
2.190139354632626620e-11
2.194215857235708712e-11
2.363360579458849028e-08
2.363337254065790760e-08
2.362625677131264023e-08
2.362374498833098139e-08
2.361940895047141529e-08
2.361696602846242269e-08
2.361695139774022533e-08
2.361623649223720654e-08
2.361232872502374927e-08
2.361232864568198781e-08
2.361197387321634495e-08
2.361192143596018956e-08
1.803248000687849624e-14
1.799479737024778765e-14
-7.345558593195108809e-07
-7.345558739709077496e-07
-7.345559103898211533e-07
-7.345559124767183765e-07
-7.345561852445108959e-07
-7.345580537907497380e-07
-7.346036006888072552e-07
-7.422206643818571283e-07
-7.422206660288745778e-07
-7.422246660826129995e-07
-7.422247005182720255e-07
-7.422249770338085127e-07
-7.669117147658072192e-09
-7.669102524136978371e-09
-7.669066861748579930e-09
-7.669064826991184489e-09
-7.668792109102570697e-09
-7.666923563345031924e-09
-7.621376665287615592e-09
-4.312972237806474080e-12
-4.311325220313561426e-12
-3.112712039383064382e-13
-2.768300192023473869e-13
-3.088122751204156408e-16
5.882168747015547618e-15
7.250367072182815251e-15
8.660924115820473301e-15
1.081349464241327113e-14
1.199040704490863064e-14
8.503010893370424716e-14
2.376083280967226091e-13
9.260762499963251416e-09
9.382377426956637035e-09
1.524339957405356210e-05
1.524346486831032394e-05
1.524346487469895983e-05
1.524346487083022324e-05
1.524346486947333744e-05
1.524346486806477586e-05
1.524346486591224661e-05
1.524346486473534007e-05
1.524346479169563820e-05
1.524346463911741824e-05
1.523420411422580466e-05
1.523408249929881174e-05
6.530267220527206928e-11
8.415443634406700345e-15
2.024509795697702380e-15
9.902481094505297162e-18
4.492619440710228745e-19
5.163056062210222216e-20
2.123889352277462329e-20
2.123888177294631579e-20
2.019755181237533670e-20
2.019772419212152516e-20
0.000000000000000000e+00
0.000000000000000000e+00
3.141838556944371001e-15
3.141838563509147209e-15
3.141838563509143659e-15
3.141838563869100496e-15
3.141838569902501575e-15
3.141838569902501575e-15
3.141838569902501575e-15
3.141838569902501575e-15
3.141838569902491715e-15
3.141838569719478351e-15
3.141838185259127911e-15
3.141838175717070740e-15
-4.064982534676551622e-21
-4.071731898790921871e-21
-4.510359606737757695e-21
-4.698112251426889426e-21
-4.909606747821052877e-21
-4.909952186024586846e-21
-9.520958706866037971e-21
-2.276106873820126536e-20
-1.278396177657413835e-19
-1.365206641289841748e-12
-1.365206871015977889e-12
-1.365323397378861767e-12
-1.365519574259004679e-12
-1.365525363370735314e-12
-1.365589734305445933e-12
-1.365589751468832548e-12
-1.365589751276553849e-12
-1.365589751302685365e-12
-1.365589746700305145e-12
-1.365589733627562131e-12
-1.365589628568445072e-12
-3.831172523615250853e-16
-3.828877078112249188e-16
-2.666391907857414315e-16
-7.051756977445610437e-17
-7.593125363236285973e-17
-1.538052698526611809e-17
-1.428927715143362623e-12
-1.428927719326886126e-12
-1.428927719300409682e-12
-1.428927719291800420e-12
-1.428927719124433469e-12
-1.428927719105001793e-12
-1.428927716970861272e-12
-1.428927716789223638e-12
-1.428927438943356646e-12
-1.428927382882250455e-12
-1.428916180086662911e-12
-1.428912362339427166e-12
-1.108929832168982216e-19
-2.125190341307862234e-17
-3.808375558582923876e-16
-6.951968893391997211e-16
-7.117610526881599519e-16
-1.914289604065829992e-15
-6.794265693854320216e-10
-6.794288443385324333e-10
-6.794667175256814142e-10
-6.794929524641034302e-10
-7.780623996774169164e-07
-1.730243633641216604e-06
-1.730260470815564132e-06
-1.730269574395974494e-06
-1.730353119785879780e-06
-1.730353164015702001e-06
-1.730353180170531635e-06
-1.730353426078149609e-06
-1.729674584835822104e-06
-1.729680896360999389e-06
-1.729680970226870296e-06
-1.729681385633282974e-06
-9.522985626277225074e-07
-1.231539062172190009e-10
-1.063170041687448613e-10
-9.768520010425286417e-11
-1.502974648768898476e-11
-1.498985260724170158e-11
-2.982073502536171095e-11
-3.651822960144306763e-11
-1.932147504543772248e-10
-3.146321867855392612e-09
-4.156855171228878798e-09
-5.592057490042329322e-09
-6.671339209465397552e-08
-6.336236028309427312e-07
-6.375897204333110569e-07
-6.378729803691668070e-07
-6.388806923112526157e-07
-6.388870584738846466e-07
-6.394448789454213566e-07
-6.398192369966333678e-07
-6.396637937974359321e-07
-6.373833679376379888e-07
-6.381640868030379935e-07
-6.370923569462904046e-07
-5.759892181836202592e-07
-6.940895587362505732e-03
-6.947002972265147597e-03
-6.947030466127227834e-03
-6.947032376485873413e-03
-6.947032485915141144e-03
-6.947031917702830607e-03
-6.947032342356948033e-03
-6.947032348838609594e-03
-6.947031692930723430e-03
-6.947029906489691868e-03
-6.947029661437784283e-03
-6.947029643852384133e-03
-6.143129672419912937e-06
-3.177865193229953292e-08
-4.001058855498230117e-09
-1.082097972153021133e-09
-9.662978916295867235e-10
-9.618426769566954126e-10
-1.558859031734587511e-10
-1.475675077081855401e-10
-1.244803351187134321e-10
-1.195574595986640960e-10
-6.952632568697060744e-13
-1.102478883191052136e-15
-7.645926713138179379e-16
-7.351070415130660490e-16
2.600543401862715982e-18
2.600686147781488651e-18
2.736753170460240814e-18
2.739228490218194863e-18
2.739228827522179153e-18
2.739228643526935809e-18
2.739228643526837587e-18
2.738242607814543064e-18
2.675975711699790539e-18
2.614082167915248391e-18
2.614073959571187334e-18
-2.191389782979110467e-16
-6.150262153478052706e-16
-4.330183190556111346e-15
-1.362018916225441962e-13
-1.362039998953527941e-13
-1.830274427527476580e-13
-1.923899392684104589e-13
-3.615275484576277659e-13
-1.783125185748990460e-12
-4.866048386387613055e-12
-3.948095312653223808e-11
-3.528029426448369191e-08
-3.719703346261889541e-08
-4.151464139606260673e-08
-3.738179258587283929e-07
-6.131883316287295092e-07
