beta2
9.309409034397931812e-03
9.354887876385314244e-03
9.410397397108633336e-03
9.386576928136193543e-03
9.358932451779659184e-03
9.333380956138958434e-03
9.435275665051685509e-03
9.729366223043368206e-03
9.769474832129525221e-03
9.830729206101332038e-03
9.949901577546143433e-03
9.901862499395713141e-03
9.836586608532069814e-03
9.743743318856749186e-03
9.733757486855929703e-03
9.615100122834653595e-03
9.583401109695029174e-03
9.586156802684108608e-03
9.479584660366417032e-03
9.550255726413652002e-03
9.455568099309297897e-03
9.404255691470887746e-03
9.300875341069483535e-03
9.247364314028796994e-03
9.173581234849181865e-03
8.904785973920647385e-03
8.855446302655781837e-03
8.783260427111135721e-03
8.743295774101569190e-03
8.681871491650488409e-03
8.743330389793281532e-03
8.671942809969959351e-03
8.396442274675740974e-03
8.325804794982939738e-03
8.302761877331383406e-03
8.362183947594069647e-03
8.341172215885338248e-03
8.211969722850633036e-03
8.051790965536962524e-03
8.006867404295396617e-03
8.087183694892387947e-03
8.109185021842156213e-03
8.227431856183888004e-03
8.360480159044142434e-03
8.414048540413646485e-03
8.593273351812653893e-03
8.712214698748893191e-03
8.829890848079332416e-03
9.049223037188917212e-03
9.170804415288851333e-03
9.286958319198851050e-03
9.596414014427564337e-03
9.821180688423612054e-03
9.974686297475748864e-03
1.014260792031955460e-02
1.018431404030325366e-02
9.949258741063421452e-03
9.827953172219992123e-03
9.978225014927528252e-03
1.015057574034587684e-02
1.041156231514601613e-02
1.067488596097082749e-02
1.113033656391843734e-02
1.119929390177732548e-02
1.134030460549360041e-02
1.142958576855387411e-02
1.154497585279492741e-02
1.183103844255374223e-02
1.180630102572184648e-02
1.178771479207891409e-02
1.162679044780822249e-02
1.157415463526088872e-02
1.162821638678014982e-02
1.160998802112634364e-02
1.160158594393435189e-02
1.166042150196752378e-02
1.159879532713949807e-02
1.138507066118127700e-02
1.101337931674653201e-02
1.062278704620036630e-02
1.059298146743438071e-02
1.082851484057062094e-02
1.097926544667821372e-02
1.093670927297739175e-02
1.087528599542563965e-02
1.089045778079199452e-02
1.094249746379148680e-02
1.115323814069768549e-02
1.122419484003961930e-02
1.135695835721558383e-02
1.146775401042112244e-02
1.146218231220314139e-02
1.139694764995141663e-02
1.127917442917300561e-02
1.119674655092673179e-02
1.126205913297916375e-02
1.119432946022607366e-02
1.119844432365126388e-02
1.113328292722714358e-02
1.102680867803131071e-02
1.082465512720357653e-02
1.067743402378642029e-02
1.046118319898865952e-02
1.029409999154280199e-02
1.010312881072729027e-02
9.891122440990971626e-03
9.890122773650006360e-03
1.002504181269122004e-02
1.015139397427677545e-02
1.028903451285936160e-02
1.059692326058010205e-02
1.084268617127861697e-02
1.090657019700806002e-02
1.098414610502797609e-02
1.086049131651846758e-02
1.078155101669514386e-02
1.069624407681649819e-02
1.073184393330652714e-02
1.065259477334395272e-02
1.059295860874665159e-02
1.052352603211555680e-02
1.045881886914507702e-02
1.030109320820307706e-02
1.015438823314911837e-02
1.017935942399839089e-02
1.019041676566651705e-02
1.021976189246141808e-02
1.017148242318688389e-02
1.006860739892389937e-02
1.008380062756212420e-02
1.011016931599940764e-02
1.011612531171491094e-02
1.006506395598328468e-02
1.010103103479368172e-02
1.010145271542183670e-02
1.023764785501507339e-02
1.021273712564595149e-02
1.026778763309561457e-02
1.043692244053161071e-02
1.059146702168960869e-02
1.072861848407105634e-02
1.081155051789820312e-02
1.071602606635722009e-02
1.064829440069507346e-02
1.063195162549949654e-02
1.067376588084466803e-02
1.066779978390775332e-02
1.059479920614738238e-02
1.046065215218837732e-02
1.054759856017663255e-02
1.059229849569106111e-02
1.071849097140947782e-02
1.085226286066139426e-02
1.094876576012555197e-02
1.070677329890265539e-02
1.057938401813340347e-02
1.046234544202278953e-02
1.061096050705754613e-02
1.095356697967325363e-02
1.113469030606977633e-02
1.133351838854506841e-02
1.155286811700553286e-02
1.160798415734710064e-02
1.178051040305398700e-02
1.183769722229700491e-02
1.181171940895302599e-02
1.185485710453703344e-02
1.184828723894385677e-02
1.170656381792028328e-02
1.148701393797615586e-02
1.115493703478219814e-02
1.085706302079273572e-02
1.095860585408145807e-02
1.089376478883624655e-02
1.111635201975709128e-02
1.140664462792490702e-02
1.126274714747026173e-02
1.122424481835058475e-02
1.116391955356106983e-02
1.121897408184437117e-02
1.116583707226953895e-02
1.107470992772387544e-02
1.099124788807567983e-02
1.099583839070500564e-02
1.093554517454479319e-02
1.097590365900092194e-02
1.113076272534301719e-02
1.107608627423282803e-02
1.093967885104322330e-02
1.090469136533574190e-02
1.091645820244229598e-02
1.092558068652526443e-02
1.103774803090140644e-02
1.093609073061335701e-02
1.078554906667276991e-02
1.069217314670722549e-02
1.046386417953444614e-02
1.044876681436766874e-02
1.043849227980478064e-02
1.028098495857673531e-02
1.017128670234496504e-02
1.001059944743045924e-02
9.838998485747534051e-03
9.662755396325131002e-03
9.706288929416906699e-03
9.806405759453181575e-03
1.004163317503241337e-02
1.026990600365362133e-02
1.032657193220066008e-02
1.034511758740285642e-02
1.015248828726104599e-02
1.005099161331646576e-02
9.886335930688111215e-03
9.814682470170713047e-03
9.872338460726784448e-03
9.946410448378659869e-03
1.013957069287816683e-02
1.009727179143254938e-02
1.006031903023427501e-02
1.000632753334059800e-02
9.989794955950787037e-03
9.842263732177202948e-03
9.677065226294204181e-03
9.351054644961838413e-03
8.998637102489760037e-03
8.673137993611142182e-03
8.538528066126004068e-03
8.378505429229632373e-03
8.355021895172173169e-03
8.376172896075395613e-03
8.396044813562309611e-03
8.409354482616791110e-03
8.447590484957507792e-03
8.577104862195667617e-03
8.704363635335034266e-03
8.868765597251148519e-03
8.980531748988201252e-03
8.810387038779347174e-03
8.686131039914217478e-03
beta3
-6.965242823249566402e-16
-6.851808030095356878e-16
-2.069949927040318576e-15
-1.397016697539271243e-15
-1.311400975534689875e-14
-4.302570066524764323e-14
-1.584020301212381641e-13
-4.139697318667938057e-13
-1.884556412072348530e-13
-3.874651880086088549e-13
-2.461298695321792481e-13
-4.094435288332392068e-13
-1.834976288814770868e-13
-1.181912037855169337e-13
-9.606330532750541302e-14
-3.683296505832892631e-14
-1.962704717166777562e-14
-1.085948209714088953e-14
-1.454690583724194063e-15
-5.689871059566503683e-15
-4.033659778976872841e-15
-1.669915903604596245e-15
-1.583812353409202389e-15
-6.504224548137986306e-16
-6.670408673967111675e-17
-3.878090158380158286e-17
-1.631546635394769831e-16
-1.216069643861951661e-16
-5.155986229240576898e-16
-1.487073179447260490e-16
-2.809526790206804822e-17
-9.378681075342516990e-19
-1.635315785705513669e-17
-8.150290329232352522e-19
2.712208304152692787e-24
9.792667360484361715e-20
1.102657922000135239e-17
1.668936873030809913e-17
3.700701790716394058e-18
6.285754219871481966e-18
5.362409352900913422e-20
4.822172996404251864e-17
4.971527378409549056e-17
1.566589885560896265e-17
1.546355898007383349e-16
4.565502702190563631e-16
1.615493065586710997e-16
1.716576717365343148e-16
2.345366265868946625e-16
8.793383909658648746e-17
3.201604904478507774e-17
1.150391597311115787e-16
1.668647372422779577e-16
2.872757937242230322e-17
6.367221880213939382e-17
3.631177647026114983e-17
5.506413431943825497e-18
8.386954180025589204e-18
3.320223112383797557e-19
2.816291314735132888e-20
4.141001638053978522e-18
4.588745474995718001e-18
2.978622558791070254e-18
5.822974261525124318e-17
8.429891481619369062e-17
7.014914083528526892e-17
8.348906877436224524e-16
2.427933237495388122e-15
2.492996338242782308e-15
4.407545851426562215e-15
4.339979609666662132e-15
7.089560904440329424e-16
1.246987748173062777e-14
4.498748571784731618e-14
9.010197776491452735e-14
1.474892630608779720e-13
2.358788092451691156e-13
3.681361057763315198e-13
5.238924980797173044e-13
1.621590896052961471e-13
1.780172583765875642e-13
1.177303754266659684e-13
8.930212198728840119e-14
8.762667558841345736e-14
2.835811043183608277e-13
2.639360882540282382e-13
1.461495442653852986e-13
2.763275506151965916e-13
8.925583599984437129e-13
1.013732982251097626e-12
6.637439997646214187e-13
1.204795730729718829e-13
3.783675299106944430e-13
5.290203504168191598e-13
1.061080193822841845e-12
7.726755687008383520e-13
1.359395959279911422e-12
2.023275507870205561e-12
3.292796687427146079e-13
5.368965932927384721e-13
1.621382566823293064e-13
1.080251676197370038e-13
3.664955844306300964e-13
4.542683847066692024e-14
1.378281887340031669e-13
7.779082204965373837e-14
1.583248495292187156e-13
1.582177314898524229e-13
1.846229283603207663e-13
4.310351128408239890e-14
1.000470832791703282e-14
1.080032590812262707e-15
9.919735418001673902e-15
6.463936605660968107e-16
5.820962722100848540e-16
3.339288479693390425e-15
5.032597855127580268e-15
1.417268761606774295e-14
2.072133952906531585e-14
1.316413097520497388e-14
2.902314759827062788e-14
2.212672114189627621e-14
1.496650779855348973e-15
8.585877170110496451e-16
3.454726131164242377e-16
1.992172599202982778e-15
3.477764328572999475e-15
8.659062989697079965e-16
1.309759044950301350e-15
5.175056769067202856e-16
1.311704245386604578e-15
3.244479916193953437e-15
3.719471373475677189e-15
2.868989807429132423e-14
7.347683736158703777e-15
6.368631228324520066e-16
1.444360277177075661e-15
1.648681440381436274e-15
1.207699686377112253e-15
5.058344040157525399e-15
3.285338185285604710e-16
1.375016276152137157e-15
2.234967505141900855e-15
1.718291816162879217e-15
5.202534954924379447e-15
2.761536548187276262e-15
7.567999784796974765e-15
3.222177862308725508e-15
6.727375128234389035e-15
5.673629999468488258e-15
6.210546020288842051e-15
3.292476591452372790e-14
3.151887387304433752e-14
6.326999237443450073e-14
1.646237423701920054e-13
1.282964874327086103e-13
1.760962976146551797e-13
4.008684297894867041e-13
2.545802895559451704e-13
2.449664951773542295e-13
6.478274979054139476e-13
2.365597113057166613e-12
3.813576275297789729e-12
3.003535040056965832e-12
3.542110616158323076e-12
4.971936699391027079e-12
5.058974449392244337e-12
2.792482129176748990e-12
2.623471037414298476e-12
2.695219615581060453e-12
1.847390191033566513e-12
3.934582123670133487e-13
8.058873194889768043e-13
1.045870667562941141e-12
6.378262217179696354e-13
7.421557954243259799e-13
5.349917601729793105e-13
3.227148233131934874e-12
2.672516736780694302e-12
3.455177173792139712e-13
2.121047457902413968e-13
1.783691385582919759e-13
2.300991394153650881e-13
1.896869810397624060e-13
3.717063587068806627e-13
2.925113271933752052e-13
3.963082962524817949e-13
2.522008203692578931e-13
1.209892440265112621e-13
1.227237436735189093e-13
9.072521558385605493e-14
2.769348649357582614e-14
2.105804123631845230e-14
3.602519104303712096e-14
6.170410351028183743e-14
5.445588296758044719e-14
1.056355122085130952e-14
9.536692642725326952e-15
8.238514984447069765e-15
5.221474137747089997e-14
9.367342042337764311e-14
2.378504860269547255e-13
5.591070986110995013e-13
3.869692765492844492e-13
1.642893402481800962e-12
1.845989992038363070e-12
6.204905508374664793e-12
1.419259257641646893e-12
4.217887048933173923e-12
2.971248792020975422e-12
3.869749386135453897e-12
2.399141736049923717e-12
3.204215971814565378e-12
3.624350275826732850e-12
3.742342375808958954e-12
5.881708661343886273e-12
5.939856271436361696e-12
3.423763379531882534e-12
3.634398119626291904e-12
2.452501537706185652e-12
4.646123602188105630e-12
3.204704106195203741e-12
9.614714772297634728e-13
1.267479352292054667e-12
1.118164373838112602e-12
8.872183730262755697e-13
1.989084229425898285e-13
1.670559981944273016e-13
2.348985731809968387e-13
4.071409920226229586e-13
2.272155719147053344e-14
1.463368614308300297e-14
7.411527656640190506e-15
2.391077123627878454e-14
1.855013556343958948e-15
1.541394830363348647e-15
1.053092479354660150e-16
2.368691411485189098e-16
7.918794298086285225e-16
beta4
-2.255878815186965897e-03
-2.048714557484623659e-03
-2.050515653970408792e-03
-1.929545724728606946e-03
-1.842530628060750752e-03
-1.841493748243071271e-03
-2.071360357141628292e-03
-2.405173445563331489e-03
-2.264406070262653826e-03
-2.551159900718393859e-03
-2.802757900714129922e-03
-2.886910011181742508e-03
-2.995225919072415626e-03
-2.642314228176992699e-03
-2.503707500855741844e-03
-2.301193037644603135e-03
-2.330397477983869176e-03
-2.426668764843548185e-03
-2.454132857856028763e-03
-2.677560950004355400e-03
-2.909021279524239608e-03
-3.224955210807520581e-03
-3.717130277137811745e-03
-4.049997624225308221e-03
-4.478779819214663560e-03
-4.697993103987633742e-03
-4.706334952419533382e-03
-4.750266899463917794e-03
-5.458773512925737571e-03
-6.136776764904266698e-03
-6.611216250396420233e-03
-6.711065392682500665e-03
-5.949058390472003813e-03
-5.679078402629918719e-03
-5.940269701557169754e-03
-6.591258542382440189e-03
-6.376331750357580597e-03
-5.997584919559979626e-03
-5.268099060867731040e-03
-4.202114270933084844e-03
-3.770370918626895357e-03
-3.256183449012386467e-03
-2.796553670355068130e-03
-2.349723713273758809e-03
-2.221699445899504109e-03
-2.440103313110905149e-03
-2.213376542569385659e-03
-2.050294832329857195e-03
-2.030244849055823971e-03
-1.436852589990662192e-03
-1.103169859462147266e-03
-1.416696486125356390e-03
-1.742303705745850383e-03
-1.491781573516112172e-03
-1.509897519944808190e-03
-1.567076649005401867e-03
-9.736741745812276232e-04
-6.996789653904665878e-04
-9.015344548120182927e-04
-7.359544985843814984e-04
-8.417570158793389115e-04
-9.690713210446424281e-04
-1.394706092923818277e-03
-1.458988653111382722e-03
-1.404682079094651597e-03
-1.422914870253720165e-03
-1.494340889392651792e-03
-1.873355884459633079e-03
-2.245247441861014485e-03
-1.982031583359061128e-03
-1.772486555260428982e-03
-1.550783508780469600e-03
-1.765036434915759431e-03
-1.657077706428856673e-03
-1.551166992966160774e-03
-1.661522840549760783e-03
-1.471063542901992777e-03
-1.241837195498689478e-03
-1.119564383170490538e-03
-9.993144073384399497e-04
-9.078343743953041969e-04
-1.174080139642207825e-03
-1.563596189320845889e-03
-1.523182407604316280e-03
-1.624095763518985328e-03
-1.593364925793446570e-03
-1.582221258555474314e-03
-1.595682323113847487e-03
-1.545177766938165328e-03
-1.490589090593967721e-03
-1.376712048477820704e-03
-1.595798210994924925e-03
-1.678750767411834070e-03
-1.831769614848795160e-03
-1.985997986199646015e-03
-1.913979218348429295e-03
-2.030297931103157601e-03
-2.148104567106090025e-03
-2.215538448167050315e-03
-2.609146425568972978e-03
-2.935378235951449991e-03
-3.311242482851574527e-03
-3.495064306761710635e-03
-3.484227818391800839e-03
-3.532799268255005978e-03
-3.500031166672181934e-03
-3.100229740344635776e-03
-2.943263745071759713e-03
-2.825404394598409613e-03
-2.655633028220831613e-03
-2.878375273985689896e-03
-3.111658615711438217e-03
-3.225949344372243052e-03
-3.089284997158515782e-03
-2.903536878791215543e-03
-2.908011945823567312e-03
-2.799971095947899856e-03
-2.823642080667245792e-03
-2.572471745542259658e-03
-2.386773392709355939e-03
-2.176042344483244441e-03
-2.259948908688919587e-03
-2.219139541329750304e-03
-2.560985274432544395e-03
-3.372391281940655908e-03
-4.047270083451550739e-03
-4.692799787287428928e-03
-5.061312216657396987e-03
-5.546493319096741648e-03
-6.067076866730576439e-03
-6.648662878224311477e-03
-6.687007609997023400e-03
-6.792889837927336763e-03
-7.023169259767913022e-03
-7.328875598864794880e-03
-7.830987382124954266e-03
-8.232114311930497502e-03
-8.569555550679527553e-03
-8.166715197916847579e-03
-8.233183043893026187e-03
-8.042761895255557889e-03
-7.381395701622186362e-03
-7.009345704666905714e-03
-6.667167976538530480e-03
-6.582263159749541376e-03
-6.299931987416984049e-03
-6.010469073565566887e-03
-5.649375341281941826e-03
-5.441381367519362508e-03
-5.031531468874458034e-03
-4.577148247792647145e-03
-3.869985415639362603e-03
-3.104959105932007975e-03
-2.490396095282370291e-03
-2.449613279704694092e-03
-2.624067589236913061e-03
-2.724204251357799627e-03
-2.340955278072911084e-03
-1.749434410240503692e-03
-1.417389860995617919e-03
-1.038539258251441281e-03
-1.053871286043487135e-03
-1.160514559328426100e-03
-9.565264932524545835e-04
-7.873778200347218963e-04
-8.530474621748671774e-04
-9.270806667126677610e-04
-1.073197217170632298e-03
-1.042666869954763428e-03
-1.175269312248560395e-03
-1.448319278773943595e-03
-1.667124122159840266e-03
-1.564532772300156107e-03
-1.639698280341226992e-03
-1.818916660311095581e-03
-1.940356608096201283e-03
-1.875367661278897705e-03
-1.883685691191511538e-03
-1.745086116006164820e-03
-1.509669150301583621e-03
-1.454181748442192473e-03
-1.384196169921651483e-03
-1.418247497479502121e-03
-1.533660168712919344e-03
-1.713982493154189322e-03
-1.961934584460811159e-03
-2.018076497591797351e-03
-2.180256151602504196e-03
-2.386006514887179311e-03
-2.676427245287471210e-03
-2.893776424384350825e-03
-2.989032600045450367e-03
-3.159359987447347452e-03
-3.375189677079112622e-03
-3.607390587270298613e-03
-3.759572340837995068e-03
-3.976185656136698929e-03
-4.168561014643690221e-03
-4.303171069687041460e-03
-4.598607119943649846e-03
-4.919713994534060178e-03
-5.067688875704775067e-03
-5.177373133546491445e-03
-5.405629584110239680e-03
-5.564232896625805405e-03
-5.611387464886334955e-03
-5.675923913536006643e-03
-5.718514949893547562e-03
-6.206657293390519317e-03
-6.994436916289294148e-03
-8.086879414491716933e-03
-8.547438766879036920e-03
-8.810210802845060141e-03
-8.841457113358045655e-03
-8.961433936939830827e-03
-9.319546661981986321e-03
-8.837170865994004032e-03
-8.143253410404345527e-03
-7.704726512325517362e-03
-7.126950019337564488e-03
-6.402666809764980330e-03
-5.653775215329034758e-03
-5.046758052123937258e-03
-4.218690935344729387e-03
-3.567028349102152000e-03
-3.176511331435708657e-03
-3.789723573572479059e-03
-4.326483799351478129e-03
-4.156592551596024684e-03
-4.211483684283684643e-03
-4.435396837614869262e-03
-4.302588321144143815e-03
-4.269532686854085254e-03
-3.961360289576197798e-03
-3.972765415781975319e-03
-4.249528180359818039e-03
-4.369314835650725710e-03
-4.565525825369169677e-03
-4.802864391972318757e-03
beta5
2.222838788412608458e-04
2.226455144439975402e-04
2.642804271128070741e-04
2.952777733157594493e-04
3.425384664564451714e-04
3.798697053713948838e-04
4.744854227113529761e-04
5.530869451009067655e-04
5.593359766716458990e-04
5.227916552884306033e-04
5.473082530154360073e-04
5.738876816037995817e-04
6.139697571354522238e-04
6.701022451675116200e-04
7.122888284891394292e-04
6.443726548069850452e-04
5.433298307463163036e-04
5.089020779107006646e-04
4.624149217086187384e-04
4.189564563786420223e-04
3.738521228591691658e-04
3.307037431469725701e-04
3.123960860436948424e-04
3.254804205666897714e-04
3.375203205867962665e-04
3.281019029354587373e-04
4.332412705936479740e-04
4.980849670861077928e-04
5.388957165052613279e-04
5.999872911866413819e-04
5.628453050596100285e-04
5.437018650749176826e-04
5.581703679597238652e-04
5.090463004738055366e-04
4.832770791354632119e-04
5.319853593313057143e-04
5.383929479717348065e-04
5.507273634739793091e-04
6.157143531240263923e-04
4.489666106873786743e-04
4.018278260109280596e-04
3.736395732032627868e-04
3.452523769953731725e-04
2.507267353558829547e-04
2.549137318576495193e-04
3.215151315235330320e-04
3.608519260860599751e-04
3.996567417472356512e-04
4.585304672386813010e-04
3.582056360486375363e-04
3.161580712376137669e-04
3.987570826254660571e-04
4.417727734968055040e-04
3.564467426995612028e-04
2.869050942608996008e-04
1.896602231601585619e-04
1.410945837845414613e-04
1.447129252766494545e-04
1.580018592181841306e-04
2.737216850486386827e-04
1.100421093162288268e-04
9.609562182407184518e-06
-2.175907571970505400e-07
-2.013875978999963941e-05
-4.642474074712362115e-05
-8.164660071789777210e-05
-1.551099396505559137e-04
-3.112678812372750466e-04
-3.440652132440446620e-04
-3.078415233410405840e-04
-2.357913168812734517e-04
-2.131225629219387415e-04
-2.388512500998977897e-04
-1.960055664506846077e-04
-1.774442754119302042e-04
-1.566457842673748266e-04
-1.168836013894025770e-04
-7.838723301656800257e-05
-2.624559950061808354e-05
-3.869432080072836226e-07
-6.740061465434030559e-09
-3.571153265383070635e-06
-9.033087911261423851e-06
-1.660158360605078992e-11
3.709010349248210233e-07
1.358270732151785241e-05
4.699339645200305098e-05
5.736241454723597260e-05
1.199388279292058139e-04
2.021389990016466602e-04
2.970202849963859189e-04
3.935184473188295287e-04
5.258321698749103112e-04
6.770301672089659804e-04
8.739819791048601422e-04
1.046005705730215611e-03
1.074399133889261844e-03
1.081666967453401686e-03
1.140193517672497599e-03
1.060661290027435730e-03
9.508485172771768360e-04
8.202600138574615753e-04
7.946777319292477144e-04
6.542761760347853492e-04
5.504201146657177086e-04
4.870652647457027499e-04
5.265664901922257994e-04
4.971891278306088229e-04
4.408891033742071705e-04
4.417455793494947085e-04
4.075632195365166792e-04
4.093133689810998137e-04
3.765397489245189255e-04
3.967192192270914712e-04
4.160650599634233004e-04
3.430394961317516280e-04
3.314560234031138034e-04
3.435703007496904160e-04
3.485884399894033543e-04
3.761089790156587958e-04
3.890463969891135541e-04
3.349454634281374575e-04
2.691581870781917241e-04
1.774285701972174410e-04
1.963257745760805639e-04
2.208756342458212429e-04
2.088079256057445926e-04
2.838367711162347604e-04
3.271896733577539149e-04
3.693599358071168954e-04
3.792006838385711658e-04
4.448261519881163738e-04
5.154489500070818467e-04
6.490311052033815968e-04
8.045901188789274195e-04
9.562401783524204172e-04
1.115967462842044466e-03
1.288147369301222318e-03
1.420108196527698416e-03
1.545900234251434014e-03
1.594835288583373520e-03
1.481701694961847816e-03
1.430764359583119958e-03
1.353838642882057922e-03
1.316807536076301539e-03
1.176699744712083467e-03
1.279198394653078500e-03
1.458384051874300931e-03
1.550377335450359032e-03
1.327389201023514240e-03
1.161886587967678446e-03
9.178747611103836492e-04
7.144568313626781676e-04
5.313736027885704923e-04
5.184229890952693834e-04
4.164930731113192296e-04
4.137637309937737475e-04
3.463466185341660319e-04
1.261090448454590062e-04
1.415088972289842389e-04
9.937756475607349791e-05
1.316265607869693548e-04
2.131574365351858805e-04
2.465704811901825270e-04
3.190227907685962974e-04
4.360434939525527961e-04
5.489171636009588465e-04
6.925258237716728788e-04
7.031477044743157916e-04
6.500346476390258133e-04
6.019020687120120710e-04
5.525532214125056327e-04
5.711383755221863777e-04
5.088203882768475199e-04
5.111434204197403981e-04
5.196152018252095037e-04
5.107642503446572536e-04
5.413160558272481172e-04
5.515134290050099052e-04
4.559859912424901675e-04
4.569832207942990210e-04
4.199219008234855418e-04
4.034372431485833870e-04
3.798648294631548931e-04
3.605724277521492153e-04
3.308580514191073710e-04
2.860591728975362606e-04
2.652178019019945602e-04
2.255434648885810598e-04
1.842277295089297961e-04
1.627248213723961464e-04
2.035137934809668598e-04
1.839364283896298088e-04
1.765185515254637466e-04
1.780458456305458867e-04
1.133704215114611589e-04
1.319110778987820070e-04
1.261724055803213596e-04
1.096495827634385054e-04
1.276670936994256963e-04
1.329797044081010510e-04
1.214292934402627628e-04
1.326355044170052146e-04
1.632308540823285636e-04
1.634685365354038343e-04
1.484970057842532149e-04
1.635383266979557079e-04
1.832197006962504610e-04
2.390105909914741326e-04
2.940032616829364254e-04
3.373210998180765658e-04
4.168185121578133444e-04
4.940887671877619439e-04
5.765439281058543216e-04
5.890636315059171336e-04
7.144987623329791208e-04
7.764145878571980432e-04
7.629192916795374344e-04
7.723914963863212461e-04
7.092081222880954657e-04
6.875333901316519648e-04
6.204116732046100792e-04
5.601313003497090329e-04
5.080208271354136329e-04
4.784840237531782386e-04
4.302206541779254640e-04
4.374100242596126037e-04
4.586641173598382222e-04
4.518494435173830200e-04
4.000603312774403094e-04
3.786113484841128205e-04
2.852045462758170643e-04
2.487418548296618315e-04
1.423290438859650512e-04
1.067899982693841721e-04
7.470232727946189049e-05
6.041392212711876896e-05
8.847054246979885628e-05
1.197729729567596112e-04
