5.522186404819570931e-06
4.588983241658638532e-06
6.435161795243851713e-06
1.086866391582589554e-05
4.998060101824022085e-05
5.431278139294549008e-05
5.884515566163110338e-05
6.495005743509665657e-05
7.593715856887077692e-05
8.116209945768569189e-05
9.364972871143700144e-05
9.209932210890785188e-05
1.007808569830540810e-04
1.050500098199885914e-04
1.095975789867770483e-04
1.145045260009059312e-04
1.013620938782046446e-04
9.628765113362993267e-05
8.980125094178018942e-05
8.595155302732885086e-05
7.465200319979939641e-05
6.462060601557620984e-05
4.782308698059769799e-05
4.463930002838052805e-05
4.176622760191118773e-05
5.042883593135163799e-05
6.754001114272493360e-05
1.036531571244718453e-04
1.681663284617150502e-04
2.158031716006821846e-04
2.435348408453704122e-04
2.607760756058809834e-04
2.938528817471828549e-04
3.173628558026982539e-04
4.059692172024256980e-04
4.723462429053583238e-04
5.415665865233916477e-04
5.851645174107742700e-04
5.964592640795867871e-04
6.224214999504791915e-04
6.156910384535161122e-04
6.030058833882039407e-04
5.934358843190419433e-04
6.088326930344240256e-04
5.931112185340604295e-04
5.888543378479350497e-04
5.086047098887411721e-04
4.563154866188964885e-04
3.980541663084760044e-04
3.557170950205794271e-04
3.257680502589501478e-04
2.567797278967998034e-04
1.949499856574414688e-04
1.587417860141208730e-04
1.398965706155519374e-04
1.021345277775032685e-04
8.245010355314785289e-05
6.343998260859410080e-05
5.396396094063909114e-05
3.691087065058371681e-05
1.968694564220642754e-05
5.189676536470678482e-06
1.341270342591191267e-06
1.295006174513654588e-06
4.541218375883288483e-07
-3.717285524061821519e-07
-4.559241161666495528e-06
-8.032849396467792177e-06
-2.093386813908014219e-05
-4.008827854635544155e-05
-7.033531524598053458e-05
-1.237581614274987723e-04
-1.557440347271996095e-04
-1.875473290587574137e-04
-2.186398065643124821e-04
-2.398587154236419790e-04
-2.619206688498177749e-04
-2.688840590156934239e-04
-2.786595991234022598e-04
-2.949475208284874279e-04
-3.003814451155266407e-04
-2.984953515122948787e-04
-2.777475494730171171e-04
-2.274500531996731815e-04
-1.963857582169898557e-04
-1.651936462894617013e-04
-1.359900091023108417e-04
-1.198989517462236169e-04
-1.006386033008362303e-04
-9.594933364120706827e-05
-1.007520135802695047e-04
-8.745718311595352529e-05
-8.560332744722359225e-05
-1.033315291318094169e-04
-1.079104834964538266e-04
-1.617832844640532846e-04
-2.048288451074781094e-04
-2.386322775307832820e-04
-3.152600112913264761e-04
-3.485907274736476952e-04
-3.693754343156177241e-04
-4.114491978450928312e-04
-4.465854252331963054e-04
-4.613721027342957749e-04
-4.586176698021543637e-04
-4.278303323800531428e-04
-4.142945120915990528e-04
-3.574379257890035640e-04
-3.135195576270169405e-04
-2.791152819134350605e-04
-2.013002200307017348e-04
-1.637876644550635436e-04
-1.393744375727934534e-04
-9.420088934253777711e-05
-4.029893398965575009e-05
-1.904505942383108148e-05
-5.327131063654918167e-06
-1.626368436530373560e-06
1.031483841019717583e-06
1.485946195768101550e-06
1.533265840863454125e-06
1.543604959601755096e-06
