9.685227096980287289e-11
1.193510094049663337e-08
5.546306786114381132e-09
5.672230284723047826e-08
2.836506316575242954e-08
2.797425751007777478e-06
1.754184637276803738e-06
1.721279071503279464e-05
1.839352993609850772e-05
3.256900523728433334e-05
4.934054670633095471e-05
8.343322361201398185e-05
5.907128457137609764e-05
1.236839382745584461e-04
2.569913727604689963e-05
2.688153951521484601e-06
1.214863525492314755e-06
4.703969951433966460e-06
1.270345317777299579e-06
4.180269476431586416e-06
5.140353571828845858e-07
1.010958076090535967e-07
6.126343135359112100e-07
1.677294053509931560e-06
3.266082010751870192e-06
1.450124765619552087e-05
1.522582992565836187e-06
9.106123953324567682e-06
2.574657813726400821e-05
2.103813389094662365e-04
3.249720322487634249e-04
1.740207981564027774e-04
2.674617729175399541e-04
1.255327924196394853e-04
4.561503917952334380e-05
1.408592839329017408e-05
4.447952821894729329e-05
1.852771675833960483e-05
7.719291524769827695e-06
7.368056933499670844e-06
1.295388582633089661e-05
1.017710329702955799e-05
4.963265096143722855e-06
9.510759505073174776e-06
1.155435294498478025e-05
8.290365971988476203e-06
2.120564357192371025e-05
1.070033812829885789e-05
3.282502560011325474e-05
1.672066247318088853e-05
4.480432495298059361e-05
1.854565737801506381e-04
9.653885457985316083e-05
5.440207944864568603e-05
2.452079338767037230e-03
5.206473436405198094e-03
4.972765574725085749e-03
4.379584033489563287e-03
4.166960148807401232e-03
1.015102497812629158e-03
2.951668831992232010e-04
1.798780326664835738e-04
5.018531237799741255e-05
1.492718611954631353e-05
1.638198007995582818e-04
1.208798887814402964e-04
1.646845202118357775e-04
1.402749892131329690e-05
3.955482628325725073e-05
3.368882903900767079e-05
6.287612714473651411e-06
4.780839522245986200e-05
5.001446419014007405e-06
4.362988855471241172e-06
1.519001369920470761e-05
1.916851485290240056e-05
4.978585158557478777e-06
7.059575364404677323e-07
1.167033295582364338e-08
1.697357516475110166e-08
5.827243468511326547e-09
1.047088232047820416e-07
2.567676796799158220e-08
4.221065258937056868e-08
6.548191052760686169e-09
3.046180607770757579e-11
1.803238202978860001e-10
1.518524725631986604e-11
5.990672108473900283e-12
6.835932834643484642e-10
1.502871087650325999e-12
8.448300575736545556e-15
7.723307261336805062e-11
2.035246002144620152e-14
2.345931413639065431e-15
2.928197772861061210e-30
3.484235295712266348e-14
7.413957719106124419e-12
1.068910314095419674e-10
1.238622558130534632e-09
2.127941396663326731e-09
3.187834698856883947e-09
1.325477972319703239e-08
2.619556738179460624e-09
6.139966312298593006e-10
-5.114804354360561400e-38
-5.487443206459835691e-17
-1.917812767290869623e-12
-8.026960899485057928e-12
-1.272496026315142079e-06
-1.607618415298556945e-06
-1.313256042923270343e-06
-3.188245356627063805e-08
-3.456518542863075930e-11
-2.174844714970673983e-20
2.873165382677232934e-24
1.510115114753983403e-20
1.770437860776974967e-08
1.406303653125360330e-08
5.174930080961617079e-06
2.933782604115085620e-05
2.065363446484793207e-05
1.393731207756157271e-04
3.449918693547687839e-06
4.668074164508495181e-06
2.352714950970678667e-04
1.019179879764307860e-05
1.090447994707282678e-05
2.315333611275495498e-06
1.454777958331851152e-05
1.194277615055083603e-05
9.912734879748714419e-06
1.018248228305352948e-04
4.927037334380018896e-04
1.601288651827302773e-04
5.988658827169354281e-04
1.190765963096944305e-03
2.529308965657422808e-04
1.007992070530984137e-03
9.383203767786081791e-04
9.573084548029694042e-04
2.140395243421771253e-03
5.706355859481041654e-03
4.957809179675905752e-03
3.978535185038331937e-03
4.887901080870285997e-04
6.903657963700697911e-04
4.664663672289171047e-04
1.324044906510044733e-04
5.986017007838695938e-07
8.277193968476564518e-07
3.556082490791304337e-08
3.903652354458305374e-10
1.289665822030699027e-11
1.593739812787056736e-18
-2.816200141093843721e-23
-8.311377483720487721e-14
-1.377554023382556203e-08
-6.078770979351025019e-09
-3.143202410412081783e-08
-9.911861381514887093e-07
-4.142555590398313851e-06
-1.076425780580090326e-05
-1.261619378256178201e-05
-1.234955789543268042e-04
-1.357030905382775163e-04
-7.365409447660759110e-05
-1.427677919943873058e-04
-3.941477827465744450e-04
-3.601981968859894686e-05
-6.924254730590303011e-05
-6.625922044662820010e-05
-2.083456208767913977e-05
-1.072091920492396463e-05
-1.898804211106581966e-05
-3.275712915491701125e-05
-3.007457906683756559e-04
-1.265664024664986528e-04
-1.687811745015953252e-05
-1.701876178781183617e-05
-6.814053474059651563e-06
-2.280849230056621426e-05
-1.091841463448361757e-05
-5.632548008615873787e-06
-2.274054247486528981e-05
-3.285490719971094747e-04
-5.636535356235721395e-05
-1.396959689011153551e-04
-8.965885588166339461e-05
-5.607949375534385149e-05
-8.679808616603494837e-04
-5.287994261263124487e-04
-1.254886317404703411e-03
-2.442093009419791551e-03
-4.462613159739284340e-04
-3.586310095273769231e-04
-7.206819001181169308e-05
-1.047371274606240834e-04
-1.812902651987619788e-04
-4.446341860797858018e-05
-8.526989385201693902e-05
-5.430025169395143094e-04
-1.719179692579817377e-04
-1.761486348454917021e-05
-5.862186660477084724e-05
-2.205098160323996247e-05
-9.170044641415645760e-06
-1.440245521890837395e-05
-2.198958833542651334e-06
-5.019263054652264896e-06
-8.659594993855445686e-06
-9.287540989472784089e-06
-2.228174757995428803e-06
-2.084664442545690336e-07
-2.471227078012881170e-06
-7.852213159774500197e-07
-1.842735363095005554e-07
-2.560457491186036226e-07
-1.848555139204150425e-07
-9.637088524982107073e-07
-6.709189864393596453e-07
-3.235425450132209316e-07
-9.764481973088641151e-07
-1.390846730899387405e-06
-3.434385967236853576e-05
-1.244511498988872260e-04
-3.984129055060394874e-05
-2.204892880628897675e-05
-5.077400718665246271e-06
-1.043424006782742557e-05
-6.052057859871921912e-05
-4.063019322417577733e-05
-5.857538579735394914e-04
-5.671852068904361180e-03
-1.097504323827617687e-02
-1.125820899568859453e-02
-8.432716584977385799e-03
-4.185347895264538570e-03
-8.605572153335369926e-04
