-2.820225949101503815e+00
-2.962650462349143865e+00
-3.471008733306303551e+00
-4.555075971074909802e+00
-7.263293096676827487e-02
-1.061809045614234281e-01
-8.048535226811044663e-02
-9.108908731167540684e-02
-1.086865322265610778e-01
-3.518729739340749341e-02
-1.548327029785195874e-02
-3.343884178121388911e-02
-6.309409979432432924e-02
-8.436889725546634078e-02
-8.792033618812827855e-02
-1.417980255328734618e-01
-4.754658996357342265e-02
-3.682736362661415130e-02
-1.043641231472729192e-02
-5.500309279564364467e-02
-2.843465123144177376e-02
-5.580945388693921844e-02
-4.545060834574344427e-02
-9.319527756618928294e-02
-2.266955711048429523e-02
-3.124084152572757442e-02
-4.069877109083788053e-02
-4.271662375475467760e-02
-7.245060428027241470e-03
-3.458972525109995505e-02
-5.524105592995380565e-02
-7.291865944075834327e-02
-1.494074575550251027e-01
-1.748583123600910005e-01
-1.880056809032043807e-01
-7.788458899174542649e-02
-4.477324658457915163e-02
-1.025228583806227084e-01
-1.080898632113897750e-01
-2.563700704963166668e-02
-1.034448831468765262e-01
-6.194369938893539568e-02
-8.324478622910355674e-02
-1.866625201595127626e-01
-2.220879748373272289e-01
-2.283477759262932949e-01
-3.612566978930242811e-01
-3.041882414911133981e-01
-2.900247158075484610e-01
-3.526370227046820016e-01
-4.368355922932287139e-01
-2.095225028592395122e-01
-6.780357046325233283e-02
-3.182747458120939454e-02
-5.349607240148869514e-02
-1.701629249932605503e-01
-3.368060115575193247e-01
-2.185685658520737928e-01
-3.401614769067328736e-01
-8.335609472139522691e-02
-2.170016305007101409e-01
-2.079493200961024246e-01
-3.439979246370235000e-01
6.973455968505694845e-03
-1.192412184235539657e-01
-4.430172280808618024e-01
-9.223179561806805760e-01
-6.265627686499114501e-01
-8.039205667900723995e-01
-7.248854685205102788e-01
-9.942155854262985093e-01
-1.147833417031471459e+00
-2.444228825071816935e+00
-1.868522171172164237e+00
-3.090723233030450601e+00
-2.485259308470967543e+00
-6.944855982099666647e-02
-1.440643805704019675e-01
1.123792503876241619e-02
-2.123827741074140948e-02
-7.466471858982580423e-02
-9.067272158318088193e-01
-2.474786414043649019e-01
-7.571087304439962085e-02
-4.154584366841876375e-02
-4.724200669520455670e-02
-6.483234438310702882e-03
8.556364012198043253e-03
6.898183159512836647e-05
-2.231263751677470090e-03
2.788627214001438218e-03
2.449028541441069726e-04
-1.193170416515398555e-02
-1.950132030998700822e-03
-5.901566454371111499e-03
-2.245502348753299904e-01
-7.773024527440010045e-01
-2.068978854626301267e+00
-5.115917772232857708e+00
-3.633854735414247111e-02
-1.918155005993192608e-02
-1.455232261257160542e-01
-1.541818779028632756e-02
-1.338671628544599139e-02
-1.784591202757312631e-02
-2.814858721614917417e-02
-2.008563356648445097e-01
-2.744957352668045414e-02
-8.098756639365044530e-01
-5.330882796437710902e-02
-1.421185173131450088e-04
1.195169102143071524e-02
6.948484167269616124e-03
6.777245660349611248e-03
6.933241548416341563e-03
1.825913511055994240e-02
-4.100822840416023726e-03
-1.041282987424788260e-02
-1.056943198676277007e-01
-1.581678424983425785e-02
5.157927962170080240e-03
1.638400595485912242e-03
7.889203357683670023e-03
-3.245466396364894007e-02
-7.435829990170252091e-02
-1.098918796810898213e+00
-2.292184978809672091e-02
-2.821913321994232865e-02
-5.039668275471635706e-02
-3.061144840177031368e-01
-2.285537142855997850e-02
-2.300070677924243717e-02
-2.247313622047502138e-02
-5.795710857561360563e-02
-6.196024821215962569e-02
-1.565170735239903577e-01
2.296066349988499372e-03
-3.561871931536766261e-02
7.286844040076908592e-03
3.876317669924659801e-03
