5.723146690979479282e-04
4.920846875569672525e-04
4.371398448268529690e-04
7.530768026220985420e-04
1.025312175037162293e-03
1.171598780533073545e-03
1.230203829797996834e-03
1.692031771740003807e-03
1.724170159744464097e-03
1.516934982022721768e-03
1.235899334087654832e-03
1.667309908226296752e-03
1.747777612698918348e-03
1.388448665722873772e-03
1.395487076641299369e-03
1.468426073083142725e-03
1.560887428844284905e-03
1.106447790580478456e-03
9.572881798586416928e-04
8.942109483680961771e-04
1.404580634607283498e-03
1.348362547174119901e-03
1.227779938571801465e-03
9.471930647228400798e-04
9.247871604766763750e-04
8.462613754211862791e-04
2.655869454309149266e-04
2.080637692770699999e-04
2.185077469953166773e-04
2.328956001594043772e-04
2.331536812494679927e-04
2.556314872768684107e-04
2.524189590541002092e-04
2.295514751270497219e-04
1.933354697288043741e-04
1.695213754604211955e-04
1.134105081946935211e-04
8.026558887574447739e-05
7.217215351589476577e-05
1.336519173892338993e-04
1.881032667655275668e-04
2.046222365939401929e-04
2.095128240209239736e-04
2.077888430717409829e-04
2.102841847618304634e-04
1.520395990166646118e-04
9.891319999526632610e-05
1.165854893696240162e-04
1.395947226972990508e-04
2.185504500110266519e-04
2.454433902058300782e-04
2.344379949566622982e-04
2.310352329983663279e-04
1.952285503325461172e-04
1.604049917896851324e-04
6.434302371966902788e-05
2.294946902477032957e-05
2.091116887644148031e-05
5.547364080747047234e-06
3.034051942515314772e-06
2.917560482272522510e-06
2.876466068549208175e-06
2.773954315953790455e-06
6.121044714999778112e-09
1.055117154013688465e-09
1.794752529284478357e-12
2.663259701934285861e-13
1.704724305729798252e-13
-8.845895670757790056e-10
-6.838937213160577444e-09
-6.881353925381077295e-07
-4.441485605400169131e-05
-4.665097667582422279e-05
-5.214744676180896511e-05
-5.864237916215220156e-05
-7.234761837478540869e-05
-8.548779058276341546e-05
-9.167863524748567569e-05
-1.077102145966184671e-04
-1.141086050261456378e-04
-1.386478764952023344e-04
-1.892942755778533233e-04
-2.441485066621073099e-04
-2.639341586163226699e-04
-2.958456010029129478e-04
-3.099959139593526196e-04
-3.282005145082414130e-04
-3.026312797932872631e-04
-3.130502890019876984e-04
-2.802252577099601915e-04
-2.579140587644607294e-04
-3.249386371685763488e-04
-3.201215868441790254e-04
-3.551002631479065804e-04
-4.151403730588307749e-04
-6.129607988126228868e-04
-1.228414126484694618e-03
-1.419056046417033331e-03
-1.406086477491646884e-03
-1.355774794526745956e-03
-1.219278711669677905e-03
-9.875239534009733200e-04
-3.456762621506528042e-04
-6.197886156629804990e-05
-3.052579695699315248e-05
-7.070445690308939633e-06
-4.429650822618433824e-06
-1.279585252969525420e-06
4.101036070848826089e-07
7.549590999500969972e-07
2.578410205736879086e-06
8.102217609398578913e-06
2.164206183001335569e-05
1.420934401404413017e-04
2.188061227830975916e-04
2.799255044865259462e-04
3.478812222378191020e-04
3.664080096384283807e-04
4.008734845373591242e-04
2.979804847870114680e-04
2.365074616102534437e-04
1.832255871627592721e-04
1.379230748049103950e-04
1.281296674892039571e-04
8.623455118391281672e-05
7.363633758318484683e-05
6.232700311144803100e-05
7.051581650149115930e-05
9.668516002301637659e-05
1.346578438046095133e-04
1.338387905986013172e-04
1.675373871083436902e-04
1.728047232784061420e-04
1.587693253250969233e-04
1.085685415528362747e-04
5.703816648449628555e-05
5.307811162041763668e-05
1.572436707331099413e-05
7.009975331214923803e-06
6.131097802399927364e-06
5.690024847315459395e-06
5.019965739158616792e-06
3.686858300209985974e-06
2.175629282034014828e-06
1.476250833649276382e-06
3.362148498792035016e-08
2.948325646273996106e-08
-1.395872609691190165e-10
-1.042901219648210759e-08
-9.510478171728948615e-08
-2.603014339233593294e-07
-5.524181493408458002e-06
-1.819109421489563291e-05
-4.557821151514925158e-04
-5.617154700216671608e-04
-5.801517862743973660e-04
-5.851797889865071114e-04
-5.904478920038409287e-04
-5.962918999801329395e-04
-1.768119169619513547e-04
-7.533411263455106692e-05
-5.951728378320419034e-05
-6.440062789600261401e-05
-6.072482923857443026e-05
-4.595808548754719264e-05
-5.282222958004548891e-05
-6.659049543354652126e-05
-8.158972472077641314e-05
-8.043574757910425070e-05
-8.273975040648458594e-05
-8.267334037909140768e-05
-7.278491746336489623e-05
-5.821869958530441106e-05
-6.185539163847650118e-05
-6.010301168154297762e-05
-5.344701790989720325e-05
-4.999213896815124812e-05
-3.557453894315921338e-05
-3.508383333196198479e-05
-1.390039681640451776e-05
-6.882714858025990869e-06
-6.561535694222306207e-06
-6.727452824202233708e-06
-6.553832119928100757e-06
-3.408600613401460016e-06
-3.256522967407188282e-06
-6.741723935189340955e-06
-5.719233967839392172e-06
-8.737942717017645040e-06
-1.071734038345334424e-05
-1.249672864259037822e-05
-1.638334886604226137e-05
-1.446787006022962833e-05
-1.545476663354814235e-05
-1.346119364665718661e-05
-8.071349622589515710e-05
-1.982936766479371918e-04
-2.147025136864137913e-04
-2.197019108648311681e-04
-2.336826378347760204e-04
-2.555223568477297483e-04
-1.892380338639029129e-04
-8.832400823238465315e-05
-1.121987141476231436e-04
-1.952716920900617005e-04
-2.871409018575121915e-04
-3.301002238338071756e-04
-3.618532579528727458e-04
-3.910887283127869717e-04
-3.635781496823206095e-04
-2.787379772739738610e-04
-1.744415277207532510e-04
-1.093625977991368397e-04
-7.420360848026794271e-05
-2.649079997970149632e-05
-9.826645083246424994e-06
-4.872215750271917353e-06
-1.167105381577139610e-06
-9.094363801025540577e-09
3.169443305707600268e-06
3.218511797663316682e-06
3.406782338338979860e-06
3.415767431009104008e-06
3.430147291385782546e-06
3.408055435760277976e-06
6.466355212461311286e-07
8.124440029678828432e-07
9.355074760625505179e-07
9.404366210674049701e-07
9.221484644785418205e-07
9.202812423047966912e-07
5.403096658781825322e-07
3.255429458844107422e-07
1.420893211416508740e-08
2.948671503324815327e-10
3.024968198168017525e-11
3.368687233532361991e-11
3.368637279892612123e-11
3.300432351299472355e-11
