5.380247809080531199e-03
5.696132929661429020e-03
6.655687084293553449e-03
6.308230256106103946e-03
6.093181211505921749e-03
6.759187791004075442e-03
7.442557365555694908e-03
7.215047453262778479e-03
6.571742703037761896e-03
6.022374399944334204e-03
5.141188060771047577e-03
4.411100461683772206e-03
3.959357453586756850e-03
3.811453185613300574e-03
3.692880290620261310e-03
3.867675385182211319e-03
4.102080748533984064e-03
3.917933812443151129e-03
3.944403558782749210e-03
3.884136821462816011e-03
3.350615128577784634e-03
2.879744515380470993e-03
2.905643038395854059e-03
3.155165243202517726e-03
2.811976092552247869e-03
2.818637645746211850e-03
2.928043843600445107e-03
3.227272131518457796e-03
3.608169606421536297e-03
3.512017510224856812e-03
3.398002221202249019e-03
3.455181732582298954e-03
3.037034939849412359e-03
3.268901377405519001e-03
3.853697789594203067e-03
3.950902925720202810e-03
4.620686889699895938e-03
5.022658467548360428e-03
4.387517611832055138e-03
3.920391348959056596e-03
3.994296441553019453e-03
4.081556336444219779e-03
4.138723592440634279e-03
4.361625394042346546e-03
4.433218021965726167e-03
4.640204335121048303e-03
5.318127014061488703e-03
4.835226939108859881e-03
5.423079387788525170e-03
5.571971577558745836e-03
6.356191309608445403e-03
6.432739687391900163e-03
5.799638376232667605e-03
5.819434827715144753e-03
6.104842609429742863e-03
6.587878698488622981e-03
7.977982602001828377e-03
7.581674155534764807e-03
7.003860348302268744e-03
6.714912236667524084e-03
7.116153584610927438e-03
6.581484372390978589e-03
6.530180984395451450e-03
6.778889190548790036e-03
6.758438868631094429e-03
6.622142021984197581e-03
6.390603724994744703e-03
5.645654855363630570e-03
5.586533040727221372e-03
4.404513245460786770e-03
3.989648300258378209e-03
4.070904579195375877e-03
3.500223337730649659e-03
3.572342144158612617e-03
4.056999862306781036e-03
4.351651751832827549e-03
4.293298751442432663e-03
5.029475273657863128e-03
6.830914009177865495e-03
7.292312474470358415e-03
7.612250038634104689e-03
6.251096856999456032e-03
5.209274482961523921e-03
4.058210945742239326e-03
2.813907596525883851e-03
2.392252905420643502e-03
2.143458779196677662e-03
2.014941604879977831e-03
1.522631127248472377e-03
1.720039252096095981e-03
1.893963833600896237e-03
2.235855707827963910e-03
1.871381794579558269e-03
1.703921114918753067e-03
2.137238804442031289e-03
1.828167917387303826e-03
1.778193210025742418e-03
1.879792125290038031e-03
2.208114560117957828e-03
2.303856859942417581e-03
2.398280988376518246e-03
2.004049898453940087e-03
2.085288041200318142e-03
2.005565921961618547e-03
1.667200767509138901e-03
1.915596351419884607e-03
2.033731469556769329e-03
2.413458698250384431e-03
2.098570920268226763e-03
1.886373846785181687e-03
2.186111661602757952e-03
2.498643906559765669e-03
2.686431620676431667e-03
3.126773826223357752e-03
3.111513041708145397e-03
3.325237027730747804e-03
3.722303831087300265e-03
3.093273637877268049e-03
2.690089956108146756e-03
2.366069805268662674e-03
1.866215283310837525e-03
1.913150568907611522e-03
2.081883813406550966e-03
1.916085021671089499e-03
1.849741947059515028e-03
1.595915949664780025e-03
1.428850586019599989e-03
1.305164524178625135e-03
1.468470395645256506e-03
1.575416499371629390e-03
1.329113220890135432e-03
1.548890068268477492e-03
1.542920935341136933e-03
1.551104392269538230e-03
1.530203877492928308e-03
1.730292478378410697e-03
1.887202521787188043e-03
1.854207976444681698e-03
1.706456033756523910e-03
1.716376922925844832e-03
1.844885670680827816e-03
1.447349139461305686e-03
1.282697403485043514e-03
1.034971763588299560e-03
9.131376963339249376e-04
7.189256144243843421e-04
9.050025540733511306e-04
7.021919041858876338e-04
5.884097366500158589e-04
1.502019313487249288e-04
3.493744633804925117e-05
-2.651176229134074157e-05
5.948456528842449388e-06
-1.210011982625495551e-04
9.817430386773902114e-05
1.593873854677963647e-04
2.015846933940803123e-04
-3.394166563055245930e-05
-2.063103868298508882e-04
-2.789482207572722169e-04
-6.003529327974627128e-04
-5.920367591782607240e-04
-8.331865525544621207e-04
-7.964458450310722519e-04
-9.521581933721128509e-04
-1.317271878662759372e-03
-1.572915080825048727e-03
-1.902222468141336964e-03
-1.663620049747679920e-03
-2.067804870077461811e-03
-1.732172289652753961e-03
-2.044699565264802062e-03
-1.834397890817170010e-03
-2.053305059735104077e-03
-1.735983029933980612e-03
-1.676896620093803764e-03
-2.017499749121126965e-03
-1.578197302545502256e-03
-1.545379512715258858e-03
-1.728952902977108847e-03
-1.945741268516811614e-03
-1.742540854442662344e-03
-1.706459096355686681e-03
-2.372503444018886527e-03
-2.045329368903940626e-03
-1.788428949171324764e-03
-2.209466531607587152e-03
-2.890375607497011178e-03
-3.415318404369978127e-03
-3.269854295360880708e-03
-2.658510630465834700e-03
-1.995168294984413487e-03
-1.298457864868947115e-03
-1.236282173405464039e-03
-1.120424438018258022e-03
-1.133565467378579205e-03
-1.110164527102452253e-03
-1.053239844661455447e-03
-1.283543730111700752e-03
-1.149486596772681746e-03
-1.546674663161216748e-03
-1.238030863285419052e-03
-1.494374987522134081e-03
-2.143020464520735933e-03
-1.892652665663275896e-03
-1.692187574038254592e-03
-2.312346739249185584e-03
-2.609223499522494907e-03
-2.826562742824763851e-03
-2.908516000596887870e-03
-2.059830453877153651e-03
-1.743408997579319174e-03
-1.499134349275642536e-03
-1.328279855250375646e-03
-1.755871185958470405e-03
-1.888292592545288409e-03
-1.719760426700116078e-03
-1.833758128361750919e-03
-1.602206045659174908e-03
-2.145655867343744354e-03
-1.865251529616566376e-03
-1.465349077903587999e-03
-1.013428310033902876e-03
-6.616268922450335103e-04
-4.724091492505796378e-04
-1.999344386656883011e-04
-8.531800305027179866e-05
5.612565441786504728e-05
3.349236465778710967e-04
4.762296759643389163e-04
3.100817040389656099e-04
1.002093824996093131e-04
-1.978819989518377652e-04
-2.641981584495603236e-04
-5.537810197653595312e-04
-8.152765415754125323e-04
-1.277167091523382899e-03
-1.581971436955181181e-03
-1.418079396851106054e-03
