1.546766071148049457e-03
1.379937883439986013e-03
1.379878609470059454e-03
1.304099619982436887e-03
1.287513161179740240e-03
1.266396189968242020e-03
1.271470984929838014e-03
1.286210999293991609e-03
1.318122469558267833e-03
1.290562171832644123e-03
1.246866234734605354e-03
1.188101084117170912e-03
1.107696562988861287e-03
1.071635400477863364e-03
1.035034241981461342e-03
1.001317672050474781e-03
9.472349916039693235e-04
9.064983629076933105e-04
8.390230068956180216e-04
7.591139878827636101e-04
6.816195936062715123e-04
6.480764043483277495e-04
6.603860538354485799e-04
6.990189015659936623e-04
7.296748461684850326e-04
7.223664495997778739e-04
6.917800495119644276e-04
6.745190274521009740e-04
6.583172803263768634e-04
6.348236657028714794e-04
6.190611335536825048e-04
6.167471137178878174e-04
6.054375028696528304e-04
5.980944943305590948e-04
5.563608656567079836e-04
4.998018370739802478e-04
4.537949088113279908e-04
4.200416429768071718e-04
3.949458578857942032e-04
3.973790072553897075e-04
4.203177049127476065e-04
4.474063135623406080e-04
4.925895941700260969e-04
5.219932377033239309e-04
5.429389741025938054e-04
5.699820158379385101e-04
6.089821490637710834e-04
6.466455431831035850e-04
6.908911687899030709e-04
7.575397847061838197e-04
8.194316713658501969e-04
8.450045305378872792e-04
8.432308862491181894e-04
8.090860699937191388e-04
7.631714956291600974e-04
7.229522097431539561e-04
6.826912088659929960e-04
6.358479037217997995e-04
5.746790547266493509e-04
5.205974057642008069e-04
4.483921949086433554e-04
3.598806073053108343e-04
2.763541534721482154e-04
2.100687493343775562e-04
1.576751466110677929e-04
1.324907654957767930e-04
1.081334997263524376e-04
8.564842571586849928e-05
6.415920945221992506e-05
3.835818881513973965e-05
2.248536907779965613e-05
1.170694375483606789e-05
6.532023418040790062e-06
4.496540995869557894e-06
3.712395389690615528e-06
3.285577489887214404e-06
3.111809307132183717e-06
2.859200388748005278e-06
2.700732898500774714e-06
2.443971841441583734e-06
9.370164930383288689e-07
5.488255225334051088e-07
5.770219862377579851e-07
7.251635571585190417e-07
8.099006206753797008e-07
1.359159294011819904e-06
2.104669807872016396e-06
3.348932545367419631e-06
3.852530174305610696e-06
4.386680830757171212e-06
4.805817586484342606e-06
6.937494431567423863e-06
1.070255490286932592e-05
2.154921885467941134e-05
3.992702061357212759e-05
5.304289531238873213e-05
7.044395285581459909e-05
1.051039032072023888e-04
1.249736275891278670e-04
1.440489221006316909e-04
1.678591295614327832e-04
1.806974873271125371e-04
1.946765548073489790e-04
2.028967528657674938e-04
2.050936139825107441e-04
2.008387078585308549e-04
1.938862240980211390e-04
1.995277827397891248e-04
1.948134458596209855e-04
1.732625628306547043e-04
1.665941966033240320e-04
1.675032971483553723e-04
1.661796533289285234e-04
2.001561063688475129e-04
2.443178541126460866e-04
2.781536875328857175e-04
3.229560887112517260e-04
3.616890390665140746e-04
3.784924289810152821e-04
3.866678615350808957e-04
3.983613161714606656e-04
4.001238274618905692e-04
3.970116231535445101e-04
3.941693415435694545e-04
3.857379787367330812e-04
3.642403829540970315e-04
3.397695200604822197e-04
3.640797335953667533e-04
3.883366613811731660e-04
4.017935012349163181e-04
4.746461256108246477e-04
5.559996389680630854e-04
6.651184173215690361e-04
8.666931787383123226e-04
1.067744774280998937e-03
1.295787202646248590e-03
1.567810403638040086e-03
1.801410252786690485e-03
2.013899655113311673e-03
2.138526725588779567e-03
2.244464233215894781e-03
2.379960517482210269e-03
2.441393098049798784e-03
2.454256867448633469e-03
2.453438219326216536e-03
2.315927059495372347e-03
2.185930160068168347e-03
2.028598861339533065e-03
1.809398377670330812e-03
1.591325665307530409e-03
1.369424261485680276e-03
1.194048091020719462e-03
1.021786796916531034e-03
8.361989219609292784e-04
6.800561134687239549e-04
5.608478989971046836e-04
4.281017369232140331e-04
3.485461263094339203e-04
2.663788171612287148e-04
1.772348958610403709e-04
1.097761802858391824e-04
6.836186695715209627e-05
4.348851769090877829e-05
2.520589056886562789e-05
1.516454506692356325e-05
4.201153981321108011e-06
-9.448354230571084247e-06
-1.870598263043933568e-05
-2.214862254834314666e-05
-3.355235682633882151e-05
-4.766017104339927347e-05
-6.280358697079430465e-05
-8.310060458619566938e-05
-1.154108908664433128e-04
-1.476548848912885732e-04
-1.667545989407019083e-04
-1.796796525149013223e-04
-1.921297678965459138e-04
-1.939639600469225070e-04
-1.891185692116049077e-04
-1.867961896916455887e-04
-1.770343930104801569e-04
-1.637943903910177551e-04
-1.496934994771896479e-04
-1.302595442260257367e-04
-1.017179652122124177e-04
-7.611345709381322014e-05
-5.957308480730362255e-05
-5.125992320780126127e-05
-4.199169019483236278e-05
-3.694595027942123260e-05
-4.045712884979384019e-05
-5.001299974875593701e-05
-6.366131866245018612e-05
-7.790936619832524650e-05
-9.382152469440423919e-05
-1.083118131196699033e-04
-1.145542570091569997e-04
-1.170301779668824513e-04
-1.335118087789178914e-04
-1.398463179046758665e-04
-1.401344007115980282e-04
-1.417417250388102368e-04
-1.439794056721669724e-04
-1.372812340148495743e-04
-1.243501957632812775e-04
-1.112473883967467447e-04
-9.440693520318251756e-05
-7.966937387473921816e-05
-7.023224513843288289e-05
-6.166980252780844454e-05
-4.455226989960958895e-05
-3.440067225836288494e-05
-3.143901804051358343e-05
-3.046998692170915034e-05
-3.338009148305958758e-05
-4.605518392887556026e-05
-5.024317298154538128e-05
-6.393498944523876926e-05
-7.447663894839169651e-05
-8.992040377543827553e-05
-1.069568577532110666e-04
-1.430802883788458602e-04
-1.988755904990303382e-04
-2.703962683738902811e-04
-3.319517899290622999e-04
-3.871932953107648599e-04
-4.323068847375625945e-04
-4.470324487552113069e-04
-4.724366891280506998e-04
-4.867447507809941239e-04
-5.159125997151280249e-04
-5.356533751322566138e-04
-5.866169456721753153e-04
-6.401954221536375464e-04
-6.651564258642060678e-04
-6.722882570151106352e-04
-6.694454783304528952e-04
-6.485553063824664758e-04
