2.337816741986566312e-03
4.562211925608980890e-04
8.540008771532545671e-05
-1.329118340951668809e-01
2.421964372198542306e-04
2.291301345271200014e-03
-3.384527827080643370e-01
1.263990888731518708e-03
8.782761208516939866e-04
2.663395922832066231e-04
5.573024051561700862e-04
-1.475895220282016085e-01
-5.355061998217616193e-01
6.423196163018855299e-04
1.293271823153993019e-03
1.211312710871404255e-03
6.712774269953210304e-03
-5.018086045636888960e-03
-6.183683695465410669e-03
2.591430234709678811e-03
-4.745109323771554448e-04
3.606663549823586890e-02
3.062519204153439038e-03
6.956253020158081717e-03
-1.650814641210487932e-02
1.326835814726229574e-04
-1.990321611591721631e-04
9.431194715190319025e-04
-6.677847828599545177e-02
-3.446817089054213246e-02
1.688628386962631386e-03
-2.491841426028834280e-02
3.817093412597149290e-03
-5.159928522383227384e-02
-1.066965278326168333e-03
-5.081637745264331978e-03
-1.883978567407197527e-03
-1.228741433063652022e-01
-7.379370010030035401e-05
-5.032643408682574600e-03
1.243327211910114690e-03
5.420314179180872258e-03
-1.914405316272906618e-03
-3.562436859364525709e-03
4.997848460206134533e-03
6.129955497676703750e-04
-8.887838720709253029e-03
-1.033756208125564818e-01
2.705361746401510788e-03
-2.695593661754588410e+01
-4.617854770607129344e-01
-1.311186623535888529e+01
-3.191456301890491232e-01
-1.530496807736510603e-03
-6.088766668359164684e-03
2.660343080790937564e-02
-5.851631487137774756e-02
2.532094106084021700e-03
3.452685656996394830e-03
1.239718884980442991e-03
1.095955251151117717e-03
7.649980489140533867e-04
1.443289990194185270e-03
3.389587436645852183e-03
2.242717071032662799e-03
-5.259064879278910892e-03
3.240655096293562371e-03
2.281613561032435396e-03
1.280249192830104762e-03
2.935308774381443272e-03
5.581922974142110305e-03
4.257005285671865949e-04
-7.622210591121182308e-03
-6.236942999143305771e-02
-4.783870149546051026e-02
9.591608798513613903e-04
1.941661590779734069e-03
5.618077247225755459e-03
1.230049611445497952e-03
7.264776986658034921e-04
8.914888712240671325e-04
3.264196140378163025e-02
5.003487806023612476e-04
-2.465449011762311377e-03
-3.359636328519376787e-04
1.542940272674161702e-03
2.531296023613844974e-03
3.176883287059218005e-04
3.889026264620033097e-04
1.590885004102209294e-04
3.658987235801423356e-03
-9.102680409082344480e-05
2.739617468787758359e-02
2.754842687418587299e-03
4.729452695013476224e-04
8.502488964067571537e-04
2.742254880245863138e-03
9.747433888841931056e-04
-6.366309373297179830e-02
-5.817888005553743455e-04
-1.401497472809965904e-03
-1.172399902154059215e-04
1.170178203624377522e-04
6.886861521405083369e-03
5.548459891355969880e-04
2.422559812288518368e-04
3.471224199570146943e-04
1.115309257071748963e-03
4.161571891366819091e-04
3.691580318094106472e-04
-3.789327439906694291e-04
-1.846540957708257477e-02
1.259546907668752502e-03
4.136384634333536221e-04
-2.455655565258551068e-03
2.763186095215792223e-03
2.963347375449339443e-03
1.372252289808312264e-02
6.106070409531028781e-04
4.570126172608188144e-04
6.101293804575443199e-04
1.544382512292352813e-03
6.207926863387101509e-04
3.069432573164478095e-03
-3.548391758346733198e-03
1.785351990102614778e-02
-1.258913405608631493e-03
1.383039372041215296e-03
1.451227606758245890e-03
-5.818739450409671167e-05
-1.977397473641615347e-02
1.742276169635475873e-03
3.238435464682081887e-03
-3.400752347720326779e-02
7.309837270826746031e-03
1.248814462119846947e-03
7.994114501734325825e-04
6.225979347682861903e-02
-2.721918783503241381e-04
3.457357806051985453e-04
1.361416463708733059e-02
1.996139324876923180e-03
7.791232380447001091e-04
9.475554704861177679e-02
4.866227056123163287e-04
4.612994434558616340e-04
7.432397401866272990e-04
1.216480595681369744e-04
-1.013002815886353963e-03
1.319501800690698798e-04
2.115093379800941746e-03
5.884405292532237687e-03
3.263410650301900445e-03
6.146748336008787256e-03
-2.631355452960347768e-03
-3.376421784740630660e-03
-8.045782458829645739e-03
-3.635457785086551683e-03
-1.426589618832256731e-03
-2.019647253901923206e-02
-1.108105860743589837e-04
5.461790016337069126e-05
-2.247374068382396311e-05
-1.619424981963850678e-03
-4.588823285982022299e-02
-1.966998898035481665e-04
-1.730753099980097032e-04
2.539328359339071721e-04
-1.042891690802316609e-03
2.961061752601696490e-02
9.646219260474524042e-04
2.956252756346417821e-04
1.646918337722211561e-03
-5.659247580187402177e-02
3.035938066753150386e-04
2.302581177070405372e-03
5.276683039896982313e-04
4.140920491131063960e-04
3.214460580703303624e-04
4.359443590654200201e-03
1.255529522030186026e-03
5.413401448159576440e-02
1.562936865693722666e-03
4.381727305126857999e-03
7.601307047309507079e-04
1.334718086751600190e-03
8.713934565805730829e-04
4.195048031241603971e-04
1.837607176549157454e-03
6.529886425365955503e-03
5.838070931039146495e-04
6.911433993170666831e-04
-9.433730867874586846e-04
1.938453915892992879e-03
-9.923664962301756431e-02
1.558041925756538159e-05
-2.208713142042633033e-03
4.006709978425041516e-04
1.066035324418545312e-03
6.783172243343356172e-04
6.344089557431983840e-04
8.452694390535627671e-04
1.311404122254334129e-02
5.140579908634792129e-04
7.857549735094886785e-04
2.538403878092030676e-04
9.371864490916715536e-06
8.983693226425348149e-03
-1.208152023033852707e-05
2.034386396927728594e-04
1.489944128321796105e-03
7.645304478969203177e-04
1.974211317580269124e-04
1.037565798899319451e-04
6.528050341553639840e-04
8.565719642523223929e-04
1.041731088424291494e-03
-4.573173398623864294e-02
1.716379993206356867e-03
9.930159183060640899e-04
-3.371787739255266599e-03
-2.325096517671979305e-04
3.351460975303522521e-03
3.666734761882297321e-03
5.467534447385264708e-03
8.191022011816720405e-03
6.922651189668718383e-03
4.555066391326338606e-04
2.698037378482870830e-03
-3.079691657449497798e-04
3.616575506035461384e-04
-1.327336862400238765e-04
-3.581262272959421112e-03
5.318420877483549282e-03
-6.534646879921899958e-03
-8.357917470472132848e+00
-9.469149005149735121e-01
-3.473108519477094425e-02
-9.620084637978372488e-04
