3.571718155714502692e-03
1.799260151677346689e-03
1.214498848839619524e-03
9.168207524473435217e-04
8.451304683608693285e-04
7.087837730128950615e-04
6.674783059871690826e-04
5.902679045924329746e-04
5.314855920149619533e-04
4.827651761387992011e-04
4.456820835591750207e-04
4.124792880068370673e-04
1.310236986610950648e-04
1.738657420986647079e-04
9.459656966389209205e-04
1.036001186565815467e-03
1.001381550421317221e-03
1.010156433429734713e-03
9.781378685459285547e-04
1.035445023640126387e-03
3.961195838634365765e-03
5.328474357612816674e-03
7.277871373232142234e-03
8.570340382983031649e-03
8.870896989734046098e-03
8.907118428741389940e-03
8.150529068746815639e-03
8.090405161596272987e-03
8.350803648231940740e-03
8.373818696250671587e-03
8.503563464195311103e-03
8.469258266386793174e-03
5.604503588458042973e-03
4.248894343023460786e-03
2.353570956660321848e-03
1.067187719063795960e-03
8.662544119491586000e-04
7.991206773529693471e-04
9.834594759181487528e-04
9.716189929241477894e-04
7.164177449919942103e-04
7.164989758809688991e-04
6.014597144671881461e-04
9.166393679449752864e-04
9.233321801135280574e-04
9.169704144857412182e-04
9.620047533816727210e-04
9.566166789183406854e-04
8.459138293806569295e-04
8.478547946265954172e-04
6.524791302896802746e-04
6.345725187330214035e-04
6.238276880438033307e-04
5.977308260764943029e-04
5.881513883568074063e-04
2.710153219361034738e-04
2.301489327085586955e-04
2.322199838261842098e-04
1.468357540517521362e-04
1.714664363943544376e-04
2.101741617970347110e-04
2.279063611605260152e-04
2.676677891809269580e-04
2.672808157527403164e-04
2.656030075212772188e-04
2.578535340284051551e-04
2.498552496658193759e-04
2.248253224876661045e-04
1.931254997910329056e-04
1.825937916293831037e-04
1.628842735088115135e-04
1.336739777642315650e-04
8.987501563616308905e-05
5.605556033951141496e-05
8.139306714006449886e-06
6.395839937394796292e-06
1.725983791518081814e-06
1.467503989596798341e-06
2.613267575828973614e-06
3.622029907477081112e-06
3.464898952845618476e-06
2.997875174083538272e-06
2.775750111742863289e-06
2.738900681434986971e-06
2.722374577477959064e-06
2.705429354614093314e-06
2.638511435708493824e-06
2.622258142276338001e-06
2.606372981903263520e-06
2.585834925745841560e-06
1.360393121996789709e-06
1.864170664584721424e-07
1.185478435925853849e-07
4.860129481653641337e-08
1.890961979321370420e-08
2.966834548381094717e-10
1.911697350792595928e-11
-5.103905917770030965e-12
-1.059042140721671466e-11
-1.047359047981522623e-11
2.811290900479728768e-10
3.232751044386809803e-09
4.558686731327030858e-08
8.593840995638509894e-08
4.436745026763923110e-07
4.644167370600027496e-07
5.390667437799378923e-07
6.651986008940059050e-07
6.980081982547653978e-07
8.743601345140337615e-07
1.001086230239575708e-06
1.474041182956267463e-06
1.117298797891265070e-05
1.174678150756259660e-05
2.017280115468948393e-05
2.226233101773180813e-05
2.361315419364935038e-05
4.695201077575967950e-05
5.062063158729011706e-05
7.682163179682509097e-05
7.733911165381392009e-05
7.770835071372843967e-05
8.469178097930729935e-05
8.464821829766394190e-05
7.508275462533014349e-05
7.467395068947878158e-05
6.633928627928257712e-05
6.444682844312528392e-05
6.279523756419788476e-05
4.046936479517081127e-05
3.697277450187023490e-05
1.115812139555807925e-05
1.545259886811220878e-05
1.578744419360349609e-05
2.157790949793977008e-05
4.005534794181801885e-05
4.225523680790774331e-05
5.324334318079150161e-05
5.389012973937320323e-05
5.518136847946832497e-05
5.546176904751063367e-05
5.551493915953333562e-05
5.880673076903152220e-05
5.939806608312137942e-05
6.699020386152775041e-05
6.912250444499428684e-05
1.562829799573978542e-04
2.750359502308715527e-04
5.107534663487684878e-04
5.885549704967731445e-04
5.876881052143390332e-04
5.179853380039602107e-04
-1.639930140058065786e-04
-1.311529399336756017e-03
-1.328569467773090158e-03
-1.236948821034746567e-03
-1.086225711498184279e-03
-9.889718245640773380e-04
-1.070634868646549867e-03
-1.207719398492450736e-03
-1.445770578620364380e-03
-1.534728226883941933e-03
-1.534641982277213344e-03
-1.466467872057251225e-03
-7.848268839198132901e-04
3.616225922341628350e-04
3.751241810854343624e-04
2.823521056286720245e-04
1.190545633151222931e-04
1.679983209504224209e-05
-2.185843479483095671e-06
-2.872039180274688150e-06
-2.968673674555758705e-06
-3.642205137899266441e-06
-4.296093011558924425e-06
-4.606267493409376084e-06
-2.551110919211192597e-05
-2.560182627549262161e-05
-2.719447148585215840e-05
-2.753512678708402894e-05
-2.778382645303921169e-05
-3.282654296651108791e-05
-3.508506122422072121e-05
-3.556215771781042633e-05
-3.576113865941187259e-05
-3.511469907986613522e-05
-3.702088480333688188e-05
-3.906274053180440193e-05
-1.896229247788792626e-05
-1.889406848982314960e-05
-1.732086631413784448e-05
-1.693265913215774218e-05
-1.654643144664939350e-05
-9.515607608306751782e-06
-6.669466898756525189e-06
-6.081445964067001360e-06
-5.785830110727881567e-06
-5.758641652941711026e-06
-3.198443285377487377e-06
-8.464130687533182068e-07
-4.201925802308118139e-08
-1.951294674037288772e-08
-6.245496187039304721e-11
1.088208458213815033e-13
1.609473270262746658e-13
1.958089276939042396e-13
1.958205434199691765e-13
1.961540199265667033e-13
1.963213772922632605e-13
1.786522379224264676e-12
1.275452832178068883e-09
8.181631415838005719e-09
2.069249870754344390e-07
2.080026554160381842e-07
2.088882357024237664e-07
2.121162843719086780e-07
2.284117189100455052e-07
2.729933301322746444e-07
5.464095665430700335e-07
7.161257853644274274e-06
7.224830589998748144e-06
7.771863441573677542e-06
7.856977431278339567e-06
7.886074068701716961e-06
7.692402650455173812e-06
7.691469815015639883e-06
7.690620061284949861e-06
7.693713149729857663e-06
7.680276673215881967e-06
7.640801587514479032e-06
7.367787509092345548e-06
7.627232514100856849e-07
7.251574569458283285e-07
2.517159977110832770e-07
4.934841791555809085e-07
1.118492873105188837e-06
2.154761647335239122e-06
2.202200330372844414e-06
2.244224491201904756e-06
