1.447208089893896755e-04
7.763303849483621836e-05
5.355330360976506902e-05
4.016498006109207289e-05
3.213198404887365831e-05
2.677665337406138306e-05
2.295141717776689783e-05
2.008248402456794244e-05
1.480810538785947872e-06
-1.093204026595301934e-04
-1.784875664229360753e-04
-1.939497367084553443e-04
-2.068613837105812093e-04
-2.077615468475275116e-04
-2.082110678688310276e-04
-2.082110686534204350e-04
-2.082110686534204350e-04
-2.082110686534204350e-04
-2.082110508040017416e-04
-2.082100131686719232e-04
-1.939524659922762899e-04
-1.017348894346124669e-04
-2.909215961070932881e-05
1.244040409259628108e-06
2.111000037681549198e-06
2.133585004271265284e-06
2.133649731621909247e-06
2.140590038709079191e-06
2.299790147383711357e-06
2.302832944341830171e-06
2.313344128942632401e-06
2.329059064397767537e-06
7.013185595737162170e-07
1.003825897238376726e-06
8.297260434230232447e-06
8.925346476834749641e-06
1.789778988789229524e-05
2.269819903564952853e-04
2.360669163412891427e-04
3.240593991088402915e-04
3.350608259452799234e-04
3.518276842424330358e-04
3.680012522998350115e-04
4.225709029926710218e-04
4.374521474916905853e-04
4.865719748166165751e-04
5.428355296033125690e-04
7.014306678483051526e-04
7.309114242872610280e-04
5.556330107455409971e-04
5.904753777691643937e-04
5.266832406233703081e-04
5.429372795989743537e-04
5.395741708682347303e-04
5.327947439907391959e-04
4.896081199550195422e-04
4.752213000391856718e-04
4.262198706434888154e-04
3.639109548982989999e-04
2.063701963175833558e-04
1.680791352045953914e-04
1.342795405867681187e-04
9.035526759042652675e-05
6.614810718937496118e-05
3.873344188793942394e-05
2.532665017378393291e-05
1.592204130477490565e-05
4.522382835390463330e-06
3.675866363534742370e-06
3.248330544362146963e-06
1.870794147638820172e-06
1.882625749203942719e-07
1.074379593199826231e-08
3.357925764070473838e-09
3.905278219136038711e-09
3.787032508315657319e-09
3.786602435536346726e-09
3.789720275506651541e-09
3.740735045713760297e-09
6.598839809309429212e-09
6.694173046714960552e-09
7.064935215678253042e-09
7.127422586662068087e-09
9.312905947085307063e-08
9.623232147341989366e-08
9.640382945454656872e-08
1.077714079437221685e-07
3.321001765651079494e-07
3.354075967727026017e-07
5.557302152109198327e-07
1.712709432289835239e-05
1.721840885473800573e-05
1.769490347710762527e-05
1.859972063010230259e-05
1.888197151132235904e-05
1.971441833835812374e-05
2.225060817966277127e-05
2.420183338041998906e-05
2.718022522583137698e-05
3.032559187180111071e-05
3.776945193409774691e-05
4.922262653745989772e-05
4.427283984440241602e-05
1.028459901076011536e-04
2.777246596384780352e-04
3.285425371712684850e-04
4.046410553802225608e-04
5.193919695152561782e-04
5.768704229383475905e-04
7.408034305245405531e-04
8.309239801250494937e-04
9.340503407932639057e-04
1.009718911578012020e-03
1.089515892284037774e-03
1.144801871527045389e-03
1.181761909692073979e-03
1.175323348962481343e-03
1.200330335183651554e-03
1.250745084628247274e-03
1.170549604412532288e-03
1.141166068163851398e-03
1.003563142989587036e-03
9.481847329904737921e-04
8.556596024129732797e-04
7.946721734921652520e-04
7.127482362038793998e-04
6.514654945824783225e-04
5.861758430003690323e-04
4.275720758850082705e-04
3.933632243744583385e-04
2.758946781963652760e-04
2.601619061336006263e-04
2.449549914591211551e-04
2.200456767416576786e-04
1.837316831489915249e-04
1.704125534172702564e-04
1.484006623857071045e-04
1.390066863469117085e-04
1.334181365848552446e-04
1.031341097241594379e-04
9.295656274446716398e-05
5.062163514438390707e-05
4.151301215613771665e-05
2.230198539428250693e-05
7.839747996373535305e-06
4.623465431442064309e-06
5.420450793205295097e-06
9.198656475849054280e-06
9.650135799100381128e-06
9.866398080811431215e-06
1.007950226947194250e-05
1.003642081801956231e-05
9.904559913070633826e-06
9.718327042165850991e-06
9.504373849702111869e-06
8.976058252800400488e-06
8.011673271590251535e-06
7.856002661101799868e-06
5.637555942794780843e-06
1.209393319915046968e-06
6.419196506946718051e-07
2.730890011876816906e-07
2.370718798058456771e-08
1.298926287607992106e-08
9.465502041350869926e-09
9.423262767736144927e-09
4.964598499682296819e-09
2.976089504254397154e-09
2.302862733668924874e-09
-2.255896932211619785e-09
-5.626978884975470618e-09
-7.553594328919513755e-09
-4.451928410892578443e-08
-4.474834978715636042e-08
-4.474887430254059312e-08
-4.474897818066855306e-08
-4.474975978905078217e-08
-4.474976121268270737e-08
-4.474977803133750828e-08
-4.453648953863788907e-08
-4.541340685102610024e-08
-1.089464141816002057e-07
-1.654078871356378028e-07
-3.349209861588698311e-07
-3.993811622902209634e-07
-5.121707083746804585e-07
-1.373712642271760978e-06
-1.941690712702425107e-06
-2.187503902612349962e-06
-2.951057536117681800e-06
-1.433874190609071618e-05
-1.479753085432405331e-05
-1.489393531363189792e-05
-1.516348293048729072e-05
-1.517310776261437717e-05
-1.536043067659151554e-05
-5.486667022632319091e-05
-5.476149186565176428e-05
-5.390052280955282037e-05
-5.333254622676874201e-05
-5.308673225583565824e-05
-5.232317862945861688e-05
-4.093549424736256701e-05
-4.047669805386220113e-05
-4.037945785568197114e-05
-4.004205985007801906e-05
-3.997264377536623674e-05
-3.961572726270608415e-05
-8.486005185187895831e-09
-6.457540989153572839e-10
-7.219669755559003016e-11
-4.930983931088195177e-11
2.287039206131384626e-09
5.092329117317890584e-09
9.517530922917668800e-08
9.432719240349494726e-07
9.653562808340370418e-07
1.010484776907193403e-06
1.011327842754219892e-06
1.015801952440816027e-06
1.015821147836697059e-06
1.015821147836810561e-06
1.015820983428390585e-06
1.015795664814003981e-06
1.012537770203668063e-06
1.000371988786850001e-06
8.870458130963625949e-07
2.768905164934698531e-08
-5.421640059846033154e-08
-1.639142190893567298e-07
-8.610850911073046982e-07
-8.917988630559646148e-07
-2.755622937942930220e-06
-3.286520826481242354e-06
-3.676621280622130652e-06
-4.317291570360088806e-06
-5.522085948870659544e-06
-6.066116747751811314e-06
-6.290863648467545713e-06
