beta2
9.196708523923704387e-03
9.183312166867584753e-03
9.206552262070103257e-03
9.299516601612808908e-03
9.489922483192796132e-03
9.602555044915406929e-03
9.765845466607570718e-03
9.813757967654660602e-03
9.807177237620683802e-03
9.737249263286330142e-03
9.593305076417001087e-03
9.369110334574822646e-03
9.232011988222854279e-03
9.109206532376401544e-03
9.264217823056322687e-03
9.502958715093517972e-03
9.589999877938047007e-03
9.815821055445761445e-03
9.631687757221878837e-03
9.459864433782178700e-03
9.416993774973965448e-03
9.558913512151389485e-03
9.764710373640799954e-03
1.000817540785755438e-02
1.022241079999515641e-02
1.014436720777491668e-02
1.025219016837115860e-02
1.038751505526127640e-02
1.049999128996840364e-02
1.061253852340073717e-02
1.082828880704126209e-02
1.062890681720813843e-02
1.037391522504670788e-02
1.062161362719327151e-02
1.057269674650982219e-02
1.059310894789995336e-02
1.056478487685199447e-02
1.049551624713346808e-02
1.021834358740299903e-02
1.000527052252248722e-02
9.875197214826329090e-03
9.717092670228091866e-03
9.572093316937070606e-03
9.338788357416328081e-03
9.259896295613200684e-03
9.066608233207198650e-03
9.074110088245254668e-03
8.867497838937922830e-03
8.814066451545806563e-03
8.725265522263665752e-03
8.567235507135062544e-03
8.567249273344502286e-03
8.612331312078089912e-03
8.634026568956312125e-03
8.752079268810924323e-03
8.872867212645489318e-03
8.560665487021619502e-03
8.233152431270023691e-03
8.371195173941921308e-03
8.545440439861162751e-03
8.694629852638087464e-03
8.577963148113628214e-03
8.624355509128748057e-03
8.714142120423623572e-03
8.815524802712053007e-03
8.913261356416457559e-03
8.909596929885844202e-03
8.901400348336925561e-03
9.155197476732598177e-03
9.359536264605722647e-03
9.438012925320406199e-03
9.539074704962175258e-03
9.544037881466739884e-03
9.565973922996552636e-03
9.636521507297234057e-03
9.617248087775273277e-03
9.568200841524047290e-03
9.974934741443484271e-03
9.972078895751875990e-03
9.956817813581623697e-03
1.019907937340341908e-02
1.021940371090507976e-02
1.046895012189415393e-02
1.055545324445004811e-02
1.059089163801993708e-02
1.065984911536638907e-02
1.065928981303568800e-02
1.024787934544384160e-02
1.028045017744257106e-02
1.031876598815964843e-02
1.023067076507261017e-02
1.015623282603682689e-02
1.001704213041965975e-02
9.991702404027545670e-03
1.005925810053479377e-02
1.007676651013043358e-02
1.009903038388198712e-02
1.013357242444402548e-02
1.014952059444800339e-02
1.010255685895559974e-02
1.003306802220880339e-02
9.903996406403388353e-03
9.650559365276329543e-03
9.373385789172732074e-03
9.139435813993722693e-03
8.813222165403849367e-03
8.688174033177349653e-03
8.677786220415087057e-03
8.634438127003846164e-03
8.452001938815990878e-03
8.230172153242846372e-03
7.970306839493443429e-03
7.985680341398959659e-03
7.992237568306624976e-03
8.032951446639680082e-03
8.017160565266377714e-03
8.002214379908173178e-03
8.019178280217031940e-03
8.244335034048326863e-03
8.395659012899596083e-03
8.516895171800285824e-03
8.643444006798369286e-03
8.693821705945126155e-03
8.745347134522529070e-03
8.784010484994400625e-03
8.822047852920993777e-03
8.856007813765871470e-03
8.898423018170722662e-03
8.876962285031242059e-03
8.822282167586471477e-03
8.912165280070397100e-03
8.953927327475411785e-03
9.013211767036184707e-03
9.145767880724743962e-03
9.294894369641211462e-03
9.119209594908261191e-03
9.011871047716384087e-03
8.972350620500836940e-03
8.701101025344550391e-03
8.478868481695267523e-03
8.201635863792005460e-03
7.958143215760883973e-03
7.957897077972458585e-03
7.918516039868365997e-03
7.975473280031331741e-03
7.886952469938805776e-03
7.843886569594954103e-03
7.938928729709587503e-03
8.104779162310228949e-03
7.873675993178480548e-03
7.658632042022828212e-03
7.386160765737987896e-03
7.717262187337719029e-03
7.809880902605344580e-03
8.237375916439488438e-03
8.679145287997428945e-03
8.725551191903092169e-03
8.602381624928285425e-03
8.568509835934596044e-03
8.833207911242519847e-03
9.056386760116863152e-03
9.230182415288461575e-03
9.194958620934072860e-03
9.058209969796008482e-03
9.027433666602842008e-03
9.044487613792735747e-03
9.073367498819890492e-03
9.112240890391760939e-03
8.949959824231693700e-03
8.706029756940358161e-03
8.928805663547367821e-03
9.092344550321006247e-03
8.720665225496448611e-03
8.798250695969254964e-03
8.617282313255453241e-03
8.516360515708202433e-03
8.547039506126070940e-03
8.615966495090256194e-03
8.730671616556932857e-03
8.801878722130250521e-03
8.922023959129218168e-03
8.902402305259057846e-03
8.914256349630382548e-03
beta3
-3.367998849524728860e-04
-3.508410665266657518e-04
-3.827711046889098966e-04
-3.889243102401128069e-04
-3.796088101291444071e-04
-4.066436008267302086e-04
-4.402539217897189243e-04
-4.835009803501770032e-04
-5.256918734824479441e-04
-5.513588036537235950e-04
-5.329826999262682980e-04
-4.833142313238466756e-04
-4.526975271804626472e-04
-4.231809084819754090e-04
-3.924675227477786798e-04
-3.817474011932736871e-04
-3.770219723273896721e-04
-3.788567380976705541e-04
-3.527634440937693237e-04
-3.502047168118636194e-04
-3.223201778788835695e-04
-2.978415628144127198e-04
-2.946005119550122969e-04
-2.977434791926873194e-04
-3.129296942612852734e-04
-3.225823706560137713e-04
-3.412049181182285869e-04
-3.754238046932734411e-04
-3.878725213253339651e-04
-3.953222853972756710e-04
-3.951786474608636130e-04
-4.121360387410466248e-04
-4.189203182647446171e-04
-4.698100270803605536e-04
-5.296801139514324209e-04
-5.891022589407507708e-04
-6.589769914368689366e-04
-7.525360356578708002e-04
-7.702376834353903169e-04
-7.650877896010258548e-04
-7.834742383196945320e-04
-8.026184103587282858e-04
-8.156216307789853487e-04
-8.705546585241349077e-04
-9.374893929778835332e-04
-9.965857040054866382e-04
-9.439742587558513660e-04
-9.241685535217607130e-04
-9.635851653203915835e-04
-1.028479585787582182e-03
-1.062513118859468881e-03
-1.026721141909276835e-03
-9.730199438222859399e-04
-9.806722965965421722e-04
-9.871649000940806596e-04
-9.774821209139021583e-04
-9.669689984582495804e-04
-9.832518176170232209e-04
-9.752788030513714901e-04
-9.407757490001334311e-04
-9.297376182658789560e-04
-9.122163838398404277e-04
-9.039762334566581051e-04
-8.995462034145948298e-04
-9.344375919386029364e-04
-9.399277428784619942e-04
-9.969532165345889457e-04
-1.061894299492253122e-03
-1.057102021486739339e-03
-1.101189095719451276e-03
-1.151400889815498534e-03
-1.155679370418761370e-03
-1.124494889017961432e-03
-1.098580359832880982e-03
-1.068790151822004205e-03
-1.003083310197850795e-03
-9.353607703165445902e-04
-9.171905839883510774e-04
-9.881351629787158211e-04
-1.079363581394733856e-03
-1.223320360618143383e-03
-1.303567322956163165e-03
-1.353185813937626738e-03
-1.385559659594325956e-03
-1.391674957964782449e-03
-1.419316627316684603e-03
-1.469439170589065344e-03
-1.549308948646618183e-03
-1.502707454537584048e-03
-1.431990019328890223e-03
-1.484495854149782759e-03
-1.543935647867114742e-03
-1.586024267364207494e-03
-1.599090204721682808e-03
-1.568493883949036377e-03
-1.545615242524431276e-03
-1.499266229369755577e-03
-1.468605944106167590e-03
-1.435551591074881936e-03
-1.419917365380497050e-03
-1.431467228284222975e-03
-1.491632909189991203e-03
-1.618755623714073378e-03
-1.759991275540800058e-03
-1.860550398183888300e-03
-1.995879163917846626e-03
-2.032865829860189700e-03
-2.059261844328575970e-03
-2.142041252125788039e-03
-2.188004803509780750e-03
-2.292919383202921685e-03
-2.398577345910807637e-03
-2.330263325638725139e-03
-2.272271126833328748e-03
-2.221224558783942669e-03
-2.189237215581860650e-03
-2.184239340117074407e-03
-2.164055154379548006e-03
-2.113336995127283041e-03
-2.063207889626873098e-03
-2.091255258978108253e-03
-2.115444873740572260e-03
-2.203251658177560884e-03
-2.281027163324463036e-03
-2.372962055305335993e-03
-2.506129442865549090e-03
-2.523176398153836528e-03
-2.569030017638369856e-03
-2.594888596204678564e-03
-2.608008203028488320e-03
-2.572201755281162353e-03
-2.548809409488463507e-03
-2.495922693074983933e-03
-2.532997954653431767e-03
-2.583124375461682588e-03
-2.501640757237223733e-03
-2.390462968236884214e-03
-2.287133812792780784e-03
-2.317516304410240438e-03
-2.340761606640448175e-03
-2.365991006942749775e-03
-2.375195068654595114e-03
-2.290584850874775175e-03
-2.245129020642534778e-03
-2.195329482367466487e-03
-2.165130197535694318e-03
-2.165770537386182450e-03
-2.183407485243797023e-03
-2.131317061778343486e-03
-2.075189103350878923e-03
-2.018805151201044992e-03
-1.981565742896698387e-03
-1.974508168979157742e-03
-2.030096955142122843e-03
-1.936849952610256989e-03
-1.883971720436450857e-03
-1.900115996920384099e-03
-1.939053740037010448e-03
-1.977856668381074937e-03
-1.903722935964765380e-03
-1.836531206511634587e-03
-1.812925876824965452e-03
-1.852715195436026308e-03
-1.866555129117187205e-03
-1.858077825414452362e-03
-1.867907801363160973e-03
-1.912418252336618978e-03
-1.954219259050159023e-03
-2.017549269036848780e-03
-2.097418679957576554e-03
-2.104866975152719366e-03
-2.215382143677237757e-03
-2.340256529293290380e-03
-2.342846289189479646e-03
-2.352144404121591682e-03
-2.333228245195179389e-03
-2.302831746294500131e-03
-2.267778592346439935e-03
-2.081277151816108596e-03
-1.932335252350710943e-03
-1.823731853888810664e-03
-1.770599438021845879e-03
-1.725760340488768484e-03
beta4
4.359639624201068152e-06
6.143162864442915089e-06
9.854316605390363418e-06
6.894811839620357505e-06
8.202899157426819126e-06
8.475487456018259300e-06
8.762036439798229312e-06
9.149014144326673975e-06
1.644667837413542799e-05
9.596841548327254259e-06
8.113711400192250838e-06
1.278627684494656710e-05
1.081510571741040218e-05
1.000866560672043917e-05
2.760450022053763986e-06
9.152401344705687748e-07
3.969663265847918650e-07
6.635945475674636666e-08
3.072242358098688117e-08
3.017237135934889343e-08
2.478388463064589114e-09
3.782878548850115058e-10
9.821834672791657820e-13
1.177043084083222277e-19
-1.013496082790593083e-14
-1.070003993678408818e-10
-1.194016592595729662e-09
-7.197471315996618106e-08
-1.895428645322921551e-07
-5.945554290846716239e-07
-2.340806755042429722e-06
-2.821277332313322495e-06
-2.039830585582416281e-06
-4.857076443598913956e-06
-4.986164349991317349e-06
-1.270321573998656490e-05
-1.052143739865622279e-05
-1.420574591562458940e-05
-9.082040148274894361e-06
-5.063830417021464899e-06
-2.569091985436020942e-06
-2.074196367866430460e-06
-8.171656786978267136e-07
-7.064040020557594752e-07
-1.342661106958471694e-07
-3.177650982038092177e-10
-9.147487435922112064e-09
-2.190599919122781081e-09
-5.132031880986297084e-10
-2.135990295497327397e-13
-8.495227884646920975e-17
-1.680342919850812900e-10
-1.608079082922806598e-08
-8.127884630290281341e-08
-9.066515448081245346e-06
-3.027982440421615029e-05
-1.663283787371340320e-05
-7.912318615234610245e-06
-3.478965127337327274e-05
-7.058900018698660030e-05
-1.048531940638942748e-04
-6.392811686164762575e-05
-5.674576638313488433e-05
-7.756716423342866656e-05
-1.163553486323939159e-04
-1.567545735496587728e-04
-1.438307868371219980e-04
-1.850306800733841450e-04
-2.293623534361478790e-04
-2.581782404348992787e-04
-2.911563888817658621e-04
-3.501935208695575001e-04
-3.197539502338563760e-04
-2.820392759218981645e-04
-2.462627428842689876e-04
-1.797417474531798885e-04
-1.403838651424390259e-04
-1.051753131254251199e-04
-1.270492330140226916e-04
-1.756829168142122249e-04
-2.446439852833922094e-04
-2.218034361888761871e-04
-2.838085790700027003e-04
-2.694871756190870930e-04
-2.671609942414764852e-04
-2.675232553835507664e-04
-2.694075541199906056e-04
-2.782961451514015657e-04
-2.439612134263542849e-04
-2.601155783796627930e-04
-2.195956098708171783e-04
-1.989810449647958141e-04
-1.655543437150547846e-04
-1.592017276222599522e-04
-1.229083671796825697e-04
-9.778590911490501981e-05
-7.859047265410645095e-05
-6.330989543303200255e-05
-4.274092312131278268e-05
-4.422861084546664718e-05
-3.569703268754145591e-05
-4.696477972957309672e-05
-3.643812924501067541e-05
-1.876117629521711162e-05
-1.033045543109526434e-05
-2.122166289638310253e-06
-1.327051829186337486e-07
-7.172186042360447779e-11
9.510615769781933564e-12
5.422643040913413880e-09
2.601649786837086634e-07
1.759183662209345308e-06
2.250690177877481822e-06
5.628984214035831542e-06
6.471514582488830717e-06
1.527686766326736290e-05
2.002941138630648409e-05
2.375022276685003891e-05
3.821037814713151598e-05
3.569604082174431903e-05
3.668481361756834768e-05
5.364425755383005960e-05
8.309196344089263839e-05
6.814444082167982176e-05
8.778242146034547205e-05
8.663286004505438634e-05
8.309556834610489612e-05
1.006702377030787882e-04
1.011010924580649467e-04
1.033516722448383075e-04
1.304925720660445022e-04
1.192355321106869126e-04
1.294363705143949613e-04
1.276692052552486837e-04
1.360749233562716224e-04
1.517777735139970701e-04
1.744888759087955953e-04
2.427924926637811654e-04
2.455741528538677235e-04
2.432085923218755955e-04
2.653463293311587694e-04
2.632180340402343489e-04
3.216413879599092128e-04
3.573721656941164200e-04
3.653623561753856696e-04
3.739687226205071820e-04
4.525654093810205529e-04
4.923055512697775042e-04
6.169164908513312742e-04
6.596834597506276432e-04
7.318803386827851245e-04
8.218344042198212629e-04
6.878834080966281326e-04
5.180549022724268001e-04
5.474146071278524145e-04
6.416445106388170630e-04
5.723909117698301957e-04
4.248243421661948701e-04
3.046891732171638344e-04
2.728618456189665616e-04
2.061284584956904454e-04
2.067605185419617081e-04
1.778079596379942185e-04
1.385776659482558211e-04
1.092481259298761409e-04
1.056469069050119285e-04
5.336722857009441672e-05
4.637012360605142461e-05
3.470154682731075294e-05
2.030717607702366238e-05
2.830859304494917503e-05
2.053722017186385425e-05
6.745163305945116399e-06
1.194643817196575241e-05
1.579463630854723277e-05
2.169303549694161909e-05
2.477335358863336342e-05
2.291937078670737332e-05
1.932844254036964013e-05
1.877363827987576237e-05
1.716324501228473062e-05
1.093281726328613218e-05
4.592779709516113559e-06
beta5
1.329181490445113760e-05
9.014612812537313175e-06
1.087599595174149006e-05
1.704434163329566294e-05
2.036515775063050984e-05
3.177002477413179090e-05
6.520435239252377936e-05
1.041657610327672168e-04
1.730624411449845329e-04
1.202444224151813480e-04
9.068826814574909090e-05
9.724041139181545412e-05
8.775419914089986986e-05
9.192089284780426313e-05
5.527024128880653257e-05
6.139411181281313366e-05
1.203799396713638663e-04
2.491352400839933140e-04
2.608174742704760752e-04
2.769136700833257371e-04
3.486605419593635487e-04
4.108929648906485500e-04
4.862913108709532436e-04
7.098739310079886641e-04
9.501093558129281458e-04
1.349215932491302453e-03
1.890985624792712767e-03
2.431199880316508698e-03
3.050393060374487729e-03
3.641355795221100540e-03
3.971189503654047256e-03
4.588002633560366375e-03
5.352148504870285484e-03
4.632458616396839708e-03
3.755277175003921952e-03
3.460747184974487679e-03
3.152687111530015629e-03
2.885437751470647239e-03
2.910525230335551591e-03
2.504637641016313476e-03
2.308604151044888527e-03
2.192215303490659649e-03
2.058861003151331564e-03
2.268553783017857560e-03
1.932124407605634482e-03
1.458586147513315796e-03
1.580254526092790763e-03
1.136284270835930931e-03
7.452061097119678026e-04
3.493126838005598551e-04
1.494358186619377279e-04
1.149475486819930378e-04
1.050295171437476112e-04
5.207976869991431690e-05
1.113248530756171656e-05
6.108749636250012270e-07
3.949607883796547624e-08
-1.508238461526039741e-06
-1.623849411574247899e-05
-2.920671949273851808e-05
-1.271537207660617170e-05
-1.197307176002018895e-07
-1.952246627849740519e-09
-2.409912213537819557e-10
-3.649495783350587799e-09
-4.032219134844723240e-08
8.505247636213121927e-31
1.477238178373746700e-09
-5.222813942483030974e-11
-4.775213233594350946e-08
-2.658548098613121999e-09
-2.180016913197617865e-13
2.308091038781702643e-07
3.475482628239917947e-06
1.946573499957062348e-05
6.924941977642836690e-05
1.664372356518836597e-04
1.342603511281320009e-04
1.883445463471355942e-04
2.574575560815513015e-04
2.474093385130544769e-04
4.240596998078174484e-04
1.621505982086476135e-04
1.607374164901620363e-04
1.869935377311100636e-04
2.051474050501293485e-04
2.035581056002284364e-04
5.693235999184665178e-04
4.220377964493503709e-04
3.246160192651984964e-04
2.512682367365293807e-04
1.916231878500047621e-04
1.350972519639347265e-04
1.212742377299893040e-04
1.196280648459930777e-04
1.501733712201049216e-04
1.723662158968083480e-04
2.211199691992217281e-04
2.807172315824629392e-04
2.126615777776477494e-04
1.883804534497486517e-04
1.681347834299310763e-04
1.384840943695697733e-04
7.587996914593564575e-05
5.195973321608641951e-05
4.001028615443779659e-05
6.532904024371441844e-05
6.733529510217559750e-05
8.837911684597116028e-05
4.940165993182993011e-05
2.665736284502808395e-05
1.836554940262099037e-05
5.665392976434715029e-06
2.593713535681625956e-06
2.862140640075331852e-07
1.448984864543237445e-07
2.660602524340777659e-09
3.101035793267807201e-19
-2.204863601349292801e-08
-2.854059015755448782e-07
-4.578055403391403291e-06
-5.869171212550073183e-06
-9.675868869863279482e-06
-2.167120802391789839e-05
-3.163679187634473630e-05
-4.848828549911148099e-05
-5.257279955798199495e-05
-5.849323685085861164e-05
-4.898373378784964414e-05
-4.982038967310176343e-05
-4.435237669920238772e-05
-6.040530001504672969e-05
-7.773889890056552088e-05
-8.939227675055651354e-05
-9.053172846506420796e-05
-7.939861127320501461e-05
-9.396474672943041606e-05
-1.078054807730462270e-04
-7.646590424552087535e-05
-6.357859166394866303e-05
-7.145732281110262743e-05
-5.826476421425318228e-05
-6.993431672578943317e-05
-9.740251328034938956e-05
-1.249457036168135802e-04
-7.224205696994525825e-05
-1.216153019849297047e-04
-2.068088742879228229e-04
-2.799288616797704853e-04
-1.255452603459663750e-04
-4.363641871810632365e-05
-6.255094828052092870e-07
8.870362489534286788e-07
6.150019733400376946e-05
6.875177614277836282e-05
1.339222864123602690e-04
1.979995260273698554e-04
3.378724212252914296e-04
5.130317506160640435e-04
2.861919781962371035e-04
2.142901179263207096e-04
9.567170109635284741e-05
6.855671979405089992e-05
8.538630780997051768e-05
7.619098946867957180e-05
7.169635849684137009e-05
7.198310976649469983e-05
8.000288798579602983e-05
2.986460938997574085e-05
5.593974639097438590e-06
2.641634084588209976e-06
3.290201243551709110e-07
9.139407524843404735e-20
1.284964230353889142e-14
-2.887682544692249691e-09
-8.171564873015524194e-07
-4.331838745250978949e-07
-1.214771795564998575e-06
-3.861410337519296534e-07
-1.656626514498356092e-09
-7.507447523803597187e-09
-8.408971362164127435e-10
-4.936171229170029371e-12
