4.539480836407169470e-03
5.497645420911414019e-03
5.372181217009883332e-03
5.465113918941671631e-03
5.387046082676508370e-03
5.421943819432446625e-03
5.432437528311999213e-03
5.360990224818952890e-03
5.074089644197763219e-03
4.806927485992946308e-03
4.600310959802005051e-03
4.396417629141841608e-03
4.152837475420296381e-03
3.651185830222254593e-03
3.224674547188272414e-03
2.746015211803839312e-03
2.323108931286762061e-03
1.851071543578077438e-03
1.381446309518686438e-03
9.438375139451230010e-04
5.014669770353727450e-04
4.127909469157207712e-05
-4.907969030071157460e-04
-1.078778383437792874e-03
-1.521510312989470719e-03
-1.751787561775171830e-03
-1.871020906075968960e-03
-1.889460539015342050e-03
-1.895504303641797799e-03
-1.889836291200791552e-03
-1.877586584036810982e-03
-1.829501278368879250e-03
-1.607302499379365890e-03
-1.302905021630576705e-03
-9.467429028840902835e-04
-4.372588060506949338e-04
-1.602481625087997464e-05
2.610349851673531268e-04
4.194706552435579464e-04
4.564507911250795182e-04
4.723930489524770428e-04
4.756927016961584793e-04
4.774988708789698784e-04
4.969582359828870208e-04
5.582019135638556723e-04
5.955153900620358595e-04
7.476085786815326803e-04
9.683291172022232733e-04
1.285331471593686428e-03
1.802841292686530950e-03
2.466895606031283949e-03
3.433460350687817918e-03
4.297564088752436201e-03
5.005945624510784592e-03
5.870356801967849085e-03
6.834123353933209237e-03
7.812025986411726824e-03
8.519428347204913154e-03
9.056067207251810441e-03
9.322325008918061831e-03
9.440717558525798039e-03
9.315304655677954584e-03
9.010826742236329248e-03
8.372942926388371801e-03
7.798399921013093178e-03
7.251382025043942407e-03
6.531698036550434398e-03
5.628858601030070803e-03
4.668516587224422025e-03
3.958276169652885645e-03
3.407994222642027771e-03
2.934382971708715798e-03
2.519293313577167411e-03
2.203400998577464531e-03
1.973154253652326540e-03
1.892686177547370880e-03
1.743403889152729015e-03
1.753078976441124065e-03
1.792565459456753980e-03
1.838546169970864787e-03
1.870828936182887233e-03
1.934015582555584150e-03
1.870346645634056578e-03
1.792861469406762569e-03
1.659686903702413960e-03
1.500194800487541754e-03
1.330145615178317600e-03
1.055072685191405782e-03
8.820880706797495441e-04
6.837124185374597379e-04
4.617931568634050794e-04
2.836965529254759154e-04
1.448858980718194180e-04
-8.903361798189905505e-06
-1.220063145680474293e-04
-1.626087435473706050e-04
-1.629519842499788746e-04
-1.627793421658087290e-04
-1.618342380104061931e-04
-1.535449168562936107e-04
-1.307288541753988008e-04
-1.066920378736038987e-04
-7.136707229153894862e-05
-3.545116881407324471e-05
-2.014413087695909006e-05
-1.341699774754497424e-05
-2.509398723706556371e-05
-3.937984850878652480e-05
-4.613281265554573964e-05
-4.990778469972901817e-05
-6.934479570216734194e-05
-7.594388482260567511e-05
-7.803018728193805546e-05
-7.826731977976743228e-05
-7.826731955100450083e-05
-7.687806763823864283e-05
-7.114129111649844983e-05
-4.873989983338228754e-05
-3.637600788789042545e-06
2.458882392704638356e-05
6.821645621766730754e-05
9.207823021566760981e-05
1.280426037614137535e-04
1.474632184892048854e-04
1.583669263493651708e-04
1.618459822279408073e-04
1.622971112518340473e-04
1.671814651238680749e-04
1.705614860783937446e-04
1.741803708169238412e-04
1.564495533106143867e-04
1.559723458693157351e-04
1.224830693783245366e-04
1.076820691857109424e-04
9.260557948190580458e-05
8.019000986799883646e-05
7.090096568666147045e-05
4.944685488025190234e-05
-2.013245006710834078e-05
-9.134059821488034480e-05
-2.571370780304934722e-04
-3.802439851476409794e-04
-5.208982640672183946e-04
-7.124824510165015572e-04
-1.030066917709858464e-03
-1.455949561172562197e-03
-1.678500850868587914e-03
-1.960493340860131137e-03
-2.239376601443764971e-03
-2.575476244241853025e-03
-2.796705853679623977e-03
-2.972579070774061891e-03
-3.013134887001068293e-03
-3.147323950876043316e-03
