beta2
9.957794291456720584e-03
1.009076660648912382e-02
1.013132671612911213e-02
9.995750643762261675e-03
1.007118603170583868e-02
1.011744282232142876e-02
1.028202650866438805e-02
1.063171919821555983e-02
1.077631351750566943e-02
1.089517010641245787e-02
1.049669110548147669e-02
1.032649547816535084e-02
1.026620212453116521e-02
1.021852072422398811e-02
1.039422285994929043e-02
1.083992531952568741e-02
1.064909816234698922e-02
1.073802454555318128e-02
1.044078093445586879e-02
1.029855613477583323e-02
1.079529827713743284e-02
1.084764836099618920e-02
1.092452019526550695e-02
1.101235526077577742e-02
1.111617005140303795e-02
1.101276198021669019e-02
1.079965360131608827e-02
1.070633569117534697e-02
1.063594251619590092e-02
1.078816008762433984e-02
1.069383299629668091e-02
1.105908195505042255e-02
1.098724738539959972e-02
1.095044917120492622e-02
1.083301785780842533e-02
1.082888952775553325e-02
1.118955685878318500e-02
1.142502655072033177e-02
1.191518459082744480e-02
1.196366372701412190e-02
1.187990722732300969e-02
1.161945259864870239e-02
1.130916669982725935e-02
1.086599654005139526e-02
1.056510649566187385e-02
1.001657953520229509e-02
9.508869999629875058e-03
9.204425780940935636e-03
9.504036373209543559e-03
9.705783711759723154e-03
9.804251539105706195e-03
9.633986501948797396e-03
9.920262735822360511e-03
1.034682741433133255e-02
1.086819983859114991e-02
1.058014783631486440e-02
1.016834341098392380e-02
1.011980539261672640e-02
9.970916606161185289e-03
9.774097132061896828e-03
9.384738771529618079e-03
9.447330925455632578e-03
9.393181097130002405e-03
9.476667817463500787e-03
9.516084540288835547e-03
9.391560616069384929e-03
9.248340456995214967e-03
8.801829156916327751e-03
9.114535435104341443e-03
9.093714632117562424e-03
9.389842993052656406e-03
9.663534550667943201e-03
9.885457058482427506e-03
1.036360972958003460e-02
1.034839722600474840e-02
1.017072962836175140e-02
9.949492517163838548e-03
1.032048523199226991e-02
1.109140826590016699e-02
1.194376806869537795e-02
1.142483785237319999e-02
1.093968610749513834e-02
1.049556914835953272e-02
1.041858465223869171e-02
1.043989370647617487e-02
1.023665288450596213e-02
1.010307171108644486e-02
9.881494528716304460e-03
beta3
5.750929428497516444e-16
2.820664825981063990e-16
2.475285402171998884e-17
1.365720424496403203e-17
3.445871646759346331e-17
1.050948685866733008e-17
6.062035231781619539e-17
2.094886916457423205e-17
6.230700681146661420e-17
4.782277018455375635e-17
4.356748117521451778e-16
4.151264119212960357e-16
2.345703966380376334e-16
3.982262464711277399e-15
7.329574806341410661e-16
9.210636670574061895e-16
1.604934560547296507e-15
1.520891546868337247e-15
9.360712101617744889e-16
9.535010228564574751e-16
6.283633489004722665e-16
9.275413591139311501e-16
3.390910852631474671e-15
1.263858870265119779e-15
1.332982260586617682e-15
8.683146433712632003e-16
8.546884521298999631e-16
1.533840470327043988e-15
4.495427956723259681e-15
1.772264360855979097e-15
1.040100646118045424e-15
1.063370488751858824e-15
2.791600250401410685e-16
4.726706718753802550e-16
2.888923339578620091e-16
2.798192300608210966e-16
8.420953719646839809e-16
1.141643507378245343e-15
2.164296007471581645e-16
3.054536570678938914e-17
1.044516428015449518e-15
1.288376159505529727e-17
3.930014558636536192e-17
1.481280354299911244e-17
6.316602088046460976e-18
4.135961707047415779e-19
2.246814546156896733e-20
4.116532919480729632e-19
8.312739679859767908e-22
1.354544873956210746e-21
1.444981446213779773e-30
-1.086459932689132195e-26
-9.618998460064041884e-28
-1.035498172712222058e-28
7.485452398563411869e-35
-1.764601273144061756e-40
-3.992559235044957744e-39
1.054114072467515158e-30
1.262891224260782063e-24
2.437840612293189816e-26
9.646033929062528863e-27
-1.883117982501234980e-28
5.200544450705959354e-30
4.930698523175344702e-35
-5.594271147465467323e-28
-1.171954439940403608e-21
-3.418826233771674727e-35
-1.103620406186962474e-35
-5.402458931322691770e-28
-1.745586689084471187e-32
-1.408010515218038318e-24
-2.229815637589845610e-20
-6.191123761790442458e-22
-6.692067554689177346e-28
4.479163061536672604e-35
-2.097505948138928505e-35
-3.921582804829919003e-28
-1.914510202245143658e-22
-7.283103896369885098e-21
-3.541453953124684804e-23
-2.216283812461218854e-25
-3.022775887708379739e-19
-4.130969578191725045e-21
-3.946250478947578350e-19
-1.903473509561792692e-20
-4.389592120050738075e-20
-3.275380934821287482e-18
-1.734926634764442296e-18
beta4
1.935171556031535772e-03
2.070746601784250948e-03
2.128164979233257946e-03
2.498206252168946526e-03
2.733408018799838093e-03
3.087106025296001456e-03
3.422107089789163704e-03
3.733349423826320783e-03
4.419086208163775301e-03
4.245052959403581780e-03
4.142679675367605396e-03
3.930463795430686955e-03
3.656214038245107247e-03
3.280004881116240292e-03
2.988642858408056130e-03
2.569010274380178344e-03
2.560948137912954451e-03
2.673950024481396969e-03
2.672330457536479728e-03
2.693748313255516294e-03
2.778333321102143590e-03
3.062164511319165859e-03
3.339040191608824877e-03
3.641888615098607708e-03
3.953155181375249752e-03
4.327617747172978618e-03
4.623711887976040755e-03
5.032888554932741371e-03
5.553920620953750609e-03
5.813258258558687448e-03
5.901026722192977483e-03
5.735331954837641008e-03
6.074671989228287196e-03
6.452376521465380543e-03
6.892025006368526774e-03
7.286599835711575837e-03
6.888143396192666565e-03
6.677833790204097675e-03
6.197447177400896082e-03
5.455879009875248473e-03
5.080848792302850719e-03
4.938287846618136245e-03
4.833368500661806497e-03
4.583043628800371333e-03
4.588774581491228757e-03
4.706505863282068811e-03
5.099005618784405863e-03
5.012570098949139727e-03
4.990802444686362298e-03
5.083296759737543011e-03
5.018230949331542456e-03
5.627528835545482326e-03
5.646861828128471594e-03
5.226180722600800785e-03
4.847133326624011689e-03
4.681240500460716845e-03
4.793593951337703565e-03
4.292646496984261692e-03
3.995924191031774257e-03
3.683571583981092717e-03
4.029326503938644027e-03
3.532092698035066945e-03
3.341451191176725982e-03
3.076691360732236938e-03
2.738250985779429672e-03
2.212783553293413107e-03
1.660502148134589996e-03
1.242229509084377161e-03
7.636275592765539005e-04
9.057431280147002720e-04
9.885521476101918285e-04
1.105242563837999497e-03
1.337371011182921735e-03
1.337396294224810992e-03
1.164688339532510492e-03
1.071101271378071141e-03
1.111613943271643531e-03
1.016510864377880886e-03
1.055477100899776142e-03
1.168913388100387054e-03
1.299786291289557402e-03
1.586904183858300855e-03
1.876251341256335477e-03
1.966382923364152959e-03
2.026993946359812934e-03
2.076581631701865382e-03
1.980484772635095030e-03
1.921939697395557865e-03
beta5
-5.068043276488536923e-08
-5.188649225487045710e-08
-4.502923762253857599e-08
-1.188450178469908059e-07
-4.285548148835339812e-08
-9.873269576356943758e-08
-1.430003056903514045e-07
-7.428954335818116502e-08
-4.761683880597630421e-08
-1.132355698801856387e-07
-1.888283336385616404e-07
-3.973514305369306851e-07
-6.309995698924669448e-07
-1.295954991776013318e-06
-2.867255139048550720e-06
-2.023763248154767413e-06
-2.115287941770992768e-06
-2.428641244622465912e-06
-2.283613100836084749e-06
-2.244563059256384600e-06
-2.484651943502492090e-06
-2.207241122475989851e-06
-2.223001297795354283e-06
-2.549729446445808903e-06
-6.177367224905955141e-06
-5.005042473791412271e-06
-8.594251296054431570e-06
-1.204380933848631845e-05
-8.075197386862646134e-06
-1.042220233705461524e-05
-7.668836797125685000e-06
-8.244214389611519866e-06
-3.906234614108778897e-06
-3.464356652228286508e-06
-2.806776928121966092e-06
-4.439700177586878779e-06
-2.762836451402194351e-06
-2.557805901000033470e-06
-1.901141314085797494e-06
-1.584661720934801544e-06
-1.074977690060157173e-06
-1.211117084436267144e-06
-1.355627242185862875e-06
-7.042712144519371314e-07
-8.484894158460074469e-07
-6.595138378922419574e-07
-1.030831575812249773e-06
-3.949311606426723546e-07
-1.136756910603155258e-06
-1.268566577430011529e-06
-1.020186400291578806e-06
-1.283123605820205527e-06
-1.432130877462087500e-06
-1.084023952343018463e-06
-3.346315737409466379e-07
-6.364878598582699705e-07
-1.206145672453164593e-06
-1.247270005638941347e-06
-1.210922156371330806e-06
-9.901739084966142193e-07
-4.335439898333704852e-07
-1.186240720959245759e-07
-7.213165701604547762e-08
-7.836353642559123827e-08
-3.136988559210618125e-08
-2.047231393644751215e-08
-1.284484127016628289e-08
-4.300007377009700555e-09
-1.667589236920146052e-08
-1.167601165186291724e-09
-8.265988092224965385e-10
-1.269970560691352719e-10
-1.247389152458702098e-10
-2.405756122180888421e-10
-5.963774212204842593e-10
-4.679157275175754333e-10
-1.834547994118966879e-10
-5.881497086512120434e-11
-9.760197396380109638e-11
-1.791393023516802179e-09
-1.434110855327304726e-10
-3.896896708683110738e-11
-1.472677385171797746e-11
-5.485638856907841620e-12
-2.387306872018397741e-11
-3.652287659432079120e-11
-4.103528635292645115e-12
-6.353433514350581076e-12
