-8.288399276691775508e-03
-9.820881268330583502e-03
-2.438407389844920448e-01
-3.446446128433947043e-02
-2.749827604518110397e-02
-2.201603087381243454e-02
-4.393996493998809233e-02
-1.123250414332649383e-01
-9.919578007342140513e-02
-3.214320209747047880e-02
-5.038945755730666470e-02
-4.286994074848551883e-02
-4.161504314020612882e-02
-3.361862557350762254e-02
-1.039361406653411951e-01
-9.339904894434600258e-02
-1.137904786696912890e-01
-2.301263594009680669e-01
-1.219925847581771611e-01
-8.794091970610988518e-02
-6.810720764803880611e-02
-1.964926306417693128e-02
-2.034124561439730819e-02
-1.163410831124213063e-01
-2.182539992503494952e-01
-2.284546125223111956e-01
-3.063849711855726188e-01
-4.038887365805577945e-01
-4.693506844466180938e-01
-1.811816306003912080e+00
-8.197445052030012669e-02
-1.059856202732770841e-02
-4.705056349131939500e-03
-1.010797983379526678e-02
-2.961710173925293788e-01
-3.495257146640906032e-01
-2.001281646451472385e-01
-5.528474241173498838e-01
-2.764373619690891903e-01
-8.680514783783135346e-01
-6.663565935162647502e-01
-5.955551327737794720e-01
-6.354269511625398881e-02
-6.097649804126508144e-01
-5.063650424267692740e-01
-1.055900163817424575e+00
-1.909617767839575098e-01
-3.558881370400066135e+00
-4.119652901754920826e+00
-2.508173068145551188e+00
-2.095241375690162222e+00
-2.236272550168126941e-02
-3.194951024251993510e-02
-6.452891581198819636e-03
-1.357476222376724061e-03
-7.332437839530195171e-03
-1.391784570417787907e-02
-2.875121388852991747e-02
-1.106077527489342238e-01
-3.079188065310236033e-01
-1.992796098890238787e-01
-3.313497299083644626e-02
-9.627704038880505535e-04
-8.885017843944577678e-03
-6.724684243653001291e-03
-4.699851161014247623e-03
-1.277053615564966674e-04
7.901604489029278450e-03
-3.030896651265316613e-02
1.349592898081610100e-02
8.715565215165392218e-03
1.208183379180248311e-02
1.712988700199934199e-03
9.087973617228715245e-03
5.762048101117033666e-03
1.018091676170624314e-02
1.066556796812306515e-02
-1.965536418961201862e-02
-3.488354169156911849e-02
-9.314219445979789874e-03
-3.541141649164019668e-03
-4.608189291828175722e-03
-2.646619178798096782e-03
-7.309066856493329732e-03
-1.036854406612740774e-02
-4.591130651698489135e-02
-6.327434042586761453e-01
-3.390883797197641585e-03
-3.844421521834678543e-03
4.427320010153420853e-03
2.226769657518853137e-03
4.023321684401052166e-04
-2.312617714268428142e-03
-2.229463059489304212e-03
-8.026145322512147351e-03
-1.125373155489356805e-02
-1.540050541509799600e-02
-2.340191030918962467e-01
-8.443939873537507218e-03
-1.027942147299023695e-01
-8.291683135913927027e-03
-7.742825697488529661e-03
-9.040964510885490454e-03
-9.252627316352110554e-03
-2.055525885612234996e-02
-3.284019612336876864e-02
-2.900123120617880551e-02
-1.852850618719492637e-02
-3.176858220104125663e-02
-2.964363916057467518e-01
-2.032335806012662560e-01
-6.137557398987521229e-02
-7.769167093258151635e-02
-8.407479322235894559e-02
-9.033939591867368168e-02
-4.046069811278577705e-02
-1.943155796811280311e-01
-1.970896783670018637e-01
-2.375032394680446357e-01
-3.777719109979931211e-01
-3.163584705512079154e-01
-3.103597497408769890e-01
-1.990286537055060700e-01
2.750704762102451108e-03
-3.468339276831136075e-01
-1.267435836140182959e+00
-1.298736361600157707e+00
-9.252946032301275769e-01
-1.689901019802798054e-01
-1.286277563254832002e+00
-1.201297797658863908e+00
-7.901112407085422729e-02
-2.707941833343993979e-02
-8.342597247580139097e-01
-5.874145513227732769e-03
-7.017346563348499933e-01
-1.152985558114192205e-01
-8.719254501585658179e-01
-2.814529511656131966e+00
4.565628276499976088e-03
-1.187115051769537688e+00
-5.019835340476676677e+00
-1.942336683252924578e-01
-3.134047651427280368e+00
-1.301069655312762641e-01
-7.284611813837117422e-01
-1.748416064594590980e+00
-1.638169333354672830e+01
-3.425254726651769488e+01
-1.300726265421974670e+00
-1.817589615269632475e+00
-1.832541931261427059e+00
-1.441950962314753060e-01
-1.510022386077658207e-01
-2.240549808771180318e-01
-1.965259802388829580e-01
-2.047320654275981144e-01
-2.189794248653530173e-01
-2.539078755942406063e-01
-8.372380225034624368e-02
1.598665345370694373e-04
-1.366065801279372572e-03
-4.608509623788544852e-05
