beta2
9.667528562482943788e-03
9.667560013173939759e-03
9.617301601522684068e-03
9.666059228411268481e-03
9.711879430503242080e-03
9.602099477643410291e-03
9.807146155071578067e-03
1.003792361637886356e-02
1.040508039459381306e-02
1.074055640995761479e-02
1.075145850553945945e-02
1.086152012843225392e-02
1.078659161186232285e-02
1.071543971865844720e-02
1.086198178958276001e-02
1.097397702020167821e-02
1.125061515520283523e-02
1.144751499931919228e-02
1.145432040743698046e-02
1.151799629451657168e-02
1.132606822402600077e-02
1.110196161821273494e-02
1.107759074887798220e-02
1.103451891235147919e-02
1.098535643224370258e-02
1.129632620413448252e-02
1.130113086979766743e-02
1.128016365677594890e-02
1.128594139805378857e-02
1.139564791662285234e-02
1.154086651349603768e-02
1.154408362857959995e-02
1.176647848474653840e-02
1.177364621078086371e-02
1.176262400857533072e-02
1.187460876217753467e-02
1.207475110497959261e-02
1.239945812818404186e-02
1.265980114070887862e-02
1.284370429297177277e-02
1.301114332134779839e-02
1.302739518642613212e-02
1.302580117422329209e-02
1.302547047340790395e-02
1.296955202818561755e-02
1.304588891301071765e-02
1.303617491497938499e-02
1.277611763862141273e-02
1.265099504799536978e-02
1.250417357845368810e-02
1.242303444414653325e-02
1.249695185039223153e-02
1.253101597475422303e-02
1.266165131197095721e-02
1.271642680912612663e-02
1.264438937908787981e-02
1.258013374868586706e-02
1.262840787739281240e-02
1.257296413666360302e-02
1.249445065426084064e-02
1.242721561194753965e-02
1.226306389493083543e-02
1.212208330896153742e-02
1.200824484673940033e-02
1.187054389225900702e-02
1.171332199872806949e-02
1.149840847017173477e-02
1.163137955591617145e-02
1.151876647296423001e-02
1.140283802742699665e-02
1.146527547785808170e-02
1.148322631145402839e-02
1.142099755982754414e-02
1.138871264263410440e-02
1.146571190859186143e-02
1.156880892620087975e-02
1.170351845271041039e-02
1.161963842847490470e-02
1.166587189250650053e-02
1.166021758225399552e-02
1.138869337215190312e-02
1.140067812883562362e-02
1.134906908057641689e-02
1.129549202290446377e-02
1.135448864437023191e-02
1.149532907650597895e-02
1.165535296821957299e-02
1.159515037683060690e-02
1.143444125614852952e-02
1.130652403452313964e-02
1.126397215601660125e-02
1.129456821720468615e-02
1.136533887665970924e-02
1.128850029842345601e-02
1.118356162854606747e-02
1.106871285777918934e-02
1.107513290274334677e-02
1.101014630256112910e-02
1.104680680290470035e-02
1.102828696726506665e-02
1.104603765745668445e-02
1.105283892279119648e-02
1.114292179001252076e-02
1.122043725151187013e-02
1.113847478018327453e-02
1.099814928608892038e-02
1.103154389495317363e-02
1.125767567525061755e-02
1.148347944621981934e-02
1.168481867640626046e-02
1.169434206157262887e-02
1.182796773039745258e-02
1.171372055903981482e-02
1.164289310186647497e-02
1.173115498724232146e-02
1.183202963621811724e-02
1.197552086897444613e-02
1.194772093990051180e-02
1.199809388358439449e-02
1.211030201967549028e-02
1.214195280558850142e-02
1.220698370508490130e-02
1.226632684414775097e-02
1.228833802313003022e-02
1.223164771160595646e-02
1.216533844275332829e-02
1.209513023755375005e-02
1.205541465085378447e-02
1.205590367363910259e-02
1.218212663996354889e-02
1.219934718176398508e-02
1.226728466426825134e-02
1.230757045122931638e-02
1.241390710758023125e-02
1.248256294454390056e-02
1.247300463087527150e-02
1.242674250558083691e-02
1.239143809003428673e-02
1.236945526492037872e-02
1.234860091159913423e-02
1.236848330375488886e-02
1.235913037368758030e-02
1.226824274172743159e-02
1.220829198370446296e-02
1.229895204420702881e-02
1.246278384267288271e-02
1.260371983745160913e-02
1.273297151818958244e-02
1.279243844690620968e-02
1.306051165541324485e-02
1.336721957662529922e-02
1.367113106424721822e-02
1.370110393648825073e-02
1.359993188528577784e-02
1.341191066001272761e-02
1.315997505790056712e-02
1.311989431856531822e-02
1.308722809142561123e-02
1.328771540146220578e-02
1.335952119988524124e-02
1.323524639367291804e-02
1.310724479120725650e-02
1.292277732124828132e-02
1.281067043769449146e-02
1.258973275669583898e-02
1.249362187070471829e-02
1.248030308308655315e-02
1.255132707114538920e-02
1.246952476709304106e-02
1.229170374839206811e-02
1.236372442306425679e-02
1.243932363957415271e-02
1.242711590092842461e-02
1.249363259366011170e-02
1.225597706166059626e-02
1.213339791307032831e-02
1.235174266951603525e-02
1.243632723462552436e-02
1.246776217662352512e-02
1.232367890447090553e-02
1.231358189120692129e-02
1.237076248876489530e-02
1.242513706912033028e-02
1.258498012545026211e-02
1.271704201252272376e-02
1.286150922954477568e-02
1.307162967342875501e-02
1.327619512750011221e-02
1.310513431223611983e-02
1.273322018303981416e-02
1.233947205468795619e-02
1.204367006533997239e-02
1.164473672579321648e-02
1.129526533955441114e-02
1.114965601282231697e-02
1.097432937790926086e-02
1.073328974766111187e-02
1.070757209858750822e-02
1.067089713426981265e-02
1.056353318008270738e-02
1.054148599261756428e-02
1.068659992745325284e-02
1.078675241899301925e-02
1.092920505111425605e-02
1.061337348420718536e-02
1.039765760112793674e-02
1.058364012650298697e-02
1.082760738259175293e-02
1.085398676152879091e-02
1.074539960757097193e-02
1.023156714857525323e-02
9.949626359797321754e-03
1.000580658923523950e-02
1.024661789042375683e-02
1.024396210340640032e-02
1.030429334794248294e-02
9.980922760590055925e-03
1.007215445439940509e-02
1.011914978931355118e-02
1.015011571094243115e-02
1.000702510665561068e-02
9.678589863099398838e-03
9.509184051628798845e-03
9.693024965960535255e-03
9.957019626854786074e-03
1.027960301863708667e-02
1.060232612344696318e-02
1.092613721458929321e-02
1.103379454744154650e-02
1.094934120463282590e-02
1.082431340590908099e-02
1.069282183901921167e-02
1.041292318920630615e-02
1.021137522361194663e-02
1.005297349760278167e-02
1.028694590716628526e-02
1.021319081411808938e-02
1.004129017162925380e-02
9.857550542832516430e-03
beta3
2.452137879623394589e-03
2.527540343602528803e-03
2.472251022028554290e-03
2.543218540374788186e-03
2.600614246014026215e-03
2.298903907746885182e-03
2.373289967046580181e-03
2.469926031189022611e-03
2.581192630085951678e-03
2.554380753199117417e-03
2.853747222927478788e-03
2.925538564668808336e-03
3.106475380132856651e-03
3.125851240867755232e-03
3.178640598176673063e-03
3.265770648063809952e-03
3.576131736811941075e-03
3.865560335882449114e-03
4.346819276682173730e-03
4.760671803469769189e-03
4.973619621442692748e-03
5.289292126998151704e-03
4.654367530766702690e-03
4.123891597744819976e-03
3.759724483226082291e-03
3.435793305016232244e-03
3.207914297403527664e-03
2.971413909411945060e-03
2.793746347827527361e-03
2.477715999425719393e-03
2.424268795200642135e-03
2.244175282600087591e-03
1.991196922627141552e-03
1.917893264177354846e-03
1.889012735048633748e-03
1.826557360864129731e-03
1.680576202720166640e-03
1.760989200232676490e-03
1.988971450448822308e-03
2.132997222806759345e-03
2.283788588581079412e-03
2.329905395613325256e-03
2.442040153419732136e-03
2.532501724465494909e-03
2.678664664713351073e-03
2.657743577062283112e-03
2.491954257396216538e-03
2.129255555940233555e-03
1.632451454071582675e-03
1.445944691985240598e-03
1.181024475850201393e-03
1.090065444724338389e-03
9.415780495004246907e-04
1.045579582722716040e-03
1.157059091344252036e-03
1.216395484237256085e-03
1.225374668794975992e-03
1.370338402347611850e-03
1.575032979752652353e-03
1.602054861965553295e-03
1.567472045796973945e-03
1.573507361294037904e-03
1.558949003621591320e-03
1.575601089590395907e-03
1.585151960523093059e-03
1.913337269466804536e-03
2.121937735396486717e-03
2.195580092893499678e-03
2.039654787871057577e-03
1.853192871648425563e-03
1.701087987615009303e-03
1.374600195449189512e-03
1.142294396999346453e-03
9.630995059704679185e-04
9.278237307760869249e-04
8.200085715149626336e-04
7.930755156486865836e-04
8.334845343825527525e-04
9.003647809589163109e-04
1.039544504729638611e-03
1.216740141099464587e-03
1.261515437652478006e-03
1.225608947899337140e-03
1.224346854241238798e-03
1.166716274589298281e-03
1.188361273150049862e-03
1.179725429649062596e-03
1.164590963010359026e-03
1.039245759066478782e-03
9.425604438706983905e-04
1.064707604848833152e-03
1.243812091594801144e-03
1.413417854968312872e-03
1.503228960345318575e-03
1.525308695237973487e-03
1.534045618115346173e-03
1.668728717498977948e-03
1.855365893431714340e-03
1.959789480872491108e-03
1.960834959220185761e-03
2.049735358816619658e-03
2.037986383567259863e-03
2.122254242647095626e-03
2.237333075330007193e-03
1.990733245987963244e-03
1.793177022023583009e-03
1.814808478239849851e-03
1.871885675050859394e-03
1.882206196848022891e-03
1.939781988868049091e-03
1.889378039792703138e-03
2.082635944648018010e-03
2.024912978887317798e-03
1.788667456867203001e-03
1.676205928221405610e-03
1.685563977695008452e-03
1.709224182251189040e-03
1.613023400212668448e-03
1.576903519405287602e-03
1.538179280583720516e-03
1.360046789694363675e-03
1.283431121567740057e-03
1.264042787409522944e-03
1.321763384851556544e-03
1.279265817215978615e-03
1.268776381198144770e-03
1.187962838548150060e-03
1.136024900553459730e-03
1.041899429446872805e-03
9.907064313764493702e-04
9.340650055733557781e-04
9.054999072213197001e-04
8.651175036494176268e-04
7.362942759695004745e-04
6.485761450903612668e-04
6.103802529942958625e-04
5.670737297363735111e-04
5.592404177116113047e-04
5.304981978080569507e-04
4.759185551839772749e-04
4.552346886053339398e-04
4.032627635040187319e-04
3.626800035790843390e-04
3.020688736169738556e-04
2.624544828288707075e-04
2.145680869738831697e-04
1.803161324866872292e-04
1.395355154770272315e-04
9.435053448584465141e-05
5.100993616244848427e-05
4.789760930805167131e-05
3.130846505743623123e-05
3.220960803765907056e-05
1.790107774290039471e-05
2.395085126944412292e-06
-1.454213796293540509e-05
-2.653285670528904202e-05
-4.554643903480430753e-05
-6.303988620464339148e-05
-1.090191915525924669e-04
-1.416580754820546257e-04
-1.685507100261794027e-04
-1.838231459042312204e-04
-1.933420829753835829e-04
-2.446948090936976921e-04
-2.387322849305081331e-04
-2.502896860460714079e-04
-2.600189132607015900e-04
-2.686976113866559076e-04
-3.206214965905744801e-04
-2.931629766572666396e-04
-2.908631324618452408e-04
-2.793636563487072923e-04
-2.501267180698190295e-04
-2.158029711063988996e-04
-1.575970859573148225e-04
-8.006540490225144365e-05
-1.545592458153783016e-05
6.359868782243896706e-06
4.231258520683977165e-05
8.936714297739829923e-05
1.417234164441487896e-04
1.426987163282475814e-04
1.965960672613546614e-04
2.487059887532387875e-04
2.698500841663287186e-04
3.434142300331491067e-04
4.048226092872783937e-04
3.656129283854877036e-04
2.947877279671153213e-04
2.462931323425896542e-04
2.079650520764674384e-04
1.486300229741937195e-04
1.084199140123300487e-04
4.736318636194420789e-05
9.686930606383856077e-10
-2.050325898577983320e-05
-4.947734648151938633e-05
-5.657519161757606076e-05
-7.016174159165088900e-05
-6.512369481120204226e-05
-5.085287705740785386e-05
-6.043650327330463807e-05
-2.859254528277623453e-05
-2.287663262652556281e-05
-1.042061143773709622e-05
6.030606043494184770e-06
-1.325881123070634827e-06
-4.356257070487974442e-05
-6.074055199454468212e-05
-1.318907268225390163e-04
-2.046885486646164145e-04
-1.920479087900022765e-04
-1.746802818482839437e-04
-2.310252940092756297e-04
-2.726756999147789671e-04
-3.310058063683752770e-04
-3.782593094383125232e-04
-3.833290281440034737e-04
-5.721306188327323575e-04
-6.803345377083408474e-04
-9.595105533673838234e-04
-9.440920946060882626e-04
-1.003156411000623131e-03
-9.352858123864729806e-04
-8.020414012553163819e-04
-7.013037837886931455e-04
-6.460931733258877497e-04
-6.626520477699826420e-04
-6.755399003907107316e-04
-5.387678662668135988e-04
-3.761866794501527497e-04
-2.580639764039090590e-04
-2.117556457852193480e-04
-1.955769903786356407e-04
-1.552765103139677142e-04
-2.018469793659866563e-04
-2.386233367868702108e-04
-3.260220269497528440e-04
beta4
2.940025589969564928e-04
3.936473149146427100e-04
4.208647596797252281e-04
4.298436518017683316e-04
4.772174184255365643e-04
6.756136648616056957e-04
5.646359095025056066e-04
5.110487129428455512e-04
3.960950289825740530e-04
3.883335035790453629e-04
3.843740641114775638e-04
3.353602920954459627e-04
3.433380973116268537e-04
4.796076361965886329e-04
5.690687381920114720e-04
6.219430163470042808e-04
5.847932695224496158e-04
5.791729484314249530e-04
4.984403545164734200e-04
4.720264468225305373e-04
4.489415695001654064e-04
4.015545432382880506e-04
4.580604219534720970e-04
5.345287398124328208e-04
7.574282837848938989e-04
9.201360439019885991e-04
9.365853925584796246e-04
1.017095642895874102e-03
1.107076241439281135e-03
1.174748219792360509e-03
1.182238765336768738e-03
1.483328644350671898e-03
1.442458065699696746e-03
1.578967876403019081e-03
1.768481887925399572e-03
1.746320660702730364e-03
1.521508688593515082e-03
1.250062244327164755e-03
1.121144803971622049e-03
1.000338003010161486e-03
8.266124295095598692e-04
9.303065161199178474e-04
9.393879587320290653e-04
9.317935056550176280e-04
9.469066502276303823e-04
9.328061892068632843e-04
1.038239924977588276e-03
1.823013710936673094e-03
2.733904821539180109e-03
3.237958801379728184e-03
3.996549575380922877e-03
4.036803523796910625e-03
4.311252805341060992e-03
3.649045479924846892e-03
3.803644433165127153e-03
4.158727994555105889e-03
4.499766692018622623e-03
4.238968781292812640e-03
4.549617312827903062e-03
3.816529539695201652e-03
3.402241070775908864e-03
3.384925778169143272e-03
3.255422839630566466e-03
3.154162265023058905e-03
3.176604635855414301e-03
3.015532900507183166e-03
3.039560193332853811e-03
2.467216624498387838e-03
2.148857311146591675e-03
2.043621410188468934e-03
1.916609983332934284e-03
1.735639130240972062e-03
2.055942140852628011e-03
2.258479661642662402e-03
2.572675305236985822e-03
2.789723334118344132e-03
2.964330436411216890e-03
3.382156110528889304e-03
4.046886935513641786e-03
4.314655177250060689e-03
4.904691689786337509e-03
4.360174349521689884e-03
4.118618767895361119e-03
3.852765926773539171e-03
3.793086007132039084e-03
3.939410232296033931e-03
3.735943794394008723e-03
3.671273921365846536e-03
3.564191791427402754e-03
3.582396786441134282e-03
3.278284628464905349e-03
3.370859856647659414e-03
3.402964312834669703e-03
3.335927151146043414e-03
3.021082350360471992e-03
2.787086973683083196e-03
2.848140716591878591e-03
2.863975801379595437e-03
2.912678706466907252e-03
2.902124239580051827e-03
2.866204270307507514e-03
2.815615515445091602e-03
2.478752604320128526e-03
2.168381174417994845e-03
1.817686708994338497e-03
1.635455050207636511e-03
1.695613289106202848e-03
1.718178045909436952e-03
1.602368717025965360e-03
1.483211459135855975e-03
1.907405289177780501e-03
2.562667287366088634e-03
3.349246679337923756e-03
3.489150423302586450e-03
3.685508845670290405e-03
3.852580355283112806e-03
3.978630972944258506e-03
3.975614186359728575e-03
3.822176957802952014e-03
3.645391232050705470e-03
3.433740315236613085e-03
3.243870405401008163e-03
3.104561733740798628e-03
2.409730792575284167e-03
2.162820333561768678e-03
1.814371791650691568e-03
1.631821396402816701e-03
1.359325694502669119e-03
1.123774844741622482e-03
9.160246040341086301e-04
6.489344732562279255e-04
5.753861563590842053e-04
4.557707552730884100e-04
3.668765329643445617e-04
2.697141111227414336e-04
2.298534077166117706e-04
1.561865225354835767e-04
1.138324065328304201e-04
1.134279739495742934e-04
1.610713680340465062e-05
-1.488980829539829634e-06
-3.751221332915431175e-05
-1.240351177104700748e-04
-2.181062904675399423e-04
-4.380406115368404275e-04
-6.036065646269051475e-04
-8.862343906485697659e-04
-1.117489313127196203e-03
-1.395047947380432304e-03
-1.685942715552358421e-03
-1.747519049812966581e-03
-1.775832487382983339e-03
-1.593420228329078207e-03
-1.543237010509567863e-03
-1.568495701110670434e-03
-1.728722453488959303e-03
-1.527550893460191163e-03
-1.336088149542771428e-03
-1.109422646043289711e-03
-9.777778006720178224e-04
-9.301120488864719933e-04
-9.431558733323879527e-04
-9.873875622485154841e-04
-1.000132538319991812e-03
-1.108906543077948278e-03
-9.746472733240521200e-04
-9.644102429543319633e-04
-9.439842020049461161e-04
-7.820191725249392217e-04
-8.367178291508116546e-04
-7.835591449827427951e-04
-6.928949160609275230e-04
-7.170319686010701455e-04
-6.547877918391948986e-04
-5.451754160876989743e-04
-4.330604669973432252e-04
-4.725569544633233796e-04
-4.131056371528356828e-04
-3.875603755316762945e-04
-3.779593149515223047e-04
-4.058625387735244902e-04
-3.893219306743262147e-04
-3.234169837193177910e-04
-2.953841577098409985e-04
-2.533707455388630077e-04
-2.483962694395556395e-04
-2.406024393875684552e-04
-2.604320698520554579e-04
-2.663033319022158497e-04
-2.601624958299921702e-04
-2.567505475032754434e-04
-2.288833363234866764e-04
-1.698240199482667855e-04
-1.504755935126161545e-04
-1.057529374308131099e-04
-7.867402330007146620e-05
-6.068401214937641159e-05
-4.975043270551872393e-05
-2.197275882700108480e-05
-3.178977146903626473e-06
1.998171456433886267e-06
-2.986112442259853657e-16
4.297031642001855755e-06
1.650806030686021212e-05
1.605706985162346027e-05
3.284807359966594774e-05
5.404070951004036447e-05
6.435312536548989265e-05
6.496465002195006750e-05
5.177709692723672001e-05
4.152941390087082699e-05
7.796598319063460943e-05
6.595696107372257528e-05
7.405848871776601894e-05
9.117805622335390780e-05
1.300748482579124402e-04
1.087820231958637170e-04
9.766362842522349687e-05
4.523206805008457294e-05
3.973139505368492459e-05
3.950603886803511036e-05
3.702270833905514131e-05
3.476372753832368632e-05
4.723070029627853342e-05
4.679531579411084038e-05
5.137500918321425634e-05
6.683781485237761397e-05
9.364684743214075425e-05
6.413821013115446226e-05
4.203143191180102028e-05
3.255298677841021379e-05
8.461156477500310144e-06
6.523543049733888911e-06
2.213823316018752131e-05
1.879136864192083943e-05
4.312917182630351012e-07
-1.165770522576012821e-06
-1.747185004798903221e-05
-3.670411745667893802e-05
beta5
-3.116987817486587943e-10
-6.717531518608433448e-10
-5.566521977476273249e-10
-2.399116204098959431e-10
-7.601182775771042825e-10
-2.908144461075394213e-10
-7.728724555632975033e-10
-8.830260585740392913e-10
-2.895792667367519092e-10
-3.202576252900785858e-11
-3.781273976852653518e-13
-1.087004937842036344e-16
8.976113206787360634e-22
5.560859067720677679e-19
1.063673924571667549e-22
1.321752074570487511e-13
6.007731270918149952e-16
2.015236662308298967e-17
-9.841541160472668177e-24
-8.647559798927184837e-21
-2.943663613636036156e-15
-1.633630224728075588e-12
-1.676783560720039564e-11
-1.019338741724805001e-10
-1.832347306083826710e-09
-3.555355076338324563e-09
-5.452074271918565162e-08
-4.545113277827185902e-07
-1.180605277597402122e-06
-2.217537574573634512e-06
-2.564672747665336453e-06
-3.866992383450870974e-06
-8.133434697435091071e-06
-5.966379070873445819e-06
-9.605877033527096556e-06
-9.402448360741719703e-06
-8.541023118431641478e-06
-4.719786144951723501e-06
-8.572545519813656601e-06
-2.720792391072648631e-06
-5.238679619771468500e-07
-5.509279734462859134e-07
-6.168427793380132943e-07
-9.906318546351456166e-08
-1.132950740093224580e-07
-1.589821223984061088e-08
-9.992230665193087015e-09
-8.099518675087758649e-08
-4.099397955649562860e-07
-1.034930813512505015e-06
-2.094367396474350848e-06
-1.480876050484264434e-06
-3.213514071402874841e-06
-1.158041930357370425e-06
-6.251723821883750889e-07
-5.580068626772210566e-07
-4.264571148850882665e-07
-1.441338207807308024e-07
-3.049509850809512967e-08
-1.055742669113456460e-07
-5.516481773942587754e-08
-3.911946996822230700e-08
-2.103060527995003508e-08
-3.354222601180782070e-08
-9.858354797283195030e-09
-4.402190846896485278e-09
-7.389889691464617646e-09
-4.015402671851831440e-08
-1.676735574576755563e-08
-7.656008421882530629e-09
-1.687332883994549861e-08
-3.244664432331295737e-08
-2.204510487773348100e-08
-1.542557492747451993e-08
-2.049549795485075748e-08
-3.831609336818723958e-08
-9.322608916918597282e-08
-1.157039289827949829e-07
-1.270952225898919280e-07
-1.499687425116616353e-07
-1.265899833192782584e-07
-1.485719563711327941e-07
-9.067879427358291494e-08
-4.622349892319061556e-08
-4.391560082635675308e-08
-9.226218561976525128e-08
-9.865157399869264972e-08
-1.869608547655242725e-08
-4.810278285281569975e-10
-3.353142849544105562e-12
-1.049670559979301757e-20
8.550893329711852542e-18
5.101337128099289959e-12
1.114356898034701955e-10
2.638765212786751571e-09
1.253492577516814943e-08
2.837362412933957432e-07
7.806165928030880676e-07
2.390042591271164054e-06
2.799169729248604184e-06
6.952892671400444301e-06
1.356063957766843024e-05
2.717472452938173613e-05
4.214328761673466147e-05
3.239615102949832819e-05
3.260469978480691217e-05
4.515685710965180007e-05
5.111989867596985896e-05
6.336713032114315062e-05
7.266616886225620768e-05
8.499725232089156996e-05
1.383563463133160112e-04
1.481023023373245274e-04
1.699907438449610128e-04
2.543891649186906219e-04
2.373400822314927479e-04
2.197154168760385648e-04
2.691851500879314683e-04
2.938455720559977761e-04
2.837795736933193666e-04
2.885932963183794131e-04
2.723747446562328127e-04
2.713774553541701152e-04
3.123273365866185958e-04
2.510875905322979646e-04
2.438983758440498809e-04
2.030144049528611792e-04
1.396576995054258133e-04
1.261555881828666978e-04
9.480587527866253484e-05
9.201853135268620108e-05
6.112897962360626196e-05
5.154378107288881217e-05
4.855396330327584563e-05
3.837323299600169015e-05
3.118640438862008607e-05
2.701794607430235028e-05
3.346559240798131849e-05
2.607556604383201210e-05
2.483509795973716636e-05
4.280763815313554446e-05
3.654419035894349374e-05
5.038872827204399500e-05
2.842653870068781601e-05
3.545493130262306243e-05
3.334078562462399278e-05
2.830413891464974384e-05
5.911826049471884586e-05
4.694791561074054944e-05
2.921766494519833447e-05
1.215493820178534042e-05
1.040379424835731759e-06
4.522424219958552588e-08
3.572560252322887969e-10
4.494257490480883410e-13
8.367000380512647622e-24
-3.256838002148938999e-15
-3.760434802173594583e-10
-4.432073093559009986e-07
-1.359663775157759750e-06
-4.858173078558323131e-07
-1.900681815350209229e-07
-1.273769503710013245e-07
-8.066607740158050791e-08
-1.024504295387608204e-08
-2.552722068231976475e-09
-2.639418955571553440e-10
-2.207180425769174627e-11
-6.349065030582531208e-11
-2.063750761678136574e-09
-9.560259610570379857e-09
-1.065358857544765337e-08
-1.994938200672312368e-08
-9.816872895082075763e-09
-3.368386931096080363e-08
-1.988180359217125420e-08
-9.429576991200563379e-09
-2.911801581689749482e-08
-6.333643660406975082e-08
-3.303598783435465536e-08
-4.779798085449681878e-08
-1.968800533688687273e-08
-2.501007871801682148e-08
-6.157849701897560283e-08
-7.104403098536323499e-08
-1.137586754701005515e-07
-8.277552570332779612e-08
-8.983200071058216645e-08
-2.387278713668449672e-07
-4.886341965807247591e-07
-7.943662684986828129e-07
-2.081005244416899482e-06
-1.351696794330299999e-06
-1.696154751436095793e-06
-1.056607080774624791e-06
-1.881816936222278334e-06
-1.762404544349921829e-06
-8.848624403911885155e-07
-1.237244874191935262e-06
-3.176996940722211787e-06
-3.355231609387949000e-06
-3.719126480975211923e-06
-5.031925418663616998e-06
-1.785629091642337683e-05
-1.617793297111813484e-05
-2.282329312579592216e-05
-3.091965609923092730e-05
-3.760152670252214709e-05
-3.376348059494415298e-05
-2.915991486488271318e-05
-2.489514017515119499e-05
-3.526947198104547797e-05
-2.776650943188767702e-05
-2.633941584767856759e-05
-2.000923604781657173e-05
-2.462982560902558728e-05
-2.608106996224528309e-05
-1.212010716789047691e-05
-8.560667714428649101e-06
-5.746372987874698844e-06
-6.008481154602740364e-06
-7.951396478128765888e-06
-8.331386571301847035e-06
-9.281732118783183013e-06
-7.243472254636526328e-06
-1.193990348751302019e-05
-1.482996901350044192e-05
-1.570581843294725769e-05
-1.713661727497702979e-05
-1.767651504869233978e-05
-1.323904663590128507e-05
-2.064410399419214618e-06
-3.220271220614334893e-06
-5.573552541310136020e-06
-5.724705927134379676e-06
-1.365012342194049214e-05
-4.343290273766339679e-06
-9.332754063132241692e-07
-2.638750267485425639e-07
