-5.100302836266210754e-02
-3.832460847188168956e-02
-8.565145570778981421e-01
-5.375863086173363059e-02
-9.289974043267014425e-02
-5.919017557929710099e-02
-5.823730218999434438e-02
-8.529185962207905258e-02
-9.197032258912650471e-02
-8.619339668685646605e-02
-9.967096710796728709e-02
-7.425944652828152248e-02
-2.636550225885985616e-02
-3.348434738071870420e-02
-3.877678400220049837e-02
-5.506846169009608355e-02
-4.160449578339755344e-02
-5.409857898345971777e-02
-2.570673492307499683e-02
-2.423748903153925133e-02
-2.661634052767762604e-02
-5.441760175189338383e-02
-2.959818491716145056e-02
-4.373410740427488563e-02
-5.065378253318735674e-02
-6.195196794938238188e-02
-6.944085408585766450e-02
-5.463136302601406813e-02
-6.566849028962487567e-02
-4.697709632621198395e-02
-3.610987908775564054e-02
-6.299259066426589337e-02
-6.777108576600637813e-02
-5.259873995840072536e-02
-6.929962211552140317e-02
-4.646680885028275920e-02
-5.059380407062474133e-02
-4.239665424174321462e-02
-4.557605738411214802e-02
-6.241313563242031209e-02
-7.367299540150634707e-02
-5.140615517079918234e-02
-4.935864832828724263e-02
-8.403746796511092632e-02
-7.753553596152232275e-02
-7.507427577100402039e-02
-7.498447997832201339e-02
-7.135975718580131466e-02
-4.177830259035978516e-02
-6.384222640809975036e-02
-9.098703177997338742e-02
-1.203284657824946619e-01
-1.643715080770289105e-01
-1.570246413121571538e-01
-2.021778771531941854e-01
-7.314666486184679961e-01
-3.173226093298702200e-01
-2.567949026304335858e-01
-2.797285507392041071e-01
-3.287528064259906402e-01
-5.599103185942015948e-01
-5.618197298911148385e-01
-9.287902979420427085e-01
-2.876747382118063912e-01
-1.881327626086611027e-01
-1.600791171374028876e-01
-2.125318970202158264e-01
-4.278671164496092305e-01
-1.764664856461446996e-01
-1.960675102081471666e-01
-1.298698845561860327e-01
-1.459957721428112032e-01
-1.646360208201430864e-01
-1.740329148233869250e-01
-1.582017150901735003e-01
-1.603549300590289828e-01
-1.589868664612585358e-01
-1.527438522743801708e-01
-1.075135988853897911e-01
-9.154258964875011673e-02
-9.423041575945496906e-02
-1.012891387404426108e-01
-1.039949773304662539e-01
-6.281233071907435517e-02
-1.120914960713328551e-01
-1.235640392373993368e-01
-1.521638651839589962e-01
-1.386477575361035330e-01
-1.121065367358691639e-02
-7.610934844295377290e-03
-6.648893996877513167e-03
-5.890670640353433234e-03
-1.217636593714819908e-02
-6.428337316043255048e-03
-6.376165490025736612e-03
-4.887618751983959517e-04
-2.480842841004310493e-03
-2.237496682961003999e-03
-3.108852155025248337e-03
-1.280701544851762033e-02
-1.290735301531314820e-02
-1.738025990424689124e-02
-7.213598498656052967e-03
1.524921180820024581e-04
7.755688744236827713e-03
4.370253156081262656e-03
2.716461319167142244e-03
-2.281138005583538408e-02
-3.491706148950080024e-02
-2.849311294376241296e-02
-4.313416750020891699e-02
-5.600229664889357084e-02
-5.596302436268552061e-02
-6.229305005033818066e-02
-7.224327278209798087e-02
-8.398416575049184873e-02
-7.874401017565230143e-02
-5.717035182970023333e-02
-1.291399762856219706e-02
-1.735781048037559476e-02
-1.915053128220592024e-02
-1.857769183726818568e-02
-2.802544901420599144e-02
-2.465308681575428471e-02
-1.949673659626115912e-02
-2.845116719718778289e-02
-1.134305520768301954e-02
7.475346581746296869e-03
1.785235851414860089e-03
-3.925995722768083063e-03
-2.680306671960833512e-02
-5.314554379648419452e-02
-3.991962018446728461e-02
-5.740258990170223063e-02
-3.560286776654299212e-02
-2.983620990725988770e-02
-2.484228027442496670e-02
-8.428639793014625070e-02
-1.145515657955009092e-01
-1.446239401503006394e-01
-1.413403364837923781e-01
-1.230848598740543753e-01
-7.725871481855678402e-02
-6.215237002719574411e-02
-1.491524891344473136e-01
-1.227449455094247743e-01
-1.986519173338501809e-01
-1.573893706901311751e-01
-2.122286223307079667e-01
-2.238423463822133697e-01
-8.070477708761580882e-02
-6.062717501670202014e-02
-4.352758303658631894e-02
-6.652639990080255750e-02
-3.110754706676231024e-02
-9.260674102324627233e-02
-1.170145149329570589e-01
-1.322454192933248118e-01
-2.932386865605163956e-02
-1.980530015176075187e-01
-1.185133563628282954e-02
-4.913330497395521079e-02
-5.998061655147645527e-02
-8.927627343012960182e-02
-6.848609556758354644e-02
-4.286892820495681600e-02
-1.921847837749172672e-01
-1.863730917595155245e-01
-1.358831053656421872e-01
-2.757014373019046546e-02
-4.705798137351989430e-02
-4.616126935129233333e-02
-4.140120112783812062e-02
-7.060816302713955606e-02
-4.672408052107347720e-02
-1.791409242647214184e-02
-3.519515686159582074e-02
-3.416797916236369997e-02
-1.436467965450941298e-01
-5.220496251342807148e-02
-2.135904676531712176e-02
-3.225297344802262323e-02
-3.810267279649899586e-02
-5.595390352714790794e-02
-4.553667506547155047e-02
-4.206658633302304273e-02
-6.254906691134215491e-02
-8.631413733959036882e-02
-1.008885602794807324e-01
-1.722539558079231314e-01
-2.533303166032521703e-02
-3.708022670658398662e-02
-3.625998575169567945e-02
-5.101436766834002712e-02
-9.162835303569887013e-02
-2.186456413429565260e-01
3.756122529267895329e-03
9.133806708957229251e-03
1.601629353832994748e-02
1.448302481136971159e-02
1.477282240181654674e-02
9.545477741449186898e-03
-1.667773568005890151e-03
3.107583518679754662e-03
-1.288918773718512531e-02
1.018333515825164612e-02
2.960628656011987658e-02
3.451255343138185522e-02
5.191635049995838719e-02
3.340455396742613575e-02
3.262663405596069599e-02
3.588264792832481648e-02
3.232004179000044081e-02
3.818194537427888058e-02
3.688878928733586859e-02
3.126759834215091932e-02
1.360194588777579629e-02
-2.490593284412317976e-02
-5.764338067802159647e-03
-1.423282315501091418e-02
3.585357124329240867e-03
1.878239177162486584e-03
-1.531493230242041668e-03
3.795462822237175796e-03
1.362181889620811114e-03
8.902588368744222130e-03
6.419447152833852345e-03
-7.136086012586879274e-04
-5.615200484902172981e-03
-1.381939101200245609e-04
-3.763931286513486855e-03
1.032093556964561350e-02
-1.708806766193971764e-03
-5.822510105696405112e-03
-6.853462823512927174e-04
3.469932906024985296e-03
1.227474141494171340e-02
8.958097216045488075e-04
3.901909048572043044e-04
