beta2
6.613678158042467572e-03
6.674520470082129231e-03
6.677160762226375459e-03
6.634801203591814481e-03
6.660089654360047164e-03
6.660098529008108732e-03
6.614953414721763680e-03
6.650881855451869912e-03
6.890570404289414821e-03
7.077388229603734024e-03
7.042278061903750261e-03
7.016276764016600095e-03
7.026708529742466472e-03
7.046955958306511114e-03
7.067174767189804592e-03
7.166058003979304189e-03
7.413239368185895253e-03
7.722255324311807362e-03
7.786816403789776145e-03
7.767948360064039562e-03
7.734575582179497796e-03
7.906300863321016892e-03
8.103443338281494934e-03
8.365937673635776006e-03
8.630171961550459764e-03
8.651623689139752854e-03
8.605198427040480769e-03
8.500936807968602349e-03
8.503888768761604100e-03
8.489079417527399876e-03
8.437693099396358781e-03
8.383571013551060699e-03
8.682421553092838085e-03
8.956961219426231788e-03
9.133643845653386176e-03
9.172774242667301042e-03
9.337004159830351521e-03
9.542662621691401850e-03
9.712997823383019008e-03
9.842335406446583654e-03
1.009981269060882154e-02
1.019798057812203521e-02
1.013670067995501092e-02
1.012555455842335285e-02
1.010817466573590145e-02
1.033996976084112715e-02
1.037880974440726425e-02
1.034435404263445851e-02
1.026617155317062664e-02
1.023239403117882917e-02
1.006559640008746620e-02
1.000279429705214218e-02
1.003798149866973188e-02
1.007580781709843665e-02
1.014851402162846895e-02
1.007549617082730865e-02
1.016084151098516596e-02
1.010802536956665124e-02
1.017696506028586446e-02
1.027678558706384554e-02
1.032738833718406524e-02
1.079105459274177711e-02
1.065478449848159849e-02
1.050953634110792997e-02
1.032853078942430267e-02
1.022704114866799033e-02
1.011288826415995823e-02
1.010440098955816754e-02
1.028470584202121479e-02
1.032947558867828089e-02
1.047522644475024772e-02
1.068067155155427890e-02
1.090881388125690410e-02
1.121967393017080789e-02
1.139727772098941480e-02
1.143996449917312336e-02
1.149914399622647965e-02
1.117546035601334892e-02
1.092091720713145656e-02
1.068140067475425482e-02
1.058019269841993862e-02
1.054168368068111525e-02
1.026098254486084403e-02
1.021886719906284213e-02
1.020860383102350014e-02
1.005824677897745704e-02
9.939091545252562443e-03
9.915713837590697799e-03
9.640673888997794427e-03
9.481036502325217857e-03
9.390691119318190366e-03
9.208019359567103101e-03
8.915189920754462705e-03
8.847844280894134883e-03
8.737006153654193821e-03
8.611176201591182883e-03
8.608008421698509771e-03
8.529507073537129919e-03
8.539809446487117012e-03
8.462048940867477470e-03
8.433705493802946124e-03
8.469028033422372481e-03
8.516828426796952539e-03
8.585540579270392950e-03
8.564718577560571228e-03
8.552888743699308544e-03
8.596244850573440954e-03
8.822442036852964908e-03
8.954696839564818545e-03
8.978729785098081562e-03
8.961338134377664494e-03
8.842130778803825378e-03
8.929247663759310935e-03
9.049402425139168454e-03
9.132150070050798832e-03
9.275256624818949136e-03
9.465793977013581273e-03
9.691312739891193989e-03
9.677252525141885608e-03
9.728906472818966977e-03
9.703486826336135684e-03
9.706408062958464533e-03
9.622596798767417414e-03
9.585639593787907697e-03
9.533183897850240965e-03
9.421949006648253772e-03
9.331067005515707863e-03
9.209975580217369395e-03
9.206336693985985725e-03
9.285942842658004293e-03
9.305875564792336074e-03
9.302786470830878146e-03
9.298142647053114773e-03
9.438865707377716574e-03
9.534601331480437036e-03
9.575502319339472893e-03
9.597346876425282697e-03
9.586685152618757214e-03
9.644758214914748995e-03
9.726989445868475942e-03
9.825363897769008592e-03
9.802003437720177917e-03
9.659176385585274000e-03
9.526303881077679420e-03
9.547189895323436246e-03
9.728739894668606697e-03
9.865565882117212360e-03
1.004668972722316811e-02
1.021681007597222135e-02
1.059241572642660723e-02
1.097167416274772746e-02
1.138972126077546221e-02
1.181146149389446579e-02
1.157328302585653931e-02
1.137318970354112870e-02
1.110128333705839160e-02
1.088877395695109218e-02
1.087076537721929151e-02
1.115408868918479207e-02
1.141272626340899057e-02
1.143009322490495111e-02
1.147362309238022376e-02
1.148384338801465912e-02
1.154773456547173935e-02
1.146324959057804307e-02
1.131872958693511469e-02
1.112244525023837680e-02
1.095678727591807046e-02
1.059127065697050910e-02
1.008450177041065460e-02
9.984375174222638247e-03
9.819597130124174678e-03
9.707843979179982610e-03
9.634630591300520630e-03
9.617332049511768954e-03
9.904453509360727770e-03
1.008717163674757028e-02
1.020572289831133024e-02
1.029823405887321172e-02
1.030197437167499307e-02
1.038007433780516013e-02
1.033657022468134103e-02
1.033808618244447947e-02
1.044486659061245187e-02
1.048826588311400215e-02
1.050259224208906911e-02
1.065180557967595337e-02
1.106100761874301806e-02
1.100518611130297045e-02
1.079336919016553147e-02
1.064008329318949855e-02
1.053264385263926774e-02
1.034724468894784866e-02
1.006729783390396954e-02
1.002298812385567922e-02
1.000433270974331219e-02
9.669370919118283267e-03
9.513703853983097869e-03
9.344898530626179201e-03
9.119201118097466224e-03
8.842489455208386862e-03
8.640278177928671297e-03
8.424851586398085165e-03
8.253851796160239715e-03
8.250413091935339394e-03
8.283800070166593907e-03
8.425124775046189535e-03
8.609764506546147694e-03
8.749675148648277875e-03
8.810820805021806618e-03
8.757834237725399193e-03
8.779440982566440871e-03
8.810326691714963354e-03
9.016405774634011355e-03
9.245104580565828567e-03
9.516662457602992342e-03
9.685577445486563339e-03
9.617674201148299074e-03
9.568572734938697588e-03
9.582950500071706068e-03
9.647686369942535742e-03
9.577413715797969407e-03
9.506320214901168436e-03
9.378699285678717551e-03
9.117759044764858073e-03
9.029604770876621320e-03
8.994517743732423354e-03
8.920838397481152537e-03
9.005226335778507285e-03
9.055664084255876309e-03
9.067690528047884710e-03
9.053617837117607786e-03
9.022218221583989256e-03
9.020443573788443359e-03
9.034836418146556525e-03
9.010804454799828736e-03
8.934174392586625990e-03
8.806750781359350827e-03
8.708520229733623594e-03
beta3
9.552498940350886980e-03
9.685090990473363415e-03
9.615438231352441134e-03
9.373697195193125831e-03
9.228666432951851406e-03
8.835346537874317133e-03
8.374641693400179665e-03
8.167255949483417238e-03
7.861641165293743044e-03
7.549655850027120474e-03
7.666382041438289663e-03
7.614520605039707193e-03
7.562664908570717118e-03
7.464258646017858656e-03
7.440504657078715785e-03
7.060144335849975403e-03
6.946923943005457389e-03
6.752643786439131712e-03
6.883228116635661982e-03
7.198402044100179684e-03
7.507018447272566924e-03
7.844050718054993918e-03
8.076749426445071350e-03
8.066021665698135112e-03
8.060246936851825361e-03
8.084392765271081888e-03
8.017771107514382739e-03
8.010493720483173596e-03
8.175392680142067742e-03
8.340109574333863518e-03
8.626790861461326385e-03
8.890912786966931672e-03
8.983289823188248674e-03
9.068236840510647545e-03
9.207394229944800002e-03
9.414465386288043552e-03
9.597671404314504079e-03
9.893393672746938344e-03
1.033422850448627653e-02
1.067377334728621292e-02
1.080914544310347322e-02
1.079280881524323846e-02
1.095047294500135771e-02
1.130502700973101335e-02
1.170657991351549757e-02
1.139498266259117605e-02
1.003355431793157698e-02
8.608377811399633636e-03
7.436377533076340973e-03
6.959232225743695530e-03
6.994599988134037917e-03
7.260949783284818999e-03
7.847742745377564791e-03
8.212402849287347636e-03
8.531525411442912599e-03
8.956104049285946306e-03
9.486064556524072267e-03
9.652109875077998641e-03
9.827285294812724420e-03
1.016425888260762481e-02
1.032179778067498707e-02
1.017900280125206766e-02
1.061878966281945558e-02
1.101004452238814324e-02
1.104325979523076637e-02
1.085635486125357575e-02
1.072345914416407073e-02
1.044658658659504760e-02
1.049091268201696875e-02
1.004474527539575730e-02
9.567671917622987826e-03
9.056670309737653232e-03
8.487250341277285948e-03
7.887006233881714568e-03
7.081655793575747718e-03
6.748219758662154545e-03
6.740757571340993612e-03
7.045985322793002666e-03
7.453534809888100535e-03
7.872361214914965627e-03
8.157499532946688864e-03
8.476789066309041790e-03
8.473860090751815510e-03
8.518668075992410355e-03
8.579329162536238063e-03
8.474893554716943223e-03
8.413675391026774128e-03
8.401602006114495397e-03
7.976237307845050403e-03
7.694362351121721705e-03
7.911773453688085780e-03
7.841219373087631936e-03
7.880358337420598908e-03
8.203374914838173354e-03
8.196136254697845847e-03
8.086934961719050366e-03
8.165481099774350715e-03
8.433802984047347739e-03
8.333014455369439771e-03
8.102035863516401232e-03
7.861222763276554115e-03
8.091742513782416643e-03
8.374561548825036617e-03
8.649315204459114004e-03
8.533311932262173730e-03
8.433042059113445010e-03
8.516369322698565114e-03
8.531927679520510954e-03
8.433635282420774357e-03
8.446798401807628989e-03
8.317768385605862902e-03
7.949215397763196439e-03
7.985874872935519453e-03
8.054207525788356289e-03
8.123282471894279627e-03
8.389507212179691392e-03
8.686009162333009626e-03
8.942762726574128920e-03
9.064142978925923688e-03
9.266448583623338939e-03
9.309217379699412376e-03
9.378862495184193959e-03
9.046214830494480816e-03
8.829584218198630735e-03
8.663144628403326997e-03
8.441512387240446280e-03
8.450894715029742474e-03
8.492367044886962868e-03
8.337050581016823558e-03
8.267247123442454312e-03
8.150986719589459889e-03
7.899970899576922584e-03
7.762408820593014701e-03
7.445307177734615187e-03
7.129176346643388562e-03
6.885217536239078215e-03
6.649009704022159142e-03
6.521383179856081805e-03
6.440634596236191264e-03
6.313426251029956825e-03
6.314593839425685501e-03
6.362082641061772917e-03
6.254585144405062566e-03
6.156702239263040811e-03
6.009156316968823457e-03
5.957075995615638588e-03
5.926641651040566797e-03
5.905441289232519868e-03
5.743975478251343164e-03
5.595620483231191974e-03
5.550367877982950726e-03
5.769450878127355305e-03
5.885153465811747420e-03
5.907287169711625610e-03
6.086681244546962577e-03
5.838944031001453566e-03
5.608416387235352039e-03
5.387092913975533720e-03
5.235895361842626133e-03
5.080320899955078490e-03
5.158848776112168188e-03
5.309674900276619217e-03
5.528536608156562129e-03
5.727014159336277568e-03
5.712454424418436649e-03
5.671530333031735149e-03
5.734735622790089818e-03
5.789245068522430940e-03
5.839567448551330996e-03
5.824932545732650589e-03
5.982515243417603663e-03
6.188102195621327309e-03
6.431091048193570553e-03
6.629371045485861827e-03
6.827474685513046544e-03
7.561471861276231055e-03
8.077007788433291507e-03
8.736126281107621863e-03
8.933982375186267505e-03
9.117582202447540446e-03
9.089181558815405404e-03
8.910033398095658363e-03
8.836987601863790717e-03
8.717532402576767120e-03
8.615662066988463014e-03
8.565277144885695068e-03
8.552891226783933612e-03
9.024041730293990218e-03
8.881540532221069567e-03
8.696454287974809960e-03
8.406735468287261648e-03
8.213303779754325268e-03
7.843967688386514758e-03
7.652202356654874346e-03
7.389115470401200550e-03
7.190963792912311199e-03
6.958997738130470560e-03
6.781858004299453138e-03
6.709901567236654235e-03
6.705992400623819738e-03
6.652253949063914595e-03
6.653252552287094654e-03
6.680463333414491528e-03
6.622913922416937341e-03
6.639037171108528798e-03
6.572802182421187515e-03
6.553667806352925403e-03
6.436042858074820724e-03
6.233965028146515666e-03
6.267950401955400819e-03
6.224057052924191792e-03
6.168502683034010614e-03
6.078890043039722815e-03
5.912167404197503882e-03
5.819591375884076295e-03
5.697185247130120631e-03
5.646489836663111384e-03
5.641313940410260311e-03
5.575592382698321692e-03
5.793084530435019253e-03
6.008454118595640131e-03
6.015811850692686681e-03
6.015698973047167025e-03
6.014374709042809991e-03
5.610255051497986187e-03
5.519864877185696669e-03
5.336390967072387331e-03
5.276888479340874696e-03
5.239463465870232775e-03
5.208526584852759753e-03
5.222277554439699009e-03
5.450586819530129842e-03
5.639556098985714153e-03
5.847519975100417752e-03
5.648596802253980781e-03
5.468747135196020542e-03
5.327979515027714101e-03
5.240085614391796348e-03
5.126235286187072124e-03
beta4
1.686811452505366810e-03
1.882281659474163184e-03
1.959818740397050417e-03
2.111812663242110776e-03
2.264342780166523315e-03
2.574230980866516749e-03
3.041220352435636959e-03
3.340929759081538806e-03
3.301290228595469937e-03
3.359355730116951339e-03
3.420111789177696267e-03
3.459405161763580427e-03
3.545572613861797638e-03
3.682981041378182666e-03
3.778091762980806921e-03
3.891879987489728875e-03
3.772856792710767466e-03
3.662521505240842398e-03
3.683883751059660854e-03
3.737118859046576272e-03
3.792791479800527651e-03
3.395270008569569679e-03
3.039590806486185560e-03
3.332104296653460706e-03
3.711637469787839108e-03
4.073269412184808008e-03
4.551457803624761426e-03
5.008179626122736747e-03
5.041575938364824608e-03
5.251078985710885480e-03
5.499055558380103528e-03
5.779567863118537790e-03
5.206527325374143284e-03
4.755665036402290102e-03
4.612837392346500615e-03
5.037498975979246701e-03
4.623169491062331313e-03
4.150453727021597566e-03
3.910328928842207383e-03
3.749806496754650061e-03
3.216120702844908405e-03
3.245289970880141199e-03
3.203309051240802070e-03
3.271755411385723119e-03
3.265159982326544010e-03
2.989214889098690958e-03
4.032833901264926829e-03
5.294250891261721888e-03
6.735362296664392651e-03
7.568335047591986595e-03
7.748886984878978687e-03
7.451537157333060907e-03
6.812125293726127226e-03
6.603556730280705708e-03
6.021638947467431932e-03
5.658859152333314824e-03
4.800333342996881275e-03
4.616710939193401433e-03
4.037118557643675290e-03
3.744153276102758776e-03
3.752820479676859024e-03
2.629722533567220057e-03
2.649861688847799431e-03
2.687760364780584187e-03
2.533307876352441403e-03
2.427495722140252544e-03
2.400303210955311711e-03
2.279163715390578222e-03
2.062905677759286488e-03
2.435649670036573334e-03
2.877496915565569760e-03
3.315476239739466487e-03
3.281666887507244702e-03
3.404487844591262691e-03
3.553282262328334891e-03
4.189295477498215445e-03
4.453689893545801845e-03
4.947706259816824804e-03
5.570317366167821735e-03
5.985569708744733521e-03
6.452431727545338870e-03
6.885755899033030661e-03
7.561537323491443821e-03
7.665156081541826469e-03
7.768575448676274739e-03
7.384588499862480490e-03
6.892539227065575154e-03
6.514528676292184912e-03
6.087907686264517476e-03
5.740731127135200590e-03
5.199518368294618956e-03
4.453525635359773319e-03
4.033870276156061724e-03
3.778515364845758291e-03
3.351330169837064572e-03
3.009163382713513253e-03
2.838076434740462086e-03
2.667532349771975508e-03
2.556106745004214399e-03
2.258482296673698653e-03
2.066168018639228353e-03
2.028386205142397938e-03
2.046914688637330258e-03
1.984004351189303916e-03
1.962336642368086095e-03
1.832558234592228212e-03
1.769567849686362604e-03
1.677651680055995079e-03
1.796019286023447592e-03
1.700802099545359759e-03
1.746524788647394952e-03
1.778365788834774912e-03
1.743655641433793004e-03
1.782149619240897724e-03
1.870232790796565268e-03
1.764266872567359958e-03
1.663176323700717857e-03
1.509533718140212413e-03
1.513249003981407366e-03
1.509364177850107489e-03
1.478800192381000836e-03
1.389348378881498976e-03
1.288776369401055041e-03
1.196296960374320989e-03
1.082227451791793705e-03
1.121734499525856108e-03
9.688801727398563615e-04
9.774577411656147109e-04
8.673646570458175189e-04
8.108150976110081384e-04
7.487180657718300360e-04
6.525842918780374712e-04
5.975784396275312955e-04
5.387954435105553287e-04
4.388401409780794907e-04
3.899890654332662096e-04
3.359609791523533295e-04
2.357195132721287491e-04
2.314586611471593778e-04
7.302654637032931183e-05
1.954748608239241655e-05
-4.345426433404296871e-06
-6.366755639524468197e-05
-1.638841599689825777e-04
-3.102401063377979804e-04
-4.940309831621681174e-04
-6.852517160186212411e-04
-8.491894486888076563e-04
-1.057594972693366199e-03
-1.222256351292000387e-03
-1.422190453477612058e-03
-1.501278027807025116e-03
-1.571355504139614577e-03
-1.759546211753256926e-03
-1.974801985359171848e-03
-2.085613448515649150e-03
-2.132237294972792220e-03
-2.013412102696325850e-03
-1.779986620197825499e-03
-1.554941478835402541e-03
-1.402035677241338357e-03
-1.430458565131127995e-03
-1.589085211186098837e-03
-1.426702134554247913e-03
-1.431925157220364890e-03
-1.373535950338645832e-03
-1.417630918821183653e-03
-1.437028874920810197e-03
-1.419627225499765256e-03
-1.570654064605948299e-03
-1.653480420694992872e-03
-1.644247970075358089e-03
-1.632002654010875856e-03
-1.512824476540477504e-03
-1.521250544874121983e-03
-1.328028760754865548e-03
-1.168984480414160141e-03
-9.359499336325248541e-04
-7.380648886011322105e-04
-5.830992634108338440e-04
-4.326316490417871107e-04
-3.590911790650686214e-04
-3.201168399016147384e-04
-3.336212045172088150e-04
-3.383142987996775870e-04
-3.967003863413994576e-04
-3.922360402080847627e-04
-3.452885886262268265e-04
-3.175596409484938510e-04
-3.098217704733363361e-04
-2.990486678820843277e-04
-2.761323519717704192e-04
-1.736866996364540673e-04
-1.282995039374684276e-04
-5.408927883711987382e-05
9.596344489673333436e-07
4.014340409611175467e-05
1.133650943583585659e-04
1.826234296281454542e-04
2.964963065594146147e-04
3.996070786509045938e-04
4.220714035157948794e-04
4.110356203635181214e-04
3.308549711108047268e-04
3.527954891997265034e-04
3.459472698093984423e-04
3.763364215884717166e-04
4.072954365163938958e-04
3.870615590929541838e-04
3.701099246858688126e-04
3.220976540867310969e-04
4.073677604162853367e-04
4.798778461375543094e-04
5.633356809979424848e-04
6.866452084821890282e-04
7.427253804127200570e-04
7.997396633338825543e-04
8.709404805156106518e-04
1.167120291920178791e-03
1.301190286193003786e-03
1.464062549921001013e-03
1.764512709162008829e-03
1.930499083204054557e-03
2.249483237774649834e-03
2.469929172020073147e-03
2.424988197307503118e-03
2.174250551027680483e-03
2.051524810871200363e-03
2.084994608448905145e-03
2.126746364154090234e-03
2.233266874223700186e-03
2.014686835181626022e-03
2.165431548010381645e-03
2.287676746639230683e-03
2.025324089007748442e-03
1.773487123448796565e-03
1.639870365309966608e-03
1.528948829623446790e-03
1.444710618428316894e-03
beta5
-7.777800986543362705e-04
-8.382361052840953683e-04
-8.660754680217910319e-04
-8.396897453436635416e-04
-8.673932494378572451e-04
-8.936252509188823481e-04
-9.573613523042791718e-04
-1.000072274921269631e-03
-9.749379659080259193e-04
-8.993982960673715032e-04
-8.362840118351991259e-04
-8.254274976376143810e-04
-7.599424080425231601e-04
-7.328574821812035549e-04
-7.107314495653810522e-04
-6.127642454610654444e-04
-5.914393609496341412e-04
-5.546797607142578412e-04
-5.628554060911299247e-04
-6.060275023596384562e-04
-6.332160433782183656e-04
-6.942651388283156049e-04
-7.098157919881956535e-04
-6.393348318158612823e-04
-5.538871126312313589e-04
-4.756349875654987316e-04
-4.160500930636243551e-04
-3.928465098823543549e-04
-3.307938145236884219e-04
-3.247630551242116671e-04
-3.345020225470452619e-04
-3.334453855940227793e-04
-3.099782292331368459e-04
-3.356581539803415158e-04
-3.281660262456138248e-04
-3.946256584941878988e-04
-4.245661481538227878e-04
-4.939384297267918836e-04
-5.275176419616955242e-04
-5.969309819932240059e-04
-5.583420479815283388e-04
-6.162023221295723045e-04
-6.427252451363779087e-04
-7.135476159864949158e-04
-7.827562798762123866e-04
-7.567732932750783487e-04
-9.313632533997502324e-04
-1.193894558356589078e-03
-1.424225687427887934e-03
-1.483557957842583826e-03
-1.504833497615639792e-03
-1.501872192342791667e-03
-1.297869095902883831e-03
-1.178112614012421892e-03
-1.110407345989383081e-03
-1.099665725961637697e-03
-1.114838956347488121e-03
-1.281889938213485233e-03
-1.428922669131590852e-03
-1.576387204100779954e-03
-1.421897576065213635e-03
-1.652332427985076261e-03
-1.437336581072340413e-03
-1.269769379730087237e-03
-1.196543030391430690e-03
-1.077810016751219778e-03
-9.657343649379910612e-04
-9.424400694814226865e-04
-1.003309205740151016e-03
-9.060192497803655400e-04
-8.752439930171214888e-04
-8.912763773375764233e-04
-9.558281504456855697e-04
-1.000564939046616735e-03
-1.045061879855626631e-03
-9.772183191937213343e-04
-1.009559731395284765e-03
-8.965000080698282787e-04
-7.981384284560191387e-04
-7.219749250161575397e-04
-7.250622553071517807e-04
-7.767153437188275764e-04
-5.895466545367349619e-04
-6.084805581529845533e-04
-6.231804307260231874e-04
-6.146767663145122611e-04
-6.115784604034809561e-04
-6.536223600077603352e-04
-5.257644880326392198e-04
-4.221739562536362504e-04
-3.517016995713612886e-04
-2.908829303558174619e-04
-2.297516808953897294e-04
-1.519481549452377411e-04
-8.213308366835422175e-05
-3.208392623827254733e-05
-6.793753416477117215e-07
2.155275988550741571e-05
9.713112500014058461e-05
1.512388284167375972e-04
1.656684971318313335e-04
2.589105363018101439e-04
3.639270100898695870e-04
4.519820764180577238e-04
4.787546123657237390e-04
4.724179216004655794e-04
5.091355137842180478e-04
4.736220858797357634e-04
5.306930193600781524e-04
5.514656944067611571e-04
5.567463081513312735e-04
5.472060816304535414e-04
5.652700874061199806e-04
6.267126835542214443e-04
6.743469219743897757e-04
6.466624007977184695e-04
6.146788709418917526e-04
6.067842965345119754e-04
5.927033009569853328e-04
5.509959245754802830e-04
5.204971409948913001e-04
4.714382135105304582e-04
4.098787441029004661e-04
3.246366171736561482e-04
2.534143948658352163e-04
2.297658039701472581e-04
2.160575013024634296e-04
2.512472019419315084e-04
2.444683239287917401e-04
2.600581812763399906e-04
2.817973444503409433e-04
2.981139100900056594e-04
3.026156381222472108e-04
3.676056477830511732e-04
3.847837910279238056e-04
4.259257697814287707e-04
4.757085622604857625e-04
5.463854019993102853e-04
5.934458015243268981e-04
6.416009728085867066e-04
6.124681812346182601e-04
6.224543439703746853e-04
6.471623658555263840e-04
6.187141502815567563e-04
7.040759209837291373e-04
5.315641583759861486e-04
4.911713161897908117e-04
4.737131398413465741e-04
4.770110883143096453e-04
3.020921715329337519e-04
1.487965597946739704e-04
-8.336976249429293766e-07
-1.659516419869923592e-04
-2.466609353465914123e-04
-4.017977975401859810e-04
-3.872205697446140862e-04
-3.653876919625680315e-04
-4.019681820607699406e-04
-6.607508432137268028e-04
-1.018677255649694073e-03
-9.939190277764113884e-04
-8.966119832617132183e-04
-7.720946723601406240e-04
-7.860032591103921756e-04
-6.778099995832528955e-04
-5.806986812658472726e-04
-5.351454793048575223e-04
-4.321823298721377197e-04
-4.349150874675825670e-04
-5.264130201525180986e-04
-5.485817621457922486e-04
-5.860987779133120662e-04
-5.984815580120115891e-04
-5.778292010247135582e-04
-5.808673516828345403e-04
-5.866361866575819407e-04
-5.693100785076689622e-04
-5.435341855843971648e-04
-6.279340647058144053e-04
-6.978753479806021603e-04
-7.326063046435250456e-04
-8.574721948061981560e-04
-9.047828014715913764e-04
-9.777698689023355764e-04
-1.061077501176994767e-03
-1.148521425923148317e-03
-1.295871908450184525e-03
-1.471057475856886237e-03
-1.694322145188160164e-03
-1.970250568592219961e-03
-2.179121608460966517e-03
-2.367567951410393286e-03
-2.393296763607300707e-03
-2.452864037015054996e-03
-2.315674490855578176e-03
-2.458245312642464396e-03
-2.261377299081700990e-03
-2.161997422202836631e-03
-2.121243497511138276e-03
-2.041669469057671472e-03
-2.052487646947538484e-03
-2.009400055862306696e-03
-1.997465112041422498e-03
-1.940543105617862415e-03
-1.976935556019096627e-03
-1.981815658220114316e-03
-1.952439716628126889e-03
-1.899165845534094964e-03
-1.916889955442500253e-03
-1.814321757795183624e-03
-1.756571182031275427e-03
-1.738960195116816916e-03
-1.678190918203515802e-03
-1.680827920168749545e-03
-1.647246840077758439e-03
-1.613439087347838530e-03
-1.580977076679461728e-03
-1.634246597395450171e-03
-1.760253524248753384e-03
-1.796185505570934999e-03
-1.756972654826886599e-03
-1.755222522096909618e-03
-1.763955927861273702e-03
-1.803074261125127377e-03
-1.813117290791506700e-03
-1.815197429591962428e-03
-1.833032388205944885e-03
-1.860222872166302204e-03
-1.965708917163916034e-03
-2.100300729847829999e-03
-2.266233187054436920e-03
-2.066513023408367549e-03
-2.181862365703277247e-03
-2.462193861143549371e-03
-2.219631308056094644e-03
-2.012261299965125653e-03
-1.846342686447466092e-03
-1.661243928344755851e-03
-1.567090310782533755e-03
