-1.846928266279756776e-03
9.130809672827259332e-03
4.314532872754544245e-03
-5.350919638334307275e-04
9.218039574081418174e-04
1.231557251839731889e-03
1.939491359182219125e-03
-1.735096585237305656e-03
-2.617057957170764847e-03
-2.683810701272866615e-03
-6.165384042285036899e-03
-8.921488629934736306e-03
-1.181570245723897322e-02
-1.387824020075814797e-02
-1.340719704882806750e-02
-1.158234648476214046e-02
-1.005663376201560572e-02
-8.814278350483878074e-03
-6.718530271185664537e-03
-4.173917424793237123e-03
-2.708047868054466734e-03
-1.283690750977382585e-03
-4.984586949074096274e-04
-1.505555997210517342e-04
-4.693465230744774380e-04
-1.696290473243040929e-03
-3.642088685432172315e-03
-5.402733262347691155e-03
-6.475480479259470255e-03
-9.579735106434400169e-03
-1.066906316172055134e-02
-1.139720225976265620e-02
-1.253056300549241185e-02
-1.383158259239448094e-02
-1.443691741913830269e-02
-2.174966487511415317e-02
-2.039297800625598442e-02
-1.843105847676344486e-02
-1.544951545026607663e-02
-1.235905728928127743e-02
-1.068364898427640042e-02
7.010391193377693564e-04
1.269413351040278711e-03
2.019026465297645619e-03
2.681996648343948700e-03
3.682334594481856318e-03
6.158972608783487568e-03
8.130044003069920519e-03
1.008472233967722988e-02
1.131432735564950366e-02
1.288403982588837669e-02
1.297921317055315306e-02
1.136677336508904422e-02
1.054350686724567915e-02
9.259685878482378993e-03
7.808912964252809862e-03
5.249042543831467476e-03
2.834799411988863423e-03
1.474265600064804914e-03
-4.188531532045320781e-04
-1.761670292742166999e-03
-3.260927681936100306e-03
-3.809125519019062548e-03
-3.926151928705867537e-03
-4.099453276370121531e-03
-4.384353012315721915e-03
-3.816858533735742898e-03
-2.718871011382896236e-03
8.745875422639607516e-05
1.030195011739841113e-03
2.051627488958828165e-03
2.858232086541323200e-03
2.867360980073226789e-03
2.631876976081820845e-03
6.012413409931527397e-04
2.572551370039452600e-04
-5.087693485096349494e-04
-1.188525528608969702e-03
-1.963030884140432464e-03
-2.203918773600033448e-03
-2.415296568840580912e-03
-2.773003185935639728e-03
