4.652519844098719449e-04
4.364389720646870289e-04
3.912356131496566754e-04
4.603512986072443025e-04
5.496053971059464268e-04
5.951578895729881013e-04
6.056917908288493449e-04
6.344108005025791194e-04
6.737142236766018250e-04
6.972752212425577158e-04
7.219975937786953131e-04
7.466523342627176497e-04
8.203756518192626595e-04
8.703695044763424963e-04
9.284423475649656579e-04
9.737285610392750271e-04
1.007596811746840461e-03
1.051562807526262248e-03
1.088722038144294448e-03
1.131498360282791977e-03
1.160011956017255449e-03
1.165464854733437843e-03
1.139629483360079035e-03
1.052370664706029106e-03
9.020790392851148415e-04
8.187066008834660222e-04
7.077702696521889596e-04
5.742785247214609494e-04
4.249764975843798730e-04
2.889699632990415856e-04
2.101408410082797990e-04
1.159860631555983561e-04
3.742125493638314045e-07
-1.107367880770675981e-04
-2.024944417315132684e-04
-2.521870310509970767e-04
-2.690234886586756057e-04
-3.061536057095749254e-04
-2.931759084398953682e-04
-2.886734189867738568e-04
-2.601833197877041152e-04
-2.093117541237222653e-04
-1.786411948046323585e-04
-1.381069339045581338e-04
-7.414147562513603081e-05
1.154834733225456495e-05
9.879398945605264186e-05
2.046232780692463897e-04
3.049185161103590909e-04
3.933842028153611715e-04
4.357352954884934570e-04
4.722245066249858704e-04
4.781527226149857239e-04
4.431604287116242577e-04
4.280965267671022032e-04
4.481984219536002821e-04
4.367417727999171970e-04
4.339714477733821844e-04
3.813198233927187256e-04
3.130217408067076140e-04
2.297198093785415114e-04
1.323493176808893557e-04
6.392426702872957905e-05
3.602411835728053897e-05
3.107635287861541248e-05
4.133970401217894894e-05
6.657239110209916459e-05
4.244859724621354480e-04
4.960932213178512748e-04
5.929725063984452992e-04
7.573391526245833215e-04
9.457028674584002292e-04
1.476460153055451745e-03
1.765174641839517729e-03
2.072255682745559151e-03
2.493817800406419264e-03
2.683807393853084988e-03
2.828249050744134716e-03
2.917396964477525240e-03
2.625651428578621490e-03
2.651471728008597279e-03
2.635603235016537732e-03
2.621940118657390892e-03
2.575953963723712561e-03
2.192572471615254065e-03
2.057751947482947159e-03
1.937632048401734556e-03
1.756508367259959798e-03
1.828211026757735509e-03
1.984496018185954135e-03
2.217890634299756088e-03
2.446582215080489540e-03
2.624981394482902696e-03
2.722835623236424547e-03
2.708050243046742495e-03
2.621599781706233662e-03
2.519431903127908757e-03
2.420097520063380341e-03
2.232098668877777452e-03
1.967482579309734730e-03
1.650243468657085601e-03
1.323776787803071509e-03
9.500343829919113969e-04
5.826585925676374322e-04
2.468198409128767221e-04
-1.141886447894645360e-05
-1.812388974068344059e-04
-2.259299351630849478e-04
-1.754631615699666313e-04
-1.119539835018063797e-04
-9.878256325305366181e-06
1.060294050291982611e-04
2.995977060462849933e-04
5.328151652884049929e-04
7.879853375932929999e-04
1.054212334583954627e-03
1.320624805806450272e-03
1.612091606106227015e-03
1.938031793106675602e-03
2.258630991482146137e-03
2.520655613036323645e-03
2.817802456960456781e-03
3.176569833496476012e-03
3.464768529161373154e-03
3.669403189409872670e-03
3.813030421383493008e-03
3.905921258153955810e-03
3.954671505341353713e-03
4.071779671003811739e-03
4.230515621432488597e-03
4.301512118003806770e-03
4.342615350869313828e-03
4.484127422295183275e-03
4.620354136810603772e-03
4.706897394389173914e-03
4.863946394071967834e-03
5.245884413074144471e-03
5.768144134245878525e-03
6.677160632816737940e-03
6.450955451128293112e-03
6.049646352648058861e-03
5.655370843116981454e-03
5.288386973727194316e-03
4.876600668286984810e-03
3.790872857460967499e-03
2.284330616990550445e-03
1.603469002135943060e-03
8.945929377312543439e-04
-2.440192186243288211e-05
-1.951513127386472020e-03
-3.460422728484437594e-03
-3.771892195970965363e-03
-4.004195045269049250e-03
-4.514125866514812936e-03
-1.319519865502477747e-02
-1.339440897311134325e-02
-4.067702555933772057e-02
-3.984476006562326367e-02
-3.983232639050886953e-02
-3.977011008296701261e-02
-3.973352785237033169e-02
-3.882030296890363191e-02
-3.872355522869441041e-02
-3.863499253887401480e-02
-3.850877133795174712e-02
-3.817068636839385937e-02
-2.968840881404731166e-02
-2.962073853280382252e-02
-1.867966808463993435e-03
-1.823369441109663801e-03
-1.754707379612389798e-03
-1.718978523646990482e-03
-1.631305439081087673e-03
-1.587719648495367238e-03
-1.491152882916253058e-03
-1.427810792532992201e-03
-1.360491351554076562e-03
-1.280306606507787071e-03
-1.183084881000187561e-03
-1.175299607291475446e-03
-1.188078917599373402e-03
-1.258190483956047288e-03
-1.377511869447597785e-03
-1.506020794694411030e-03
-1.614779430276013601e-03
-1.681771590181718257e-03
-1.829659227989436114e-03
-1.980218677437896313e-03
-2.149186671672133689e-03
-2.355112831526486906e-03
-2.503598299022525165e-03
-2.551607575425178433e-03
-2.577044198909146221e-03
-2.576699490508350086e-03
-2.537464178843742459e-03
-2.489389397423332363e-03
-2.495428487910444307e-03
-2.541091787220463392e-03
-2.601516725844863712e-03
-2.628807492578372988e-03
-2.693231718337462787e-03
-2.772297173127127607e-03
-2.838191572716803127e-03
-2.911959887746789696e-03
-3.017601498297199907e-03
-3.099904748551536842e-03
-3.330869379033995787e-03
-3.418466766595125699e-03
-3.452743001649456484e-03
-3.463723499427637850e-03
-3.436884224425780770e-03
-3.481665201867068307e-03
-3.438141952388617650e-03
-3.359812124124320846e-03
-3.262772181926783688e-03
-3.179595299393198071e-03
-3.120639636766570166e-03
-3.157509801655759753e-03
-3.018034764921986163e-03
-3.078573065758676962e-03
-3.195465459987123242e-03
-3.415247557409091268e-03
-3.585928014587177332e-03
-3.743836121867885527e-03
-4.002963325690114642e-03
-4.162996940419375590e-03
-4.307439416621600646e-03
-4.484087604405275276e-03
-4.641945595122517858e-03
-4.688193304683153061e-03
-4.842746801354830787e-03
-4.936575637048715333e-03
-4.964384326618561695e-03
-4.829491621006995819e-03
-4.710206576051209106e-03
-4.508168199871276545e-03
-4.243286430332670299e-03
-4.104928498463039817e-03
-3.988811758055116168e-03
