-1.576705720953695651e-06
-8.007428136637793764e-07
-5.473139914996663969e-07
-7.018783226127740579e-07
-6.027446610838510501e-07
-5.042398512551395681e-07
-4.322113247681365023e-07
-3.781849271279662912e-07
-3.361644409256391133e-07
-3.025495132191974621e-07
-2.750955850169174124e-07
-4.283255029467547319e-07
-7.734610160365098978e-07
-1.021405517898976478e-06
-1.820928591142305623e-06
-2.740649412029766595e-06
-3.609459693352998149e-06
-3.618569206522117740e-06
-3.627323010680683953e-06
-3.667877141952206961e-06
-3.670458545781704812e-06
-3.670463865249280894e-06
-3.670417645743381096e-06
-3.494634407648576461e-06
-3.018106751147035587e-06
-2.768097257085822563e-06
-1.965145080125219089e-06
-9.458151136851255530e-07
-4.698969573767252140e-08
1.692475298195467479e-07
6.532715672048588812e-07
5.337000496522184799e-06
5.621097626415780442e-06
9.158108316002627205e-06
1.264217923115512519e-05
1.813889709972813985e-05
3.311415889364885049e-05
5.975662591049520165e-05
6.473051215919020576e-05
7.719222528559009850e-05
8.173125516654271500e-05
9.388909627455729108e-05
1.072739463673687488e-04
1.109150386791224501e-04
1.244278079050998957e-04
1.391713854331011523e-04
1.762499506867905340e-04
2.190925953496057101e-04
2.922436998451091923e-04
3.031487022359445702e-04
3.669900993775127105e-04
3.851848985226174788e-04
4.111143991614289207e-04
4.172609057093812726e-04
4.553744343274181410e-04
4.967932405534909029e-04
4.856381524147298048e-04
4.674910039583616878e-04
4.269292878648681643e-04
3.785902966454029496e-04
2.904639303463625848e-04
2.529154412163512559e-04
1.837200698960359630e-04
1.474740336966564181e-04
1.110921983088496200e-04
9.037864657430984760e-05
3.525539813711006594e-05
-1.487817161885766859e-05
-1.816349375563561282e-05
-2.000829951534676128e-05
-2.092246449636555228e-05
-2.148422325731804143e-05
-2.802918803960252714e-05
-3.123407813326345591e-05
-3.456617862765719507e-05
-4.740520533350649554e-05
-6.959264137546774425e-05
-8.554589527423225295e-05
-1.000783691293333683e-04
-1.007154061516616061e-04
-1.019848625239192083e-04
-1.011281353779367505e-04
-1.006119325792041301e-04
-1.005920914783632299e-04
-9.458395468050383907e-05
-9.183445137449142875e-05
-9.031288683645150907e-05
-7.391194462518612784e-05
-5.612544600462558139e-05
-5.636142185634344151e-05
-4.309303589964685074e-05
-5.846645006035949658e-05
-7.686853734954051125e-05
-8.441628500845626106e-05
-1.087647375286835425e-04
-1.348207178855182430e-04
-1.436894464503068851e-04
-1.659551408489703917e-04
-2.963006928654402525e-04
-3.520920904611689675e-04
-4.308588824323480592e-04
-5.873079437070546872e-04
-8.586860369608786915e-04
-8.917629291616877398e-04
-8.733458693548249796e-04
-8.662580421240415182e-04
-8.416033266677183872e-04
-8.150065783993641665e-04
-8.056020567411961491e-04
-7.828836088530966887e-04
-6.503494013805679328e-04
-5.925328791476736036e-04
-5.034646758557612383e-04
-3.286233320181940263e-04
-5.162041257024386175e-05
-2.102340636670663954e-06
-2.017313567157698819e-07
1.112965672077866008e-06
1.207969046034065194e-06
1.210936978448447418e-06
1.217759635020298317e-06
1.391336814575864296e-06
1.646554847227185926e-06
2.047951452988705763e-06
2.074511483526873596e-06
2.624413237910208340e-06
6.449139492646779443e-06
2.220962498744261796e-05
3.194860891732231916e-05
9.133247341250414365e-05
1.115509671559525615e-04
1.480493656071563710e-04
2.718104980110531196e-04
2.792548962959903822e-04
2.805185020594008890e-04
2.855239999968912121e-04
2.855026669102215782e-04
2.849527650264874635e-04
2.799169033137223332e-04
2.641561722806846013e-04
2.544139582089407874e-04
1.950172860784324749e-04
1.747703621205846664e-04
1.381919406056447697e-04
1.441042537155382820e-05
6.715122190129422092e-06
5.180802482292094144e-06
-2.261172092320421641e-07
-2.316887030840981283e-07
-2.318402883317870167e-07
-2.318402857463841961e-07
-2.318268651615395479e-07
-2.285824301998502768e-07
-2.144141020649183549e-07
9.446743963721682706e-09
2.715351308656978929e-06
2.914253612057789736e-06
5.059076808523494443e-06
6.104190007137931481e-06
1.351041671863725098e-05
6.442288236391880199e-05
7.273172480530333301e-05
8.008749198633502073e-05
8.408166941635508132e-05
8.843532535227148061e-05
8.897079867798069527e-05
