5.207889456681416692e-04
3.963884321142450615e-04
4.972902336425957803e-04
-3.144831390639125164e-04
-3.030152254073961021e-04
-1.430317812782896285e-04
2.346199737812290577e-05
-1.738735319731299692e-04
-4.403642499730380921e-04
-5.317042240812690874e-04
-9.603713983918389522e-04
-1.226692441816926290e-03
-1.168520038373102154e-03
-4.762782161121721126e-04
-4.623474308344232013e-04
-6.922484997762122939e-04
-7.727520128211633242e-04
-6.597354776855157612e-04
-8.941772438089899385e-04
-1.302516555389024791e-03
-1.596206900856300768e-03
-1.306486625735906598e-03
-7.857812278592806420e-04
-6.465098150654432791e-04
-9.371880565082942862e-04
-1.087179024193676759e-03
-9.883721875924421797e-04
-1.033037578715831004e-03
-1.253753957415944514e-03
-3.171296574439130475e-03
-3.613323063554024338e-03
-3.251789595426741487e-03
-2.539627146824114095e-03
-1.856389296509159629e-03
-9.522667576218897100e-04
-1.027898500388498395e-03
-7.566438366120310484e-04
-2.096754896958537870e-04
-1.172840176980298335e-04
6.798236587170575435e-04
3.129173211594605836e-04
4.626066032138399981e-04
2.716818717083328664e-04
5.605664850546630742e-04
8.570098239549758020e-04
5.727146435129869219e-04
3.021186500660082218e-04
4.626752728986277519e-04
5.322263906363055392e-04
4.302105917278422243e-04
8.039173832507461558e-04
5.246661826598519732e-05
-1.837523105058835090e-04
-5.893498354150279251e-04
-6.257666762886384109e-04
-6.457129224801577997e-04
-6.431878518412286654e-04
-1.388818432644177642e-03
-8.025649869181240154e-04
-9.884237762496474525e-04
-9.494881044236619513e-04
-1.236550794825920464e-03
-1.320902959287821588e-03
-1.611176532506632944e-03
-1.745450843414435901e-03
-1.600021838460812581e-03
-1.796001439332140740e-03
-1.780270750844230353e-03
-1.566815608878648937e-03
-1.781957950867158694e-03
-1.235481928481355247e-03
-1.637922077429971712e-03
-2.109778795165565424e-03
-1.233384850418738380e-03
-8.742792145523868661e-04
-8.685998162702358210e-04
-1.016721432264571954e-03
-8.519628121389276679e-04
-9.730373141758580195e-04
-7.449539341668364638e-04
-6.775028646089093897e-04
-8.966274181205090201e-04
-6.074910936987327342e-04
-5.792042493492284864e-04
-7.113923524816256286e-04
-4.010888707326358614e-04
-2.854004247439312142e-04
-6.507266207455372645e-05
1.380586732220137115e-04
6.719880725357650099e-05
2.308396649014219423e-04
-1.164388620405170521e-04
2.135025477217269855e-04
6.650222476857494368e-04
5.333949865535437965e-04
8.036895741566930105e-04
1.474571131144595875e-03
1.571740414434881668e-03
1.426622272767856265e-03
1.658476502790954795e-03
1.538731631426325935e-03
1.977357769201089441e-03
2.408726128609103324e-03
2.805659906975689708e-03
3.322240816352928575e-03
2.753197200283957150e-03
3.452281827558425619e-03
3.306734179833386873e-03
3.382685556846519274e-03
3.752119048260108523e-03
3.431159822471345835e-03
3.979627803444771121e-03
4.715526000758201927e-03
6.134742039804645143e-03
7.486659819774649748e-03
7.565536171664608185e-03
8.676454293338178511e-03
7.146532950299575720e-03
7.679167464403108614e-03
9.606397363309473678e-03
9.011837929779588363e-03
7.374242385734792668e-03
7.215391918637147073e-03
5.863484135468288033e-03
4.754513646823423957e-03
4.197556314731898386e-03
4.544743205359059145e-03
5.556032626778144821e-03
6.109505384711593629e-03
7.168723963895854735e-03
6.257576670503057527e-03
7.297477595607732535e-03
5.767272465269771865e-03
4.300165766413873228e-03
4.033533179274522915e-03
3.635498052955061805e-03
3.288619145683816143e-03
3.096944194218648454e-03
2.077426575400117582e-03
2.085311407524130176e-03
2.133069698759405396e-03
2.419989499675927365e-03
2.309000210696933713e-03
1.753277278268582573e-03
1.926601317278829086e-03
1.308658892890520288e-03
1.200162722040681645e-03
1.116908752541529532e-03
6.092809912894796677e-04
-4.197789447088535087e-04
-3.853682965583586271e-04
-1.129531223538862142e-03
-9.014605462918187260e-04
-9.690822667032380697e-04
-2.265482988309575378e-04
9.166188196864277402e-05
4.048551658495636550e-04
3.315611223402008690e-04
1.779193371400552279e-04
-2.830230809813972376e-04
-9.306909288573231645e-04
-2.578713389302959499e-04
4.237318424919713140e-04
1.149284170692420901e-03
1.219068989145507490e-03
1.273817767475348035e-03
1.230408931667654375e-03
1.829973074103801150e-03
2.187967064283194082e-03
2.372254575478518427e-03
2.982644614010404160e-03
2.212412886624287849e-03
1.997317348617033868e-03
1.598764564974204921e-03
1.731915862848296605e-03
1.872441398433276685e-03
1.341403590387299722e-03
1.497529303982133133e-03
9.814252772095879290e-04
8.616198877107745634e-04
1.146105886549594064e-03
5.007438265463190182e-04
3.722280267851504334e-04
2.223287498729362773e-04
1.189057375697510845e-04
1.951187894537582360e-04
9.142181806054469736e-05
4.319424630524507048e-04
1.859952864384977552e-04
8.849379049981014977e-05
-3.087375993298129462e-04
-7.205802263032141128e-05
1.663848804702964959e-04
-3.613508912479581670e-04
-3.372911695128608133e-04
-9.074288186814838788e-04
-1.064403291108443781e-03
-7.367615536910944408e-04
-5.976100035005187149e-04
-8.806681072451917093e-04
-9.363730065636513165e-04
-5.585523230815514495e-04
-7.529368502008220191e-04
-8.433604271447656597e-04
-1.458713069981007904e-03
-1.757572559484797464e-03
-1.120454213861066988e-03
-8.306601714300128640e-04
-7.655904207074524029e-04
-3.073362573867986281e-04
-4.685396132440811340e-04
-8.217202052997350705e-04
-1.232992935401250843e-03
-1.016046535887913304e-03
-5.851201597759512129e-04
-6.525316570217523562e-04
-8.267398744349104944e-04
-9.966880006380253541e-04
-1.201347822917532256e-03
-1.303902732164480315e-03
-1.251364645023635884e-03
-9.735934778207777640e-04
-6.709062801189420158e-04
-1.314184520194686514e-03
-1.817756515666318472e-03
-1.690687417703035968e-03
-1.529917783992882111e-03
-1.096084028465540679e-03
-8.382880833767524095e-04
-4.515734006627154969e-04
-7.516140252300992095e-04
-9.179913039777357238e-04
-9.632290965943200159e-04
-1.254034979315115771e-03
-2.164098271112172792e-03
-1.754664953837126867e-03
-1.853460778402648461e-03
-1.746984957611193720e-03
-1.634260624300289426e-03
