1.759197910176315063e-02
1.116286682111061399e-02
9.936776402315787918e-03
1.124596643451931249e-02
9.584025064889995643e-03
8.138723760855405207e-03
7.138616257437019157e-03
6.378558832159421550e-03
5.851072717502397470e-03
5.360996799302577068e-03
4.958167650698343601e-03
4.559188772982915132e-03
3.209748990618593780e-03
2.888763920582365901e-03
2.371520140164807937e-03
1.225179996440345235e-03
1.088332765776369631e-03
1.251554059165486737e-03
1.289315658869647722e-03
1.254586026659524007e-03
1.244628596722634206e-03
1.275194558532127993e-03
1.296652287947806575e-03
1.739978888902202160e-03
1.828635712547736422e-03
1.861846706930419268e-03
1.823460222225638553e-03
1.863962927062431420e-03
2.210306605568964754e-03
2.057471154912813866e-03
1.889012066660089584e-03
1.831104035925572261e-03
1.822113640007193931e-03
1.904621019636278285e-03
2.284259616972289953e-03
2.172342075632433759e-03
2.225806508574292800e-03
2.584620334642543857e-03
2.648421778883623592e-03
2.711949347497039781e-03
2.608204694322820844e-03
2.592407977396919607e-03
2.702054726161863887e-03
2.748917891447848292e-03
2.864718410563497301e-03
3.159702810790594295e-03
2.980418730594099411e-03
3.175878349237897750e-03
4.227593167017525654e-03
7.147667844448237807e-03
9.267974723049089356e-03
9.544639506169459373e-03
9.742154444850594994e-03
1.022914734236872111e-02
1.108486143362435485e-02
1.055347447359011002e-02
9.654813043339106546e-03
9.541148383123808016e-03
9.518591964138319386e-03
9.123072602448914839e-03
7.873878654556529591e-03
4.551468881711516652e-03
2.372543952401924214e-03
1.854018033589472812e-03
1.310686750332990978e-03
7.629816433261720973e-04
-1.318053094248919886e-04
4.698326478077661400e-04
1.196391146302323545e-03
8.447132169881441154e-04
4.450211695835426637e-04
1.200310808879518303e-04
-1.411159575208113988e-04
-3.768416007770676265e-04
-5.632005346984807247e-04
-4.711772136704337009e-04
-5.504873492901241712e-04
-6.077134219330139865e-04
-5.886559920509872512e-04
-6.769038508873847148e-04
-7.733789088491157789e-04
-8.488658519604114780e-04
-8.225001903466705976e-04
-6.509602467072902457e-04
-4.092197531569269613e-04
-2.240534585738339802e-04
1.323734494943370435e-04
6.229874614382438470e-05
3.062597252685137265e-04
4.427136965544614233e-04
3.956115624485303270e-04
2.866215779813069994e-04
3.343202891096445201e-04
3.607246725134338142e-04
4.087664586934021318e-04
5.579922971014971518e-04
5.945470277825389222e-04
5.678406031268998884e-04
2.767792695633391532e-04
3.130929309476118087e-04
1.001391569678832015e-04
-1.013898632042227422e-04
-2.067658752096791742e-04
-1.422902199405027353e-04
-1.385219395695632490e-04
-8.552670749001123124e-05
3.034027067077775029e-05
-5.410769114447543408e-05
-1.812433038514869258e-04
