9.862755182963166511e-09
5.135148774547325428e-09
4.036958603185877086e-09
3.069511262445454750e-09
2.456386750225823028e-09
2.047252132589883177e-09
4.433802305355475039e-10
3.765921497222830554e-10
6.988409948965910495e-11
4.230563159840594446e-11
4.166851923438896908e-11
4.249520456042945618e-11
2.627934269711574775e-12
1.877865006566639831e-12
2.123247600592654000e-12
1.867017180708441101e-12
3.272847385606061582e-12
4.739179481441982526e-09
5.251150448731916556e-09
5.547201887229526431e-09
6.008058661036318609e-09
6.142917809394872802e-09
6.155114067918064971e-09
1.378649053773853357e-07
1.386777864752374013e-07
4.626645682001024169e-07
4.622877240117576062e-07
4.624580347894632828e-07
4.626347035501100684e-07
3.444061489655266109e-07
3.499071105574675210e-07
2.819943746786313530e-08
3.859868300983815196e-07
3.868517875289814164e-07
4.659434893218063512e-07
4.608647962736002635e-07
4.662099313348722042e-07
4.990274590452422364e-07
1.447825031511854588e-07
1.527318278909203201e-07
7.473056003085254114e-08
4.238030114765150473e-07
4.298006699758346190e-07
2.676288774503466052e-06
3.001820899893502340e-06
5.057118759682459748e-06
3.671720582684784382e-03
2.004700822974734079e-02
2.017701887653493287e-02
2.017525731482919596e-02
2.017498779211061508e-02
2.017292418015115274e-02
1.650626391122432188e-02
1.306507015534525697e-04
9.413155239276041770e-07
7.756681670452474195e-07
7.836350614595824203e-07
7.980562384097889275e-07
3.996061189725946838e-04
3.995803040760367224e-04
3.993233648779420815e-04
3.994403690176576691e-04
4.002764951493158370e-04
4.003417185690321517e-04
1.533770802981876357e-06
1.540843783076074607e-06
1.531474251193681234e-06
1.300932404449185518e-06
1.141896308166903879e-05
1.134047951980048258e-05
1.137833680708510921e-05
1.136215272346544456e-05
1.132833289506204350e-05
1.109161839145120443e-05
8.639203535874217490e-08
1.656800718633858495e-07
1.442735943520679690e-07
3.217996711645658564e-07
7.616143807118104984e-07
9.197344823284545982e-07
9.767932443337118854e-07
2.260851313952036363e-06
1.876266513737440524e-03
1.876195777973188898e-03
1.875746070747577902e-03
1.875712419547197196e-03
1.875711687901665059e-03
1.874364553933879343e-03
2.388840884953840386e-06
1.562768878579286549e-02
1.562868829907378479e-02
1.562869058732259397e-02
1.562863788304023893e-02
1.563010973867022882e-02
1.562828525898037058e-02
2.880135176783205075e-06
1.916441406987100478e-06
1.838948118902876706e-06
1.820462219414292113e-06
3.408028143622755926e-07
1.149948389742698026e-07
1.169842141109571397e-07
7.195197675415714809e-08
1.849379027283564116e-08
1.684143548120804789e-08
6.487414297571697329e-09
5.785468842411573195e-09
4.627601973364273741e-10
1.384122689183283804e-09
1.158547019160746332e-09
1.140470714631874097e-09
1.119714569021717625e-09
1.118458773782160704e-09
1.116992179369649370e-09
1.172032304417983606e-14
7.278485503369652182e-15
6.987675921640873997e-16
2.461640823162925378e-10
3.200310443381706540e-10
3.200311646238326364e-10
3.200329453560112131e-10
3.200473123795055489e-10
3.200468118368707201e-10
7.388341817120943271e-11
1.642825599168218827e-14
1.630797032789086338e-14
1.450911429808777713e-14
-3.316414776403168381e-14
-3.396114119682671319e-14
-3.604391975546729183e-14
-3.464503634800529806e-13
-3.510296198834148526e-13
-3.519859674074653610e-13
-3.358036556347741031e-13
-1.403765410559336300e-12
-1.637624197290295097e-12
-4.304519461048058607e-11
-1.513695688085631389e-09
-3.023152165781759881e-07
-3.027075714179852082e-07
-3.664147987964040386e-07
-4.262268699798498808e-07
-4.263056194826669021e-07
-4.255318980349639606e-07
-1.299551793155034564e-07
-2.640652577595627748e-07
-2.175216248110766036e-07
-1.613473324227387737e-07
-2.812760214384390200e-06
-3.044890813485013475e-03
-4.417952663348235012e-03
-4.874278647441832903e-03
-4.888771448996373156e-03
-4.888773822957659387e-03
-4.886123629852121009e-03
-1.844045146170169821e-03
-4.709804198700966106e-04
-1.452805567726327131e-05
-1.819627333889352853e-08
-1.222443727980294067e-08
-1.092666719455262090e-08
-1.627771299577671465e-06
-1.625587026127595877e-06
-1.617877295160498675e-06
-1.618280038946994735e-06
-1.618253637171679059e-06
-1.618382980643723785e-06
-1.271844834331647117e-09
-1.110347313903699204e-09
-7.061410399800941925e-10
-1.970674170859511737e-10
-1.833563050116561964e-10
-1.160751975636550263e-11
-1.164570586301453592e-11
-2.688411054934966615e-10
-3.447875423575954476e-10
-3.445942607830380669e-10
-3.448288047639126122e-10
-3.447693614793015099e-10
-3.447642588974060455e-10
-6.782525802364369897e-10
-5.942366263520130285e-10
-5.970061775089722944e-10
-5.967691397027273070e-10
-5.971297748807509704e-10
-5.996886353953660112e-10
-6.439963616462374082e-12
-6.126699326935187579e-12
