1.507543203267396915e-03
1.533913364773996845e-03
1.223410356136431405e-03
9.534441863237111403e-04
8.483610823595795014e-04
7.731084625116733814e-04
6.392439807071013079e-04
4.848405819549413218e-04
4.222049865820484498e-04
4.061254558076577499e-04
3.444577513322990008e-04
2.790909393458365878e-04
1.617735741544855496e-04
5.625836535309919681e-05
1.892280298259831054e-05
1.148559321388557341e-05
1.877156405822348651e-06
1.122972589110520724e-06
1.054707942015050344e-06
9.260622399633360149e-07
4.967161701527230516e-07
8.917948490280721086e-08
2.720970463682646660e-08
7.311629120478050132e-09
2.227275729003902426e-10
2.216030715483354800e-10
2.257694380792087020e-12
-2.519756573436799592e-13
-5.304766711638036951e-12
-4.500838598430052462e-10
-4.601335836004956937e-10
-4.623111705816614847e-10
-7.872899432894339623e-10
-8.537192071313160692e-06
-8.587110983492354043e-06
-1.871717698212867415e-04
-4.918463920271643050e-04
-5.795152642993328098e-04
-6.573862383266702858e-04
-6.488856683362971989e-04
-6.488357443914780955e-04
-4.702295846077461238e-04
-1.647722848395784517e-04
-5.773262405838559732e-05
4.190004654303523601e-05
1.233330944549939224e-04
4.348908196906866967e-04
1.540250276987228245e-03
4.035391432691697727e-03
8.321946682033823720e-03
1.345957155900188995e-02
1.618243579164746482e-02
1.720799080782745363e-02
1.653010300765932541e-02
1.484026766234140988e-02
1.212883763741972980e-02
8.333434361012394265e-03
5.961566735594761059e-03
5.827113295430667861e-03
5.523626278613799796e-03
4.791080599670418869e-03
3.242558237338502569e-03
1.939130329422962713e-03
1.509633557107061029e-03
3.210817434168740381e-04
2.233859345058486978e-04
1.998874813989239170e-04
1.568121077491079374e-04
9.796324770568285312e-05
9.506663260351725959e-05
8.095914870833786166e-05
5.464926114097262721e-05
4.601553499483796528e-06
1.699417027124755481e-06
-8.927210854610209760e-09
-1.268843762676550798e-08
-7.000582687613407420e-07
-9.264234385136609334e-07
-9.248324270838918567e-07
-9.246130491892050464e-07
-1.010145183058853728e-06
-1.417198753187748229e-06
-1.290171181510766493e-06
-2.228816240703032464e-06
-2.332320247205402484e-06
-2.824263153074559084e-06
-6.104885528787014527e-06
-7.929508375857257957e-06
-7.754232719293572317e-06
-1.519517643144988499e-05
-1.629264855842066858e-05
-8.169083954329870334e-05
-8.659163561010373242e-05
-8.720771577899185745e-05
-9.179860834370969424e-05
-8.550380723665268283e-05
-8.912964582441546435e-05
-2.485221048093813785e-05
-1.672234701046178461e-05
-1.387228199302583233e-05
-8.896560864426985069e-06
-6.585450860757315992e-06
-1.756865358276719712e-06
-1.404261352406194845e-07
3.150620193009504706e-07
3.352633344716561318e-07
1.173464839202150664e-06
4.553956413806829489e-06
5.054828768167642681e-06
7.606059992856291481e-06
7.653296543594141852e-06
9.080042793257592888e-06
8.805800036432416417e-06
5.630114585669548592e-06
7.255657183991521575e-06
7.303490159379974767e-06
7.093586379276727332e-06
6.144211614628151551e-06
5.680701298121048562e-06
6.517545065445640296e-06
6.590417722672847561e-06
5.591879724099025265e-06
6.499409854480991407e-06
1.011004377888530186e-05
1.212943444461717476e-05
1.273011961160141582e-05
1.444155488527638311e-05
1.412267938297389929e-05
1.643176863896326440e-05
2.686018979095756773e-05
4.799284244301802544e-05
2.077470734866538162e-04
2.719477136308619540e-04
2.833770289557026030e-04
3.648516090919710539e-04
4.307808231007940851e-04
4.835179910502786661e-04
3.890154122589120547e-04
3.325323828312755988e-04
3.298801607957120379e-04
2.831909923205505500e-04
2.038680031569256557e-04
1.296320679768756153e-04
6.302696330530390865e-05
5.141782795811119600e-05
4.141432169845972775e-05
3.434854535548030174e-06
2.344062948901737287e-06
5.915097184493278606e-07
3.026963787227845636e-07
2.835162042802578785e-07
2.289733597878139625e-07
5.290263655916151142e-08
1.988484990894509642e-09
1.901277095673327768e-09
1.960212197605125261e-09
1.555242953521835162e-08
1.645800453842974318e-08
1.696342956908589714e-08
1.726388549609764626e-08
1.641418037723990893e-08
1.632877652790864711e-08
2.718480668879799952e-09
1.019669879698706223e-09
4.273201785498668809e-10
-4.514127894103362094e-12
-4.732365896510579798e-12
-2.308542878483758129e-11
-2.308542878569708334e-11
-2.308542878569708334e-11
-2.308542878561657863e-11
-1.856893334945495264e-11
-1.835183932793388473e-11
