1.003095491238039250e-03
1.131662358067532081e-03
1.304423153151307259e-03
1.541513517822935787e-03
1.705689557962385096e-03
1.696556204871015223e-03
1.633212340748988042e-03
1.640816817581414481e-03
1.601467634377985987e-03
1.552030322380293500e-03
1.503504550830262821e-03
1.505323533746219565e-03
1.568343396992214964e-03
1.603892879511632568e-03
1.618534632533943874e-03
1.579039340866205017e-03
1.548187799481118591e-03
1.603527620159286111e-03
1.660165063677269308e-03
1.659561518462187831e-03
1.740206991133197651e-03
1.806996904049543292e-03
1.942500662294243752e-03
2.135057829014073202e-03
2.251767404727916116e-03
2.290939561721264638e-03
2.338418587848678683e-03
2.438390591248490186e-03
2.493707815486646481e-03
2.479884508943316218e-03
2.494066804342604752e-03
2.505849461047305899e-03
2.455127843510588291e-03
2.414181056599562329e-03
2.312349847472399550e-03
2.087798124680853400e-03
1.924735592707328864e-03
1.865547556417699844e-03
1.762097999694779010e-03
1.678892755991478808e-03
1.624141107534530712e-03
1.599294079086484993e-03
1.627381231962522551e-03
1.610646070700172796e-03
1.585444077337816145e-03
1.604233028189049233e-03
1.675290858689591940e-03
1.767850305598421198e-03
1.940981774468289456e-03
2.143621611733573153e-03
2.417825418879204508e-03
2.563663080702379988e-03
2.662350749720925058e-03
2.753323273339638045e-03
2.765022047716135523e-03
2.785809377228404965e-03
2.798804236084106046e-03
2.791010928814811106e-03
2.699255136259515620e-03
2.637375853732909416e-03
2.488092571110972658e-03
2.315080993848710970e-03
2.107038778712932558e-03
1.925644831686671365e-03
1.798800038120059114e-03
1.722497785693136987e-03
1.653426967776057584e-03
1.638889610933358517e-03
1.650851065063937799e-03
1.645312480201902017e-03
1.626244724255521655e-03
1.610242683960127694e-03
1.559093946274609996e-03
1.500331887724979177e-03
1.416879503684442690e-03
1.365440123581526839e-03
1.306476550623062111e-03
1.217311964597988724e-03
1.183534732675256378e-03
1.169686338685111500e-03
1.124710901432596005e-03
1.077627382711959401e-03
1.076289410400324857e-03
1.095782598556321484e-03
1.192396147673836998e-03
1.252985720778316452e-03
1.302884048887452927e-03
1.346585848739647326e-03
1.390701736147625760e-03
1.469764226515921394e-03
1.537678518604332226e-03
1.529801812261492346e-03
1.543675545544035939e-03
1.542877144642062874e-03
1.559199276772275716e-03
1.536051295824277484e-03
1.431938518815643879e-03
1.382321404565866859e-03
1.388330916746651801e-03
1.416818464911085568e-03
1.408091032586320998e-03
1.378348058761181411e-03
1.302439373880230665e-03
1.308591576263863675e-03
1.318020852100333694e-03
1.383238880278263869e-03
1.420595555774126781e-03
1.460684794581534321e-03
1.598548411386226499e-03
1.889756252343855912e-03
2.227761222999768368e-03
2.614748900687857269e-03
2.973251932257614527e-03
3.352281360731489742e-03
3.710398809877538465e-03
3.984983894697402204e-03
4.212500455834159580e-03
4.304340941889933485e-03
4.294368808700768474e-03
4.220520339729178991e-03
4.085389555772781130e-03
3.777991491742697851e-03
3.429159634149286234e-03
3.036854861469322816e-03
2.720303762804993520e-03
2.298332018985109210e-03
1.931160268698274909e-03
1.639761240095980203e-03
1.498878997344282827e-03
1.505409005807907411e-03
1.614823087931065680e-03
1.764720539862956426e-03
1.932053892826261039e-03
2.019128166260333000e-03
2.078305587318009240e-03
2.236860017568725791e-03
2.395832704574680800e-03
2.590282788595541473e-03
2.682372029987978388e-03
2.771448543409000664e-03
2.777247855971108712e-03
2.789468550348825349e-03
2.843514211631217436e-03
2.914200543906044372e-03
2.988154594345208276e-03
3.083895347947010739e-03
3.221513983041284293e-03
3.214432632108601279e-03
3.127287606301521871e-03
2.939103011226848212e-03
2.782128594841974754e-03
2.603162980328196235e-03
2.407130472922759928e-03
2.161775568253391285e-03
1.889217234059709441e-03
1.624370981424325252e-03
1.357419505925714850e-03
1.121872299027623513e-03
8.219278119068421790e-04
5.445276293921367692e-04
3.197233688112518309e-04
2.324988091666094854e-04
2.113081769167190441e-04
2.003437701679087937e-04
1.919181712219300139e-04
1.869902413122289579e-04
1.751916221359847616e-04
1.470735443156425326e-04
1.045463649693768757e-04
7.104969534076828485e-05
5.000269725673119363e-05
3.085575393055846132e-05
2.635035003629764290e-05
2.097386433423731116e-05
1.189940100175676600e-05
3.275141970572281065e-06
6.491027618393787528e-08
-1.186010340576885533e-06
-2.234511488118141734e-06
-2.933317786141907956e-06
-5.039433269710720638e-06
-9.676885312007844927e-06
-1.481084899506149596e-05
-2.352086463234596384e-05
-2.720626406584875694e-05
-3.331136748063541264e-05
-4.687122813612794162e-05
-6.054770464180648707e-05
-7.278227911565017061e-05
-8.159183434993000524e-05
-8.904608766089430500e-05
-9.284286086699463628e-05
-9.399091021040055375e-05
-9.250015142665151714e-05
-9.120995565411426081e-05
-9.282236044141807258e-05
-9.940067945584655682e-05
-9.644773272819775762e-05
-8.336275883077461665e-05
-6.987944031925351091e-05
-5.794937004532015474e-05
-4.945343897100950106e-05
-4.318393232675805612e-05
-4.425750389087226491e-05
-5.887737640660471624e-05
-8.601963040729441806e-05
-1.116796848856616784e-04
-1.221208644775914024e-04
-1.316168898268922183e-04
-1.347098930909801037e-04
-1.349272712074022569e-04
-1.352015628421609486e-04
-1.356352846758107275e-04
-1.382342094748332227e-04
-1.398238447781902647e-04
-1.364348752823679896e-04
-1.194968772647784621e-04
-9.228971084750672231e-05
-6.553639130597246497e-05
-4.700486529107139209e-05
-3.339740413528383063e-05
-3.823916830077859135e-05
-7.033376471811170249e-05
-9.107844201784467367e-05
-1.058058243840681248e-04
-1.240526010723630901e-04
-1.359246128807522472e-04
-1.497683550964152915e-04
-1.589581806748959750e-04
-1.617216234672894386e-04
-1.644865684051947214e-04
-1.673008511930822737e-04
-1.627701551157854660e-04
-1.517295005944152282e-04
-1.193050295763565518e-04
-9.977843937235786559e-05
-8.488437636700199931e-05
-6.382465401383149897e-05
-4.837388191456280058e-05
