-1.575884120747984065e-05
-2.923771829928677827e-05
-4.306763107297474012e-05
-5.306270284030499996e-05
-6.982460118512762767e-05
-8.565250653134913125e-05
-1.072650427181366423e-04
-1.163105083358887391e-04
-1.106345815518656762e-04
-9.679404039308204925e-05
-7.396499393410201344e-05
-4.357820572665358291e-05
-1.095406103674102209e-05
2.145664549682364507e-05
4.433066586041441767e-05
7.418763012436903760e-05
1.177592916244950012e-04
1.721559633237227467e-04
2.211273046274941001e-04
2.554063685626140902e-04
2.750631094383818379e-04
2.827918274398030459e-04
2.814441735099968409e-04
2.665164538804989480e-04
2.766509911395390151e-04
3.086236801031645434e-04
3.955369023526797618e-04
5.129223500299428216e-04
6.636916361485528876e-04
8.981189894195000479e-04
1.203003697575258423e-03
1.551819649346164801e-03
1.856648816758356283e-03
2.246717756999479232e-03
2.709722653640641524e-03
3.152958410742640830e-03
3.581553403508947516e-03
4.024371564003581363e-03
4.548975392932298051e-03
4.994611733119556744e-03
5.313940399576409790e-03
5.522088033206226480e-03
5.543279677577173971e-03
5.254441083294116716e-03
4.769092584072599263e-03
4.192948195937246623e-03
3.573061505441553400e-03
2.926309655647341742e-03
2.328035901497338585e-03
1.972484443730760512e-03
1.662280542617977598e-03
1.368515352964763373e-03
1.135984841274947530e-03
9.775961403128534139e-04
8.743703441102569640e-04
7.667713432663921663e-04
7.323235969801288525e-04
7.350658594062236184e-04
7.114170234179035711e-04
6.564810807354083677e-04
6.069819974763858124e-04
5.778444897387823975e-04
5.373561242820649011e-04
5.121423737835199136e-04
5.455281408776515434e-04
6.206455392728339260e-04
7.447537183903132907e-04
8.250051879798913843e-04
9.314309670284468120e-04
9.871960234179107032e-04
9.721309260951402223e-04
9.527272379597399128e-04
8.877615903102135117e-04
8.115500083768307713e-04
7.029369815039582204e-04
6.266929380689289413e-04
5.937537283148318704e-04
5.645060145981134004e-04
5.432854732046451867e-04
6.085700244830293286e-04
7.171106641710949360e-04
8.417423681363567179e-04
9.875323882452952378e-04
1.128674707671899896e-03
1.241863876520668281e-03
1.271852317467097497e-03
1.272829232122571009e-03
1.383964126903738283e-03
1.449818923573197591e-03
1.512247538604081891e-03
1.644108576758589483e-03
1.766888693571049213e-03
1.910524121664743851e-03
1.873490503557361615e-03
1.889518979748811998e-03
1.951451451014813050e-03
2.030428081358384793e-03
2.297022057741794545e-03
2.582815709365672563e-03
3.010545328326650911e-03
3.667049298813169437e-03
4.484935957961714952e-03
5.499854869847446009e-03
6.617293013879316753e-03
7.764890142667929540e-03
8.578082736307047346e-03
9.086064603797730163e-03
9.461812539201365849e-03
9.565508892383485159e-03
9.287186852814363625e-03
9.029806021806958613e-03
9.082509522729452500e-03
9.083844663850766665e-03
9.221857317194647255e-03
9.542557204491371875e-03
9.889345086899889101e-03
9.908675451012691204e-03
9.713186724675105035e-03
9.561261217230535361e-03
9.014425294656118470e-03
8.050015233322794020e-03
7.132877280628716586e-03
6.388559262970783421e-03
5.659867946723263869e-03
4.847590688619072934e-03
4.269926068035567908e-03
3.949617163580926467e-03
3.686961694687494046e-03
3.458289156681972325e-03
3.226517196599389906e-03
3.158180743341002916e-03
3.063231789380371859e-03
3.124062521350483550e-03
3.351988289047060782e-03
3.721498031530464604e-03
4.432796060200399485e-03
5.129478486800566686e-03
5.729235849362741655e-03
5.979842549243379046e-03
6.005301604367710606e-03
5.927631649996084780e-03
5.568268113928309844e-03
5.125199305954653527e-03
4.797283327361324089e-03
4.696625618208467336e-03
4.539155427628824291e-03
4.436434205811276392e-03
4.478208439909300842e-03
4.437416734790811980e-03
4.234853016348820963e-03
3.934350490225049443e-03
3.710506603199613656e-03
3.381136498058870486e-03
2.941401379828148272e-03
2.699289016631271996e-03
2.521133656806329431e-03
2.362106063138267719e-03
2.143754051341622679e-03
1.943215301293865381e-03
1.722267673913062706e-03
1.420995820388559587e-03
1.190224477073237395e-03
9.736466231479429636e-04
8.719888161498718336e-04
8.181912801283941277e-04
7.730500186052943409e-04
7.465409224310714858e-04
6.676576675169989183e-04
6.025878578569586691e-04
4.907289919680518165e-04
3.524197951627245935e-04
2.624071809102245011e-04
1.790216243138162942e-04
1.283752000259549635e-04
7.264291479233492765e-05
4.463804260575477545e-05
1.438246755045003725e-05
-2.315728151009078693e-05
-7.551033726608673583e-05
-1.382552752129424930e-04
-2.316825175288285031e-04
-3.662706177806635140e-04
-4.671525263064655611e-04
-5.245111095744215508e-04
-6.053237152139591881e-04
-6.643470744075724707e-04
-6.928140507486620385e-04
-6.484782037104967886e-04
-6.270552498778822264e-04
-6.117023195021654937e-04
-5.774369844883320757e-04
-5.542588164265260667e-04
-5.438435050811515079e-04
-5.557406060829693907e-04
-6.052384602494849213e-04
-6.843148205663314573e-04
-7.658883230504918982e-04
-8.641746593112245361e-04
-9.081646861720766651e-04
-1.026082064197871837e-03
-1.093108928266236200e-03
-1.099030668070652807e-03
-1.105095178326416083e-03
-1.190628526283804946e-03
-1.400795853199771068e-03
-1.612308543963187008e-03
-1.836576370916627845e-03
-2.143182124543951527e-03
-2.411993937890508175e-03
-2.482379508801288697e-03
-2.382238629226570217e-03
-2.136755365621110375e-03
-1.897553222351162612e-03
-1.610816241258015459e-03
-1.270588851002362992e-03
-1.014602746102248208e-03
-8.374546831033074894e-04
-7.689311938197752666e-04
-7.803919183274688268e-04
-8.005475170524654904e-04
-9.208872023352883971e-04
-1.030385585079050077e-03
-1.106230482931848088e-03
-1.115300506043391060e-03
-1.038901200468418185e-03
-9.825634434459356702e-04
-9.344535825374572025e-04
-9.339357988245155368e-04
-9.958256952756865121e-04
-1.125651049583439650e-03
-1.282840052614826710e-03
-1.405203762653401420e-03
-1.491583371088149894e-03
-1.441322769364950310e-03
-1.365741294227190532e-03
-1.204403967559999509e-03
-1.052550302204927719e-03
-9.175681804462519154e-04
-7.502902838146661329e-04
