beta2
7.650474375241658916e-03
7.708378310941009157e-03
7.784738880825883833e-03
7.760924998236754316e-03
8.270471664195288772e-03
8.836385828729760583e-03
9.521749582468768888e-03
1.046992867054213905e-02
1.075869900478913441e-02
1.111682571780092492e-02
1.069806278561877613e-02
1.066107174784687063e-02
1.035097353105590354e-02
1.004494141662198858e-02
1.049741056598249914e-02
1.079570686512754812e-02
1.117124666882111581e-02
1.125641769592391865e-02
1.083145986628809496e-02
1.087692653614686505e-02
1.085877722803833476e-02
1.048477169325292072e-02
1.007923232461921045e-02
9.883218509417288772e-03
9.713503902897657749e-03
9.758331253223034851e-03
9.523719743820008993e-03
9.384473928770297596e-03
9.448676687447683450e-03
9.795515188475774349e-03
1.050060126396457766e-02
1.027737354435890454e-02
1.082481110289968199e-02
1.079206575880089364e-02
1.031009177590456842e-02
1.050709364711909302e-02
1.038427423300844130e-02
1.090581293776985913e-02
1.141727702979365364e-02
1.159600065071947524e-02
1.164389929253582465e-02
1.120874032885730773e-02
1.086969781464829955e-02
1.050449364821914866e-02
1.003456867871003501e-02
9.611979811798000012e-03
9.431513312119858480e-03
9.058064713985406607e-03
9.303006513583971307e-03
9.491305942858508510e-03
9.316408263199947928e-03
8.570886715496592312e-03
8.345819774730946911e-03
8.233433762392213667e-03
7.948115455528863282e-03
7.764075846043039936e-03
7.893193357438021626e-03
8.205724483719483917e-03
8.228487332129347936e-03
8.189395031809645550e-03
8.375859089689262349e-03
8.498742427280506218e-03
8.385177823688694243e-03
8.608227674260747475e-03
8.763449789635668896e-03
8.984434216228319448e-03
8.850257672295113939e-03
8.982569137613756471e-03
8.555296894113949974e-03
8.323391158026148887e-03
8.628426511040242913e-03
8.983994982686857589e-03
9.381096126956089964e-03
9.648820320027787917e-03
9.476773955725888154e-03
9.192436200719827921e-03
9.077141518122734329e-03
9.697861968049434345e-03
9.885278556857907822e-03
1.016883417757471000e-02
1.023005225941935395e-02
9.954482530763600345e-03
9.608316593264856070e-03
9.767166305104177035e-03
1.005435788621633630e-02
1.015226181672886779e-02
1.040532650085619452e-02
1.001928057011216948e-02
1.024343146096412180e-02
1.055962870317509253e-02
1.059568322784121622e-02
1.099867075576146068e-02
1.129351019800680506e-02
1.083068145817609601e-02
1.056834984604543975e-02
9.960719319253505399e-03
9.694196592883796287e-03
9.436907287339688089e-03
9.115060442607793648e-03
8.832129738159163329e-03
8.416488048134621036e-03
8.036028757570892050e-03
7.897655471866896204e-03
7.752309146548827523e-03
7.575163880628686501e-03
7.297432746215776200e-03
beta3
-8.076959899773158531e-15
-7.762377383858386574e-14
-4.527586393075327213e-13
-7.553317719869332147e-13
-4.629897993192002806e-13
-7.162504335409770233e-13
-6.108766860471590607e-13
-7.071070337356794632e-13
-7.417414825807769944e-14
-2.553736959474590287e-13
-5.849763927509995167e-15
-1.906117946887229527e-14
-2.692925366338291999e-14
-5.848638484095383017e-15
-3.622780659546358388e-15
-2.039431959170896126e-16
-2.984832697189089146e-16
-2.373711478909906333e-17
-9.980276898032025459e-19
-1.034461953306315593e-17
-7.904019079076804245e-18
-2.362026590240345696e-19
-5.212832755721207075e-18
-6.716161640158390805e-18
-2.732324346251053092e-17
-7.474006921246901057e-16
-2.731164436896132874e-15
-5.473844823675944043e-15
-1.366027505220011697e-14
-1.509117979648304120e-14
-5.075948001429702022e-14
-2.943474529991975588e-13
-3.771262446543895036e-13
-2.354672338746778721e-12
-1.049738818580248092e-12
-1.631467617224270361e-12
-1.248692459831390551e-12
-9.886634891913330720e-13
-1.025151537320959026e-12
-1.849062688568963865e-12
-1.517965515339243167e-11
-2.117908220994037797e-12
-1.738697176212797672e-12
-6.795940501756431703e-12
-2.090013756402613455e-12
-1.259522202079014109e-11
-1.164491973448613338e-11
-6.415715869824570107e-12
-1.169884634979634907e-11
-2.045131080259780119e-11
-2.582251711560338583e-11
-5.680344808213179731e-11
-4.665857877502714327e-11
-9.953713856138433215e-12
-1.823530237247309229e-11
-1.128081600076393331e-11
-8.926424267024780017e-12
-8.005137918534885954e-12
-6.761878236431814231e-12
-3.321771654054490431e-12
-3.867844909468590471e-12
-2.931211898592344659e-13
-4.870843136391114575e-13
-6.528045323344647273e-14
-1.762168218477269842e-13
-7.007292262652009853e-15
-1.214045052868250624e-14
-5.870423131763106366e-14
-5.858541623534262636e-14
-2.034229095205322595e-14
-3.124003559520496371e-14
-3.823510865550803986e-14
-6.700406687949938723e-14
-1.257428989273336465e-14
-2.545423401287789822e-14
-5.720117449091772305e-14
-5.786192196749073931e-14
-3.093827417905521932e-15
-2.255055457588121871e-14
-4.613416490902904251e-13
-1.458179665543289521e-12
-8.009325911296431636e-13
-4.524421359761303139e-13
-8.957305361025863656e-13
-6.449300922141795658e-13
-3.291771447737708530e-12
-2.424529879754786327e-12
-1.921205882698853185e-11
-8.798938605959360590e-12
-1.173722406965101140e-11
-3.001939890208316599e-11
-4.426287162629015954e-11
-4.867969546806626805e-11
-4.406933142875385589e-11
-9.361764138438300869e-11
-1.569228342076498702e-10
-2.509013860991331951e-10
-1.590446352719414888e-10
-2.775635591932755211e-10
-1.680289044036242543e-10
-2.282908667539555506e-10
-2.786696318238196542e-10
-1.514817554955427490e-10
-1.449695878153051088e-10
-4.280486199716806859e-11
-6.168377952427653731e-11
beta4
2.320116867078135959e-03
2.442026797812779735e-03
2.521120747631493131e-03
2.742469755270410866e-03
2.816658427347819120e-03
2.816829200739091009e-03
2.792565853111386113e-03
2.746179521206248367e-03
2.962733551239105957e-03
3.016141673263075893e-03
3.078604450539887925e-03
3.113512809571905744e-03
3.166672388921458123e-03
3.438505946345033707e-03
3.379254108462783832e-03
3.375548723128168373e-03
3.382790182177214389e-03
3.329693503610616206e-03
3.338922750645840435e-03
3.241285468002428043e-03
3.182115895293141823e-03
3.200603848680118584e-03
3.250148827142039336e-03
3.602033243185199553e-03
3.734999929044726698e-03
3.879418257106284976e-03
3.923597133963074163e-03
4.091964558540991254e-03
3.980858071458088024e-03
3.763297930626483077e-03
3.648852547864326560e-03
3.771507149690487334e-03
3.624004650925659841e-03
3.599833111407264256e-03
3.810840038381800143e-03
3.629230491519678907e-03
3.769336132528358814e-03
3.819922676356372719e-03
3.837913448266594071e-03
3.729778505628745904e-03
3.763500635227665526e-03
4.027407084809541543e-03
4.309845788593638823e-03
4.565968188989084908e-03
4.777706177800900358e-03
4.969129897251262085e-03
4.914630000627329479e-03
4.953319924830041840e-03
5.073967716243339351e-03
5.214417982813249891e-03
4.898063338772688097e-03
5.209543733552267179e-03
5.193661281431840096e-03
4.981640908552491774e-03
5.215197186765762119e-03
5.432882768709761633e-03
5.380173068475199716e-03
5.047701181993059436e-03
4.992310823755917448e-03
4.817930157119106570e-03
4.309390668602109190e-03
3.976314195907371812e-03
3.806536734272925136e-03
3.525384884772301761e-03
3.164224177729998023e-03
2.824657294955184791e-03
3.071289985993869501e-03
3.251697351783763151e-03
3.521761298777133231e-03
3.341175567693558876e-03
3.246774368170007516e-03
3.163892984031831460e-03
3.071761807274200722e-03
3.071434954200486477e-03
3.030544340334426039e-03
3.080195565479458813e-03
2.962766973043537595e-03
2.727766341798587221e-03
2.398575549138673782e-03
2.263215112731388305e-03
2.181940221270773674e-03
2.229650325143965692e-03
2.329410940894174713e-03
2.213784324856730816e-03
2.178230356937857493e-03
2.048260154652172677e-03
1.791289944315778513e-03
1.583839956843857049e-03
1.353586827031312079e-03
1.186381386317904990e-03
1.099950765952100286e-03
1.115265294522555049e-03
1.129245594009161378e-03
1.109214357954093960e-03
1.131427148838626490e-03
1.057698421564823559e-03
1.072088770871271668e-03
1.069495419710939348e-03
1.074398836170711944e-03
1.131635252338048219e-03
1.153765631345993019e-03
1.263237123733204192e-03
1.242970907374993210e-03
1.172524887941005321e-03
1.081440677390032874e-03
1.011678847299477988e-03
beta5
-1.037332787135379305e-04
-1.068865710163999553e-04
-1.117145434842365455e-04
-1.392358035919283830e-04
-9.583417820382767523e-05
-7.411083452430944547e-05
-5.245922391851453578e-05
-4.398095407887506978e-05
-4.544598631185107660e-05
-4.967236218718305818e-05
-5.249014159092218790e-05
-4.756725103121205319e-05
-6.810328837459264629e-05
-8.165863791610762927e-05
-1.072354109168253457e-04
-1.502588011536113441e-04
-2.331029338173734762e-04
-3.254220634213165543e-04
-4.694996169393161065e-04
-6.101008277868176380e-04
-7.459589759608367936e-04
-9.555956876995386467e-04
-1.200270140377077393e-03
-1.201499842423301226e-03
-1.270606242256381701e-03
-1.331673308522326408e-03
-1.471267415642731231e-03
-1.647741080438729988e-03
-1.989285531469617372e-03
-1.829537065139042167e-03
-2.114017470932617274e-03
-2.293272394222371606e-03
-2.735187128828866446e-03
-2.871767660585809907e-03
-3.185744150721079616e-03
-2.671242673899842501e-03
-2.473823186604504412e-03
-2.311140278473615417e-03
-2.168798814481614091e-03
-1.634742237810686300e-03
-1.367532824902538066e-03
-1.317101578910748975e-03
-1.344672356817211943e-03
-1.265722551144298760e-03
-1.201526027524410338e-03
-1.167608264511230728e-03
-1.018555792265244276e-03
-9.445365062013751393e-04
-1.021067587695481758e-03
-1.113501271399167276e-03
-1.031551706169840394e-03
-1.340526532873575864e-03
-1.154549152481918958e-03
-8.892375010749631759e-04
-6.684158756008366309e-04
-4.920580635223365581e-04
-3.701293851371823657e-04
-1.756873468184470084e-04
-5.231354978337647023e-05
-8.056785766351698585e-07
-3.607692789615638652e-05
-4.863239760835904311e-05
-5.573006837594630649e-05
-7.382388815096360940e-05
-1.264019099951089954e-04
-1.946326448000569381e-04
-1.286641489443812020e-04
-8.843561240711566294e-05
-2.035234983508699662e-05
-1.846946757717293910e-05
-2.590755834966264185e-05
-3.337263656020639322e-05
-6.649619893053138498e-05
-6.690138955794031040e-05
-5.270129915998581480e-05
-2.208515586069612077e-05
-2.583788665448559093e-05
-5.570491101059653056e-05
-1.007702594229163619e-04
-1.079844258976434749e-04
-1.171189318989770387e-04
-8.799426748347125645e-05
-5.487346141730017576e-05
-7.487190902193810774e-05
-1.066467820904456098e-04
-1.554694556052116101e-04
-1.871674477765824607e-04
-9.189992984051065478e-05
-1.287881343806580371e-04
-1.703743894312477122e-04
-2.190186660453124318e-04
-2.572318632610901793e-04
-3.344247135344719001e-04
-5.440024737077314883e-04
-7.744248046991905393e-04
-8.420541781953934032e-04
-7.793174130026267465e-04
-7.551186545176407586e-04
-7.481068877026717965e-04
-6.729392788131251506e-04
-7.047738194908110491e-04
-7.656818867048532495e-04
-7.577649738768953234e-04
-7.223062327371184560e-04
-6.640775949210771419e-04
-6.286678708203152343e-04
