-1.108910396446572827e-01
-1.259350974141806856e-01
-3.565543655817055568e-01
-3.173158477198330107e-01
-3.066449067945927198e-01
-3.219593494582178583e-01
-6.012851096884471724e-01
-5.983168664504763257e-01
-4.860348122010241245e-01
-4.988961493232644262e-01
-4.990240314046848202e-01
-4.473172653284331335e-01
-1.767317883362516107e-01
-1.799580289181443582e-01
-1.796911751617383535e-01
-1.564862158164443684e-01
-1.246997654196605604e-01
-1.152456871663159049e-01
-1.060747638289056410e-01
-9.524230561155831720e-02
-8.750545141297287610e-02
-1.255634951512062669e-01
-1.224152692378364243e-01
-1.332810707184166332e-01
-1.498209203569596248e-01
-1.873268772390971615e-01
-1.978727859217594975e-01
-1.486733189310348868e-01
-1.675134797786154983e-01
-2.667504584238220011e-01
-4.221008146707500575e-01
-3.922756043733408582e-01
-3.940837638711411905e-01
-4.358921266920856019e-01
-4.877977399891444965e-01
-1.762621451569145847e+00
-1.633615821511057886e+00
-1.674694349225806844e+00
-1.745451113304464341e+00
-1.801572929025214487e+00
-1.728636383066712412e+00
-3.476770574114421142e-01
-3.630142022681090985e-01
-5.639084556321167785e-01
-4.894989715390178353e-01
-4.653330899319487179e-01
-5.178718672643033427e-01
-5.395012752354289010e-01
-4.713997570601276554e-01
-2.309219648072498021e-01
-2.215992873527183049e-01
-1.557391156368634066e-01
-1.209375368659848932e-01
-1.080461291607910379e-01
-1.294251646358158814e-01
-1.474690207547788290e-01
-1.421055164507534496e-01
-1.311519945341195481e-01
-1.190974026552717030e-01
-1.172171994799360989e-01
-1.032636390853410441e-01
-9.740012846423358461e-02
-1.304596986376030943e-01
-1.835670920276091245e-01
-1.793181011654256529e-01
-1.783746107067094577e-01
-1.797562774732255064e-01
-1.502777520866304117e-01
-1.161671937693354445e-01
-6.824736564359230873e-02
-7.833110995184276726e-02
-6.961153560746310975e-02
-6.769649976601548047e-02
-1.146425001801800597e-01
-1.630745741639446356e-01
-2.538659182728252306e-01
-3.364836593121787178e-01
-5.614436955588243405e-01
-5.663612374927922133e-01
-5.687800623959690105e-01
-5.174618728118361988e-01
-4.151152202354027043e-01
