3.551209861430421728e-05
3.644090820246337895e-05
6.032714153091160410e-05
6.732275751163243119e-05
7.995863277394776446e-05
1.421762551473876627e-04
2.059910787487123445e-04
1.989853111454294556e-04
2.034272350393289850e-04
2.652060561895397102e-04
2.611214380899528871e-04
2.453121981689043805e-04
2.502919533591945736e-04
2.578379116491870404e-04
2.627114928912810117e-04
2.700567148976332969e-04
2.723046649252850934e-04
2.469708266227752230e-04
2.015689108887747593e-04
1.915027617393536658e-04
1.745557056931484332e-04
1.072107762074944775e-04
9.257814448726173467e-05
8.949315486947956408e-05
8.204044782625780064e-05
7.145448659773793044e-05
5.778385168926364871e-05
4.318331954861700817e-05
3.009108339036668467e-05
1.769339512091054004e-05
1.402389973168586765e-05
1.160819346196379473e-05
8.689980350352125886e-06
7.616533187037550714e-06
3.925871506262385130e-06
1.059985329720657591e-06
5.735978367781993305e-07
4.994576440661257748e-07
2.883013529530390560e-07
1.844853223214141467e-07
1.582666552007367661e-07
1.704350766092301297e-07
2.061440476080192098e-07
4.485314564650906981e-07
9.159521661280565736e-07
1.370930928493255276e-06
2.226668596855323503e-06
3.076588171422410545e-06
7.156017060549375637e-06
5.114969904651042986e-05
1.184956533245081232e-04
2.330797866500579959e-04
2.879749805799512534e-04
3.262967487371844027e-04
3.822291120735723624e-04
4.630126997436419950e-04
6.257609749595452247e-04
7.720144815912531079e-04
1.099340157112742387e-03
1.324330670686603775e-03
1.462877757687014923e-03
1.527249457506020319e-03
1.597990165552237154e-03
1.570345821956800484e-03
1.753598032483135631e-03
2.091865072918657267e-03
2.428051645787460914e-03
2.535494054066748156e-03
2.517732204358403419e-03
2.476481963299082857e-03
2.241600733909619551e-03
2.113906248531150986e-03
2.032613840148004940e-03
1.940086731290195004e-03
1.816100285121102472e-03
1.731168359982067752e-03
1.493606515837228588e-03
1.117020106497376057e-03
7.248635384728288958e-04
5.363815990403193561e-04
3.908794697983707881e-04
2.854049815674669622e-04
1.920718197435798040e-04
9.392568847891654305e-05
3.259150187904719852e-05
1.675261695021903953e-05
2.652310015120516284e-06
6.444377618534389481e-07
5.420442950580323757e-08
-8.672573762752939761e-10
-8.683155160822206958e-10
-8.683156152587580851e-10
-8.572513645471507638e-10
-7.638447548315387817e-10
1.316411483618204407e-09
5.047030488058501972e-08
2.415239202776485992e-07
1.549632033007348225e-06
6.475237667579654940e-06
7.137241449606255302e-06
1.064856939210100268e-05
1.198443592392437802e-05
1.276600206918841235e-05
1.288264427281141415e-05
1.306186867893576084e-05
1.430954616443422818e-05
1.486088079439459696e-05
1.689791513594002021e-05
1.829863403350967806e-05
2.922066987185638091e-05
2.805231077828142399e-05
3.155830274559229287e-05
3.050516347182088156e-05
3.173371566388674323e-05
3.471450805679447693e-05
3.594809985011912149e-05
4.337914528544322790e-05
5.551029833652578062e-05
8.532478735679723111e-05
1.045449287397452867e-04
1.416586974479035665e-04
1.716277340889706430e-04
1.828331712823384129e-04
2.103947585003127212e-04
2.474846632464873714e-04
2.632171777460381545e-04
2.684901460040610270e-04
2.843822220030866655e-04
2.967515581375396497e-04
3.219415449403668786e-04
3.025450410906230757e-04
2.942098496564901047e-04
2.755587605162365954e-04
2.871085671200716643e-04
2.934285011173745216e-04
2.854832860735194238e-04
2.566998420995057848e-04
2.495153753333299667e-04
2.799533553386654959e-04
2.731548955221854398e-04
2.734666366508528459e-04
2.491396137876903793e-04
2.512205712697549408e-04
3.193908701044910242e-04
3.563150319877014479e-04
3.174146744409237029e-04
3.192270917932594067e-04
3.044197380668111730e-04
2.949975627376457831e-04
2.890130801251163594e-04
2.504436979815240737e-04
2.410012548915839057e-04
2.213097973196976969e-04
2.095049858906358449e-04
1.974261231492402933e-04
1.162859437290932876e-04
5.930741106786811931e-05
4.445939338235961445e-05
2.136435835350849249e-05
1.238734419579816707e-05
1.104487008415613128e-05
5.916886239409917996e-06
5.012961581472050172e-06
4.011554491918986739e-06
3.411653896751629434e-06
9.745775443431813480e-07
1.083663111464601606e-09
1.031104489604518654e-11
5.896351854212320607e-12
7.761687776292070806e-12
8.089427738175894712e-12
8.089537116867920995e-12
8.089537116964008039e-12
8.088567617572788071e-12
-2.463436077879494723e-10
-5.491796997859019457e-09
-8.682815530722306673e-09
-5.356028767076126165e-08
-5.366031225024035207e-08
-7.656231850949448319e-08
-8.368027021300893945e-08
-8.380415219891258117e-08
-8.380447996260866494e-08
-8.380448007198735291e-08
-8.380448007198743232e-08
-8.380446756904744150e-08
-8.354846051900926327e-08
1.586062552683187985e-08
6.229080530687154572e-08
1.492355296301044602e-07
1.803310983667198573e-07
2.032917137995502218e-07
2.104096994687923528e-07
2.107112972099377036e-07
2.107113847457053372e-07
2.107306108711651253e-07
2.108623879714945922e-07
2.108789838051127935e-07
2.108801467841645406e-07
1.167165141283944811e-07
7.347735111522287731e-08
3.140999754684882210e-08
4.135369752794965414e-10
3.496055431448006683e-10
3.330153293865173980e-10
-3.297513107201966575e-09
-7.073812325546933801e-09
-8.411141625745295332e-07
-1.204610086859568220e-06
-2.254041137417106950e-06
-9.140681718385110691e-06
-1.032035504951750092e-05
-1.267531670207343715e-05
-2.925564112263080130e-05
-6.150050955557507962e-05
-6.910534591167787869e-05
-7.020120959701059264e-05
-7.127723628833586419e-05
-7.163257783138238688e-05
-7.086784765715629681e-05
-7.054626931236259748e-05
-6.954239379958531352e-05
-6.269330058026883633e-05
-6.159711694359299285e-05
-5.933578449448875938e-05
-4.276954003849794608e-05
-1.052564544930062182e-05
-2.926418744473615368e-06
-1.988035010345757589e-06
-9.270823444403135539e-07
-9.017760465656592125e-07
-1.605512819232519163e-06
-1.680802494897253541e-06
-1.812039267565515624e-06
-1.814381852991416880e-06
-1.730929870496088728e-06
-1.637590340803798166e-06
-1.623598173685351983e-06
-1.625289792913828646e-06
