1.965311941553739457e-03
2.047972038849508580e-03
2.086036327537680885e-03
2.108117534713062520e-03
2.289145366078625989e-03
2.545266362816678198e-03
2.964967919021127205e-03
3.340328912112661922e-03
3.664311690842820407e-03
3.959343093290380346e-03
4.007483023181930386e-03
3.730099712145794767e-03
3.301642930209111593e-03
2.979843678984687300e-03
2.654398180114023176e-03
2.399918512562774792e-03
2.311848727332452540e-03
2.307138880584761170e-03
2.330022388165594021e-03
2.362785357860717680e-03
2.535601976902168708e-03
2.766765200693684784e-03
3.080636539494488891e-03
3.554529573248902622e-03
3.932899407869924584e-03
4.110506857919682226e-03
4.114988162365107449e-03
4.040796141728666274e-03
3.812358090649572984e-03
3.549052705307319516e-03
3.333663409148689919e-03
3.214349966841521800e-03
3.208068943660063402e-03
3.116906013726973568e-03
3.065624092274803116e-03
2.828778207189619736e-03
2.754607908888970658e-03
2.659601765250209273e-03
2.516012985630311071e-03
2.503019226251375698e-03
2.598165759155906911e-03
2.921307746168326936e-03
3.222815654821805254e-03
3.714781773567947878e-03
4.351748238262105259e-03
5.168064993295349609e-03
6.137940107234575969e-03
7.356335901049222518e-03
8.905230778724390617e-03
1.058401431864782437e-02
1.221502076412676191e-02
1.326435579609404336e-02
1.395744660291560468e-02
1.407123437153000485e-02
1.352408067411257388e-02
1.259831249232351742e-02
1.162753712566736743e-02
1.089975238292483634e-02
1.014603205228501413e-02
9.367531892627187565e-03
8.743407532354023626e-03
8.049003185236752039e-03
7.325181184259318794e-03
6.550993813563012712e-03
5.751019247474939422e-03
5.270091782733952492e-03
4.924757151245537021e-03
4.825923756405497457e-03
4.644335726305495217e-03
4.429636151199526674e-03
4.210431169391648000e-03
3.820054060923103612e-03
3.438084556467605607e-03
2.956775753472064717e-03
2.542468153568180293e-03
2.260326776898271411e-03
2.087647146178996192e-03
2.219044262936259015e-03
2.392046460575999751e-03
2.442860731071709503e-03
2.462391999204567583e-03
2.383651235754435591e-03
2.337086829034765254e-03
2.160343052829492849e-03
1.855360411637423275e-03
1.661516713930963644e-03
1.498480142993544690e-03
1.442785136556779153e-03
1.349176240333401075e-03
1.179623115216163736e-03
1.034867638287305250e-03
8.946804423665671163e-04
7.599662846136814127e-04
6.869823501236354234e-04
6.754607334617091343e-04
6.668258552699764903e-04
6.450472969224552025e-04
6.462539444544861426e-04
6.501247106114329492e-04
6.516940834146621930e-04
6.003968499063536308e-04
6.021105794085387193e-04
6.568700963032752952e-04
7.586053777149248537e-04
8.844395395836832834e-04
1.032874179048379887e-03
1.197904392673852054e-03
1.384698802050059576e-03
1.478544896136427906e-03
1.622299509815529860e-03
1.864447765049741419e-03
2.158916984304937777e-03
2.458169613073666552e-03
2.706590129929343364e-03
3.017948060816259912e-03
3.295253926206748174e-03
3.573373176046011884e-03
3.657467241624495768e-03
3.661582039161232881e-03
3.619804515121952809e-03
3.449242956285651727e-03
3.184280605944251209e-03
2.869029289916801007e-03
2.746266395405574847e-03
2.766820552997224531e-03
2.918133314105699188e-03
3.280621895889102111e-03
3.658214703713654533e-03
3.819818444959140278e-03
3.938882714654014239e-03
3.989524917305159284e-03
3.879420693621689776e-03
3.642408856913498250e-03
3.412862793433026759e-03
3.373573397986530387e-03
3.186858199275086328e-03
2.980314851870783516e-03
2.802417455503955490e-03
2.593494536525184965e-03
2.443159985358916726e-03
2.232568189531138059e-03
2.127295804835045798e-03
2.029630923794832446e-03
1.980042566265855387e-03
2.082746863776490341e-03
2.125571976513908074e-03
2.222914939220267411e-03
2.267933349884633173e-03
2.272563839418437984e-03
2.194598332920946748e-03
1.939191237897257281e-03
1.647363012384957205e-03
1.298513179186703724e-03
9.593770198262297150e-04
6.781151705163741003e-04
5.092995280757776086e-04
4.380221992063408100e-04
3.829215111951251725e-04
3.352747202753618579e-04
2.962116803322667057e-04
2.407988798431362758e-04
1.780088307654050168e-04
1.257231457222359567e-04
9.465225934698097150e-05
7.452877509314875055e-05
6.444336439359980037e-05
5.546202883400476246e-05
4.465766393070978355e-05
3.115130977631315581e-05
1.762144287076815411e-05
4.800795694205736361e-06
-1.930129171247294653e-06
-9.531344930819430524e-06
-2.119120700567820104e-05
-2.834612147863347365e-05
-3.354943617211124645e-05
-4.343259166872691151e-05
-5.802420678814847269e-05
-7.591776462562828756e-05
-8.629068230353652107e-05
-9.628092010776631094e-05
-1.124121610453562029e-04
-1.323343167108151364e-04
-1.329788293655901883e-04
-1.103801470981888511e-04
-8.884654806049962150e-05
-7.777399714699210836e-05
-6.412145820787648577e-05
-3.956112620424136238e-05
-2.615303775569721484e-05
-2.423607839944633133e-05
-2.074059181760000718e-05
3.675455677212130772e-06
3.299007717431576698e-05
6.038869903662660312e-05
7.481017190152877510e-05
8.137669106705387083e-05
8.826189210888050259e-05
9.320185472330679759e-05
1.030039484535768423e-04
1.187018087280912367e-04
1.570060889839633531e-04
1.919035535687243837e-04
2.064373067338052821e-04
2.090378522886808717e-04
2.049802369902360623e-04
2.127808284795608396e-04
2.200020699235747822e-04
2.502442608331194242e-04
3.059282468757469663e-04
3.782533375643024639e-04
4.778247335519607221e-04
5.603948695772227031e-04
5.900920551525908964e-04
5.949578066103954630e-04
5.752722949782465177e-04
5.302140534380166961e-04
4.392137415284000281e-04
3.541382887364525971e-04
3.234249646768603105e-04
2.894596570427023581e-04
2.817974347614146126e-04
2.675246036779038304e-04
2.617697599782843718e-04
2.467294699255615192e-04
2.124288637946183456e-04
2.165014742553670669e-04
2.391688639726448351e-04
2.826389048419169830e-04
3.468710222447114505e-04
4.348619244557729827e-04
5.214587723154424275e-04
6.180100807440513109e-04
7.237792017036165067e-04
8.350128990572462878e-04
9.162499350091005829e-04
9.751109566739864015e-04
9.914671126579927430e-04
9.877317097187205807e-04
