7.230939898765453529e-05
8.703854552348879760e-05
5.301656776682795276e-06
2.667003635486056089e-06
5.522556851555478211e-07
1.685517051932053791e-06
1.044734597512614981e-06
9.013450394517337728e-08
1.017406352657612430e-07
1.063400237082840887e-08
4.116006205010791333e-11
2.593484586315204121e-10
2.900069090718978125e-09
4.658193909232506483e-07
2.830480416399790497e-07
3.197772535963947433e-08
4.629577328870828411e-11
2.636225306089628323e-04
4.647072501318464821e-09
7.211214653366316702e-12
2.137782778019123027e-15
1.562485073593999970e-18
1.890458230115666747e-21
1.130448576568652923e-25
1.823799048043942633e-19
8.335241593785860251e-18
1.218342445291309102e-22
2.809777760657404699e-23
9.211905456093828114e-35
4.813285055554709364e-34
5.520168328922954158e-71
-1.107622971689177050e-84
3.340618566622123853e-25
3.651285638531075931e-27
3.819781466164105239e-38
1.130047422820854683e-27
2.952390064287433741e-18
1.227681978972475639e-15
1.723613835619275183e-12
6.948916790207050155e-21
9.292560740762774542e-20
4.359553913898499573e-29
9.536142446643621882e-39
7.827786372028006582e-43
-8.356580091236294016e-82
1.001029214720662000e-64
1.376877310310211143e-27
1.556325617783893730e-34
8.557164035548695408e-22
1.061662004026524909e-14
6.358016463275644001e-17
7.596362842365559291e-16
3.418593766034720545e-19
4.012249731333682203e-14
9.382397419952212031e-17
1.065377029024046862e-17
1.836595399218537521e-25
6.527981537946307314e-38
4.844345517977579554e-36
-3.876099131541344918e-67
-1.431085099818083749e-36
-2.797661990114815139e-46
-7.673714444963008789e-27
-5.789295488999974532e-23
-1.360894880400314911e-24
-3.601293972682776178e-15
-1.498944529789337881e-11
-7.962200344567542334e-15
-1.165707709367849692e-12
-1.334453911872349914e-10
-4.369916839126614864e-10
-5.460232255864247991e-08
-3.938581840760770032e-08
-6.706815611651129320e-09
-1.155635718087894919e-10
-1.108061228881811635e-10
-2.876211110525886369e-12
-1.142039288416057536e-11
-5.811374173202883569e-12
-9.867913892523733147e-13
-1.608548125223427220e-16
-5.213310790404639455e-16
-5.361642726479999602e-19
-1.426648763138557344e-38
-8.381036030005201436e-52
-2.243657127117699139e-82
5.238397993777207768e-81
-6.290707395532338619e-35
