-1.394686836688263654e-01
-3.651112321920750858e-01
-1.828077936878069049e-02
1.111811633814444866e-01
-1.558062377996054931e-02
-1.690146231126218521e-02
-2.835252836461750036e-03
-2.486517372033475795e-02
-4.913386018244940423e-02
-2.232934179644319866e-02
7.929110840294337215e-03
2.311628324122042347e-02
2.888630945561451377e-02
4.191218082035021858e-02
1.082303047141856996e-02
-2.982337958658504845e-03
1.676564270780130095e-02
2.970946836667749647e-04
1.628664661475544978e-02
7.994771342315657933e-03
-3.935037030814835662e-02
-7.915123461777037739e-02
-1.756412231159929505e-01
-1.088602588676849114e-01
-1.615628670586642390e-01
-2.329599089191592975e-01
-3.428221668629400365e-01
-2.277325714226351439e-01
-2.904382636514568072e-01
5.427254338716146556e-03
6.315643080710728156e-03
-2.908676339643230871e-02
-3.663923350955806263e-02
-7.551594852282754455e-02
-6.319646134851439334e-02
-4.351030390499043693e-02
-5.372116344719074510e-02
-6.185885651146295211e-02
-1.031751040518555790e-01
-2.176993554407222892e-02
-5.260488362839575022e-02
-4.326584630653532160e-02
-2.172638655491631460e-02
-4.559957841981120141e-02
-7.863873240451989266e-02
-9.071373077791017314e-02
-1.700342022297526567e-01
-1.220772237040621544e-01
-5.767137585167543268e-01
-3.383621828149043637e-02
-9.819960560017286511e-02
-2.676052611922311725e-02
-7.632422069539071541e-02
-8.433131845184500819e-02
-1.007173016318974323e-01
-3.253361350019782217e-01
-2.353219567706959503e-01
3.152075140388314097e-03
-5.119009872124959809e-03
-1.532034103297092928e-02
-2.978243971228286373e-03
-2.353040180822361244e-02
-5.478577350262512496e-02
-2.372952726536842541e-02
-2.252908135062397024e-02
-6.591481369342756802e-02
-1.179140770346681980e-02
1.247088425554309819e-03
-9.537987046047111811e-03
9.580800179155747739e-04
-3.343680060684237065e-02
-3.992541448154936223e-02
-1.108515979475970144e-02
-7.347599290094662498e-03
-8.913614650007041507e-02
-1.394162592350552642e-02
-3.592343909206022895e-02
-3.839965208047129417e-04
2.069386605474901435e-03
-5.868933229041438382e-03
1.273503787436912338e-02
7.293755981200353289e-02
-1.926881010539802791e-02
2.743400961986094955e-03
-1.319834250480262814e-03
-5.759174332200254869e-03
2.228651237991687364e-02
2.210673093995141336e-02
-1.278257838474998291e-02
-7.676764185910873485e-03
-2.842812109784789362e-02
-1.684037110262434633e-02
-6.655345922472805098e-02
-9.538553994790632817e-02
-1.394661145995081952e-01
-2.508540834701052102e-02
-9.918351736979883967e-03
-1.527456847602896850e-02
-1.605518714913368311e-02
-3.149039424292977840e-02
-9.390208869779752276e-03
-5.022549200386520335e-02
-1.815701632157232792e-01
-2.417892482610349281e-01
-6.483022263053897505e-02
-4.002531605655902658e-02
-1.099336050119413544e-01
5.567159052125979224e-03
-1.752770770893122623e-02
-3.029871635894642017e-03
-8.884842872564982508e-03
-1.041022994890185120e-02
1.005696417641350170e-02
4.221569681697788165e-03
-1.642775015809250358e-03
-1.328218121452553156e-02
-2.164764491906806185e-02
-3.543769882859500175e-02
1.821081305702272959e-02
2.662775754700589387e-03
7.021145273695430372e-03
-8.198324753916423971e-03
-4.166810550392836300e-03
-7.997892077162631688e-03
-9.256598905182395615e-03
-3.363649604995026538e-03
-6.336101623976833977e-03
