1.498475316255543403e-25
7.498213887377977502e-26
4.998809660703259909e-26
4.303309244068025737e-26
3.442763432787882842e-26
2.868969527323235702e-26
2.459116737705630807e-26
2.151727145492426920e-26
1.912646351547470184e-26
1.721381716392677248e-26
1.564892469447891956e-26
1.434678197482734655e-26
3.042827187985828678e-21
3.042884124607150221e-21
3.043905238554828935e-21
3.043903438300346191e-21
3.043903437818202043e-21
3.043903437818284798e-21
3.043903437818284798e-21
3.043903437818284798e-21
3.043903437818284798e-21
3.043903437818284798e-21
3.043903579448487139e-21
7.548352899131141152e-21
1.103095939080642337e-17
1.659374331977327183e-15
6.660171600733599638e-15
6.829362628193135912e-15
9.041460870094121201e-15
4.088773242147767950e-14
5.810404217876928960e-14
6.814793097189624846e-14
5.122195042867677382e-10
1.798852996106577874e-09
1.950879936062737672e-09
3.077682778298219449e-09
9.818441562786867211e-09
1.038940044971840855e-08
1.122990505739197611e-08
1.486754469850648402e-08
2.576177753718449778e-08
2.830056668175083293e-08
4.764843435457332235e-08
8.081988645218430552e-08
2.500336508795480292e-07
1.502620626876088810e-06
5.152100801537597098e-05
9.090091514638236716e-05
1.398022014212998738e-04
2.778399441653686035e-04
9.318584441567208778e-04
1.204078530895190575e-03
1.372109295587766765e-03
1.391258462512639767e-03
1.413751374827233254e-03
1.418533286042362790e-03
1.419515900921852194e-03
1.422501152811572918e-03
1.373206022974071726e-03
1.334186375264020388e-03
1.285358926876054107e-03
1.147375251145938855e-03
4.933590302754292624e-04
2.211387726861335919e-04
5.313147630357415406e-05
3.400061704725627394e-05
1.148948834343752261e-05
6.675766439553378074e-06
5.523544218472299458e-06
1.284811593548117545e-06
5.615516573048535349e-07
2.001763835141435643e-07
1.195977383683154812e-07
6.495976388272137807e-08
6.184013343623265757e-08
5.837334445213682997e-08
2.401079938465086102e-08
3.164344002273961987e-09
2.032848428287552810e-09
6.720762146492083282e-10
5.535021207387527665e-10
1.606278412549435333e-10
1.098614611394138824e-11
3.613975295515781227e-14
3.553877881091717054e-14
3.553548409455916459e-14
3.553086248092752729e-14
3.553054031747301823e-14
3.553052728865022035e-14
1.366938615609395182e-15
1.276945693721581640e-15
1.037581242623610301e-16
5.705490043836249066e-18
3.762376094363530286e-19
4.399260542295743199e-17
4.530553220893315373e-17
1.666011686637676738e-15
2.996442985227122608e-15
3.409877446722459415e-14
3.985354542922115067e-14
4.636559058026192471e-14
6.368806400420483000e-14
6.371988066520814629e-14
1.667420457184752097e-13
1.667812002687116548e-13
1.668560002797378480e-13
1.710268718646147191e-13
1.715659245676825552e-13
1.731509086481434803e-13
9.863522620579309579e-13
9.640480811702881625e-13
1.074735134115227969e-12
1.074912103083673900e-12
1.063028320395412290e-12
1.063030718096564046e-12
9.600089541776458615e-13
9.609289458724606558e-13
9.640990588253068415e-13
9.599075084145170632e-13
9.598340825079669191e-13
9.566314387422473190e-13
1.421003828648809843e-13
1.333637285854545819e-13
1.692541604468240572e-14
1.023640439097163331e-14
4.797713675010597304e-15
4.763502936010853129e-15
4.769008378459174060e-15
4.890249213843301418e-15
1.742524922812291754e-15
1.720988769761790049e-15
6.965239070757411905e-15
6.973121453907068449e-15
1.067455084737038301e-13
3.804192286892216097e-13
2.348685563587804004e-11
2.688379107897742074e-11
3.300843839704208709e-11
3.482966950289348170e-11
3.842758745349342120e-11
3.909640973353651084e-11
1.055581531781026054e-10
1.364121325134978917e-10
1.401243060943622513e-10
1.751196832257029928e-10
1.357318251291556379e-09
1.381637187848460928e-09
1.361132195300843097e-09
1.357824153637453591e-09
1.351699506319442995e-09
1.349878275209968387e-09
1.346280351352791787e-09
1.345610448685668124e-09
1.279148608051698991e-09
1.248294626998302990e-09
1.244576742212808033e-09
1.209581346944308470e-09
2.727117615156363826e-11
2.461747012534245983e-12
-1.881152797406511623e-13
-3.410169526194907153e-13
-6.604085955977048041e-12
-6.723559056303511214e-12
-6.817738153885281201e-12
-6.822869133759801375e-12
-6.840755284999055093e-12
-5.570680721432337487e-11
-6.587210534401856960e-11
-1.703268352524910239e-10
-2.987028201603133018e-10
-8.978108572505656187e-10
-1.281484666070218066e-09
-1.368452303843835384e-09
-2.478294868541645954e-09
-9.255006269962221011e-09
-2.076058568489822481e-08
-7.864869245003466591e-08
-9.061247524775863946e-08
-9.080928679069504678e-08
-9.194011184281210966e-08
-9.611239281456286552e-08
-9.686017964476244156e-08
-9.627139986372471788e-08
-9.613635583699911281e-08
-9.752434895462729288e-08
-1.389659560189178995e-07
-1.325327775342206074e-07
-1.346465165499776911e-07
-7.728718877033194619e-08
-6.545248310201098479e-08
-6.562801138593457199e-08
-6.659539892888351069e-08
-6.512461826990203244e-08
-6.444968415793391523e-08
-6.445257935522020342e-08
-6.429442758636446744e-08
-6.282892138714885359e-08
-2.027194540260162227e-08
-1.994337979104988653e-08
-6.336466841218440066e-09
-5.808364651751948088e-09
-5.679280543735977142e-09
-5.258074667094299941e-09
-3.149696773888360863e-09
-3.437417240023147424e-10
-1.425011912519859380e-10
-1.290609805476006111e-10
