2.387899212022134843e-03
7.870438353397774586e-04
1.095870256837543294e-03
2.537388983018932544e-04
5.552682410065813744e-04
1.552024190693936491e-03
1.851319320163575914e-03
1.713720647887889779e-03
1.445914611826166736e-03
1.638862458392860606e-03
1.755936932424083299e-03
1.584115767091802494e-03
9.879000041760569589e-04
8.329562829246433880e-04
6.406649504996686549e-04
4.258114042796185233e-04
3.200089387998685626e-04
1.690797330512664939e-03
1.101832597166646716e-03
9.475120421528152731e-04
5.334734102903323279e-04
-1.698349266295709806e-04
8.424071285101754694e-05
5.724994684046806788e-04
5.585755412660294581e-04
-1.425645664506281830e-04
1.887668245822612110e-04
5.838166068056718132e-04
8.826802262532872090e-04
9.250386709860396954e-05
7.388827425131394653e-04
1.493148029349119837e-03
6.208845225557619403e-04
1.026698234614224032e-03
3.593816904451455248e-03
3.901996539828275854e-03
7.664267496632316649e-03
1.805514785340037523e-02
1.202719840535153989e-02
8.337064020403758477e-03
5.163410085019330339e-03
4.944876443289216057e-03
4.979154659309089487e-03
3.121364800583643819e-03
2.812999136700548072e-03
2.336683075174604378e-03
1.988499130573883212e-03
1.738168263890275522e-03
1.552506717101803657e-03
8.346962623701763718e-04
6.543501183250048994e-04
6.822993200505704991e-04
4.833155998350972316e-04
1.099899268931691905e-03
1.682363761613691689e-03
1.482153087880167495e-03
-1.621669478079398451e-04
2.547292083504768250e-04
5.022713173466615251e-04
2.034790870153599862e-04
-1.281642899249896164e-04
-1.100357520644654988e-04
-3.819448630434295290e-04
-2.131907803790494393e-03
-2.169764683072805591e-03
-1.038804417206815479e-03
-7.159851767752206924e-04
-1.246147004615950167e-03
-1.380138633426492185e-03
-1.658172355417634634e-03
-1.959939702933499554e-03
-1.990342306052571720e-03
-2.712330755889502242e-03
-1.792681232403617797e-03
-1.490348098233320630e-03
-1.999650233174438910e-03
-2.701816841661475004e-03
-1.862949564373312219e-03
-1.875553895161792637e-03
-1.377451327433253710e-03
-1.741709324104939640e-03
-1.835786571605089925e-03
-1.798333483315771569e-03
-9.274292390928772379e-04
-8.045044660908118274e-04
-1.332351625944891904e-03
-1.121613129558768915e-03
-1.653632617076302870e-05
-1.327082585204578634e-03
-9.206283133899602995e-04
-1.383250295340491035e-04
-5.288607067313221477e-04
-4.020222032500726230e-04
-5.253709826094315989e-05
-4.707514379006981172e-04
-2.946829633077136489e-04
5.069928911019690697e-04
1.184157683973851189e-04
-1.880474045385037939e-04
-2.960551739273697977e-05
5.787113725173500384e-05
2.286541988427877585e-04
3.101873490977528924e-04
8.107540365568530411e-04
4.859208063635888394e-04
2.873505247707228800e-04
6.610234698408580089e-04
7.841968882409852378e-04
7.355677685495507281e-04
1.101951150055453625e-03
5.385274095836668036e-04
6.956512090070087872e-04
2.857504861584349949e-04
3.423587015166525117e-04
3.520056114821870576e-04
6.105931404751435481e-04
2.875300829856753315e-04
7.915454890247536866e-04
2.619609771949118517e-03
2.183263559524744636e-03
7.017305439858203837e-04
2.394782516634003783e-04
5.885767787916094864e-04
4.723809322095057694e-04
-9.380480652752778601e-05
-4.246969051484396948e-05
2.246748310608742086e-04
7.550601526530455838e-04
1.176788733504251705e-03
2.303039721507646378e-03
1.635255100080099328e-03
4.137294546430295671e-03
5.386686802108996315e-03
4.016104553158308596e-03
4.382604557154804077e-03
2.781618276204939587e-03
2.040952164534731716e-03
1.884235880358740281e-03
1.084776038835962627e-03
1.026781311967369086e-03
9.422796263595328934e-04
1.545543421549849198e-03
2.009966416247129829e-03
2.165609109865832341e-03
3.081459011000668626e-03
1.230255123503387399e-03
2.558607455354036664e-03
1.284269773494042246e-03
5.482822336086870616e-04
-1.339483578776616947e-03
-2.082041632435283583e-03
-4.116803744233301331e-03
-3.112427723012897458e-03
-2.580798530142296415e-03
-1.963800634813960434e-03
-1.401966130044249173e-03
-1.333306893384229473e-03
-1.733154805598798812e-03
-1.791107321960577455e-03
-2.436112064345189593e-03
-3.710646339372152078e-03
-3.771534393762539066e-03
-3.252737294659749628e-03
-2.072596290178877788e-03
-3.394131094066529623e-03
-2.505516301218015107e-03
-2.274835213281362414e-03
-2.576989970696825453e-03
-1.536050143907575051e-03
-2.591159423536744735e-03
-2.233975040436008298e-03
-1.629374355603266291e-03
-1.798464979709842818e-03
-1.662039650449586474e-03
-1.384777914813230173e-03
-1.189986861068975535e-03
-1.052447955163015496e-03
-7.637691147561189667e-04
-1.401809165538735235e-03
-8.033478759450089551e-04
-1.229060807507524307e-03
-6.541728886916136363e-04
-8.281400526367774196e-04
-1.665143418309812792e-03
-2.232324722012725155e-03
-3.117732051259275699e-03
-3.821763460867968944e-03
-4.311059813798244836e-03
-4.981497199470167475e-03
-3.145837274216317040e-03
-6.136695334536997233e-03
-4.493342421167082108e-03
-5.569398793385590442e-03
-1.049329545108075232e-02
-1.304529817375198533e-02
-1.276236829872927012e-02
-1.066045254586895155e-02
-4.160213794137454860e-03
-2.803234864102130061e-03
-2.267261947211805968e-03
-1.193741051160583698e-03
-6.087814337922093722e-04
-7.454574867402742134e-04
-8.870209483683277451e-04
-1.080169983813740074e-03
-1.106014933767790736e-03
-8.507988424676213215e-04
-5.536671544538566969e-04
-8.321706156255611860e-04
-3.342899364648233137e-04
-3.796934149169723196e-04
-3.098312874626610921e-04
-8.445494950584841098e-04
-3.715234414786286791e-04
-1.980834038223500647e-04
-1.927936491156206791e-04
-2.414030101536328302e-05
-2.734789076412610454e-04
-2.612968560893438375e-04
-5.277090144358968261e-04
-7.692992334355101608e-04
-1.462933341568271579e-04
-3.241848375497511639e-04
-1.074248440840990752e-03
-7.617387446861592854e-04
-1.515498020520739347e-04
-3.559421876908158396e-04
-5.614505449128110674e-04
-6.479397277171577377e-04
-5.511932927589284882e-04
-1.341129904551273443e-03
-1.556487839202411834e-03
-2.647373456740432542e-03
-2.569523032796882604e-03
-3.222362861765375956e-03
-4.610219710385103642e-03
-5.428325603485054801e-03
-4.709918736060120410e-03
-3.633171025072094718e-03
