-2.545301006778739883e-02
-2.415365485287227637e-02
-3.093919317047933229e-02
-2.914039426393470744e-02
-3.224461927695104063e-02
-3.086466598382273108e-02
-3.320928200577758643e-02
-1.102487063860559634e-02
-1.556465112661049692e-02
-6.027583827592809806e-03
-8.492446420538212609e-03
-1.341277575353502956e-02
-1.255081540444474147e-02
-1.139553663753018788e-02
-1.031887651905330494e-02
-8.489941206253402359e-03
-1.212544704922417435e-02
-1.482984938092623065e-02
-2.007690080332320826e-02
-1.455278387188402647e-02
5.092734326139746956e-03
3.233810215506463092e-03
4.248236580008534977e-03
4.618051939668179826e-03
5.285755249379342317e-03
4.551744941254696510e-03
2.426317499861380469e-03
1.161935442814332085e-03
4.322880302005985623e-03
1.569715946647169680e-03
1.156142169958863583e-03
1.283776806009119401e-03
4.374283581353560421e-03
6.106791295678959050e-03
8.084747477298358589e-03
9.489696863074555122e-03
1.051139801054248521e-02
4.873311283965702477e-03
1.182074878218332403e-02
6.307598563254157055e-03
-1.101474219929789297e-03
8.723787730198115722e-03
7.753697624290629108e-03
1.017200485968189003e-02
1.469638798413004481e-02
1.530565920273286099e-02
1.735936609648449161e-02
1.368818928636790673e-02
2.176530330280372280e-02
2.490969826177992161e-02
-5.772746255937509507e-03
-9.267083054853291358e-04
-1.548863896461182563e-03
-3.116661813989796311e-03
-4.788815180325824671e-03
-8.163286316537845698e-04
3.192486593289503051e-03
1.144052359447423001e-03
-7.722903837767383011e-05
-1.043811913372264715e-03
-5.491631357483394739e-03
-1.254164232046298989e-02
-1.007226404273787318e-02
-1.112028960127994792e-02
-1.135128578265954050e-02
2.769714625500864155e-03
1.127089468590783102e-03
-5.817572632812831671e-03
-6.545781465203930581e-03
-1.452870243942751098e-02
-1.332353148677530540e-02
-1.117750345011902721e-02
-1.266273580422182070e-02
-4.174257039672142969e-03
-1.091603371700234325e-02
-1.066604501112622568e-02
-1.621736126503750888e-02
-1.046712057461317118e-02
-2.247677328528326773e-02
-4.498721056742597257e-01
6.138544836718319749e-03
7.913753419625755084e-03
4.604558923497069529e-03
-3.092142691409154303e-03
1.019185447105373094e-02
4.146333529122564650e-03
8.424930335913375853e-03
8.843280423969119165e-04
1.072921579846630030e-02
-4.510746615912129831e-03
-8.185512057308923922e-03
-1.145792265076705195e-02
-1.305702662993690234e-02
-1.387904126102421087e-02
-2.209548257022080422e-02
-4.983719598875706314e-02
-4.742581155432321581e-03
-6.276593962020087306e-03
-5.495883771022838475e-03
-5.378574846143820490e-03
-5.928236076654159505e-03
-4.777492440529154324e-03
2.263176265769120676e-03
-7.678049204892390539e-03
-1.519301824999350070e-02
-7.023399154945739013e-03
-1.311573789636463587e-02
-1.170418397197562840e-02
-9.122783123106796219e-03
-1.082752228679576857e-02
-1.646154940383625503e-02
-1.741536408353735674e-02
-4.224856377997619761e-02
-2.398206892218185740e-02
-1.997752519131720805e-02
-2.392662989932076850e-02
-2.046781642545335289e-02
-2.821216514652209045e-02
-3.142689969749496576e-02
-2.898568823726138666e-02
-1.760830208992394258e-02
-1.032742425334294382e-02
-1.593919461923263767e-02
-1.527417112250509246e-02
-2.619720385787778147e-02
-4.852587299824778766e-02
-5.400833319542981681e-02
-5.664007637305103204e-02
-6.271149380407148310e-02
-8.707099686493982582e-02
-1.280050991572757590e-01
-1.102298454415044093e-01
-1.209288755524747794e-01
-1.808858926470992834e-01
-1.948148377588526381e-01
-2.072672406225753161e-01
-2.352490969186307734e-01
-2.416051241160365459e-01
-3.048035854785703935e-01
-3.407185195765521923e-01
-3.858786933437017286e-01
-4.345750062291448557e-01
-4.824493181747424586e-01
-5.895446769830610112e-01
-6.339041400619891409e-01
-5.984886700939340276e-01
-7.837074572923397042e-01
-8.776567129001666689e-01
-7.522684897129708892e-01
-7.298875493835613737e-01
-8.047382509823044483e-01
-1.013144808195074242e+00
-1.048496183950728078e+00
-5.277566198197891634e-01
-3.042290726360275758e-03
5.689713953927982501e-03
-4.981748883537117853e-03
-5.472304254672706852e-04
-3.396144220417948896e-03
6.479972123932349268e-04
1.881995001293888196e-03
-3.312150885266859635e-03
-9.768867363756593078e-03
-1.515184473041242090e-02
-2.661266497607908676e-02
-3.390154439765815514e-02
-1.736842769901625338e-02
-2.008629635276460920e-02
-6.795438256242909703e-02
-8.448214343123335024e-02
-8.668123149376401326e-02
-1.080267842190644201e-01
-6.085441163545888404e-02
-6.771966204853703368e-03
-1.682868709532677528e-03
6.457108572397162469e-04
-3.631793399557453443e-03
-9.678450753491187096e-04
-6.308479067404664832e-04
3.698538306042093490e-03
1.154493903660909655e-02
2.064256715563392297e-02
2.658459409099472870e-02
-8.466189126967995845e-03
-9.141285320217717655e-03
-9.187572292822621806e-03
-1.971954431818475836e-02
-2.096796292262254058e-02
-2.675920089883446207e-02
-2.794334557698313626e-02
-3.264731723197124291e-02
-3.240580510954468169e-02
-3.692209260672302262e-02
-4.218805596121012746e-02
-4.643875318924910178e-02
-6.028037312610017712e-02
-7.771296522947236662e-02
-2.521993699457338381e-02
-3.272323452693148838e-02
-3.553062404452840550e-02
-4.337571634155968497e-02
-4.806865276663064429e-02
-5.839912605907981308e-02
-5.188333792833739466e-02
-6.630718984632115454e-02
-4.491189283495003459e-02
-1.006875174173585130e-01
-7.651018435629487746e-02
-4.165954688028478820e-02
-3.817497237769478663e-02
-5.746550589657622304e-02
-4.118497878837326653e-02
-5.660219476728692301e-02
-1.142785908302432762e-01
-1.110555833170468326e-01
-1.551841891194205847e-01
-1.635338102324435383e-01
-1.281964799469363370e-01
-1.745324152145796004e-01
-2.635872628121138650e-01
-6.795489264857947249e-03
-8.140458453828264621e-03
-1.144508459008032782e-02
-1.333585086308990315e-02
-1.479962452769900336e-02
-1.420023039761302355e-02
-2.089640328297956429e-02
-4.756089492572255356e-02
-1.404627457300148229e-02
-1.478749804808931513e-02
-2.527885786161862547e-02
-3.039693137145513258e-02
-3.405440749222737873e-02
-1.187862138179383853e-01
-1.343681293142885702e-01
-3.427315200975571043e-03
-4.033769510423306469e-03
-5.424891619264019665e-03
-5.040755075091698546e-03
