beta2
5.055279360055031992e-03
5.133188998949583109e-03
5.192374114807226694e-03
5.172906316856555435e-03
5.212038771662506897e-03
5.209934758194566425e-03
5.325091161208547058e-03
5.417743324914356742e-03
5.498514096854972312e-03
5.526376327305739314e-03
5.312345734971572753e-03
5.209377966244826616e-03
5.494901874446700765e-03
5.784281316692551148e-03
6.199197189550377171e-03
6.795087590456933349e-03
7.173855991741254906e-03
7.677386304238931376e-03
8.101832501133165998e-03
8.491556294518923936e-03
8.462919608027141827e-03
8.216743592440090352e-03
8.176775665771355422e-03
8.192326111217939147e-03
8.199392261529655362e-03
7.839968984324326151e-03
7.695445848043616643e-03
7.531524277819529045e-03
7.481008684559736950e-03
7.561664563013137039e-03
7.765698281999080035e-03
7.692268433295000943e-03
7.820388103066407137e-03
7.629198878406861367e-03
7.554773766719913124e-03
7.528272569182187408e-03
7.777249936515723445e-03
7.865140819898979938e-03
7.791092439846466003e-03
7.771216842167068782e-03
7.659451398589562678e-03
7.338641168415918278e-03
7.287516105710285103e-03
7.253956265309485091e-03
7.350237861793432539e-03
7.445567410421771379e-03
7.682644353459339680e-03
7.749727759050578993e-03
7.526241661199090625e-03
7.212061727192031063e-03
7.022195522892319894e-03
6.985775039521707579e-03
6.955876455566190400e-03
6.991273683284197557e-03
7.129557172127031286e-03
7.250339873578719521e-03
6.866550284665887127e-03
6.592806471090685225e-03
6.733337561185959511e-03
6.792597790655467357e-03
6.767231796778308550e-03
6.941823837733568890e-03
6.982378929834625117e-03
6.991934855834037316e-03
7.040663712505276089e-03
7.046654488407114517e-03
7.079154245599452062e-03
7.385096846690602027e-03
7.266577420796656826e-03
7.071020864372722613e-03
7.104744999153986620e-03
7.197158280758495820e-03
7.127867752886748141e-03
7.113342698617453747e-03
7.078857978969244243e-03
7.258557075044050517e-03
7.444126729722069791e-03
7.805863847941128461e-03
7.808762424991517147e-03
7.807982823176825085e-03
7.923151967588991373e-03
8.125619744249926169e-03
8.312094256695910094e-03
8.435075365960395880e-03
8.470704700743521276e-03
8.575261355928648355e-03
8.806408286095074658e-03
8.936959662869373502e-03
8.807586399279303258e-03
8.625388232129976157e-03
8.632224686567678551e-03
8.534425876625360841e-03
8.521071099607719496e-03
8.697603079876409238e-03
8.875133102828256654e-03
8.741750788405850542e-03
8.788503120973453070e-03
8.750965624474388305e-03
8.760856067514699586e-03
8.628649081931158427e-03
8.520282088875950552e-03
8.407212248511729269e-03
8.347153149402663369e-03
8.305288339836557412e-03
8.273556600408484701e-03
8.079046679285977611e-03
8.065692715331248402e-03
7.927941667955119148e-03
7.957949985110623903e-03
7.934659763047666875e-03
7.743390277826155479e-03
7.494473106860475090e-03
7.489955159373480956e-03
7.475617202180755150e-03
7.544848635556003491e-03
7.613151085593388573e-03
7.664645200599702959e-03
7.782065852204140058e-03
8.044773630377279744e-03
8.300485878341553811e-03
8.349254892924739754e-03
8.410067440353323487e-03
8.537483869873704542e-03
8.621138639209449672e-03
8.667436511762443771e-03
8.674285271159480615e-03
8.825893146491622238e-03
8.938323170049267824e-03
9.183583547389739810e-03
9.346086243226785911e-03
9.346000196300198459e-03
9.382532193893153988e-03
9.510253929488395735e-03
9.649105402170888440e-03
9.756417442320816993e-03
9.637381544217480528e-03
9.541278300767466747e-03
9.578881642880504935e-03
9.643546937436055233e-03
9.708105539177513260e-03
beta3
5.701410772320508616e-04
6.393336311207875339e-04
7.093498136582092372e-04
5.717823101254147777e-04
5.666485538042846572e-04
5.331929371063719256e-04
6.039501185624372281e-04
6.104582940872668295e-04
6.305762226898421405e-04
7.709839857638249930e-04
1.116730294840222355e-03
1.273858845409989084e-03
1.307786226574578345e-03
1.554368557166639197e-03
1.893493927191828522e-03
1.932782705551492741e-03
1.827439931261945743e-03
1.846062199117193313e-03
1.927351692450665057e-03
2.340978973163184221e-03
2.398031805280188139e-03
2.511854962453440726e-03
2.004446272267064368e-03
1.585723402725595747e-03
1.284991725530269194e-03
1.058755347780032403e-03
8.007798280301564294e-04
5.423557299512889824e-04
4.919328601110619552e-04
3.977005954189250653e-04
4.178403321506354981e-04
4.010660412080789398e-04
3.769655303189995365e-04
4.083010744371777414e-04
4.678657343457529689e-04
5.177270751595386931e-04
5.418479691728969160e-04
4.425326808744312014e-04
4.998758565950423959e-04
5.757373883133666981e-04
7.948621187405693726e-04
9.494568196025602973e-04
9.635406936517963011e-04
9.800165461999945250e-04
9.265804193730909234e-04
8.522606871670296335e-04
9.849129752410759435e-04
1.027477039924022586e-03
1.349897300035122908e-03
1.221909021512401425e-03
8.603730259737004012e-04
6.487582134652007410e-04
4.779352521804462002e-04
4.378061822351629975e-04
4.366101856348545297e-04
4.253959777779594718e-04
4.045431727050519664e-04
4.551599510167240949e-04
5.059069365330843508e-04
4.827593498114831965e-04
3.949003409183687342e-04
3.044141461871363737e-04
2.198703956471669864e-04
1.657970138605374178e-04
1.817029535678061269e-04
2.722230280466591103e-04
4.401816564518527212e-04
5.457110564857646810e-04
5.409524435741440299e-04
4.129109467964547702e-04
3.037031331431275477e-04
2.955124166086673223e-04
3.592850517095808310e-04
4.461450709416075197e-04
5.521182212885784868e-04
4.994968850322129787e-04
5.088836245108806309e-04
5.355544823708732142e-04
3.856727267203732129e-04
3.184189664035275147e-04
2.572121010289998800e-04
1.734283275325775508e-04
9.343984505505400671e-05
4.340434785013916178e-05
8.747333134239901122e-06
3.156159033643257459e-09
-4.235190428199759299e-06
-2.000160485911758258e-05
-1.119711809073659266e-04
-2.616642823079095193e-04
-2.511655242473058024e-04
-3.102845943856949863e-04
-4.066961126449095782e-04
-4.820868628661980401e-04
-5.463021117702870650e-04
-5.318001550146504459e-04
-4.669950620754310553e-04
-3.629830901620580944e-04
-2.916714419056434457e-04
-3.122167069095533893e-04
-3.393407503543898829e-04
-3.906357571680511473e-04
-3.961535878492194974e-04
-4.676431156804903688e-04
-4.602467376782097878e-04
-5.239548562179198931e-04
-5.415706687597819343e-04
-5.644974850378269189e-04
-5.353137661253839878e-04
-4.858260752590438090e-04
-5.328030601454578291e-04
-6.677746339308212415e-04
-6.505567177193046120e-04
-5.936280193106254887e-04
-5.404917480533440264e-04
-4.664778082397156873e-04
-4.357941807039143788e-04
-3.825338739397557463e-04
-3.459694731348373058e-04
-2.221404011025854828e-04
-3.254741383435726760e-04
-4.194125021191645814e-04
-4.851395252882734817e-04
-5.322462771868835801e-04
-6.341474706029753697e-04
-7.730463956688408966e-04
-6.256047098481629792e-04
-4.395028339385293782e-04
-4.085409882694564384e-04
-3.528314495048048621e-04
-3.930784206421847598e-04
-4.046767310028568515e-04
-4.607070969682454235e-04
-5.235598283139641235e-04
-5.468689061221814612e-04
-4.896794253637324354e-04
-4.777824782810991336e-04
-5.227937782490912769e-04
-5.220903513157204492e-04
-5.500396983321553367e-04
beta4
1.973779161885902798e-16
8.375381995366451197e-16
3.794481587423422502e-16
4.419216687749944520e-16
3.478381976491387661e-16
1.496657563478789613e-15
5.981429082120028201e-15
1.016608853044409059e-15
1.668886519158207024e-14
2.456982505878166392e-14
9.971933803508849770e-15
1.200770128386178457e-14
1.109922274177714193e-14
3.789146424552050367e-15
1.123123776342784938e-15
3.413705608125238961e-17
3.023625830882629663e-18
1.177476794271303452e-20
1.166509801306132731e-21
2.613554841118905505e-21
2.920944354620468277e-38
3.690308038023524148e-25
4.090585031338530503e-23
7.098610438115025362e-23
7.926082039583882673e-28
4.794205104135609419e-21
2.131307863640622938e-21
1.683343874574439625e-22
2.143143854649611469e-24
2.503936498204737550e-26
2.041698668640467297e-40
5.016262917055579327e-25
2.859628965808936852e-28
7.313624017272727107e-21
3.581076205074475023e-27
2.633821035179994883e-21
2.504562666946037471e-50
-2.744548781287388454e-46
-2.480712708056982448e-24
-6.812150490642014792e-28
-3.745916429253396948e-45
-1.009456499183035557e-50
-1.334184121452453482e-45
3.219543132578247452e-44
-1.492070183530278638e-36
-2.684022858024081235e-28
-9.625681745178456144e-29
-1.365929370184703720e-26
-1.226563263616332963e-30
1.587584587419056743e-29
1.150756085268404825e-22
8.535041366647683459e-20
1.114379671385619178e-18
7.028215961523881099e-17
2.681515529041126063e-17
2.009022464050926435e-18
5.858109975469901617e-15
6.457683352219000877e-15
1.221808705033430293e-14
1.653951272784415667e-15
2.941405104035840691e-15
4.819519878513201992e-16
3.404513963457286508e-16
4.134301731701192576e-17
1.601890542653033010e-17
8.593941863075389757e-19
1.170189749414276881e-18
1.351741190830253318e-19
1.208134289023960965e-18
5.363109759570936829e-19
5.669899830989097295e-19
2.648318607425838756e-18
9.810517172885605988e-17
2.803067134681475057e-15
1.810784761252455588e-14
1.139897497535968441e-13
4.758018300841869716e-13
4.841178010560924501e-13
7.210745264250101159e-13
6.760104293152648469e-13
4.770553751499964054e-13
9.995876910728552580e-13
5.880545471298048521e-13
1.536925112185092786e-13
1.363235154309553217e-12
7.204517569666933638e-13
8.878374316952313913e-13
6.569056072440606287e-13
1.817668732433492845e-12
4.342206458106133626e-12
1.616477994949600758e-12
3.466146633791583116e-12
8.225182548454387534e-13
9.289108064550991784e-13
4.532277273187220351e-13
9.510180818603486484e-13
2.194523931243027500e-13
3.192652713065446190e-13
2.620992590627906041e-13
2.528398022138070879e-13
6.656284193460177940e-14
1.759914999746561563e-13
3.631265814429805797e-14
8.806079454732221131e-14
6.648911444314131134e-14
1.076525971190634266e-13
1.727780972141609228e-13
8.526497879664136547e-14
3.623806339001341890e-14
4.279733850386250679e-15
3.941297392454117921e-15
1.887972510972163121e-14
1.587769063234736147e-14
1.104654041227542313e-13
8.360476516174497175e-14
1.903308600710884385e-14
9.948056345275549788e-14
1.854451224824066590e-13
5.689440461964502844e-14
5.419014418958563489e-14
6.923895130004245932e-14
1.274561695449486433e-14
7.389941776736145758e-14
3.033079942702957724e-14
1.370513145432215632e-14
1.126450412416961343e-14
9.505624741444497841e-14
1.873883032274113858e-15
3.839256373041076493e-16
6.212139095242905231e-16
5.834759575322088754e-17
8.522409342368517563e-18
3.201606977370620155e-18
1.017192833511139343e-19
2.974959543881636523e-19
7.175619853189467379e-20
5.119225170128530062e-21
4.495242581214971135e-21
1.500541416133173959e-21
5.055462980204592262e-21
beta5
-1.836491018341403086e-19
-2.434686645948231397e-18
-1.781925089386806248e-18
-1.555168661684184339e-19
-2.727869465574753169e-19
-2.195364671454161745e-18
-1.683653009915871465e-17
-2.318350889049074222e-17
-3.250948772215978869e-18
-8.034468657261626889e-18
-2.735565315379301853e-17
-1.051780853439069215e-16
-2.966553148281433144e-18
-1.197252690384130580e-16
-1.496191323348993992e-17
-9.363374256757155381e-17
-8.723896701630064429e-18
-3.084304691368213107e-18
-6.686494180258192428e-18
-2.010296005932398512e-18
-2.935707190076067620e-18
-3.327351167655839308e-19
-2.678606295479701663e-17
-1.562009828129774083e-18
-4.896426734628611050e-20
-1.706296575750766921e-20
-1.371246972795156098e-20
-1.976039854853545296e-18
-1.750990574154371301e-19
-1.225866617332179973e-19
-6.363902709794800665e-21
-2.195144285440426950e-22
-2.711768746076172333e-21
-3.198205728076882371e-20
-7.349056987200159383e-21
-1.225801315291723404e-21
-4.830946231408686046e-23
-4.178746060464920989e-30
-2.330161153067878628e-43
-7.616719694802652583e-43
-1.556794802798742916e-25
-2.258294099266744963e-40
7.326424265506433300e-64
-1.003473281255884980e-36
-9.963311290946017481e-30
-9.649895811364889472e-24
-1.913979309972701716e-23
-5.871240156853198768e-22
-1.018785412676302502e-21
-3.633773602899690222e-21
-4.348844916579745822e-20
-3.098345169938058923e-18
-7.639212459996388388e-18
-4.762831647593835869e-17
-8.545003806279211141e-17
-1.267729945343341456e-15
-2.214637550518874175e-17
-1.347806214573697196e-16
-2.814684024470035264e-18
-3.057751418210541394e-17
-5.977337774406781157e-17
-2.295464818403397642e-16
-3.209701578091688262e-16
-6.029093330487308480e-16
-9.748725109396490486e-16
-2.645073933353319408e-15
-1.255055990637308555e-15
-8.401460555319358257e-15
-4.434627689897294709e-15
-1.567918012790006971e-15
-3.261653762491148755e-16
-1.561259900115145757e-15
-8.170669521454371859e-17
-7.584828006381671875e-17
-9.685496203420494228e-18
-3.045049052622787700e-17
-8.629029660552325479e-17
-4.320199826734817744e-17
-1.127452385150471987e-16
-5.045454813343535961e-16
-1.689602607838675545e-15
-1.845621768917493549e-14
-2.478371083545435983e-14
-7.608091630120484147e-14
-1.951207316636508894e-13
-1.682384821162877972e-13
-1.704854020941181195e-13
-6.896845385578688249e-14
-1.922969945158016097e-13
-8.850294994204073639e-14
-4.121527905264394268e-14
-4.651459338677657881e-14
-6.562866218356439362e-14
-1.956088010256937995e-14
-5.346209604906410790e-14
-3.030885094933088746e-14
-1.561658331383238610e-14
-5.537027195320077628e-15
-4.585665423503419495e-16
-1.778725576692153994e-16
-9.310794288366841673e-17
-1.059493295685923440e-16
-8.454597215714820561e-17
-1.127911352261498036e-16
-2.528276676957817026e-16
-9.741358725722353568e-18
-2.286109206781124230e-18
-9.289442906972606164e-19
-2.130809875224109636e-19
-7.625351341291426153e-20
-8.928253662454143770e-19
-9.385524069448075973e-20
-2.095113527541245425e-20
-2.879896525886749101e-20
-4.352168901653296241e-20
-8.688243990034922731e-24
-2.988250697463436452e-22
-1.216233900889387081e-22
-2.069398925741747467e-22
-3.106153808426020111e-24
-3.356384787224225869e-23
-1.280848453465425977e-31
-3.170461383993939799e-23
-2.249956270559566784e-23
-1.648963186419253876e-23
-1.422794185612387299e-23
-6.049703571819738488e-24
-3.665144392996939355e-23
-1.146962737399243718e-21
-2.337284888903442166e-23
-7.099685838156555351e-24
-4.205714798044980021e-24
-1.828195480996328172e-24
-7.568872690053973630e-23
-1.279529000422894316e-23
-1.112649928091402821e-25
-2.848308373622727559e-36
1.952779561970649646e-66
1.800840805001747231e-40
5.077286872296051199e-66
