-2.150090950228943120e-04
2.725382502179198550e-04
2.026125754595985563e-04
-4.730407846805122283e-04
-3.123700693259138118e-03
5.484532629298256596e-04
7.377151012174773320e-04
1.711650268207159063e-03
1.873264401055334044e-03
2.158879148253616247e-03
1.450625946979761842e-03
1.196601496880163361e-03
1.292349928033151556e-03
1.349806527603953634e-03
1.046933316315702038e-03
3.934925839797620692e-04
2.347295617041062507e-04
8.202623896931633598e-04
5.561527063404673142e-04
6.529013002570489355e-04
1.749250446787322950e-04
6.004678630720818836e-05
3.325222393991773742e-04
4.770557572196848419e-04
7.926062029070144940e-04
1.376225054489836922e-03
4.199975681757111483e-04
7.653745381732294855e-04
1.004604831697797959e-03
3.130659432087065826e-03
3.648185234813188828e-03
3.227293285559442847e-03
2.781029301927277417e-03
2.278330615092148508e-03
1.986443661790823160e-03
7.138519695934915886e-04
1.524925677069346444e-03
1.010234582724703171e-03
1.930495306989132636e-03
5.213363396408693135e-04
1.071561138852622280e-03
6.765498883600873457e-04
2.928024613455846117e-04
9.786986229138453560e-04
4.582545706175275200e-04
5.256433829458694680e-04
8.181719304175647401e-04
7.032850132560648651e-04
1.525209578932699549e-03
1.510562048382830527e-03
1.640437849179633744e-03
6.912373072664891767e-03
2.401010068488871555e-03
1.676140528179391942e-03
6.315988940783975707e-03
2.122551158870956620e-02
2.125521825538265186e-02
2.074512954780170088e-02
2.185442894015452581e-02
7.842440203692556747e-03
4.215806592887148124e-03
3.513133148752505420e-03
1.992000989529606105e-03
2.472555100181076521e-03
6.836786535430973942e-03
4.591174715227800546e-03
5.112984907788210159e-03
1.293030604872216684e-03
1.267819055770206703e-03
1.052164334050858336e-03
9.341476281725660195e-04
2.319740626459532509e-03
1.275397276847556761e-03
8.789442134904774592e-04
1.521933157719588311e-03
2.530570654015149978e-03
1.304372154857162073e-03
3.677315070768024698e-04
-5.497047036579299183e-04
-1.063907327973329488e-03
-1.796194761920018486e-04
1.362244282771405334e-04
1.662260034460877930e-04
6.951430107342814737e-04
-9.313474097613826878e-05
-1.829054740233184958e-03
2.495028309748360579e-04
-2.159855407811509383e-05
6.785837308566374892e-05
6.188561333152646287e-04
-4.688761173214846278e-04
-2.852351040693258048e-04
7.216116570764231518e-04
-4.015148271310056601e-05
8.469494403496602983e-05
-4.838649107245016458e-04
-6.501903332619623588e-05
1.020563584960292356e-04
1.315776415079711651e-04
1.943397751152302713e-04
5.305940520647398713e-05
2.828142141597133935e-04
4.843488771483299405e-04
2.794602825026984644e-04
3.401429758816357381e-04
-2.852412210560899795e-04
-1.889627154639983333e-04
-7.028373065761900731e-05
-1.469165003877486526e-04
-2.600580623108352581e-03
-1.492342072759616708e-03
-1.249056996501192451e-03
-7.165558207083300851e-04
-5.176916353198409261e-04
-1.738656995927908601e-05
8.783145954613362250e-06
-1.025853524061728412e-04
1.890572630074116827e-04
1.350415368596815985e-04
9.558090262809127314e-04
1.226876619028968067e-03
6.368645885152007715e-04
2.742954091959902939e-03
4.665001562090411542e-04
4.687553416621532206e-04
3.971721633727122100e-03
8.314821431340249560e-04
4.118422844145015987e-04
1.226275333009005819e-04
7.965754016561526693e-04
3.691248215156004721e-04
3.523947040172360160e-04
8.915455216520701623e-04
1.860572820845058598e-03
1.155432171478294094e-03
1.502911437236062030e-03
1.932621930524274856e-03
1.650666164018248921e-03
2.500481666845748470e-03
3.377929476408481676e-03
2.932102510862743833e-03
4.646205407360817427e-03
8.216802179238754528e-03
8.127083198503663383e-03
7.840846479038274600e-03
2.499784795844603880e-03
3.321028007208859552e-03
4.659786341328125449e-03
2.944526525267869826e-03
-3.293599833399867916e-04
7.229936064447982499e-04
1.889742789884281545e-04
-5.548723700574286931e-04
-1.643682519119934310e-04
-4.729758406553834574e-04
5.494588551306564810e-05
-7.244701199049582031e-04
-7.814056688555393038e-04
-3.182531974792556081e-04
-3.930270599667928734e-04
-8.201843483039794689e-04
-1.147703419494686084e-03
-8.604589724930544357e-04
-9.438290421841316006e-04
-1.855026955279045391e-03
-2.522754834895073964e-03
-1.856908777753088491e-03
-1.404527877914808157e-03
-1.508824328473226889e-03
-8.382208658625344300e-04
-1.392481151555637498e-03
-1.872792011841174602e-03
-4.880585236161589851e-04
-5.416077580042648722e-04
-4.934638882467803564e-04
-1.064277736114548414e-03
-2.722422907299339341e-03
-1.826055552385698636e-03
-1.064972651224419409e-03
-7.061530280111229891e-04
-5.001374285126282664e-04
-7.736420517817284856e-04
-6.810421556991435492e-04
-3.864583580037764233e-04
-7.599638483179438873e-04
-2.331246734227269621e-03
-1.063755693217297797e-03
-1.772738346254681225e-03
-1.488615721517003252e-03
-9.126393283195600439e-04
-2.709846527120206121e-03
-2.599516404270288752e-03
-3.421567328062070056e-03
-5.404749267387999254e-03
-2.592019933208970697e-03
-2.278111799928045442e-03
-7.353318341833491164e-04
-9.497035352595472810e-04
-1.999388119779676575e-03
-1.264848259083912584e-03
-1.319819275810574103e-03
-2.636108009268565370e-03
-2.021204777579950918e-03
-7.513012242381818511e-04
-1.317799318287694952e-03
-7.143760670147135134e-04
-5.577253786000019526e-04
-7.328292417343917810e-04
-6.870113513419421789e-05
-5.712970447362152905e-04
-8.988461862845074793e-04
-8.330203645975300811e-04
-2.095947414838818213e-04
-1.212073396246101395e-04
-6.225916254056073230e-04
-2.283835177899959910e-04
-9.490459982371292737e-05
-6.581569509895122277e-05
-2.448026868025090347e-04
-4.803808000717157793e-04
-2.595718488869750893e-04
-4.418072759732519076e-05
-1.932810269158883091e-04
-4.466753716994494874e-04
-1.307274570983054870e-03
-1.866735706702578410e-03
-1.416984172830815887e-03
-1.031979391568390919e-03
-7.708822727627327254e-05
-3.423777865483479426e-06
-1.129763496245691883e-03
-8.912064406045921636e-04
-3.885018256327498355e-03
-9.662060248286559808e-03
-1.342380572236377863e-02
-1.264393325133633152e-02
-1.069563016042005682e-02
-6.097677920441716901e-03
-3.018572900015434757e-03
