1.867670761019484286e-03
1.394152176918925104e-03
9.001741393977258972e-04
1.766084004947365664e-03
2.555176571752563845e-03
2.043214053922027661e-03
1.389173957446660423e-03
2.557021975302309000e-03
1.237281309203627127e-03
1.160628626060466627e-03
9.793154122629793134e-04
7.308331525598932808e-04
5.315397450588715128e-04
3.229198319998797606e-04
3.264203073257856513e-04
-3.502630292574831182e-04
-4.672233475883970930e-04
4.646978563801873311e-04
-3.517860322904653686e-04
-6.819251952002774921e-04
-1.085728804718896984e-03
-1.048394615663523002e-03
-2.703349867089956549e-04
2.226735302185301878e-04
3.774045017874956900e-04
5.850876077036098501e-04
6.078076679083533294e-04
8.629132633956352553e-04
3.447671369732377661e-04
4.311769505783610542e-04
3.241333317711434306e-04
3.098219015946070782e-04
6.238391314233609651e-04
1.213513782765513480e-03
8.065329295516482149e-04
1.028969107105184551e-03
5.758326602743180480e-04
5.398770032391213411e-04
-1.418845260994690445e-03
1.284046183865008997e-03
9.429136123138032611e-04
5.231223632398110564e-04
7.716950929620103533e-04
6.100433659264009427e-04
4.917841711334315288e-04
1.793990680770157667e-04
-1.360494930971196796e-04
-1.405403414443640541e-04
9.373920997488877516e-04
1.130721414513346504e-03
2.511741795704678856e-03
-4.657695644422745959e-04
3.184245094411825841e-04
5.590820745251742514e-04
-8.815336016300468318e-06
-5.485275725186622951e-04
-1.014108568740296288e-03
5.612712996709228423e-05
-2.804315785829987169e-04
-1.027440743446421520e-03
-4.198235374079411358e-03
-6.636354820787024626e-04
-1.043861195734184164e-03
-3.562006691814100737e-03
-2.922611912003719812e-03
-6.953635489685453756e-04
-9.049150081386520298e-04
-3.470316259355905007e-04
-1.445606519586725258e-04
-1.987502734598719405e-04
-1.762646902255446662e-03
-4.552363148279590889e-05
-1.611684445162866151e-03
-8.044118028633100072e-04
-8.875480565579715701e-04
-3.518385920574215232e-04
-5.018252110866532707e-04
-4.832951130407208405e-04
-5.527577110518689350e-04
-1.923815952370689036e-04
-6.248211868511357060e-04
-4.893803597463314455e-04
-6.401942484112204844e-04
4.941181193715755461e-05
-3.461910692198536237e-04
-1.220649992179617628e-03
-6.788994350080759267e-05
-9.091491855318800533e-04
-8.969357106613091686e-04
3.949889046711136092e-04
1.921873389008887652e-04
-7.803408777855395939e-04
-7.530182022591036094e-04
-4.962492170548617534e-04
-4.621503588474149839e-04
-1.704159730739103625e-04
-8.191014540190488412e-04
-4.914677029496314353e-04
-5.138755558432673643e-04
-1.317121685278619422e-04
-8.260266454111596249e-05
3.304299787282455065e-04
-2.127742636199983278e-04
7.886326700770534084e-05
4.268026903333877820e-04
4.078369510964551903e-04
4.426337671680819386e-04
4.842462585137998019e-04
1.094774664064261226e-03
2.871028428055590401e-03
1.889311278702225433e-03
4.010213065650173117e-03
1.113144095117866864e-03
7.637910016813927562e-04
9.878649176279310790e-04
2.065318707670564091e-03
1.426271760555355679e-03
1.129670354739312080e-03
8.177174645438999067e-04
4.123728280296402849e-04
7.701752227959362184e-04
2.720186917544323920e-04
1.027113635139064026e-03
3.675449456172457242e-04
3.457397397843898525e-04
1.075625171827316023e-04
3.170931532684974027e-04
1.894205344434734357e-03
1.531857090905702204e-03
1.256084389416240983e-03
9.852278642399554028e-04
1.200640137601026274e-03
1.379364281707658180e-03
