1.069495237482411427e-05
7.999789090472062542e-06
1.129134268282845945e-05
3.381719471571827205e-05
7.055673036672877290e-05
7.528072074462509907e-05
6.892179385728123501e-05
6.810003384784455945e-05
6.201369920039901285e-05
5.763282480894920805e-05
5.265978787093967086e-05
5.030175933042626651e-05
5.289226663873872495e-05
5.952285407658983017e-05
7.232670670685618713e-05
7.508208862478185381e-05
6.629222287367906100e-05
6.890645472751758351e-05
7.002741932298608204e-05
6.942398646289638358e-05
7.249770824248117620e-05
7.271732883853717201e-05
7.369572419672420040e-05
7.806150676309375183e-05
8.319437088866818311e-05
8.122641971430748285e-05
7.903704359960894482e-05
7.978441046880376984e-05
8.290798861648583261e-05
8.411370969892064276e-05
8.722731967224311392e-05
8.603129255899572307e-05
9.024220686103689331e-05
1.024050794116079381e-04
1.167610698753063355e-04
1.288755139068279560e-04
1.357868914859661745e-04
1.371199027123255981e-04
1.298158995168583547e-04
1.229384686030815575e-04
1.111230625921954916e-04
9.980804130961415345e-05
9.305536829996601444e-05
9.244348040575228395e-05
8.584572759199140569e-05
7.366328598091139931e-05
5.910121615111169389e-05
4.163821311715283500e-05
2.665335777189237364e-05
2.028501279535623549e-05
1.550636150236164219e-05
1.043148142109301379e-05
9.786935621169653703e-06
9.040281247968754891e-06
8.994360311057737515e-06
6.209515382678310452e-06
4.320335704024965323e-06
2.594487349502152106e-06
1.556593205116732228e-06
4.535008743722493529e-07
-5.845686686636571285e-07
-2.079627195698601980e-05
-3.415369409933342556e-05
-5.893465275711424578e-05
-1.116012892542822061e-04
-1.349154150969752303e-04
-1.422812502678510820e-04
-1.435289761032403891e-04
-1.471312719556590266e-04
-1.490831065736228334e-04
-1.581170181588704212e-04
-1.669574230588244032e-04
-1.915903852299414255e-04
-2.358515851733705097e-04
-2.720845979214820396e-04
-3.336167095399238981e-04
-3.233982275142883024e-04
-3.382571601295910214e-04
-3.478983958102634393e-04
-3.627712233774297939e-04
-3.766100753914980448e-04
-4.063592163756141119e-04
-4.263062842479338325e-04
-4.303132982748129279e-04
-4.078985455271276115e-04
-3.448619973436014945e-04
-2.993456413980175577e-04
-2.133037140528196401e-04
-1.713927867808470718e-04
-1.332478955065510677e-04
-1.162413522483834977e-04
-1.001232308334326805e-04
-8.262296631495753124e-05
-5.091646746357485301e-05
-2.191940554641735869e-05
-9.145880473837930485e-06
-6.787196676270325708e-06
-5.427171963712889549e-06
-1.389359560006597791e-06
-1.118389771309508818e-06
-5.831345859769042377e-07
-5.575484224626026564e-07
-2.199605497396449124e-06
-2.196633354207846149e-06
-2.163705502648050911e-06
-2.160511540133404555e-06
-2.155134054994264629e-06
-2.025658549060683795e-06
-1.668984810470713558e-06
-1.654188899908045625e-06
-1.456473146061146827e-06
-1.066440152554020780e-06
6.575446558465498956e-08
2.506953270673302667e-06
8.255725044674133410e-06
1.727049665263529694e-05
8.497244356928382780e-05
9.746772228240648559e-05
9.894554396836137151e-05
1.006957848402871314e-04
1.007995170542143939e-04
1.009266929020925167e-04
1.011600175550914955e-04
1.011682124986853056e-04
1.001255243199620078e-04
9.784579871872017354e-05
9.375589660281631002e-05
8.474177468627811958e-05
1.704120516526131093e-05
4.560270109750562753e-06
3.132368989923368319e-06
1.844023794485679761e-06
3.777852217363729989e-06
6.488204924890286319e-06
9.101708317196540471e-06
1.201204389673169282e-05
1.941715944568857293e-05
2.647604534059407757e-05
3.034795299831311312e-05
4.656656738800010980e-05
5.303738057091590712e-05
5.921439511909733157e-05
6.184425829031251810e-05
6.398416347592389474e-05
6.354509325473148100e-05
6.177753668212921322e-05
6.383990105162327120e-05
6.178969289055360895e-05
5.447274135676567281e-05
4.729927224203156672e-05
4.341242832353975307e-05
2.719321489689090310e-05
2.072102608702861169e-05
1.452966788123626867e-05
1.184988414390025670e-05
9.248493909510626485e-06
7.653657901391237479e-06
6.575890710974313602e-06
1.483889908280498050e-06
2.257073351010360437e-07
5.000889474313971807e-08
5.699930910314988623e-09
4.351201900645750347e-09
4.310372636965507826e-09
4.308676121942965924e-09
4.308676089934906892e-09
4.308675726879851835e-09
3.584752140784066380e-09
-3.286149692192809104e-10
-4.540073500849356288e-10
-4.746507732469359123e-10
-4.826309186687046898e-10
