5.682451193333624972e-03
5.660484635627934316e-03
5.571081000187251553e-03
5.542068870342531373e-03
5.484830797350133402e-03
5.420741569318393398e-03
5.356372560630893141e-03
5.251697915646984065e-03
5.161122503140662572e-03
5.093867033899295883e-03
5.094614440506481899e-03
5.096271078633325853e-03
5.078369136151587512e-03
5.168714003261903368e-03
5.304236704350580832e-03
5.494351128739700073e-03
5.695466244103045660e-03
5.936390397585162432e-03
6.178476641414488817e-03
6.298095711498328218e-03
6.352272447224840447e-03
6.313673608629018393e-03
6.183148664677481747e-03
5.976379719665941836e-03
5.778978923121398485e-03
5.639967388380374806e-03
5.617060447424375436e-03
5.608356814346051634e-03
5.648430441293777853e-03
5.729887368431554710e-03
5.780734066116569730e-03
5.882269994545604591e-03
6.096343743616022652e-03
6.458937540651204894e-03
6.935087509303047154e-03
7.525755808673396767e-03
8.282824856975618336e-03
9.048006441439123901e-03
9.713287480197101836e-03
1.034018974347737478e-02
1.088474771877659397e-02
1.132117442480205793e-02
1.155600480880571157e-02
1.173883666554272238e-02
1.188026842571647014e-02
1.191553325626686262e-02
1.185583574053853707e-02
1.186565895288837179e-02
1.196659304929285385e-02
1.209055350671828927e-02
1.218955784947978876e-02
1.222772259368595620e-02
1.231849719089808670e-02
1.232220083323597865e-02
1.220904364936415028e-02
1.201500424415975592e-02
1.165089672789806734e-02
1.120893072587610811e-02
1.060311091332195171e-02
9.948789985781454279e-03
9.259254345694011359e-03
8.476221396046304188e-03
7.780017054279743209e-03
7.162022297574299930e-03
6.602882763459286264e-03
6.099389346874165875e-03
5.618551828164377628e-03
5.146164942846447564e-03
4.691619451376894366e-03
4.201767530458787488e-03
3.818750550911471919e-03
3.459351776349453306e-03
3.162374562643819470e-03
3.029924311249735432e-03
2.979059424382762920e-03
3.053017531663173439e-03
3.141433571996971822e-03
3.287508038199198762e-03
3.569423183095412049e-03
3.858619573766007560e-03
4.112479841801293216e-03
4.360984216597943615e-03
4.597013011452970137e-03
4.740975891618123654e-03
4.735169287041447045e-03
4.691329811408444933e-03
4.705374524384607800e-03
4.709113957197006567e-03
4.730846009614307103e-03
4.748242167001397694e-03
4.738467424569166829e-03
4.698131218002741215e-03
4.538911216127917286e-03
4.326456459135401798e-03
4.053734401202519801e-03
3.762961147633769789e-03
3.421548824559361712e-03
3.067970719490125623e-03
2.693963643469556458e-03
2.288513355644123792e-03
1.890439149094671990e-03
1.554824277452193822e-03
1.342161374978206173e-03
1.190525985194893985e-03
1.131495839344499659e-03
1.164099911324999875e-03
1.268309733932769827e-03
1.358801438353989368e-03
1.447913071896458946e-03
1.537384561129813984e-03
1.632913992266671332e-03
1.715554442628439320e-03
1.769031363877591155e-03
1.857258798282519817e-03
1.936393209387845399e-03
1.987758544823294612e-03
2.041352396304026238e-03
2.169136323046013445e-03
2.388297715891328152e-03
2.704080859319928781e-03
3.093576024192817246e-03
3.508224339062138934e-03
3.955112383002934266e-03
4.371021860387814921e-03
4.743865849267162559e-03
4.965619187653776308e-03
5.075963532577719949e-03
5.147927952240277140e-03
5.160259945221767550e-03
5.113912579698553888e-03
5.067091819628913481e-03
5.048402502431684376e-03
5.069624178583145672e-03
5.068626473250331839e-03
5.028485811163332757e-03
4.934261679388937151e-03
4.746385885391089972e-03
4.519059030829488018e-03
4.264894820790604731e-03
3.973771890629174651e-03
3.709564398257889171e-03
3.455498164306811202e-03
3.258247151338064616e-03
3.141013583241194715e-03
3.120623583135848089e-03
3.192935148581984434e-03
3.345671213913269191e-03
3.599331552091703402e-03
3.905672646056605139e-03
4.252653048616904241e-03
4.535356097897169474e-03
4.787770785676169309e-03
5.008811597044674283e-03
5.165194663342143055e-03
5.271587039923006195e-03
5.304886898376639549e-03
5.323419963061147564e-03
5.375049363583188529e-03
5.341282964819453645e-03
5.301575486063313074e-03
5.250208795659166289e-03
5.143531563454114761e-03
5.024812465546247414e-03
4.850337189832648437e-03
4.729824751879157553e-03
4.546006653497800150e-03
4.344556403174641528e-03
4.135992967033748878e-03
3.878555567179996656e-03
3.607541400352376817e-03
3.280740930692797874e-03
3.023396944367976857e-03
2.818013209209270856e-03
2.695890326375072199e-03
2.632408676173360936e-03
2.585171108003016509e-03
2.561238927380860442e-03
2.550470981866092331e-03
2.494106497826495145e-03
2.453654288010221132e-03
2.391619442728816491e-03
2.362935083369743002e-03
2.331686064801396369e-03
2.253893270414215628e-03
2.140981624153849398e-03
1.934703415260508345e-03
1.741960278105822739e-03
1.603551941982128519e-03
1.518458563319770478e-03
1.477022813825476120e-03
1.468572180695280590e-03
1.469314410277946376e-03
1.498480010991036808e-03
1.462609860360780797e-03
1.419254032202832199e-03
1.343501485060522548e-03
1.269712705010830412e-03
1.246716583727327252e-03
1.204802671827445932e-03
1.153928477790067087e-03
1.089915608488148651e-03
1.087459673924362968e-03
1.104606699779300425e-03
1.077631248284901871e-03
1.058224069440182524e-03
1.073099649815934887e-03
1.085799525069278343e-03
1.041741469611961839e-03
9.812165404940716238e-04
9.757313486514593466e-04
9.712343880798373274e-04
9.580678923270316560e-04
9.286221043809198558e-04
8.958650628837013137e-04
8.596510330905485437e-04
7.938074083387726236e-04
7.149299174736908772e-04
6.449606303366124194e-04
6.004776410597381479e-04
5.690831073364574976e-04
5.107592390631780603e-04
4.265296726157642823e-04
3.222889881110233977e-04
1.828093369399053428e-04
2.291375472786035984e-05
-1.058732490043045557e-04
-1.759919594111094936e-04
-2.030431721744402329e-04
-2.111851234961897741e-04
-2.039928474848366833e-04
-2.139376284885518458e-04
-2.706935435914117568e-04
-4.032253326443088564e-04
-5.611407156773354395e-04
-6.940660232112578045e-04
-8.187410637745872822e-04
-8.685139270167644690e-04
-8.964132871732362383e-04
-8.440606368433032367e-04
