9.098238883031925387e-04
8.518866170589756886e-04
9.612713829559803823e-04
1.004586974667254695e-03
1.858670716417672349e-03
1.098295695114346075e-03
1.028659479908728552e-03
1.747395271666795941e-03
2.773468320164751335e-03
1.762261799120493728e-03
1.234887195695308533e-03
1.243692919622688131e-03
1.108310135619282885e-03
3.699102574562638905e-03
3.220388227684451831e-03
2.269664480471788887e-03
1.509062501949104710e-03
3.009721686102911822e-03
2.314986514541066652e-03
1.617002690737518811e-03
2.662505138271545595e-03
1.424814303137989261e-03
1.514930308547207585e-03
1.590780520505547706e-03
1.461502137408018497e-03
1.761126076665976530e-03
2.020941608757069984e-03
1.284386268910885087e-03
1.245503413180651170e-03
1.588525601556946753e-03
1.422132454720149118e-03
2.209539837718055896e-03
3.267372113289339006e-03
1.172473352633485611e-03
1.449289054826409561e-03
1.377114843165998855e-03
1.364752372973799741e-03
3.488346649541115580e-03
1.290542372446597860e-03
1.925630885514870204e-03
4.761136582850667917e-03
1.921499080185513084e-03
1.709195965534570857e-03
2.407510195164659465e-03
1.619339450767741731e-03
2.241860798243504749e-03
2.709379144647276402e-03
3.552665640477211187e-03
5.856942259535878430e-03
1.837891936038284213e-02
1.517638773177432121e-02
2.804264708862027125e-03
1.508524125404044373e-03
1.406306634293188465e-03
1.039016937358198684e-03
7.643352593011327502e-04
8.819763490325190601e-04
7.496629373922017361e-04
1.343676810566381621e-03
3.098765770743824193e-04
-1.084077277596748372e-04
-5.657878443416379435e-04
-8.071081741417556604e-04
-7.726294051252309341e-04
-1.814848061962130287e-03
-3.019364927725199906e-04
-3.038646975238616307e-04
-2.604627211455354729e-04
-3.510971878487001126e-04
-4.575115559881734332e-04
-5.325320723698367432e-04
-1.237255030931291638e-03
-4.253384275083319974e-04
1.396082018446107150e-03
-1.923454857673388317e-04
-5.568290279285450063e-04
-8.652160503850169371e-04
-2.048334772867150286e-04
-2.788913755642637941e-04
-7.702762089695167893e-04
-1.231526247204076151e-03
-1.012670700827897254e-03
-1.188114582024023909e-03
-7.662162486007958843e-04
-5.602812031159180037e-04
-9.821060168044787667e-04
-1.059882055123588258e-03
-1.051762278586331660e-03
-1.906159291524666321e-03
-3.280518608796842862e-03
-9.357088755078932273e-04
-1.751666826224726903e-03
-1.463545749953302274e-03
-7.961718925097529837e-04
-1.078060441409934688e-03
-7.755227314313862218e-04
-7.168763867092022837e-04
-3.923526917105372644e-04
-5.511142178836564388e-04
9.879724335285092814e-05
-1.922284892947870229e-04
-3.225275748800832858e-04
-4.338858956112737393e-04
2.769083747122557095e-05
2.749035095348218946e-04
4.007027575476179650e-04
6.784538725277915313e-04
7.703627397010347124e-04
3.063166858284936049e-04
7.136829981596431441e-04
4.443333132052808732e-04
6.553542534417722623e-04
3.752331022499207601e-04
3.972346648991369406e-04
9.790376716436854226e-04
1.566425252679272883e-03
1.232759554560472568e-03
8.044962634923503650e-04
3.813646977225013330e-04
5.060306621466832732e-04
3.642661603987338713e-04
4.148683920654359296e-04
6.172672629744194867e-04
1.004920709682320581e-03
1.714681652670199371e-03
7.785247444245497290e-04
1.110045869059241930e-03
1.063207990776050436e-03
1.547842182270097247e-03
1.139409774146073716e-03
9.077224156274374357e-04
1.432322633034937382e-03
7.157900133228660335e-04
8.001120265963097486e-04
5.920629027378196884e-04
1.341422874390571767e-03
9.047616571308684033e-04
1.129861595590726927e-03
5.515475019311938702e-04
1.181345091048746545e-03
1.303073322570220613e-03
1.169569647383314785e-03
-1.514975288188952522e-03
4.378750492080490985e-04
4.317369330981558179e-04
6.688396505597672551e-04
8.679499813183678405e-04
8.413949361137052982e-04
9.815980954824168707e-04
3.318213193585356491e-04
-4.621869685157879238e-04
-7.124290864477870718e-04
-1.112642975809174624e-03
-2.932302957394829993e-03
-9.230006839772412651e-04
8.337416107157158581e-05
3.399844157957986057e-04
9.776886536629129628e-05
1.938804951759118375e-04
-4.157910891099009265e-05
1.516790714815038443e-04
2.107241686909891800e-04
-7.655271137455998845e-05
-1.482143146043735321e-04
-2.691311061103317118e-04
-4.839997200988721180e-04
-5.124815612164542377e-04
-1.355689021760297756e-03
-3.152044715386115152e-04
-7.946569580595334295e-04
-3.864015649344575880e-04
-3.373416132536180339e-04
-4.650099214867270446e-04
-1.190579635008358382e-03
-1.159611800519780083e-03
-3.708607325760258661e-04
-1.735702749953491172e-04
-3.785947217451323153e-05
-4.188131220057692331e-04
-1.917090767606844282e-04
-1.437362189019684587e-04
-2.659769491892131389e-04
-5.317434284529574604e-04
-6.636658259229517983e-04
-4.285730800724246747e-04
-4.290978241851965734e-04
-3.604036337171007826e-03
-4.617351857570945036e-04
-9.860884130030939457e-04
-7.675874259524494408e-04
-2.302701371055225054e-03
-2.917063482159338726e-04
3.270223836518451025e-05
-2.346641066719990079e-05
7.682492904385029221e-06
-2.674923848293705520e-04
-6.981952395093062470e-04
2.947519959137635641e-05
4.567112563819116303e-04
-1.375391108400145473e-04
-2.766867236485702659e-04
-2.211486300777816745e-04
-3.656740224250745156e-04
-5.229656688178958325e-04
-1.108771298870985618e-03
-3.013132640389679182e-03
-9.771997381754233408e-04
-7.727789828475950919e-04
-1.303190112039748216e-03
-2.967075745086226990e-04
-2.868774734348004756e-04
-4.107851867956004090e-04
-4.280017987049220354e-04
-3.604529869064707005e-04
-2.019064222608829313e-04
-1.159157300709398640e-04
9.896895453689717476e-05
-4.026755864884161575e-05
-1.172956084972817312e-04
1.735095453731777928e-03
4.797408359962425936e-04
2.768529014107161553e-04
2.406926329913912420e-04
4.070412142035189306e-04
2.403005667229329725e-04
3.692471462776254938e-04
1.263059130905081666e-03
1.819991202463060610e-03
1.568090704170530545e-03
1.071105170392749103e-03
9.009780750690776687e-04
1.256473368455841714e-03
5.054542953343133362e-04
3.651878455658787073e-04
4.642654179475111278e-04
5.747872171046902344e-04
8.889962648283849947e-04
5.043384414297472562e-04
1.372479434951754968e-03
