-1.609178479622950034e-03
-1.290056316184833886e-04
-6.257237253836198283e-03
-2.013844843339759189e-02
-2.033888732852198039e-02
-1.850274112595440279e-02
-1.676642928977804814e-02
-1.471322205921211414e-02
-1.385493713261216724e-02
-1.463232146993001005e-02
-1.344035292246871863e-02
-1.222769931930317751e-02
-1.219589740864876481e-02
-1.213699758895262458e-02
-9.839506472847151658e-03
-4.809254652024139327e-03
-3.845566995314783632e-03
-3.963618831744761088e-03
-4.295664305214704458e-03
-5.733449656577370435e-03
-9.027582316188458370e-03
-9.871448003821723868e-03
-1.003450826792211953e-02
-1.018504720349305143e-02
-1.026643010877146753e-02
-1.116088642903726412e-02
-1.248629467132107880e-02
-1.192510604104197319e-02
-1.069887832762577047e-02
-9.543214238961789109e-03
-8.092325022540855506e-03
-6.728948302189991133e-03
-3.852900408505739033e-03
-1.079498017731771479e-03
-4.601615109476682908e-04
-4.257062651433199309e-04
-4.798137349877371169e-04
6.629613006043101036e-07
-9.321819285514137629e-05
-6.059611520914881880e-04
-1.338328196751232017e-03
-7.649413364994236096e-03
-1.508753158650962163e-02
-2.362788028169843235e-02
-2.848875779397902486e-02
-4.338327287503049301e-02
-7.571760448961679935e-02
-7.581631409987550640e-02
-7.554290704364023668e-02
-7.502633510331292721e-02
-7.437878128973106351e-02
-7.403126698028460184e-02
-7.335629120527022151e-02
-6.730562652928134826e-02
-6.065835083472054245e-02
-5.222764839384008012e-02
-4.590264627927959779e-02
-3.061427079769202600e-02
1.539560317982344162e-03
2.114306766133035309e-03
2.202711046994507236e-03
2.019162479723006238e-03
2.437057061853284499e-03
2.810231777296052016e-03
2.703820530355482196e-03
2.973155972718727075e-03
2.839997863477394108e-03
3.064105020489091020e-03
2.830770220843230670e-03
1.636664155903854627e-03
3.168650644352368189e-05
-1.869807437489083846e-01
-1.856736094166643591e-01
-1.857023800101932631e-01
-1.859240061172227065e-01
-1.865696845191903153e-01
-1.869038742189955415e-01
-1.871031153375967981e-01
-1.867405708277813658e-01
-1.866336861161299321e-01
-1.869455996440874956e-01
-1.862711292147362085e-01
-1.848908145808395576e-01
1.577076173344201361e-03
8.806810206509584754e-05
8.142247979257236524e-06
-1.918415474734882240e-04
-2.492183781953083476e-04
-2.170404399749381510e-04
4.295463564889853009e-04
3.877978237907545793e-04
1.909004042880326358e-04
2.514511121945543488e-04
8.658493232278139230e-05
-4.159063724740455021e-05
-1.064378091871814646e-04
-9.261448001457970062e-04
-1.476902612140161032e-03
-2.685284600090255287e-03
-2.458974241575097221e-03
-2.626496284786877539e-03
-3.862712728926241765e-03
-3.960126527845333859e-03
-3.777155295926125107e-03
-3.804565268777141806e-03
-3.736231894442878718e-03
-3.466519495956916098e-03
-3.402160437545072216e-03
-2.570621948971232688e-03
-1.916242897463440661e-03
-7.932480437417085842e-04
-9.315983030128739684e-04
3.573729859147432440e-04
8.809889420745563608e-04
7.344883143827416741e-04
5.134459163458828142e-04
6.269632029183673516e-04
5.545119965797881386e-04
3.875046550917892949e-04
2.847391875216778181e-04
2.376971278414138173e-04
1.769590945008642916e-05
-2.961595616843620005e-05
-3.584390521902148792e-04
-1.075088588932208858e-03
-1.356871528332101971e-03
-1.624785089276304132e-03
-1.490274705583455143e-03
-1.366977611303224526e-03
-1.103613108022955631e-03
-7.496588373443719517e-04
-3.454489990029140198e-04
-6.690304969725204378e-05
2.253782094140132936e-05
4.417179661354466553e-04
8.782387225541400449e-04
6.555645670308483551e-04
1.237912506366049869e-03
1.879177376588984927e-03
1.750233091295453096e-03
1.628324381267534258e-03
3.224651376646236480e-04
1.740214139398502851e-04
1.426535180899888428e-05
-8.830799764172679144e-05
-2.796912644844093410e-03
-2.941222564604804163e-03
-2.970335678352591709e-03
-3.010358964393718834e-03
-3.148299511276391686e-03
-3.186433447841063513e-03
-3.033377472311275889e-03
-3.137308895949367325e-03
-2.087160726206168781e-03
-2.194159153705344673e-03
-2.249016098090675288e-03
-2.293773807909051110e-03
7.916725301947107182e-04
4.461024214488480753e-04
3.215837660326436361e-04
3.118278964809359077e-04
2.784849996695125461e-04
