-1.825507011332394847e-01
-2.389352003246540332e-02
-5.068016190377445940e-02
2.762587918033603072e-03
3.537163346481755465e-03
8.067399452998393408e-03
3.784234672116982331e-03
1.068084239215280097e-02
6.415741466608571204e-03
8.888890932766712813e-03
3.938629691734621754e-03
4.508954788078643056e-03
3.114978436786029672e-03
5.613525650255091377e-03
2.539189183600918612e-03
9.488600673162957480e-03
2.119203472946156689e-03
3.698887245796329565e-03
2.119543951721510836e-03
1.004695197234396894e-03
2.775099666778858311e-03
-2.052534163841227867e-03
2.193220788645715692e-04
1.542667466669813423e-03
4.007439903896843451e-03
3.887202127373434041e-03
4.556094603549373789e-03
9.543174099414837228e-03
6.137387746465755752e-04
1.319377838861137504e-03
5.240873294300456460e-03
4.019425552589838552e-03
9.427198397649411143e-03
4.016085507202503922e-03
4.227000362229523141e-03
3.007386796282105271e-03
8.127211222305138344e-03
6.757033362348355277e-03
8.919870879336691885e-03
1.135099870205008230e-02
1.355602328445157205e-02
1.019133537447083383e-02
1.040001820474315865e-02
9.030502725347232945e-03
-7.540628127387147273e-02
5.497692004510356702e-03
4.809079206331324380e-03
-1.016923296437671374e-03
1.335494814194593911e-03
-1.044345995026387149e-02
-1.601610904752583456e-02
2.329614318727007020e-05
-1.120416948153319476e-03
8.154759991326006666e-03
-7.684802392310016413e-04
-1.521254534559423732e-03
1.276045017127675103e-03
-6.386897525925772437e-04
2.871117578671724974e-03
4.845846344858299910e-03
9.854138991070380410e-04
1.273585345846955713e-03
-4.674547708369169996e-03
-1.188305282736762392e-02
-2.122865092546324483e-04
-2.699751698284186350e-03
1.748653327854238085e-03
1.496124050403713473e-03
5.423890211020934889e-03
3.384363721811454399e-03
-7.643183297771189225e-03
6.878770384360880993e-03
6.929361039830183623e-03
6.359069231992678720e-03
-2.547901631665324199e-03
-3.082982451499254387e-02
2.738468796095045333e-03
3.636777409406234934e-03
1.828821758124343690e-03
4.085073293191320877e-03
3.456324530080689614e-03
-2.638910473089352976e-02
-1.019085137157297871e-01
7.876594037669098960e-04
-5.043773060363318170e-03
-1.474703030103602071e-03
-2.436857213507890793e-03
4.889740240415789765e-03
8.562672908208675271e-03
2.682947330427026648e-03
1.306344800641150248e-03
-6.280940553844920711e-04
3.611739434908308680e-03
7.212435707562919393e-04
3.190141704218920444e-04
2.953860067861865859e-03
9.381449649678600886e-03
7.763095193113674596e-03
5.086552252096773405e-03
7.015964992659637182e-03
7.784406004804522022e-03
7.232503146456383848e-03
4.500145057492494806e-03
3.339437101921086375e-03
1.145105602337717675e-03
-1.835934385509138504e-03
1.442823971637072862e-03
1.112783261432563750e-03
3.533622497226127177e-03
1.219802325257556214e-03
-4.184128474395128194e-02
5.203999795059355976e-03
1.290413587769081993e-02
1.419470177502339496e-02
1.680423806931016784e-02
1.340669433985594572e-02
2.916741552633521362e-02
3.538555531316480568e-02
3.475385714032632606e-02
4.713129206710361951e-02
1.121235334924651843e-05
