5.766855834929795570e-07
1.900430472317917772e-06
4.806847421864254631e-08
2.818841943676584760e-08
2.372467396665155616e-08
1.968328513805537335e-07
4.186520549358254321e-08
9.004628024180931906e-07
6.897735586443720075e-07
2.105490822164713557e-06
3.340247245100074800e-06
1.848590901980599855e-04
1.157536811489964885e-06
7.511850688589441840e-07
7.821591567498551530e-07
8.802330097176785730e-07
5.239335990582186784e-07
3.350737408716502247e-05
7.349295692713188831e-05
1.257800932570682353e-06
3.815408504804114069e-06
7.047204317372495381e-07
1.851127746839319239e-06
2.863166033299451655e-07
1.595199903706357460e-06
1.375241889097479564e-07
2.425228644145483438e-07
1.299991233123997056e-06
3.901769698057155713e-06
1.296334527549067269e-06
1.292087000362190171e-06
4.799329284903518900e-07
3.360689572172558123e-05
2.130788522774692174e-06
1.073386712549319670e-05
1.227278982337982194e-05
2.357121609801998098e-06
2.042845454544423803e-04
5.132569513689376023e-06
1.061897665406986212e-05
5.175372118926554419e-06
1.443376989732640515e-05
1.948350006922150847e-05
1.918333934219460877e-05
1.374358629550918940e-04
5.421254574524394989e-04
1.249885919711767740e-02
2.628244632914775517e-02
3.309959466269000311e-02
2.879830489889686346e-02
4.789327282314802953e-02
3.892821263117687142e-02
3.676664046346629633e-02
4.156036908934056251e-02
5.485988510320158329e-02
3.758575396412845021e-02
1.415213651376977938e-02
3.724121700271638686e-04
1.246604714679338827e-04
4.377411688480514350e-05
5.379388180682668672e-05
7.544961114455495197e-04
1.030012487819340333e-03
1.828819646914186392e-05
9.046389653671854631e-06
2.527420276423251696e-05
6.285551939163617975e-05
2.863242360068923381e-06
3.060452871609665700e-04
8.680620353056755424e-06
2.898519686190069021e-06
6.020199275648754639e-05
5.284287873987952031e-06
7.455057454689281137e-07
2.367113885606277420e-06
1.460209300473797487e-06
1.859704028168508268e-07
1.696941502569427318e-07
8.368422303966389112e-08
3.362953666458313737e-07
8.808522944572909988e-08
7.924026237579360271e-08
4.400013014588983670e-08
9.070248996263480038e-08
3.150472790956631813e-08
3.655569660268984491e-08
1.198555746940374900e-07
1.430239073689131342e-07
1.466473230135722636e-08
1.724630294534977340e-08
2.581091683773036311e-06
6.035607193299294183e-08
3.907632727492699634e-08
2.967339876449951426e-09
5.449209072228158877e-09
1.193218952841421257e-09
1.847802829966631122e-08
9.119264093407605712e-09
1.011794197194305904e-09
2.296078669247727855e-06
6.002279334396606188e-09
2.530314795184007651e-09
3.229474367245484365e-10
3.390607994902960548e-08
1.072368888325327755e-08
5.610817830140905997e-09
1.281068506100297310e-09
1.607680896957256186e-10
1.766009281143612438e-09
1.466636224684664616e-08
2.263528395722434343e-10
2.787085352421723760e-10
8.260814005925132072e-11
7.588759267989008144e-11
1.842254666295246884e-09
4.616456471039767883e-09
1.009267869744540978e-08
1.155068288331717011e-08
1.255066533113842920e-07
1.814051337822663148e-08
5.096460441805082934e-09
2.517620860103737075e-09
2.258820579414331270e-09
9.402308700536391442e-09
7.092735855503888130e-09
2.450240872744933306e-08
1.235796209057769157e-08
4.496270793821244373e-07
2.329664564380674768e-07
4.737158865005056265e-06
6.063666653066011463e-08
3.361344164893249116e-05
4.277542293473906589e-05
3.603626974870950952e-06
6.982472381540539935e-07
2.742495896045230648e-06
8.437945175473306556e-07
3.488635528873389926e-07
1.030748442296350042e-07
5.563139116514270290e-07
2.753715970037607532e-07
1.842572911925491319e-06
8.618054578979770525e-07
8.088734264263414904e-07
9.432856580994372182e-07
1.153038017979777661e-07
2.532976895847582031e-05
4.186005339243271694e-07
7.653203790483279661e-08
4.214940848861609833e-10
1.835474250857602202e-12
4.315713079303222029e-14
1.008868550223234300e-13
1.283107700006763108e-13
4.607984117822935991e-13
8.199864516512968533e-12
1.175685765602303038e-09
1.710402889532149912e-10
1.447546017887677967e-10
3.452088984071616006e-11
2.999380552881731256e-11
1.634658207740388419e-12
7.215148106734762337e-11
3.517438300572106216e-11
4.042648568600720281e-12
3.463050906628433867e-11
6.372046095723842190e-11
1.125276796261875652e-11
5.584794585606082016e-09
4.654057049668101348e-11
2.451379298976864903e-09
4.523915417070471355e-11
4.300945952747821691e-10
7.947718354096298093e-10
1.521094492648969306e-09
5.608608193688726053e-09
2.068659098885290467e-10
2.442855986897215437e-08
8.693858813149524382e-09
1.067954463626260454e-08
1.702700882377673135e-08
1.436777012820618260e-09
1.241715507526715270e-09
1.181804017164322944e-08
3.918331087965928079e-10
2.815590727149377260e-13
1.142291143724265178e-11
1.057422080418733535e-17
2.673127867815000604e-17
2.913860768616537132e-18
-2.791826078619509299e-28
-3.112932905451733125e-19
-3.086127120730948845e-17
-4.467031784398477834e-12
-1.813028119179467211e-12
-2.700378187763232628e-09
-2.506667750112257888e-07
-4.273843637912788272e-09
-1.028090589162360573e-11
-1.520231999112704500e-11
-3.792769966280388800e-16
-2.199902924620099111e-16
-1.049962230065016140e-15
-8.646401784393313501e-14
-3.811481685691552552e-12
-3.237922780691353264e-11
-1.679274626544147307e-08
-1.305391942543189763e-08
-7.650724166922802498e-10
-5.620107147335621742e-09
-9.018666377025028843e-11
-1.779955045366729672e-10
-5.600784945324267387e-09
-6.267707830328240900e-07
-4.286715410334627991e-11
-5.989333716046388171e-11
-5.971162577602832654e-11
-4.277405732705085869e-11
-6.146330690451041513e-10
-1.252827603009950443e-08
-1.281025355314114971e-09
-1.214030757267659148e-07
-2.137571243744555968e-08
-3.417003988509028393e-07
-5.298408341673067877e-07
-1.725965117489727700e-08
-5.124320118917659541e-08
-4.997390945851978472e-10
-4.466339950718392005e-11
-4.526469482468265892e-13
-9.525491734681449261e-11
-3.203957095634273643e-11
-9.576030154759702414e-10
-8.586385840314972839e-11
-7.941265393386397561e-10
-1.234071241019074600e-11
-5.302398461085820062e-11
-1.127727004833918258e-12
-5.045083182393718323e-12
