4.241468667736610770e-03
2.492370811042457848e-03
2.307482361177961693e-03
1.835510767208701566e-03
1.612964007939587724e-03
2.861680240580778082e-03
2.431200930337209295e-03
1.807764716981876763e-03
2.227477097864144148e-03
1.769511259496378032e-03
1.458473430864272707e-03
1.971954709732001189e-03
1.097507353536852958e-03
1.074064503999011370e-03
8.907076822465173323e-04
1.094285836621792856e-03
1.398562542071108165e-03
3.305506134619495395e-03
2.200126896298861684e-03
1.254839792606367473e-03
7.204472359961668721e-04
-9.364258501953526574e-06
4.423728899803839980e-04
1.551552477003093587e-03
2.811879213347398543e-03
2.938314465975198995e-03
4.162920590233456369e-03
3.102429701680935441e-03
2.284525955024172949e-03
2.248297003002224133e-03
2.326075853513426533e-03
2.994334877884200635e-03
1.104444402195714015e-03
1.426087553975280290e-03
2.569865234642431089e-03
2.066544476379318825e-03
2.231202931132226716e-03
2.999567157012352631e-03
2.961360565183648701e-03
4.265996656560163205e-03
4.441156340071473509e-03
4.126677848771420805e-03
2.461918267412625469e-03
1.391545051783844248e-03
9.289348376011037850e-04
1.588370169526814651e-03
2.684691743030273494e-03
2.796499474750944320e-03
3.665456519371613955e-03
4.828705944749778385e-03
4.465174438489268038e-03
3.378827721758401788e-03
2.792763740758344177e-03
1.618949112403132327e-03
9.306086923482948838e-04
-5.066266403980226266e-04
-1.364115556222271529e-03
-7.578946203582859588e-04
-2.528098309720131377e-03
-2.947565659825413572e-03
-2.659694690033121128e-03
-2.431571094459736466e-03
-1.819386106057455446e-03
-1.898512879292651046e-03
-1.458956641581793737e-03
-1.745809845470331191e-03
-2.334021285893160633e-03
-2.832034000715707642e-03
-4.044371090957655200e-03
-3.052808567443489069e-03
-3.612524864920993537e-03
-2.998217710001869866e-03
-3.222521649235446112e-03
-2.023144439032473294e-03
-2.155650227930721446e-03
-2.927319326239963704e-03
-2.487179788484270449e-03
-2.519510809028023806e-03
-2.375043094596500197e-03
-2.086872200113171292e-03
-2.481516877575995830e-03
-2.314947394660188135e-03
-2.629929968076845717e-03
-8.352226661816203324e-04
-1.762136359270687232e-04
-1.496916511330377607e-04
-9.388051956674391954e-04
-4.076103220733792872e-04
-4.025287526709808586e-04
-5.795321765270613134e-04
-2.453339479713440323e-04
-5.853750995414282263e-04
-7.623966480699836739e-04
-1.138137448821712220e-03
-1.413029569187891372e-03
-1.668659999244647384e-03
-1.221558380323325326e-03
-1.692399190431761753e-03
-1.588780784904376660e-03
-1.144091888979985620e-03
-7.090637521249498971e-04
-8.294035758053144945e-04
-6.058207433661731657e-04
-4.108805285433124390e-04
-4.448441684201136421e-05
1.438218753003126492e-04
2.357115142078870654e-04
3.628542779754825496e-04
-5.340326052812392321e-04
1.070930168135088420e-03
4.225722601960911463e-04
9.047746810434520014e-04
8.655155224529757080e-04
9.010663811701001037e-04
1.151976305167239437e-03
1.476517859329326337e-03
2.710582785204269669e-03
2.064423592976160488e-03
1.009274417229854290e-03
4.740667767385194618e-04
-5.488320423012577314e-04
-7.790626289154179698e-04
-3.842039404402630524e-04
-2.134440214777237317e-04
7.563555712943461717e-05
3.169347664122245219e-05
2.969812043224235990e-04
5.170625505569990694e-04
-3.116184630508339473e-04
-1.134444077116467857e-04
4.733782471892497481e-04
6.222238060320517405e-04
4.606443899728288939e-04
1.152483888306720002e-03
1.100266670511344715e-03
1.679349936030066510e-03
2.181485101551936933e-03
2.197896742561258974e-03
2.853777264868497844e-03
3.195356711935131398e-03
3.334277319528319242e-03
3.589272178198836451e-03
