beta2
5.963265596567540738e-03
6.070380266384174488e-03
6.158279855397297275e-03
5.873611399743362479e-03
5.846930561631881809e-03
5.982154695281786949e-03
6.233115382102709726e-03
6.192458256633550859e-03
6.657476601296598295e-03
7.171105387516909721e-03
6.809900128407549158e-03
6.764242741956917951e-03
6.568643798245638737e-03
6.357733955435465947e-03
6.727783514731463382e-03
7.323816005753885569e-03
7.535799309181090595e-03
7.804613768831153431e-03
8.305955296578119984e-03
8.563794582212232859e-03
8.670034722289351667e-03
8.183237121314357321e-03
8.037447506246584231e-03
7.870477565393108055e-03
7.658368039215719680e-03
7.968126300682094529e-03
7.757290832472828537e-03
7.643413065751730393e-03
7.537698970144544354e-03
7.719923412514010860e-03
7.803394136947581702e-03
7.413764276114963997e-03
7.898563497415595630e-03
7.869322798099383232e-03
7.683259684725229216e-03
7.244141045286360547e-03
7.037988328049938139e-03
7.139091664841959450e-03
7.478827271222551754e-03
7.525195438514840907e-03
7.460941523305218183e-03
7.050360927049659568e-03
6.999857181092737982e-03
6.905624612470303604e-03
6.862171530110335212e-03
7.431932718753166828e-03
8.260055728778088746e-03
8.454592892707731011e-03
8.466541469961182120e-03
8.259961142241884630e-03
7.686995309383271892e-03
7.931249773988449311e-03
7.829396020616153501e-03
7.829323957744369067e-03
7.946208464981608516e-03
7.979352765161224631e-03
7.221962713582839692e-03
6.782524653139468569e-03
6.686022281895216170e-03
6.588404722960614079e-03
6.286515366500813537e-03
5.875540292233354112e-03
5.581138300685549621e-03
5.991875825052722995e-03
6.327804263083378240e-03
6.708056666812721794e-03
7.422452883265870556e-03
8.324954947835718627e-03
9.291417258426994813e-03
1.026425005374561120e-02
9.965123174556394722e-03
9.833274847204247215e-03
9.575798338715416774e-03
9.646092322303227717e-03
1.036408106543616932e-02
1.030947949812014396e-02
1.021195429567446460e-02
9.725543320988086493e-03
9.630756045663092096e-03
9.474151068041957585e-03
1.006485570661341637e-02
9.362198653102119655e-03
9.318051873579110897e-03
9.487534564356643607e-03
9.192040270963311097e-03
8.901817951425892300e-03
8.350969254982977194e-03
7.846271673951767806e-03
8.153437175588133801e-03
8.695190548463013064e-03
8.863033571284553713e-03
8.960058283563672454e-03
8.856605058013798659e-03
8.915692539239168310e-03
9.041325144398941818e-03
8.323608214370194908e-03
8.082133536459697870e-03
8.112190173260164922e-03
8.035015664355535381e-03
8.053733332732071482e-03
7.983975210695735958e-03
7.992750454022312656e-03
7.929530074401959158e-03
7.798690331208881985e-03
7.412720321773150906e-03
7.073918554573716162e-03
6.666555752345124791e-03
6.824217035582712601e-03
7.022802419942242302e-03
7.085659495046392128e-03
7.046607208230775375e-03
6.500073681674160136e-03
6.375370254549055440e-03
6.301157709932187628e-03
5.795070280605456661e-03
5.264093113571431844e-03
4.706777463342528937e-03
4.336066403939332903e-03
beta3
4.459794942632071374e-17
3.362850366143541386e-17
2.834768294391913398e-16
3.761822535945297097e-17
8.155306751082246043e-17
7.155624126809531990e-17
2.845814126589016067e-17
3.056449591426783232e-17
5.666106174589634195e-17
2.900039402983935246e-17
3.347415848176327656e-17
2.931065386317353053e-17
1.661663369526980871e-17
3.811410296441162777e-17
1.492242412233312087e-15
1.604472315407554727e-15
8.309923377228181931e-16
1.568695792489898635e-15
1.716675828025681606e-15
1.870904503804887628e-15
3.069422796030397865e-15
2.823676411058493581e-15
1.240657189558837468e-15
1.145799026312803681e-14
1.298214115879034151e-14
1.924249377758375152e-14
3.918824561044899451e-14
1.319775179117359705e-14
3.009393831957346486e-14
1.149299051986589968e-14
1.886562883360725173e-14
3.097987714690325645e-14
2.093478377813852715e-14
1.608027845970754376e-14
1.166134380286092657e-13
3.882835219627191627e-14
4.244819815610211295e-14
1.018014431837131001e-13
8.980674333111329062e-13
5.542155308981869997e-13
5.146137329529606090e-13
1.431721317829893073e-12
1.247631555228825436e-12
2.232927048591201326e-12
4.656219077056487321e-12
1.912374676603389180e-12
1.066441762044663180e-12
1.215743199887850442e-12
1.127478777278566799e-12
4.717718521705189368e-14
7.368731365679504787e-14
1.557540920954436000e-14
1.836858238127709989e-15
3.015628235925361628e-17
2.283439721088705701e-17
2.687075523872181996e-17
7.282524627774017119e-18
4.734326900504251402e-18
8.745716721728890855e-20
1.005814597288058903e-18
1.211550565354100423e-19
5.567536340318810659e-21
1.145927932891827446e-25
2.647136417989797803e-27
-1.275934740476352591e-32
-1.377924504874478982e-19
-1.878476020429306437e-19
-3.881372307976226819e-18
-3.964828914639155240e-18
-6.436255497443788245e-17
-2.464809758481237215e-16
-1.414465926922761515e-15
-1.032874770721327477e-14
-1.036401487366667368e-14
-9.133554579735462047e-15
-7.599511685899155490e-15
-2.314750044663190932e-14
-2.946421627478369793e-14
-4.423522638393125421e-14
-4.856172815283889255e-14
-6.329855371802362652e-14
-2.676827058700019834e-14
-2.938806073247262021e-14
-5.587719184871460791e-15
-6.952235828650471493e-15
-9.255584313605138144e-15
-4.772355408687409749e-15
-3.554197247253793505e-14
-3.493086576134058108e-15
-5.657918170208421763e-16
-2.277465343275447468e-15
-3.455397819225482656e-15
-2.537618200692948764e-15
-1.068190836854143559e-15
-1.843829065591044564e-15
-1.798726040989061443e-15
-7.858214254778703238e-17
-3.764579675344233174e-17
-7.954778528880654817e-17
-3.776404811714833884e-17
-6.141246949127826901e-19
-1.108215159330311374e-21
-1.818977212398799510e-21
-4.336940565960183613e-27
3.632497079610653960e-37
7.781562594719379512e-28
5.223731205733311609e-37
7.488384867458947310e-27
6.465280740464139732e-27
4.585913412506704711e-27
-1.551821388361938051e-50
-1.849958724842268204e-30
-4.763258489484586452e-28
-1.439304179517122815e-37
-6.816836197829508999e-31
-1.617659223475994920e-28
-6.319223614733312183e-28
-3.619941728945124695e-27
beta4
9.723941248365617431e-06
1.281381805561655442e-05
1.401616972748357633e-06
3.788270036658345462e-05
7.631437988799722740e-05
1.464005273290724246e-04
1.473540691838350785e-04
3.352417259386736596e-04
2.947108809922609706e-04
4.403951734649207595e-04
7.103095040555210691e-04
7.612416505149647693e-04
1.410128594705876417e-03
1.117676648601614213e-03
6.078902926914824152e-04
1.605361075073821970e-04
1.320512608942819269e-04
7.135728344890811801e-05
5.182251916925084982e-05
2.976164755114858569e-05
1.746735829654792884e-05
2.363241773247425252e-05
6.182371707148258985e-05
8.116797968953754720e-05
1.302010606425779639e-04
2.147476574633220073e-04
2.567158338221932823e-04
2.512621833688361548e-04
4.396369176747882946e-04
3.750992828137004586e-04
3.514940355435318691e-04
5.816090865391422473e-04
2.398149920704931702e-04
2.293953878882319187e-04
1.784112248255488131e-04
3.450104658227241762e-04
3.585409566055309193e-04
2.593674683415388756e-04
2.159897989648321820e-04
2.626949287236183574e-05
2.648059887049073883e-07
7.657418023609027644e-08
-4.448985943783930750e-09
-6.851679754084826976e-07
-2.186546505933628278e-06
-6.121207161479704211e-05
-5.944750006492284088e-04
-6.724512725745466091e-04
-1.404773252908699411e-03
-7.089542657977876178e-05
-6.561145917888466488e-08
-2.266992912144047287e-05
-3.288460348945577282e-06
-1.252449418967966611e-05
-1.092046330405391577e-04
-4.235451139866956228e-04
-5.776601615072108936e-05
-3.177734603255383836e-05
-1.106170332769042643e-04
-1.087271110795112484e-04
-2.863555515129483390e-05
-1.083519092652401815e-06
-2.415174826793031367e-09
-5.430425451181288805e-09
-2.391974839382989763e-10
1.023103637228997853e-06
-1.601483170463408525e-07
-1.223140111307906335e-05
-1.331101498544608490e-04
-2.259980442713834480e-04
-5.326868165849195716e-04
-7.553473900106831085e-04
-8.412409155010323403e-04
-1.730793796814053325e-03
-2.782407163017588773e-03
-2.970519227824708342e-03
-2.896095328310010694e-03
-3.029615551356238702e-03
-2.998018911365423964e-03
-3.815938794302079461e-03
-5.582420058369959304e-03
-3.315178016144469664e-03
-2.580924923400325886e-03
-2.040173474823669692e-03
-2.190377765181166989e-03
-2.625761534750860673e-03
-2.223371990967328189e-03
-2.183817073790250609e-03
-2.190994175649639726e-03
-2.209822761571277570e-03
-1.470167039544746038e-03
-1.241614616251425583e-03
-7.715838835578701536e-04
-5.277863499161107672e-04
-3.417317114137543611e-04
-6.835628976070852025e-04
-5.440232771104038835e-04
-4.614522029209246375e-04
-3.250882083988098888e-04
-2.842061209516649257e-04
-1.556494720595862720e-04
-8.526748970301055929e-05
-3.794079243744845711e-05
-2.680738618758080812e-05
-1.773624206872210347e-05
-2.614017512536317248e-05
-1.148448100626094865e-05
-6.925041663784766517e-06
-1.128833941946294495e-05
-2.553831644983789662e-05
-3.445050380855293142e-05
-3.827044975011180476e-05
-1.113546690647190514e-04
-7.350090215267257782e-05
-5.582589264459577444e-05
-1.610628414412670632e-05
-5.410200257363306697e-06
-1.072824852370483601e-06
beta5
-2.440979404039081121e-16
-7.757048654238802812e-16
-6.454802493595350162e-16
-4.276261509492136098e-16
-2.266378298732185753e-17
-5.342466493419927439e-16
-7.395606094440602558e-16
-3.757435209911036654e-16
-4.554188519624613265e-16
-4.418321267199862037e-16
-5.193776004931734629e-16
-7.547293912794437897e-16
-7.581267470653170805e-16
-2.240819611904980723e-16
-2.143843631034736110e-16
-1.908235078214614569e-16
-1.949531425863104981e-16
-3.862511352993873644e-17
-2.857294501012324430e-18
-1.745488028836779487e-19
-3.019761427690677823e-19
-3.094700691504285437e-19
-1.027656175008302587e-20
-3.177446158617684000e-20
-1.400340280435168751e-20
-1.037132717114137991e-19
-2.191289052240094628e-20
-7.749995582381898790e-19
-5.159481329180789077e-18
-9.005385887163839434e-17
-2.254819702761681991e-17
-1.235973025842759216e-17
-8.292495420849229175e-18
-4.034854031086939653e-19
-1.871347714532685550e-21
-9.751393562366275930e-20
-2.455823709413692411e-20
-1.105008173251633438e-20
-3.450930901201353767e-21
-5.980824943067202803e-23
-8.999593071582530917e-22
-2.568538660152269991e-21
-6.583540295522217558e-22
-4.881888202679767919e-27
-1.612808651808539061e-34
-1.057093543005160710e-30
-2.444213328454841941e-34
1.512242731136983145e-21
4.448155909290615581e-21
4.069874676092669079e-23
-6.886667062698337700e-22
-2.306005501494542988e-20
-4.849337666340264021e-19
-6.467646437582339017e-18
-8.580141202440352656e-17
-1.752407080598986567e-15
-2.102557716361026462e-15
-1.345241745307159387e-15
-1.675615749779946635e-14
-2.569066074447602192e-14
-2.114376963853749516e-17
-2.067193188297069044e-18
-7.005966647147933394e-20
-2.684762293051340873e-20
-7.008674460909034471e-20
-2.036117129972354626e-20
-1.188704637055873129e-19
-2.442780564793798133e-19
-4.677994821066086111e-18
-1.360029779319270866e-18
-5.313471778163278408e-19
-3.962830695888624047e-19
-7.929121303182913200e-21
-4.876609382866898533e-21
-9.728752423543346000e-20
-5.214876078835341931e-22
-2.021307470385867730e-34
1.355934225666683467e-22
4.342732315081774571e-21
4.406151818420314341e-21
1.249570832397600849e-19
2.917903058281965901e-17
3.287545223248074077e-17
1.951783359253251667e-16
2.537335182597578946e-16
8.152328907265976013e-16
2.256949685848741541e-15
5.648927316567698110e-16
8.249567194101973932e-16
2.606268238223344151e-17
1.692852846201017524e-18
1.089733248230005487e-18
2.477050743137434617e-18
3.297687210686220797e-19
8.731627376146694139e-21
5.690291430652253344e-19
5.091265461814708624e-19
3.254542553332746239e-19
6.917500681981062015e-18
4.222860035336457602e-18
6.159597546294110800e-18
1.855923418013067311e-16
3.638698386504137690e-15
6.393059474394149194e-15
3.545483145623320419e-15
6.730927329415318175e-16
1.694928699228350807e-15
6.331908938914778420e-16
1.140984413695454655e-16
6.267736015682098431e-17
3.576398211865816904e-18
2.884587739562107830e-18
2.637332079087663739e-18
2.603142280751722302e-18
9.629476944237405095e-19
5.814424660602593968e-19
1.124570630838207904e-19
3.144304500515597077e-19
