# beta1
4.433265220534284880e-03
4.397664149469081990e-03
4.645489479613469641e-03
4.938630484875966911e-03
5.276268203945136577e-03
5.675036138588350487e-03
5.942512912495635097e-03
6.121883050906491534e-03
6.355672143852884176e-03
6.499603032458353344e-03
6.739306540803414666e-03
6.947867321977870513e-03
7.184939311855603403e-03
7.403174838921785551e-03
7.554798637840736547e-03
7.592328844160329930e-03
7.718753181079252360e-03
7.844914735952172175e-03
8.013257884988887053e-03
7.876294583206218392e-03
7.717400088589805758e-03
7.699253120293972352e-03
7.697016968906022355e-03
7.645054191198824220e-03
7.432775679277691359e-03
7.304301326849131984e-03
7.118528126630651112e-03
7.036898862951694242e-03
7.104359605291415275e-03
7.038742790840978383e-03
6.944137310238199245e-03
6.829495363457411400e-03
6.737834239618727475e-03
6.584335677966952731e-03
6.490870002278018198e-03
6.563017004710631173e-03
6.718001310542676130e-03
6.718216575288003811e-03
6.896743370463868233e-03
6.991513523755521139e-03
7.189725851099093221e-03
7.389750838033697609e-03
7.660561605727666569e-03
7.697057115847840206e-03
7.801142275304576504e-03
7.864019205342475533e-03
7.953394185557828566e-03
7.993058727909684719e-03
7.946565749162887160e-03
7.851070454311267349e-03
7.853459834701320350e-03
7.990291005597061069e-03
7.890272796998810956e-03
7.832776716379124052e-03
7.949042358898018856e-03
8.077103303800845999e-03
8.004098395804192662e-03
8.065198580045410126e-03
7.786619304900602861e-03
7.583167471517145673e-03
7.348669614068829153e-03
7.225322520691424173e-03
7.042723986917600459e-03
6.673081560855081973e-03
6.416061811550636401e-03
6.154106337111428515e-03
6.092163584065161085e-03
6.038917538290130768e-03
5.986238803106154124e-03
5.963696763843636013e-03
5.859695403361085686e-03
5.878016215591243439e-03
5.496436146272452861e-03
5.255978934489558344e-03
4.842944639299066878e-03
4.552080814332493813e-03
4.393686059508593311e-03
4.390162229533942605e-03
4.436388676069258179e-03
4.745080335969081159e-03
5.145207335245276584e-03
5.523873641695489604e-03
5.494055365269080032e-03
5.175237106126195571e-03
5.461288287995366177e-03
5.484317602893995849e-03
5.561410527658908892e-03
5.521958875702866545e-03
5.411118357304857927e-03
5.205204422444229505e-03
5.034063006896267491e-03
4.978168032813538174e-03
4.939833187506350101e-03
4.739194335212407704e-03
4.726949783750383424e-03
4.820047651893092505e-03
4.885305315876937830e-03
5.082621847708673930e-03
5.406630083688758991e-03
5.818028534171784324e-03
6.203354588947757216e-03
6.564630193552052975e-03
6.747436105066917725e-03
6.582668856227649398e-03
6.500249439533895002e-03
6.442282935821204079e-03
6.381177494219857776e-03
6.335299894480991845e-03
6.299884771119659832e-03
6.335638122502124971e-03
6.286589380998424195e-03
6.224645335522295715e-03
6.169231268991194617e-03
6.036268460585436126e-03
5.865327097575941291e-03
5.748729395778666082e-03
5.724769428933037738e-03
5.772776759332932765e-03
5.835315338795266787e-03
5.760309879537458405e-03
5.811425363567120257e-03
5.854876581418077923e-03
5.912182776360948820e-03
5.914961309655178065e-03
5.977643808735576270e-03
6.045170070702573888e-03
6.081371794968926103e-03
6.128058621675803314e-03
6.270352405271496787e-03
6.377876150874263808e-03
6.329626765503641034e-03
6.037746678175085618e-03
5.836801298780332908e-03
6.127015229824136697e-03
5.992973556274575411e-03
5.912314610017994562e-03
5.959173362771671978e-03
5.834804831303050561e-03
5.931278631621674999e-03
5.596034694394618793e-03
5.254627275488054673e-03
5.030957083022349376e-03
4.870109365420478668e-03
4.737792945475481979e-03
4.614576219669926788e-03
4.671427094075020908e-03
4.802012244287135259e-03
4.770687544441743443e-03
5.065230943629980137e-03
5.252412607238562091e-03
5.397074016438980354e-03
5.450234421441863160e-03
5.521448315381411939e-03
5.639601941687358462e-03
5.803100339361783738e-03
6.009431258785551122e-03
6.266702067644028262e-03
6.595567444951246951e-03
6.832897476557324087e-03
7.146678622866195311e-03
7.386091301359388843e-03
7.765786660943928277e-03
7.731848701083083447e-03
7.702813708811004877e-03
7.726025741690395812e-03
7.844930820580024028e-03
7.916511010092084494e-03
8.003285152960061891e-03
7.954410388758378220e-03
7.943974421550797221e-03
7.903818816042681300e-03
8.016559005601860480e-03
7.945056808888382310e-03
7.611537664207553358e-03
7.273706735449620917e-03
6.897760816537833184e-03
6.500814401939716478e-03
6.119853464224911735e-03
6.055666885045026329e-03
5.946090068774474192e-03
5.789386242000479216e-03
5.539335597842823256e-03
5.328864311082800141e-03
5.287098294688969032e-03
5.735304287434173781e-03
6.125619550578283168e-03
6.497969514446679841e-03
6.865909070505011452e-03
7.452338875618413905e-03
7.756386962356486697e-03
7.992671496937570758e-03
8.354204969555826740e-03
8.675661651480391645e-03
9.022087279388305708e-03
9.389988655104293883e-03
9.785555979827277942e-03
9.999322035689914290e-03
1.023497992067612730e-02
1.036384381179068608e-02
1.040745253464129411e-02
1.063017595191077282e-02
1.034519552669051906e-02
1.008686611122481397e-02
9.664113287923735418e-03
9.246473609293042947e-03
8.892628403967779011e-03
8.622284811967678014e-03
8.393225663398335215e-03
8.164790504831268697e-03
8.046588162718543852e-03
8.031906303033228833e-03
8.074759887829002086e-03
8.145124709311965180e-03
8.027206488696963377e-03
7.927102375138366658e-03
7.811357200504010639e-03
7.718014684317854590e-03
7.627421997602306866e-03
7.870298516823713564e-03
7.916739007789547547e-03
8.177560560570291959e-03
8.242973145333990295e-03
8.404195270596659384e-03
8.358650445520764832e-03
8.259063780302385721e-03
8.221638667398698669e-03
8.222840866344682115e-03
8.444435578708612417e-03
8.403289498064053092e-03
8.730854662914110456e-03
8.712107773652690706e-03
8.747158258188187513e-03
8.668027689417642789e-03
8.698628015477036235e-03
8.868262438464124403e-03
8.866736146983151406e-03
8.876708104457292289e-03
8.929004724945645982e-03
8.807147329842442834e-03
8.644251329116999644e-03
8.532786953856605350e-03
8.611701970532088107e-03
8.658554364377599871e-03
8.670999759869128104e-03
8.649526040081342154e-03
8.391702094317259747e-03
8.175441893420629449e-03
7.877874196025171777e-03
7.808257257728606557e-03
7.821065656601284069e-03
7.797109380886015420e-03
7.809842012302619860e-03
7.968070319472435326e-03
8.191985429658845547e-03
7.986639067199791109e-03
7.907183823850218868e-03
7.694854392249084879e-03
7.639293454274363911e-03
7.556737936946415421e-03
7.406611680491906324e-03
7.352811377720501473e-03
7.318892116727641894e-03
7.278349664446678163e-03
7.287509215907217626e-03
7.163370910001061118e-03
7.118283722721081321e-03
7.125805531450348819e-03
6.899982965504984807e-03
6.730620502568784858e-03
6.495369642193229119e-03
6.480203841629247549e-03
6.369503241960818019e-03
6.622586305319613093e-03
6.599474644055130547e-03
6.690960072285071294e-03
6.822784300421883691e-03
6.969323063698176432e-03
7.135429200448222681e-03
7.488572142870957016e-03
8.148104308126883147e-03
8.301469484250513509e-03
8.511585618001782025e-03
8.905780868189463323e-03
9.126904678603633275e-03
9.301846509590245768e-03
9.378998576159428696e-03
9.591779093287426325e-03
9.661522410527629764e-03
9.854512033654224540e-03
9.887243545442403470e-03
1.007020086813119851e-02
1.017342465446239783e-02
1.006941633903680848e-02
1.039283718635336702e-02
1.042970003261784601e-02
1.060923894749423932e-02
1.064388369944361395e-02
1.086622414927363757e-02
1.102713305809168917e-02
1.127923414753465373e-02
1.127970493836016365e-02
1.130864590439933058e-02
1.128870723435659862e-02
1.126176573077332724e-02
1.124861864423365096e-02
1.125947533843397325e-02
1.130727499984877926e-02
1.087534390141473711e-02
1.042182248551811775e-02
1.008190394987593455e-02
9.990499694075441126e-03
9.950194931207849425e-03
9.917666177104482450e-03
9.866215597963308437e-03
9.810283494947481808e-03
9.827158125679281986e-03
9.844888487182736417e-03
9.827964224329802795e-03
9.804493156879741031e-03
9.285742561272158566e-03
8.822441500674405024e-03
8.470327420200499113e-03
7.964422047372772887e-03
7.660535012740265007e-03
7.335183696646053672e-03
7.090704023357929930e-03
6.823052679983268934e-03
6.666562903756644183e-03
6.345296436338406648e-03
6.107927068592013120e-03
5.809190331276111244e-03
5.788824922483249216e-03
5.455620850825708065e-03
5.162490586000957442e-03
4.876186574827331803e-03
4.602176778567482543e-03
4.452764473838482021e-03
4.392082602069882075e-03
4.398808752487030731e-03
4.428869832791284059e-03
4.316108896139729187e-03
4.116137284230018609e-03
4.141020007387536360e-03
4.131719905429074441e-03
4.214145797169322610e-03
4.085691082907089849e-03
4.040777500719561904e-03
4.029433035615066251e-03
3.926311834472658545e-03
3.868204872513696362e-03
3.803403045017063333e-03
3.690441742551049762e-03
3.638032690976119449e-03
3.723457932698746690e-03
3.773861370476527376e-03
3.880005096953380826e-03
3.863268321521655217e-03
3.888496191784770756e-03
3.921858223684761974e-03
3.968657103045364343e-03
4.061045397929214859e-03
4.174711475757329586e-03
4.270778295642948738e-03
4.398474315738322080e-03
4.342880102443227863e-03
4.348260386850890356e-03
# beta2
6.454962367866432248e-136
3.850549461282900993e-137
4.602639046428758292e-146
3.596743708351051331e-146
2.997988173428968058e-136
4.118722176757018148e-133
1.933139652323008170e-129
5.708187845798074683e-131
1.190068836535378487e-137
3.110926264015558935e-135
6.152702794188454562e-138
7.146032917954904198e-146
1.023730027451644207e-141
7.130485716906251547e-138
1.770735148894242963e-130
2.330085623364824193e-129
2.565017782317222185e-131
6.360609323865479870e-132
1.819829070101918331e-130
9.438805945596506781e-132
1.576428473366211373e-130
3.280362079366403827e-132
1.085503672150753718e-136
3.594272027344128486e-136
1.659951175154304612e-131
9.572119382548332449e-138
7.406890451786287642e-136
5.708906343502600291e-146
7.346633860489604328e-140
5.129233910675573267e-139
8.744680307452978854e-142
2.339718763144189361e-137
3.956024340039156467e-133
1.995889463978022979e-138
1.147636225934467330e-124
4.993919460495982080e-137
2.089193700017534378e-137
8.550442130541302683e-142
1.230511550809661377e-137
5.545340296540218131e-137
8.680212382689802715e-133
1.798591049066260561e-121
2.778928724951114372e-130
4.695457301319098958e-137
1.159562671235661642e-137
7.376671659096870266e-130
1.709881318977394234e-136
1.958894962361785504e-136
6.308393508186367752e-130
2.456883288084502427e-136
4.789324640645198865e-130
1.354291967134223626e-129
1.410022774753983265e-135
2.265728780720957689e-131
3.961243254130874155e-130
4.071365645705952926e-131
9.664578003383944178e-128
5.824757362371725369e-125
9.949489385348111827e-123
6.774748749741852012e-125
1.812554466196565341e-130
2.676960134124371846e-124
1.557896784019260356e-121
1.541479618488686537e-124
3.018115001536945740e-125
4.362740579364700535e-124
2.208279278900541462e-120
1.858665707293355714e-125
2.084625668208541147e-121
5.624836486439841532e-125
6.094515110918691694e-120
2.003375343692284064e-124
3.580132790593487935e-131
1.679004792585441828e-131
1.058176150182082552e-139
4.552969897411306643e-142
1.710321283548650387e-143
4.315054895039213481e-140
8.357755846577383916e-138
9.851515109654837929e-140
3.809726542415627231e-132
2.517150482292239819e-147
2.126482947341341257e-136
2.223791129098821082e-140
1.121983979692096106e-139
1.691912691491208177e-147
1.878385723709845597e-142
1.581715084270217590e-147
-9.170459246806890335e-152
2.102945351153796928e-148
4.920131672491815093e-147
9.197289727369840358e-144
1.408027916913436823e-147
1.235678680931997607e-147
4.854417906368231225e-152
9.546859503966999206e-148
6.864750265419315009e-148
7.058316991120747788e-146
2.495539578732204071e-147
3.189451824245788450e-147
1.043497388054622695e-147
2.619414067622160851e-143
1.167159738436559365e-131
2.172533516439656525e-137
1.396922579585820511e-136
4.240243011192533705e-136
6.059353196828530768e-132
5.574963292797829922e-132
6.252877404326737383e-140
2.503273234720332157e-144
1.740033378976572741e-136
1.575145802353275431e-129
2.612186825425848676e-125
8.099753969631710534e-125
6.995901481707630482e-130
5.641055030281086585e-136
2.308469097139493989e-139
4.550345995959422001e-136
1.387544486199958344e-143
1.407612700770271211e-136
6.787280516146985717e-146
1.017837753151118813e-135
5.305158798492792681e-142
5.411000268402593168e-139
1.176663206698979964e-137
3.501123737647611026e-138
5.350476283842583879e-133
7.654846166367521409e-125
1.147792090707056047e-124
1.639860611182273960e-136
1.394404834733627011e-137
1.533682779010073747e-131
4.464776755487369152e-138
1.377757947523485280e-139
2.550201282657837134e-143
4.415819031187710102e-137
3.415805609084577413e-134
1.242613005747961664e-124
6.622154311364757926e-125
7.312839950854971399e-120
9.557711510566803401e-122
1.919400302306910187e-124
1.870174914460211461e-125
3.799214483403793928e-125
1.889208896341569760e-120
2.525391157396367406e-121
4.456383600132066485e-115
2.754601194408446996e-114
2.383252306036618030e-124
4.253573451367137200e-117
1.887001673896007082e-121
1.318013820245079888e-119
7.919651967710036522e-118
7.396035531331229490e-130
2.591439045977739300e-128
1.164264796025908859e-121
6.975830125218334569e-131
1.977448614703262714e-124
1.441207931167616940e-129
8.792445921625631362e-125
4.135904624076937451e-134
4.228544083312596628e-128
5.752469855116919386e-127
3.004639194694042395e-134
1.219488783013563552e-126
1.349544060371653801e-124
4.866912724119495298e-125
4.842553728699402744e-118
1.934271603999753819e-124
8.917184512344143227e-125
8.996089304063338107e-125
5.372944647846050976e-121
4.568015253197195142e-124
3.610495779071094965e-120
1.073803047158703733e-123
1.592212427838887412e-121
2.212193080778408761e-130
2.276728368429349802e-129
1.160272231008984359e-122
6.952449120481053015e-126
1.726917027236596642e-131
2.758698952948513842e-131
8.065269187086443415e-146
2.268765250741580999e-137
1.026954252200760796e-137
1.259734767705298233e-136
1.775552082133573838e-144
1.237756367204290329e-140
2.969091473769774927e-137
8.783101891300468944e-140
1.760329104192039839e-139
4.298588512818068199e-140
2.675658372701419698e-140
7.308956726032736010e-140
9.986940102013790723e-146
1.152689389676729221e-147
5.026508187229348573e-146
7.067552736018990900e-132
2.371210039639908658e-132
9.415966370885302877e-141
1.263914462745464299e-141
9.044356329770890995e-146
1.326942882902757307e-141
1.240149065066537444e-136
4.605488730697280656e-145
4.863159624015502899e-142
1.635865070394756324e-144
1.206280190388810777e-150
1.302683852995305304e-151
7.001062271684693699e-151
1.011011074658256986e-147
7.303930132625704535e-148
1.534638200407010262e-145
1.894118883494433373e-147
4.656506644004474264e-139
9.908311241295482654e-140
1.222134146230420683e-139
1.581360924383497430e-139
2.159460983684898010e-146
4.334779006867467368e-153
8.144815212907817732e-152
3.276114809191991777e-151
-5.439242426936935666e-152
2.203246247285276163e-148
1.332508919044823550e-147
1.537711963862964480e-147
8.796326364045778677e-152
-7.034587603387681898e-151
-2.085489948141731165e-145
-3.692282532460392035e-147
-2.274344964862245308e-139
-4.577702423509847675e-148
2.152581787441312950e-148
8.610198223008239969e-148
2.985375630386058917e-148
4.780703968266969083e-142
3.163287453781272503e-148
1.833418197473366361e-148
4.700516265189229489e-147
1.324485917925138710e-142
4.650630149435302558e-140
1.486136088718334142e-147
7.637080500355276217e-143
1.192691449042832759e-133
4.605599291592060290e-132
5.573121180609081244e-133
1.342154804732216564e-137
4.691197464631388007e-132
3.124868191914826001e-136
2.458626060063422042e-144
1.794334948175968127e-144
2.641443896781384344e-147
7.083707026214445692e-140
1.224567370398966394e-144
1.114871823195329097e-141
6.313625979591799132e-145
4.817676936847464145e-146
2.379918980988109907e-139
7.262936443509711411e-130
6.259129103661968171e-130
6.590042973821259262e-134
1.115138301686987397e-129
8.033650481317567636e-130
1.466472947106071330e-124
6.312133442223859624e-125
1.454660096238549849e-118
5.640420590863197883e-120
3.223673257142460632e-120
5.766249042883817205e-126
1.066840838457203180e-127
1.336658374311489043e-120
1.636115468159919640e-122
5.936545637139998382e-128
1.450180506130930623e-124
2.902729548857874002e-124
1.015890815933790021e-129
4.099451407401968362e-128
4.831447335498442766e-123
2.258424100498081943e-124
1.162452430303812803e-133
7.505793797579182817e-130
3.464124060611505793e-124
5.932262386596375307e-127
9.732997238947453989e-134
5.668362449742242974e-126
5.804771201496142756e-140
2.097097380931673368e-144
7.199298553067434717e-142
1.659380907075109725e-129
3.886872321395698588e-130
2.864475870854839931e-131
4.046585631499589670e-129
2.101287648744901232e-131
3.170493911585817740e-126
1.511122908702465770e-129
5.412905540359717204e-127
1.592389683523864839e-127
3.797571746987622627e-136
1.054806935014985241e-136
7.779643586201259793e-148
5.114868913831492685e-148
5.800997097615429294e-148
4.439835923982229295e-145
3.650017453153465274e-148
5.215753873768599346e-147
1.823020396854874847e-147
2.249589652471441167e-140
1.000427432796773309e-147
1.750916060461135906e-145
7.773908809129906785e-144
1.648279722352579106e-129
6.311774368790787193e-141
5.549626799042152706e-145
1.270775855978335805e-139
2.009908678069992604e-134
6.994458443802651087e-137
1.123839381315491476e-136
1.468890622710076901e-135
6.299367836631170198e-131
4.608136054102117835e-136
1.722763667287458779e-122
1.163446409117153052e-124
6.398539949354347079e-136
1.837578067928383357e-124
1.850853248340927499e-136
7.276200934220619600e-137
2.713646496795708690e-124
1.445547038623256474e-122
1.075551877012358222e-124
1.568623026401487828e-120
7.823225526063649884e-124
7.423136700773677154e-132
7.849417114482827287e-143
2.472624430649383610e-136
1.354411506831883439e-137
7.927696282534670763e-136
3.645172530024132132e-124
1.068985520733292286e-130
9.818610963656750470e-138
4.109664411617366362e-126
4.871700868940503281e-132
4.212463795332845642e-125
9.040353954028129922e-136
6.061912514011631483e-135
1.666472107534093790e-147
2.824996295420138168e-145
1.073651833315444321e-147
9.680012924707603324e-151
4.999369094184403213e-139
1.761177428010836073e-144
-1.523544975242947273e-151
6.901159446068412658e-149
2.415762252683406603e-145
2.925988665486221482e-147
1.848161051038385467e-145
7.084280865334244453e-150
1.356647211285169414e-146
2.096931259181963729e-147
-1.122410640288901944e-147
-1.447334796823389946e-148
-1.629139340653242800e-145
6.115677316603993773e-152
-6.051992413718336300e-145
-2.367139686057254287e-147
1.958536113173632449e-150
-7.818445670522750139e-145
# beta3
-5.294886012358370982e-113
-1.840374382656489651e-112
-1.141952918343016346e-114
-9.660404079405655176e-115
-1.133807618599261084e-98
-7.653051953498003711e-99
-4.358573373756547668e-97
-9.678033279015661204e-102
-8.476757955437699693e-100
-5.710277501959319868e-126
-3.712911930594093731e-120
-1.202151919748264468e-125
-1.627229444414275874e-118
-1.159033022725943262e-120
2.161174381631832824e-137
4.865203888536852285e-131
3.959816568614928556e-130
3.912814794665170897e-131
-1.319846289171569385e-140
-1.084381152891410996e-136
-1.412812805519670700e-130
-1.115016008134171266e-130
-2.487844092775626688e-140
-2.052417402806723825e-140
4.932332077619408042e-131
-1.051416908677314369e-130
-1.023856435285404296e-137
3.865610377191293050e-130
5.179281361204741018e-128
2.811382879489770218e-125
-1.001303945920339796e-140
3.694880362199170581e-131
-1.373076809637543175e-120
-1.306385306207924399e-113
-7.413286570855286558e-116
-2.862293857039075894e-125
-4.228788717771936813e-127
-1.636022383060544462e-128
-1.844172996512405482e-136
6.116298986375985571e-138
-4.898554432039137699e-128
-3.673749742133936203e-131
6.886866688689767721e-121
6.459607972370901418e-131
2.495354085620681235e-131
3.159194393140608767e-131
4.130606391908911264e-130
-1.718702203179280130e-141
-5.229165164526575203e-133
-6.016905578400188749e-126
-3.095654166515500210e-126
-1.228359030658843049e-115
-2.028546284872037142e-130
-6.088349920180399555e-114
-9.165769063415777962e-127
-9.849541759382078754e-104
-4.517717557404748806e-130
-2.738119763216746886e-130
-6.565114190977071563e-121
1.493267277459297014e-120
7.392596385404726775e-131
-8.526768351680602388e-131
1.266305434868137417e-136
-1.909157039541949929e-115
-6.894158632723742894e-130
-8.503523281796192978e-116
-5.090397484558536049e-126
-2.144736925777579377e-130
-2.441048365304068990e-127
-1.638038036842315962e-125
-7.720029544814613217e-113
-1.120515291230969776e-115
-8.270285259448801185e-122
-3.414934426631988685e-94
-2.890422296222535517e-83
-4.061242212922605086e-102
-3.581549906652906472e-111
-1.154859526953567345e-98
-3.040047981280326937e-104
-7.793692533158808405e-97
-9.656516454403922301e-95
-7.171844418762375051e-96
-2.231755411019321940e-95
-2.408330869270495928e-87
-6.327440919999365789e-95
-1.863893446192446175e-98
-8.942267524975425911e-93
-4.128002295402980945e-113
-8.092830640585826321e-126
-2.071322399627129846e-105
-1.792604319373622927e-125
-1.980848410599424252e-130
-1.209545790537411130e-120
-2.499454809975602810e-102
-4.447710241117246659e-114
-3.875689153994851274e-114
6.230559196498608071e-131
-8.479707899127786310e-130
2.430879358204086947e-137
-2.754357643717850314e-140
-7.472930437602122707e-130
-2.541938006643014365e-131
1.771150548434294410e-140
-3.588782916963828246e-130
-1.200060888466494629e-130
-7.919642094880343307e-127
-2.574177910858950476e-131
2.486646734794744202e-140
-7.962348051802315735e-126
-6.606345515172370670e-130
-8.956935578133223310e-106
-4.534889388190251008e-115
-1.497953630653254373e-112
-1.014781621022335862e-112
-8.260001104258017373e-115
-1.111875447445969409e-112
-1.310061139380821748e-103
-7.212905223364080369e-115
-1.040345422974543082e-123
-1.309382994384088931e-120
-1.020621820410602025e-136
6.152392566825210365e-135
-1.599671027923542410e-137
-9.289632050555703972e-137
1.241498492980446846e-129
-1.257023262645547970e-130
1.811267391363072409e-140
9.140771510002009493e-137
-7.614525761571880760e-141
5.959065079872908145e-137
-1.604871844421478298e-130
-9.912435624242009721e-141
3.806197969007129357e-130
4.120538163623903806e-130
3.822039787985325724e-137
-6.152198242919983623e-141
-2.066577208902795797e-120
-2.361068591366419791e-125
-7.549586995955274742e-126
-2.956905666294194517e-140
-4.548999380040534634e-128
3.418273835828153431e-128
4.409169162009436251e-140
2.596349114093085021e-127
8.513051243714406488e-131
1.776830830835373616e-120
5.054993009385453949e-113
1.313954219362716750e-95
1.384485014825297639e-100
7.828763257735777710e-93
6.891192044223121783e-93
1.284829990683331644e-89
8.033175804215218675e-101
3.425881261308474718e-114
1.287199452624510527e-112
1.894338394819975328e-116
2.172855219421430096e-112
1.995341737069792161e-120
5.247327866362118447e-98
1.718351003041956510e-112
5.492049035971772827e-120
5.687591716078883504e-113
2.435988361483352852e-109
3.888384865146028402e-124
1.013429063979370458e-113
7.983439396947700156e-103
6.528399079641611628e-121
6.213821948088911753e-130
1.649152090723770395e-141
9.125172800461929155e-140
1.693970697091983211e-137
-1.310698667236902666e-126
-3.910810666541421367e-137
-1.179366484106880241e-137
-2.342790259732501891e-119
-2.055493635973102978e-115
9.687621995583852431e-138
-1.016617582952670785e-129
-4.212541167012099408e-125
-1.819837765396441172e-130
-4.463843989688788181e-120
1.534602054051292249e-136
-1.194737589250589295e-139
-5.236412551035276662e-120
-1.504918257690858590e-140
6.341081115034209647e-142
-6.109331345753313077e-130
5.948284421657951717e-141
1.414681159682462672e-140
-9.700533963534050613e-132
-6.864052502784874385e-126
-2.213954665193916938e-115
-2.170832918982029370e-128
-1.101669324781938937e-100
-6.791799470865154364e-131
1.962810511941007397e-128
7.626662996238138956e-129
4.630506703283965115e-140
4.043653614896150658e-125
3.281574797554791682e-113
2.172143210241527177e-115
2.890863922817371350e-123
1.751298428948203325e-98
2.701666610118316339e-99
6.699880041498963643e-88
5.520986327314507983e-96
1.576263504215804699e-84
5.650298227940240980e-85
7.466070783349287261e-101
1.336301224677367718e-84
3.410731923640222708e-83
6.916126799435374916e-100
5.572443342521056358e-97
7.740330160215671715e-93
1.441567393858635267e-101
1.617712950335108882e-109
4.701685106427922086e-109
6.749313440960191372e-97
5.388303446263881053e-99
2.852604412221083796e-101
7.535091084522139194e-103
2.546598990587582273e-104
7.008018415876118866e-114
1.548847272294710693e-104
1.302024405356202297e-112
2.664960921875881087e-114
8.835278594981562949e-122
8.522342613703014077e-116
5.328426137475971514e-125
4.761227830625466175e-125
5.324432943501524464e-119
6.836871364896801750e-130
6.340634028691627554e-115
2.858617201934208609e-130
1.681202904111630987e-126
2.073538369425603801e-103
1.132858902538611258e-130
1.061008888407708426e-141
5.407355501216365238e-131
-7.002241791965676092e-130
-3.460521081853515050e-125
-4.099206055367603407e-115
-7.796354258076012481e-115
-6.427268351476970839e-126
-3.972958891198150810e-128
-5.076150848373132450e-114
-1.210725523009320461e-103
-6.244906929724290789e-113
-3.058126932673070442e-114
-1.807351315594426871e-115
-4.970636891901176268e-128
-2.516648560054577780e-130
-7.064987063678663220e-128
-1.110699412062137532e-99
-7.236061929353195283e-93
-1.636963584919051047e-98
-3.331858569726873712e-84
-1.019681871716986943e-98
-2.462957979350318730e-102
-2.940248637878170653e-93
-1.562979561085188257e-85
-8.026784227968210768e-114
-1.123824874965750609e-104
-1.852670576309178954e-99
-9.623125855726808700e-98
-3.353731052905491040e-90
-5.335706195380596173e-113
-1.101909729933729325e-100
-5.745251825382136352e-86
-1.847528329816961802e-98
-5.040472022999659631e-95
-1.134441432518350352e-100
-2.646018402754951238e-96
-2.183741270404984682e-98
-2.775275289671256625e-92
-4.659581072348378736e-87
-3.404363874893790224e-83
-5.204877763426562661e-93
-1.349070190638627637e-101
-4.339489802274239893e-87
-9.188648235944136130e-93
-2.676306589324536597e-95
-8.261937808304696195e-106
-5.687780096394168240e-93
-4.102905703719022950e-115
-1.775150631091282864e-112
-3.054987476784802731e-96
-2.434637915640680470e-102
-2.710836774977609893e-104
-4.618707848345846338e-101
-1.775440659189739745e-103
-1.142147446710510156e-98
-4.613782229397227418e-126
-4.446924899489333149e-118
-2.449493509208176882e-130
-1.680565924038706741e-112
-1.207647079855234385e-114
-4.983743933985793829e-115
-5.674049963744104006e-127
-1.008357159698111260e-111
-1.839461127878332200e-111
-1.329984737130294058e-105
-3.014855587766806262e-100
-3.427426312939801610e-114
-1.863881223209674535e-121
-8.854877630183254422e-115
-2.476879464628998019e-136
-3.356024867852971242e-133
-4.637120939998506373e-141
-3.181239836237929197e-130
-5.304727869639690371e-121
-2.134529741491816048e-128
-4.491816894389830723e-141
1.516779326391198584e-140
-8.202547326408833654e-128
-7.531147430101122982e-126
7.968902008256042946e-139
5.633167060020543368e-137
2.853008988646034561e-113
7.921858209869791464e-101
5.647798690752366807e-130
3.727524215545219459e-130
-1.142883019138626567e-125
-1.237172588156888853e-130
8.455064148476346890e-128
4.129524304736893535e-131
3.082363914516499719e-130
4.359783942504101986e-128
9.460371810930286490e-131
2.174856406414976672e-102
5.586321928483138425e-113
1.368426609583280662e-126
2.021382689648733131e-126
4.895883524524675070e-130
5.369180752068422588e-135
1.496555334360292832e-126
8.533800205017544713e-131
-2.638223374424733867e-131
-3.181882108921863003e-127
-1.016710462960046715e-125
-4.517809084159480887e-130
-1.328815285116450430e-114
-2.996402537087314728e-121
-4.926050605512109589e-127
-1.556197431251802986e-123
-1.781100756224870475e-127
-2.057156471557167376e-134
3.398571221589682919e-140
-3.767815870989867259e-141
-3.625175688658422744e-130
-1.573276441357345354e-140
-1.557011571679709305e-113
-3.058057951117055161e-120
-2.869439378875822910e-100
-1.499685381399132760e-114
-9.850617825397941472e-100
-5.539049457220125169e-131
-6.401251598653715009e-112
-3.131994942298751173e-112
-3.029025199353302369e-118
-1.694952457158412042e-120
-3.440626707335528814e-105
-4.006044741483210202e-118
-5.583473687811033173e-120
-1.043577997197203452e-127
-9.876050519030809713e-115
# beta4
-1.131868029593052989e-61
-8.269307592101284109e-65
-5.039459355906173482e-76
-8.546933234619182238e-77
-4.831307886873840550e-79
-2.377169555264680429e-80
-1.110862329464908873e-79
-4.458038365751203696e-77
-9.461634657207859152e-80
-8.619405998385042396e-73
-1.036750927378294982e-75
-1.180068992965485403e-68
-4.070619492567192646e-74
-4.533941269164479068e-79
-3.900304912940396241e-77
-2.320889617989987756e-93
-2.069761595424294804e-93
-2.015564776808043198e-109
-2.071711806611147846e-121
-7.832202958352704194e-104
-3.907042200546236862e-121
-1.136077795196927421e-118
-1.296354006846914575e-106
-1.153778500043369916e-126
-1.790625752122797758e-133
7.287313381743230581e-151
7.630007671606792801e-149
-1.203064603689339052e-137
-1.771250538046318513e-151
-2.917867230497702245e-151
-1.699209925898249991e-133
-1.715949956748866628e-133
2.696630692660897211e-138
-2.726808992079905991e-138
-4.919601686981994735e-134
-8.178258762322239173e-113
-3.709035319278571254e-112
7.985187962916513897e-138
-4.689312062080215018e-134
-3.815020856249150249e-134
-5.022385991096663041e-134
-5.242875309818300036e-113
3.905354992204308009e-137
7.147034434400394654e-112
3.063837806189581354e-99
1.066275343066649045e-111
-4.116263058155832857e-149
2.921189792929159985e-149
-1.003464155179878696e-137
2.486698920852475368e-112
-1.768889680952102744e-150
9.508637634145553857e-120
6.396420718172515266e-146
-4.652500938567897256e-149
2.794290578652163447e-149
-2.765380211848224637e-113
-7.624680571437205095e-131
-3.717911766771139454e-122
-1.118345227521990948e-133
-4.512919244571109533e-102
6.449849335589988229e-146
-1.180239615131189386e-148
-2.771135779592995148e-102
-2.147804483819500680e-112
-1.762549871690114951e-126
-6.926989721058737518e-112
-6.940147406609668749e-110
-1.944494838672052626e-103
-9.419897420953110908e-128
1.963491489129879215e-133
9.127630948243109110e-123
2.092653567512802610e-113
1.194881458472564017e-100
1.766158915311888589e-89
4.764031919036671612e-79
2.692153920191157179e-75
4.436149250321985601e-84
4.703907872795643496e-102
3.960008350206714917e-100
9.921952157081232021e-95
3.976483900931166276e-99
1.419342820276821485e-110
1.170459185772049178e-94
1.389880954459710000e-98
5.330737806342086992e-101
1.587224241103635537e-88
1.308648538302966607e-90
1.943357409876733289e-112
9.573149891115203929e-90
1.298030301858967945e-111
6.359227619146621869e-84
6.732477150316556377e-101
1.538257857819878508e-95
1.186439982385831418e-95
1.351028574055146809e-93
1.655133261009997610e-111
7.916333047771795355e-116
1.720053101929568217e-127
-9.734695292157046248e-134
-3.526522411650531379e-131
-2.091173400918732217e-136
-2.915940656463564917e-136
-2.396789901025909585e-101
-1.166224826072570962e-117
-9.671708279654643491e-131
-1.245797485856527219e-115
-3.582399138130694715e-102
-5.721883236909281462e-91
-2.642699954735571392e-93
-4.404267733414942706e-95
-4.837599976848081453e-89
-1.166489785607654887e-79
-1.244788028969421190e-79
-7.772204691154110763e-79
-2.228788795274557075e-74
-1.127744585199324056e-68
-8.318813821150675575e-68
-7.722480531719333077e-69
-3.779565070301167621e-67
-4.471867036316084938e-67
-8.889699159294689395e-67
-9.477509807742648380e-62
-5.124410066540733877e-60
-2.764803382177531947e-58
-7.094474485146894367e-60
-6.750972282227002623e-57
-2.535655040145487016e-63
-9.285659638442883456e-62
-4.013595703735967565e-68
-8.297495779891723604e-63
-3.978115366631453736e-66
-1.989946781564492173e-71
-5.457401858446346694e-66
-1.658998058658064082e-66
-1.497025943590094160e-69
-1.731538800323466411e-79
-1.371983999696968658e-79
-3.684009470680051827e-79
-2.248878983865581994e-74
-4.222890174263317178e-71
-3.696067968363807536e-90
-4.537311251301981200e-93
-2.441028803462645009e-100
-2.643169066503366767e-96
-5.463580171996060340e-99
-2.145159646183574672e-90
-1.324696411122725581e-96
-3.986383511306331986e-90
-2.673190315182245049e-81
-4.342722382470665124e-80
-1.882907832079858089e-90
-3.556540199498454592e-79
-1.698813832518844063e-90
-2.226589140171031942e-111
-3.855554293254329937e-115
-3.003836061085208295e-127
-3.198779584486596302e-127
-2.453294302359165759e-133
-1.735454065254353711e-127
-3.782314805416693564e-112
-8.489276276841214332e-123
-2.674624594319536286e-133
-1.618730554495027734e-123
-2.344674948638312155e-133
-8.070580905366700631e-133
-4.446776045136863741e-136
-4.649669273280185437e-127
-1.095551701954863810e-148
-7.455087620114780337e-149
-9.596258374897661908e-136
3.217055100594831708e-137
-4.562236630850330907e-133
-3.352864400265715487e-112
-4.909747129761556921e-102
-7.654559205061227518e-94
-6.815456303005469120e-81
-1.394421358658099339e-83
-1.015438178609996789e-79
-3.098799390502178024e-81
-1.619012924865443424e-80
-1.171041512963570303e-83
-2.575887631407348066e-96
-1.396326430333152558e-89
-4.591598575723260688e-82
-3.446294192728702868e-89
-2.702584105192541438e-84
-4.401295370599457181e-81
-1.525579203172284922e-83
-1.238509924422632146e-80
-2.388742175057931069e-94
-6.136222363933664811e-99
-7.917737923113507065e-100
-2.977290231307593465e-101
-8.554763743151279875e-90
-3.368631380256986156e-81
-2.799321496512404166e-83
-1.901937679833560461e-83
-1.963293018209658030e-80
-2.170679276282252125e-77
-2.004905825851059253e-64
-1.302667133345329864e-78
-6.488355926982612125e-79
-1.084873103510808020e-74
-6.509708587002160361e-79
-2.907911657846651823e-67
-1.140553838601666849e-71
-4.440892303987759468e-79
-2.295684399882618229e-75
-1.113371232609431517e-66
-7.039738040174805081e-68
-3.600383030492183890e-74
-2.578727284930633969e-66
-3.141067167633703285e-62
-6.741830287596385309e-65
-6.655336545473418325e-63
-2.292979878985935204e-62
-4.919698047262032528e-63
-1.260870446144386624e-62
-1.146217060749955407e-66
-1.566285177411035082e-74
-1.664169953368336391e-79
-4.633939313459496595e-89
-7.637443347884008770e-81
-2.123570271143733195e-81
-1.842950062008841689e-97
-2.497807906086366634e-101
-7.544969720850920142e-95
-1.752419485506602273e-99
-3.829949361953113311e-96
-7.543207187768935941e-95
-1.269730943769076713e-79
-1.335456513776886512e-79
-5.490276093172650681e-79
-2.020979565563299040e-79
-3.672385361702018501e-89
-1.488514272865254315e-96
-1.240230711067687084e-101
-3.337389984509544313e-100
-2.387782063263027149e-97
-2.742244699279451762e-98
-6.217545177454537790e-90
-7.759551064520037457e-90
-1.213850431655895558e-97
-6.958254824023487189e-102
-7.285360590185598556e-98
-1.948119789460443591e-115
-4.142671515325383219e-107
-3.549743921053369102e-102
-6.501355159523860645e-102
-3.435650993567188453e-123
-5.839784003258857281e-123
-1.179065614440210332e-110
-5.014894450771697457e-121
-2.798914710806835547e-111
-2.489492418228701801e-127
-2.005717945269810191e-103
-4.543627915413667904e-112
-2.020608880223739846e-121
-3.857909248509275725e-107
-4.319745661120065830e-101
-3.370847055505791086e-113
-8.016042892487863537e-149
1.880595225229541716e-130
4.288963926801779280e-136
-1.356800710948166894e-137
4.123597143834884052e-112
5.696404048257757411e-135
2.681446902914687036e-122
-2.106755639765447711e-133
4.029068442426428887e-131
-4.990523380429235021e-137
1.874714923636690732e-112
1.386818286348951719e-110
1.167601501259414825e-136
-7.269772174330974626e-133
2.352668625711679710e-146
-5.825009296035214681e-134
1.949462697987910795e-117
8.692610295768793352e-116
1.518046068703226091e-134
2.636646089601517055e-131
-2.459344633514931563e-149
4.860144533249966214e-134
2.709582267900993207e-120
4.478451231469395344e-120
9.138260229132600638e-127
1.704150915506828014e-117
-8.146586365434747427e-149
-2.672003718555687342e-133
-4.995928762816629036e-112
-2.234487213176726666e-136
8.372927833702660502e-137
6.411714381516360492e-116
9.532618579794535889e-106
5.571440301584643245e-112
-2.398213592439119898e-149
-8.898269065089319027e-136
-2.065635216399948286e-133
-2.124605611889400373e-136
-1.347117735186727877e-137
-1.070334478946523937e-150
4.520176911071332701e-121
8.448368804716773937e-112
-6.777118310981141151e-149
-2.044894622791751314e-133
-1.569481749334756489e-121
-1.068762731810549958e-121
-7.529971546669372170e-104
-2.414938061737503566e-126
-1.981783089042944882e-134
-2.294175865830459809e-104
-1.716964220065902702e-102
-1.487152957173376138e-97
-1.422925448599559524e-98
-4.040465265055674792e-100
-4.086478247009821603e-100
-4.058816585653168989e-98
-1.898450137380704493e-102
-1.000709633982716790e-93
-2.580645595804182701e-85
-7.513425104999109261e-80
-1.665823565175711042e-82
-1.328007928948056056e-99
-6.252668929156321847e-84
-1.062226306539702665e-79
-1.781489706501127039e-80
-7.017859278068019282e-80
-4.481665606267067536e-66
-1.048685320128169125e-70
-1.110511827944131514e-72
-1.873036853622188797e-63
-2.612781283786606921e-64
-4.558909138948759610e-68
-7.016641789543792112e-67
-7.064534015166169707e-68
-3.665096629043034131e-66
-2.480428776612115352e-66
-1.068275148212687018e-61
-2.192406282644192269e-64
-6.346300754907230494e-68
-6.581028445708610072e-67
-3.836867112407724677e-68
-7.540761445752544341e-76
-6.763158530234319781e-68
-1.382726240930821663e-72
-1.377043012055639351e-74
-1.441580451306062055e-90
-8.016936131871411116e-73
-2.954671677564461990e-83
-4.871412363903571575e-76
-4.313312275906807981e-66
-1.214616635401306340e-72
-2.135092829664252966e-71
-4.762401310908415210e-74
-1.308999759031898791e-72
-1.738591352434418503e-71
-1.196170282234047700e-66
-5.692224531867700512e-70
-4.465599260347283323e-69
-6.089413979673233958e-80
-3.368682595703717302e-83
-5.621711095141958287e-73
-6.590851535294472357e-73
-1.337556259168006305e-80
-1.362736768536882659e-68
-8.933314608846298895e-79
# beta5
1.612323730724041300e-103
3.982310568505451501e-72
7.632974069313487392e-80
4.941214398003891772e-100
1.544224137703334375e-79
1.365124383663256600e-89
1.492220479351828161e-79
6.888047743954531721e-80
3.285242728211975148e-79
4.282500060125668209e-70
1.126336183370571703e-89
2.544617710918098664e-80
4.063936343954627436e-85
4.551289481693113193e-81
8.783898819674544535e-93
4.218479804393913330e-93
1.796936181986974637e-89
1.223453708631903550e-90
1.266774782146990269e-84
2.693704838889552946e-93
9.690469659274267180e-85
1.083377903005724174e-79
5.068734141376725993e-93
4.302626832968598652e-89
1.606051347550390120e-78
2.127014504099122618e-75
4.973370665543926314e-74
9.355961668091651808e-76
2.122211178078464476e-74
1.368794025973584126e-69
3.234004510268719528e-100
1.853255843914560774e-94
2.922799478180762931e-90
8.612483069349056375e-102
2.327949984947622021e-101
4.362728890586454065e-101
-6.997312443538846400e-103
-1.417575526466270237e-87
6.097368171845885362e-109
4.625268229448514456e-105
1.459369989873669218e-103
-8.662142907158110020e-124
4.225047838707744729e-100
-9.935327875057014940e-108
9.540425791581050295e-127
-9.969900527160224619e-109
-6.976794192764219776e-92
-1.120482799760172628e-82
-1.940448372974216663e-89
-2.174861867777505182e-93
-9.840183725861847790e-100
2.260825042367014026e-121
-1.601537791344068746e-89
7.532258093526998007e-103
2.418199085641487933e-93
1.473420900955095942e-108
6.859790564445589908e-103
3.982164830444502603e-112
1.673420606402727023e-108
1.507223878135066344e-109
-5.165354686324379942e-100
-1.319634615496319912e-98
-4.929745463786191774e-99
-7.471476059953769766e-88
-3.662205316634813240e-93
-1.735699286992142124e-108
1.095613072736151585e-99
1.523762475044056365e-103
6.292536561031209088e-97
-4.393786213848985288e-109
1.955818348376519498e-101
-1.630232853216076646e-93
-6.681843092116287756e-94
1.033470196272917744e-120
9.782410936292198002e-104
-5.894293231135479790e-104
-4.154480845244327680e-89
-4.150091505716782192e-86
-6.238036208169368873e-102
-9.230367100944248681e-78
-8.444372711772990032e-93
-1.585371544436043268e-87
-1.264663452758919147e-92
9.594668423474475196e-123
1.015646104204215955e-100
-1.975826415187890219e-120
-7.416702042412870979e-93
-1.582162278663871216e-84
-3.997187818232621472e-88
-7.472212388410691769e-80
-1.160396287398479094e-91
-5.509717185065445735e-93
-1.418861121036617716e-86
-1.926723052164984541e-89
-6.929832118876967825e-104
-6.002203467966017968e-99
7.836176445417567521e-110
-5.312151478720316135e-125
-4.275569702777502241e-108
9.806631822991560312e-122
-1.973891802019258669e-109
-9.300360632294697164e-95
-1.612559992264931603e-93
-3.526112576250432526e-91
-1.919104265319443270e-93
-3.483232642425594130e-74
-1.931796015603283100e-78
-6.829472170375241543e-80
-3.412208388690847602e-86
-2.675620976907377042e-99
-3.396802542277306331e-99
4.812135176820114448e-109
1.252008703471765668e-89
1.932128886626024212e-88
5.902493086275579505e-105
-1.007063167963766696e-105
-1.605242904441394964e-104
4.806900152055911686e-108
4.065507819465654847e-100
8.282392211753382936e-84
1.477985682501927232e-88
2.123281210520858441e-93
2.162576581742164883e-74
3.416800185593292007e-83
8.444298184187174732e-67
2.083494103207208654e-74
9.408114801696881296e-67
1.950498654813466535e-77
7.015465528772870525e-74
5.235581273746026429e-65
6.648587283080385145e-65
1.102223735027951563e-66
6.855237965884650869e-70
4.394704940313441473e-64
4.573833464559342057e-64
1.253788418906395583e-63
2.404855260718480750e-73
6.660679133057987076e-64
2.388989562329125596e-82
4.733955091218907099e-97
1.391090742552390953e-82
2.820734128483711162e-82
7.551096751930851253e-83
2.139276361488583841e-77
5.487497959075216395e-78
1.883036983145627377e-127
3.104954539539933753e-96
1.676741441776947496e-83
1.890129971074239634e-91
7.252255008931022558e-101
2.203872368877641807e-93
1.271025077939303161e-77
1.342091445286461528e-86
1.217554572852574190e-89
9.788414860522491908e-86
6.155326563996800165e-109
-8.702905832774747453e-121
-5.912510030568111926e-104
8.449024531723301702e-120
6.943066413931832240e-101
1.014240949607474099e-108
7.044363306506501999e-94
3.534148132917359843e-82
4.179171579381170484e-79
1.934136939699973556e-70
1.378585745817147709e-64
3.327842863478360636e-70
1.910278192751069917e-70
3.943390555570094508e-71
4.547208923649083881e-71
6.798948069865207143e-72
4.352292348898231322e-74
3.348417268361089472e-74
3.188153925995171168e-74
1.693204386549547857e-74
9.848849358693254164e-71
1.166218183264847908e-70
4.859957279575055016e-70
5.704553016961586034e-70
9.834534994049676713e-70
6.767432859719438872e-62
9.459690232875147490e-63
2.759365655364732222e-61
1.027977648247202542e-57
3.227551724359939008e-56
5.857484998011557610e-64
1.992691611800519533e-62
5.470084232934162275e-64
4.716128824940487528e-70
2.477041195515387014e-59
5.149479159323007680e-64
2.471272127619889781e-67
7.909444347271722484e-65
6.675404631690529881e-66
1.978644101947839810e-70
1.488694101283541052e-61
3.476099946257361396e-64
3.025857017793131593e-57
1.136142993357394643e-50
1.114977274828326716e-57
3.170490151974522840e-53
3.168512765572822039e-52
2.305058751951831877e-54
3.262471105013306591e-52
3.814533284294756335e-52
3.197484545131619722e-54
3.066380752158828298e-53
2.548055061595788389e-57
5.681953578521434531e-52
3.893362611947049897e-50
5.367084250613140405e-56
2.769800867040652031e-58
2.469252767440286580e-56
8.362047501309034216e-58
1.868232085539264670e-59
3.856434795199971554e-63
2.078163120120226822e-61
1.860210534937879588e-59
4.038886360509811406e-63
6.903940766941357464e-58
1.454961893045035174e-64
3.225551263979731884e-74
3.336500362998531869e-74
3.706752885484582024e-66
7.441825167134723668e-65
2.710700710075793148e-75
1.203342359243179690e-68
9.261728444576648901e-74
1.568577944340988787e-70
3.764165684488509521e-69
7.482086513064788594e-65
6.849970693843260019e-63
1.134142171848548193e-66
5.422233093124304646e-63
7.687674291453278000e-61
2.279603083126420616e-64
2.114165618136560977e-65
2.545472512840740611e-67
2.348817825112782446e-62
3.587698515315988798e-62
1.190969010511262882e-66
5.541791347703282856e-65
4.504921664474461157e-69
1.093355352846363730e-70
1.885041637787110042e-63
3.847288149163859664e-62
1.227005674849505774e-70
1.321299769987534322e-63
8.562315943890022515e-74
3.895431709141597553e-75
1.042209341737888260e-70
4.795038615015295169e-77
2.146769900646923802e-66
7.924825641365406916e-78
2.141181732350940692e-64
6.562768269498489800e-67
1.393481594985132278e-73
1.467245468983005945e-77
1.014467526241843748e-65
3.527262020523878121e-63
1.781677567600742963e-63
3.182112498465000351e-64
1.596331585772585910e-67
3.155411932986855875e-64
5.903044040335909228e-73
2.799104149778369715e-72
2.710996330496300318e-78
3.349569257270562955e-59
4.631138862389497112e-70
1.522126970457231361e-72
1.237596282648595716e-65
1.306191452672884523e-74
2.882293483936288423e-64
4.529055057852000400e-74
1.395984698437092817e-75
3.573009152617666166e-74
3.781883555286196757e-74
2.741256125872407618e-62
3.296829694050588966e-60
1.094606024714942423e-62
2.082037244085956934e-74
3.079586310268231454e-79
8.290542733085284110e-80
3.551989603788582669e-83
3.642357744129784869e-78
4.293855022008624203e-70
1.789136040911123941e-78
6.300747446099540134e-78
4.207441830967170900e-77
3.219529219350679066e-71
1.990672730637521595e-80
2.488110585208560816e-86
1.578831994085416549e-70
1.244204505964808225e-78
1.471817450123490054e-85
3.140199986888672131e-78
2.515796821509299424e-78
5.555602144954157743e-77
3.506050547841995188e-85
3.919851271654683692e-88
7.361446945728053745e-85
9.683521162753599255e-75
2.344671799315668951e-88
8.594820745617506977e-75
5.372619106198791920e-70
2.920682547731214097e-94
1.954393863244737854e-88
9.409583331182519017e-81
7.214645126641707691e-85
3.052474595492652954e-93
6.816083572260820194e-85
8.679580894672404196e-77
6.165585525119146397e-78
1.120605344496628108e-81
3.763325110538534953e-89
1.135426851592239419e-76
7.268333090981141434e-89
6.416177348235663822e-108
1.716276439983960377e-83
1.315002173599330608e-78
6.988902273137361907e-83
1.068401980706585394e-92
2.720242942573489989e-86
5.035816803101546229e-82
1.803996045000104320e-75
5.030406713788334535e-76
1.789697737418015974e-84
4.173445940180839513e-78
1.719969606632400298e-80
1.011026170692089634e-91
5.561983114569294782e-86
4.388094049601534835e-78
7.919004056702586395e-86
4.824631754471857158e-84
1.429352558424842999e-76
4.963871993431524525e-78
1.906880417955774637e-86
1.631571305667739125e-74
2.643029322794577006e-94
3.979542563312482229e-86
8.165500595179521852e-81
1.972601049476804722e-86
3.236744695004916271e-69
7.955492204894574401e-64
9.396384113225142921e-68
8.433764645694281410e-66
6.990717081410685361e-69
3.649611952055448422e-74
2.776833105288076437e-71
6.023979614982761910e-69
7.810071245322698436e-66
2.589708237895371192e-62
3.303310071751448464e-69
2.884303955110007057e-68
1.086439026362513236e-69
9.500801519959063822e-70
1.025105878467933574e-63
4.956187195592145642e-63
4.683670417197068793e-74
8.124130074478607375e-69
7.126686254218685318e-69
7.713341758386180250e-64
8.478897901802308865e-62
1.527076239384903388e-66
2.508030525804414319e-70
9.674049697770971697e-64
# beta6
1.803991699777402095e-119
2.288405312203872018e-99
2.014043389664296756e-86
1.228452354229678493e-93
1.026728811765228896e-91
1.115499080995625954e-69
2.101602044949187679e-90
6.239778444079123813e-84
2.665402438256382914e-91
2.654239342266529810e-94
1.294984875456805013e-92
9.075018111905057208e-73
1.874162747459469214e-79
2.968336470413047746e-101
2.614359179336939060e-78
3.892053590661758354e-77
1.055153929897232893e-84
1.737239166258091861e-87
1.195922410754748962e-111
4.487230125814056937e-101
2.105151707569245059e-102
1.686174984747983670e-108
1.004833673800335228e-101
5.136262282472425235e-102
1.282246933768607591e-89
1.190616689189057031e-96
2.810246511597679187e-101
2.245063549771888856e-101
8.870803076431812411e-118
8.216835338253333525e-94
3.535933813715918149e-94
2.707801822453416014e-104
6.032073992588382928e-101
3.767399284895450131e-92
2.414438939074671585e-74
4.026170654806206441e-86
4.668241607841606096e-94
7.355567714808714910e-121
4.528705131505281310e-86
1.952518536149623150e-104
8.000770699073409870e-109
2.135771193809434567e-101
2.058265371624280099e-86
5.345844836380280674e-101
1.165490720847106108e-72
2.330510426962465692e-93
5.885828271740170944e-75
2.824082079588026986e-70
3.970811242570653483e-102
3.516424935328839201e-86
5.312644817554363556e-94
9.614562555894185361e-97
4.559156538594149143e-95
1.752711402005060529e-101
3.506542601442560954e-72
1.793885322921110919e-89
4.328800714112540378e-81
4.484581471587737552e-69
1.080313511155973197e-85
1.661777024254825022e-81
1.958816425986683526e-72
1.147584986567632472e-69
1.091342412881560329e-65
2.576241611524627108e-68
2.132483449201976150e-68
7.503773211601444358e-64
3.618760889160372506e-68
1.519379661726116675e-66
1.520981397897598871e-62
1.199157426493944906e-64
2.175445643542208927e-66
5.769567999374820832e-64
7.148131590536268558e-61
2.962375231023620905e-54
1.864638005884213302e-56
2.770374097546898988e-62
1.322630857812824345e-64
2.460425480093135926e-63
1.511848136388304164e-66
1.525703544469022098e-62
2.211418351437811611e-69
2.520257125199248674e-69
1.080848912620861772e-74
6.551161221031512052e-65
1.212832389527470604e-63
3.934115846036654112e-70
7.010513564262206142e-64
3.446061355651764579e-65
2.040904183998382810e-65
3.325513069298647773e-62
9.820919969880633396e-66
1.313686291573169280e-62
1.023450272968037350e-62
3.089776738463754611e-66
5.225681569025969534e-70
1.749281508322077648e-60
4.086774118762353927e-67
4.463527227684737013e-60
1.538186299231345966e-64
4.549205744258404947e-65
1.303907651940510638e-59
5.307026759796404842e-56
1.693304247036176397e-53
3.075881640938445936e-60
5.136171180100513125e-57
3.888920151711872638e-58
2.111845488065976810e-56
5.948983001971261082e-56
3.043693153208762638e-58
7.040537944238578474e-58
5.262571818962346569e-58
1.470555808208720118e-60
1.340993259389604128e-58
1.743667202302816571e-53
1.455328080599500208e-58
2.910774367103608662e-63
1.911422241231444677e-66
4.816901048234545417e-64
3.226704164487353683e-64
1.544250218931524184e-61
5.227204099603616715e-66
4.889930210388595545e-68
6.738026596491636788e-65
5.099149871401167938e-61
6.921842814874973694e-61
7.926074634955159009e-61
3.713188783729462559e-64
5.422441430489070521e-64
1.582855760095559432e-66
6.611720677706647884e-72
1.325966121907175307e-81
4.471904469110858218e-69
1.233644249665925858e-85
1.914828390862615594e-77
1.540166951880457081e-84
1.946797233881113152e-82
1.588446167494101319e-72
4.380693635536244786e-78
6.364578191597237971e-76
2.833347091252120403e-81
6.436322266544290222e-77
4.887994662151798112e-78
1.042877771449377282e-71
5.092109541222943323e-81
9.159842860921399720e-80
3.112549368078251247e-83
4.529874151888360138e-78
1.721728727629518286e-83
6.774215276193797240e-90
1.488959855945188346e-76
4.035993200625586492e-72
7.845459705271535013e-63
2.188984195779113499e-72
1.917801765818984942e-67
1.636922652674441945e-68
3.906848632689304874e-66
1.866195451462967285e-69
2.876177820758739752e-70
6.110378767614510008e-91
1.532590409894643560e-78
2.968618570231846230e-78
6.736035152533264948e-64
9.301662925951411111e-68
5.966961784538592776e-70
6.836664167619625270e-76
1.851854419777855695e-71
1.058078263203967935e-71
1.993908418448199409e-69
4.758747473505376128e-65
1.115811561406418434e-65
1.340629574566126981e-66
1.797630077554676586e-69
1.078520173858531978e-67
1.524542188782694680e-60
8.556567813660157119e-57
2.157562415368478789e-57
1.242599793959536020e-55
2.060410356999302889e-62
6.805546648279755436e-53
4.098505818436667437e-53
7.695419579016024440e-56
2.721660135884732796e-54
2.236160786395983102e-56
3.867069133108782700e-52
2.578624944651413899e-56
3.531717179860082950e-53
2.027012479603945696e-53
4.546300470538299827e-54
7.785623819201642932e-54
3.903804163998201187e-54
2.956289028785404012e-49
6.398811535893645703e-51
8.715331578609815322e-48
8.481126728930974362e-47
3.227648375930464110e-50
3.038300233187365032e-50
8.544579689227698308e-48
2.324967398031777100e-51
1.556096944904177762e-52
5.311721756562434109e-54
1.144653336855882203e-53
6.321993683681770877e-56
1.203414613666543605e-55
1.959038600344461293e-61
8.024825943699468779e-61
1.240118085965307129e-62
8.034799783421582906e-60
2.328918128008493315e-68
5.606435661579967859e-63
4.470711978119530434e-65
1.687133202195236907e-62
1.071736402432988245e-63
9.616037963358277512e-65
1.126596526023472898e-66
1.901615953573577716e-72
6.517781679345892723e-82
6.324845780857621536e-69
5.943151642394964495e-69
1.410133836554079380e-66
7.934061957815609467e-72
7.679670616811149868e-69
1.013411761229691583e-68
6.412005425418220986e-94
8.166017430610804387e-94
7.740965125447904012e-86
5.191240123963860250e-84
2.407666789408123396e-68
2.795030863039179545e-68
2.394002568921830228e-64
7.536907544368137999e-72
3.767998945741612116e-79
1.570828292685387422e-79
5.054449570645730912e-69
2.312460242845551026e-67
1.433785538574009057e-75
4.164844144032884839e-68
3.903646557450236604e-68
3.068041255851353177e-80
2.047252309805642382e-72
3.762483187981030668e-68
4.209083500156286088e-76
5.088717898166382710e-79
2.851491877063063878e-65
7.072197127726869592e-75
2.439092492701829391e-66
4.697999474212978399e-71
4.921811832777801791e-73
1.343370544234118109e-69
5.418440212779936783e-82
1.742345389818276187e-94
2.550281185967359428e-92
6.109093058094487230e-90
7.008284530918721643e-92
2.204658791771081190e-92
1.598673137999735339e-89
4.759777449674505230e-90
1.140257353834028746e-93
2.676863480829321161e-78
3.230304431179925715e-81
7.167482204253573338e-91
1.410946431813924219e-91
1.411062202095181207e-93
1.030976771672495521e-85
2.188762736837415438e-94
3.776586158477737213e-93
1.244678756741309080e-72
7.644519519339292746e-86
4.134101210415019911e-102
1.572617008396297818e-117
2.333438916025712534e-117
8.758400971932396054e-118
1.205582920814542095e-109
5.414535106916570960e-110
2.670930627423904117e-110
2.006398010592382850e-101
1.278295146181660212e-109
1.863443498273366707e-101
1.756853000128597954e-94
2.016096327118387317e-99
7.157071950793636349e-95
6.091881179840308699e-105
1.262793448802469778e-101
1.010968700164845126e-101
3.004262427284986634e-109
6.468149284820488049e-119
6.013769883644648232e-122
5.160811852404803170e-102
3.405216731851100754e-118
4.922720540110875659e-131
4.126643246264006462e-142
2.150079364479409490e-124
6.929548314238983596e-139
4.946857001803207651e-112
1.419200534453514031e-124
4.108806016291883080e-118
1.425479414160492708e-128
1.910962676120464965e-118
1.846797958652517414e-129
1.031603326921843122e-151
1.021981778779194890e-126
9.047963140657322464e-142
8.549348835727062613e-139
1.012813712086108423e-123
5.465944920321963939e-142
4.709307451604741232e-113
4.229621618538486788e-152
3.959750094344615222e-152
4.919352901824564686e-152
-5.155323040716988110e-131
-1.640986122709906493e-139
-6.308062398607821948e-140
-1.241910308410263321e-139
-1.687114126418598351e-135
1.411073546090520466e-148
-1.429966046426183367e-135
-5.680295076375909803e-128
-6.297586329424283671e-146
-8.435953570788422409e-141
-2.515483226951298670e-138
-3.049750264806479706e-153
2.200159286118020704e-151
-1.758169197800273755e-139
-3.271704086963452295e-139
-2.170427929056622241e-152
1.245651862053439353e-143
-1.106219290465644935e-146
3.038367433036929970e-152
1.473203524045680955e-153
-1.643028180903822453e-143
-5.305773386783006537e-143
-3.138790701268031757e-143
-1.725161645044360396e-135
-2.368329529378885799e-138
-1.306188416631671452e-126
-6.828497882106702911e-127
-1.812401144543984161e-125
-1.228539543344301260e-111
-2.240801153536052106e-102
-7.834514094338160729e-112
-5.560103946313532650e-135
7.183142098328593123e-149
-2.651938148596544430e-143
-7.303356770663055589e-142
-4.315130705642652487e-131
1.114921898397853383e-147
3.397493950632819079e-153
1.632422452851369312e-146
4.320938862932364218e-149
9.096320425286970830e-142
-2.452713984400468094e-151
-4.409941743384038592e-125
-5.687596018295456834e-129
-3.216003265874461146e-141
8.051315567095261392e-153
-6.526613434472085728e-145
-5.701257020445189466e-152
7.408309973745714502e-147
2.149178211829894110e-139
-2.185924654192960651e-151
1.317563768689888839e-144
2.337925279820775226e-136
5.297553781568915110e-145
1.277318273666374532e-146
5.837667834212905881e-133
3.023342103106353560e-142
1.010261478851521199e-136
# beta7
9.056847276216693070e-119
2.130858717872852069e-97
3.970653855363531326e-123
2.628126597874723369e-112
1.443003706669493490e-98
4.928617867378652966e-89
2.313917432030907017e-81
9.683740622807496665e-71
4.762974699514976403e-69
1.848056308129202930e-82
5.558505632850650217e-87
4.354721000734294770e-101
1.208080514031160294e-81
1.057236144109075071e-108
1.948734500898695926e-91
1.756988117979118224e-82
1.968945551275175276e-100
3.370791564759131184e-88
3.023331125125202229e-73
1.331772503243408600e-76
1.321125614082399195e-80
2.212368769689642213e-86
6.315223952519526259e-88
1.006512591930353378e-110
1.923965391811128272e-123
1.373130786089718969e-95
6.871722967782709023e-96
8.804318465517124887e-95
1.886065689496362295e-88
2.644227841650410074e-82
7.641269660632494886e-84
8.225754711500065414e-91
1.514886531681022882e-89
3.893912911872511722e-78
5.166356826266051209e-71
1.512419781068331667e-86
9.377090557008765516e-77
1.130341515081941498e-67
1.769099749841632659e-73
5.713595321623532126e-66
5.083419072638060926e-68
4.005239398057181137e-69
1.678867132115690966e-65
1.539799273390163822e-66
2.443845104286747866e-72
2.276650365486938796e-64
1.156524088248072123e-68
2.783617281568456910e-88
4.377606973230811813e-68
1.105441214982828158e-63
3.371300988805329766e-65
4.848548889774513507e-67
1.146414143639521356e-68
3.357608497234235390e-66
4.408868706917211592e-66
1.492487944116521021e-66
2.955756664863472959e-60
2.946460674083787521e-59
2.438985348588878091e-61
1.057753127475920177e-52
1.674612476137401579e-52
1.633167211989110795e-52
7.564329961198547162e-55
1.582176798075186219e-54
4.102985311747610052e-57
1.344047525311832823e-55
5.268086971528766933e-54
1.006719690757247828e-59
3.937785931411693906e-53
1.299923997859160950e-55
2.220801569396091409e-57
8.418260202409670799e-56
1.204843332890789520e-59
1.044081975454662913e-59
2.584298488082155293e-63
3.082470959846127333e-59
2.676764056819016867e-61
2.407189632318453420e-61
5.944505605219715378e-56
4.476161816991108736e-58
3.017722177479868543e-61
1.735287471540923917e-62
1.724339708078795509e-67
2.606708152516196518e-63
1.011782245203651222e-58
1.092467039445698822e-58
4.343728704136811623e-59
2.948893634023203202e-55
2.795807966106707881e-55
2.906025470045370673e-54
1.035341218589030420e-56
2.647100901960920585e-55
2.866020062258721820e-55
1.402478452337718206e-62
2.740572903178081160e-59
1.579550938773860386e-67
1.535211038355875541e-67
7.324636847085613872e-68
4.249987381872899015e-73
1.512669793492020706e-64
4.222632465017597435e-62
9.637210485771390716e-66
1.049362487900293316e-61
1.297347570487978009e-68
5.550457371411077506e-69
3.469235152086052620e-67
2.694727814331191204e-61
2.809403346469654299e-61
1.183046506208274891e-58
1.862878198423688180e-60
6.486105048293466415e-59
9.414369647824433430e-57
1.530965887871418713e-60
1.078720717720109208e-59
2.206460802280577364e-62
1.085006846835483899e-68
3.328179113921081387e-62
8.176634109604128145e-59
6.026960162218705566e-60
3.146287175946756908e-63
1.074354985654243041e-66
1.092276413360941768e-67
4.890536070476792989e-63
5.588282467155492080e-69
5.737877766066800115e-58
5.889119688617480148e-59
2.303784684416677962e-60
1.480787921991619392e-67
1.023641920845113295e-60
4.374987789315767287e-60
1.605570114829322311e-62
7.309413209452676567e-62
1.095991405908703384e-63
2.334440973339615626e-62
5.719140770526313893e-68
1.204652784726423079e-65
3.097973108588135830e-61
1.703299324984562179e-69
1.522684056037471507e-77
3.231937339129886110e-83
1.818526663005683113e-80
2.522299314877743247e-77
7.103399555370637663e-77
6.812510992199528449e-73
8.542951219657617128e-66
3.149214524679053589e-67
8.382548324420010145e-78
1.963456156526412655e-87
1.258315215969782493e-72
5.395786357996343569e-82
7.178750417532667972e-71
2.148826713955460889e-67
1.081670452773453702e-82
6.613354078980986441e-82
2.012623500603336867e-83
8.132398197942816928e-83
6.637548017961947994e-85
1.248017104793568405e-81
6.161952997649598585e-120
7.077250626397674961e-97
1.284753503092450486e-91
2.057291732916001285e-83
2.954896209807671048e-96
1.911772841615328261e-84
4.270125381629010535e-80
2.351590790537953256e-93
1.930526137383188449e-76
4.816739597694611634e-80
1.984268096663489074e-72
5.474328488215439232e-62
3.103841083466605711e-67
8.269646524323847034e-72
2.564642145670159643e-67
6.596937948223849599e-62
1.468082920180557938e-64
3.316063296712874354e-61
1.580740833587171512e-59
2.440185750268662876e-60
2.593531808071512974e-62
8.430888384291375593e-61
1.153838059894480473e-60
8.935529949820122549e-60
1.852409239286898287e-60
1.935123341888470223e-65
5.622060419408223396e-61
3.443573412964592590e-61
6.819243154311789010e-68
6.484903710970925860e-62
3.479757895474464243e-65
2.751704114827687057e-68
1.367147628420943200e-68
1.328497407577271029e-69
1.527710463053050072e-79
2.367257265817233591e-71
2.451306215324134253e-78
1.359490116258939899e-68
1.364530565475150504e-73
2.743088031467911289e-62
1.491819734671393717e-78
3.081555370726342680e-70
3.298851492959530191e-69
4.940783855165022728e-80
1.734276288346425116e-74
3.503922522181689840e-69
8.687677054972025318e-79
1.101191516580650874e-68
6.342517544234059286e-75
2.208979540208639744e-76
1.628570343408467853e-72
2.074719461882151507e-68
2.503591576695188506e-73
2.040138698158847534e-81
2.167064676334966240e-73
3.468931843809107849e-76
1.922909249887447938e-66
8.211711607137011464e-85
3.189946544966934439e-80
3.202717295321852174e-76
9.540624566652468471e-79
3.462452625508329939e-73
1.446159232221480808e-70
1.415207408328939907e-87
1.311236066860162351e-95
8.291536479499685492e-79
1.877097130773167965e-91
4.096798294824989595e-107
2.889188517191315748e-89
2.032448036179026978e-84
6.307635886471531449e-96
1.896725608130219779e-87
4.124810708720667500e-97
1.660320113608848565e-88
6.206727423804730901e-78
1.364789806401882635e-81
1.571248971903384087e-76
2.702049878524543303e-80
3.601812759218297499e-90
5.540215768669868092e-81
7.633889830171138759e-89
2.315637699052951663e-87
2.504590876193187900e-82
3.354918649128185005e-76
3.556478216461360666e-86
2.918581206369147222e-82
1.068147423812720461e-67
1.789731334273499169e-81
5.800487263065028801e-71
2.904995179151770830e-69
8.298558970446327356e-72
1.678641190212636200e-72
5.530947312580346657e-81
8.790000941648838938e-88
3.233348870973696054e-86
1.575908153096628984e-67
1.691039208715881211e-76
6.562237741636071073e-80
1.376925260407084678e-67
7.665813915923121684e-91
1.179809296293882572e-82
8.023378168444448297e-77
6.336378499603258591e-79
5.251624524754593137e-96
3.923329366044735267e-90
1.341547629453940003e-101
6.184402793447459997e-89
2.134083052408966285e-94
2.773190271553303873e-97
2.829193278989789883e-94
9.144696792107899591e-86
1.849084544648119144e-118
2.723879180362332122e-131
3.058484294970522518e-96
2.033575826369062178e-104
4.148568612258177503e-113
8.879894326456715052e-118
2.944668391258731605e-95
4.277274062194346637e-102
4.389554766195249906e-102
1.040525100195689211e-112
2.670491734783663314e-112
5.785303429332148249e-105
2.059702903711402846e-118
4.582004088509096164e-94
5.027101950254009451e-91
4.767632915291558163e-87
3.700740020824607260e-95
1.112078195518425818e-88
1.332180597285656725e-82
1.021395780851181982e-86
1.641476056277254968e-84
8.779176523561971486e-68
1.681290388987845430e-68
5.728760398677255515e-70
3.338356564082498457e-68
3.560086577323493769e-65
3.581869649801664515e-65
4.214049952729585754e-72
6.569564050132430372e-74
7.396940102264507425e-79
1.615134054093562206e-78
5.189467565482253075e-75
5.624568917504714760e-72
1.415883816922068103e-76
5.929842182453802348e-89
2.652090796529697904e-96
9.009994261103962732e-98
2.560869602231616536e-87
6.646625675118161875e-105
7.947447216619790607e-97
4.016563244600271965e-127
1.239419010268461758e-123
2.316764228117524381e-121
2.581950806872991664e-96
3.333518158878524075e-129
2.063160962299966761e-145
2.112514167167546949e-141
3.937886801031023564e-145
4.677457576004176153e-149
-1.810128188356988943e-123
-8.792920799615770339e-123
-1.107418596241323616e-134
-2.553528062243117757e-113
-1.836589541381284392e-112
-1.051722728805951612e-132
-9.072200172764561508e-105
-2.998142815820233136e-87
-7.916837037532444418e-87
-9.836673824870386958e-80
-3.517431254788312860e-121
-1.987463261736473813e-104
-2.200289367047672818e-104
-1.587633214340490275e-96
-3.473105274119185356e-108
-6.228130129832767948e-104
-4.264422047972274159e-106
-1.882812957275061674e-97
-1.130841551018318696e-95
-2.654356094448162240e-108
-3.769056330998203664e-112
-6.956718513256180897e-130
-1.405194377877800550e-118
-3.282192986080763360e-123
-7.563591102086047530e-123
-1.325352374687763917e-133
-4.237539138517739772e-125
-2.061405913007005067e-125
-1.665330421245200797e-96
-9.877198381492539938e-126
-7.532724684357515744e-124
-2.663315756722272539e-134
-2.870025878483396467e-131
-2.435617217074932290e-142
5.311514442496858347e-150
-3.425293425880625298e-148
1.786027379792013431e-148
4.268149143159363085e-147
9.501932875951269730e-150
-4.101048463381467453e-149
-2.284985361393986193e-129
-1.007250630728875013e-141
-1.256871355068980257e-120
-1.437738855214956756e-129
2.517064705168978327e-151
2.602037734411870952e-148
3.280825630204494807e-127
4.898438758375498586e-124
