0.1589 0.1435 0.1293 0.1244 0.1139 0.0922 0.0725 0.0597 0.0610 0.0447
0.1387 0.1459 0.1254 0.1304 0.1155 0.0942 0.0807 0.0643 0.0544 0.0505
0.1240 0.1340 0.1227 0.1168 0.1070 0.0965 0.0910 0.0755 0.0674 0.0653
0.1094 0.1073 0.1170 0.1115 0.1090 0.0999 0.0944 0.0933 0.0837 0.0745
0.0893 0.0948 0.1058 0.1102 0.1023 0.1025 0.1040 0.1037 0.0926 0.0949
0.0853 0.0822 0.0861 0.0913 0.1002 0.1091 0.1075 0.1111 0.1138 0.1135
0.0703 0.0658 0.0749 0.0807 0.1025 0.1084 0.1118 0.1240 0.1309 0.1305
0.0565 0.0537 0.0631 0.0761 0.0960 0.1048 0.1229 0.1327 0.1406 0.1537
0.0497 0.0479 0.0553 0.0674 0.0852 0.1013 0.1306 0.1458 0.1539 0.1628
0.0373 0.0370 0.0480 0.0655 0.0808 0.0981 0.1304 0.1432 0.1646 0.1951
