0.9552 0.0356 0.0042 0.0010 0.0009 0.0004 0.0004 0.0004 0.0004 0.0015
0.0432 0.8977 0.0453 0.0029 0.0018 0.0011 0.0017 0.0009 0.0014 0.0041
0.0013 0.0594 0.8690 0.0578 0.0047 0.0020 0.0014 0.0015 0.0009 0.0021
0.0005 0.0028 0.0713 0.8279 0.0836 0.0052 0.0029 0.0021 0.0015 0.0022
0.0002 0.0007 0.0048 0.0936 0.7898 0.0987 0.0066 0.0029 0.0016 0.0010
0.0001 0.0009 0.0020 0.0071 0.1080 0.7735 0.0995 0.0066 0.0011 0.0012
0.0001 0.0009 0.0013 0.0032 0.0069 0.1093 0.7779 0.0934 0.0048 0.0022
0.0001 0.0007 0.0013 0.0028 0.0021 0.0057 0.1006 0.7978 0.0845 0.0043
0.0000 0.0010 0.0008 0.0014 0.0014 0.0021 0.0054 0.0902 0.8377 0.0600
0.0004 0.0011 0.0022 0.0015 0.0015 0.0012 0.0020 0.0040 0.0643 0.9219
