1.819854045827063076e-06
9.677051539277137036e-07
6.515015427406977139e-07
4.891216506890745159e-07
3.919727700484921315e-07
3.976751345001664195e-07
2.990784598576492795e-05
3.036825675335999534e-05
3.071026461105313033e-05
3.118671004193838823e-05
3.959857127663691986e-05
4.277266696233326579e-05
1.349381619319660742e-05
1.377841264537599295e-05
1.559250890421806133e-05
1.556562932336638945e-05
7.443731857321229017e-06
4.814782691410898270e-05
1.274469405593972929e-04
1.267443244025087668e-04
1.246130125163555000e-04
1.241631514613628171e-04
1.238726301231294518e-04
7.992340848460504179e-05
8.966574955163421020e-08
2.801542705575123893e-08
4.081031412629031650e-11
5.686184188591034168e-12
3.811831386416493886e-13
1.177571313035363722e-13
1.177561326095200904e-13
3.472609420218879954e-16
-5.633181911537717453e-17
-1.078042781368909067e-07
-1.078042784559838880e-07
-1.078042784494993611e-07
-1.078042784541298256e-07
-1.078042784400398163e-07
-1.078042784052570965e-07
-3.933711886625603432e-16
-7.339313845461159718e-14
-1.260879733617077965e-13
-1.396202706274132465e-11
-3.110545481893433279e-09
-6.732143373482490074e-07
-7.350534966135054710e-07
-1.535923338627064146e-06
-7.066357297177217132e-05
-8.169897111625096123e-05
-1.006734672386432869e-04
-1.037366450378117492e-04
-1.070082104799494445e-04
-1.344674994270647931e-04
-7.056418001227466924e-05
-6.166823081857384194e-05
-4.443363871344627479e-05
-6.428015456562905514e-05
-7.426219758692848255e-05
-6.595658738170064148e-05
-7.557897608130108552e-05
-1.772279362148528102e-04
-2.409640644401986255e-04
-3.762060734824012307e-04
-4.338682005407519873e-04
-4.834776065071936493e-04
-5.356984626346968613e-04
-4.487770375020554733e-04
-4.127304520248999196e-04
-2.708595945238342190e-04
-2.113385517009586415e-04
-1.679404562075870015e-04
-1.197993900041631970e-04
-1.197296978321687913e-04
-9.526482653124668514e-05
-7.918076347042069744e-05
-7.070935083605511655e-05
-4.487576409705263839e-05
-4.128003262362568183e-05
-2.468662416670103145e-05
-1.990259043281133967e-05
-1.942771093140514463e-05
-2.043578095833551973e-05
-2.310666046375189128e-05
-8.266397944995949298e-06
-8.294561885621042733e-06
-8.951216617746370264e-06
-1.074407583015424636e-05
-1.225211542129751684e-05
-2.244789201220903510e-05
-4.138314097801504884e-05
-5.203241308982138185e-05
-2.136106743799749956e-04
-2.288264968295238184e-04
-2.530624441380237462e-04
-2.524655576637831558e-04
-2.379644048075792628e-04
-2.492672481737996095e-04
-1.017481085543593244e-04
-8.463052897956895027e-05
-5.489873335278939228e-05
-4.230775102873483482e-05
-3.738340030762753174e-05
-1.519928714179956114e-05
-2.998724248641677914e-07
-1.676391557479055248e-08
-1.138339190006375175e-08
-3.235441881197832124e-10
-6.121848739361639731e-11
5.532531224365968438e-12
2.316607245979513322e-09
1.009053828506586208e-08
4.465489095103003440e-08
