3.046586317515445806e-06
-3.985247910259108651e-05
-7.446583412232093675e-05
3.092403568246634450e-06
3.573151270468341703e-05
4.500427557189631416e-05
2.355959170262998700e-05
1.510766739573598417e-05
-1.163741498538414066e-05
2.549434526833673318e-06
-1.687929288932707797e-04
-1.564926873004974042e-04
-1.792322352693960681e-04
-1.747557982975831651e-04
-1.707521496690713337e-04
-2.009766281456344466e-04
-2.384210602677505066e-04
-2.718698994738915232e-04
-2.774211289134375139e-04
-2.876285570533985308e-04
-2.700290355947849584e-04
-3.164282424170017827e-04
-1.771125701813975814e-02
-1.771440392346576576e-02
-1.770624989206211544e-02
-1.772164680067659162e-02
-1.772205419629060627e-02
-1.772398828405405760e-02
-1.770009877257559122e-02
-1.777363409660707994e-02
-1.777351675204913786e-02
-1.805468815689366749e-02
-1.803117116299462336e-02
-1.800970688631773134e-02
-4.674203817512633257e-04
-4.743326589080379928e-04
-4.410079003858175949e-04
-4.378951435447526303e-04
-4.548292964141270947e-04
-4.382914490434092225e-04
-4.061774688512254463e-04
-3.109907917393179622e-04
-3.005108584967519669e-04
-2.296085319963825627e-05
-3.633306522546897997e-05
-5.959099825992610067e-05
-1.010187278719217393e-04
-6.464692082656495924e-05
-1.099777557214415692e-04
-1.402051444327403887e-04
-8.738018514198662827e-05
-1.182611492384476071e-04
-1.501594856046709460e-04
-1.250722260467602737e-04
-1.210138520643809268e-04
-1.163531474463076342e-04
-2.457575866282979524e-04
-1.785856915617397168e-04
-9.916099059488615419e-05
-1.633590051621029151e-04
-5.889901287124926603e-04
-5.858093021804442564e-04
-6.219920218412945375e-04
-1.000257100269866684e-03
-1.111992492255735538e-03
-1.132090171039744743e-03
-1.129563316930737825e-03
-1.135401761718996764e-03
-1.011512141547317488e-03
-1.016314623151905660e-03
-1.049977695294469033e-03
-4.387361711623242858e-04
-6.040035328074877833e-04
-5.461097966601260231e-04
-5.375170905673668084e-04
-1.255004787498900339e-04
-2.526076213793089494e-06
-9.464654735341787120e-06
-1.158929712433704615e-06
2.341530669268539980e-05
1.254784199867365679e-05
-1.906583091815367061e-05
-2.218884966677629004e-05
-5.976146391199077144e-04
4.982779294271608850e-05
1.003091263410402142e-05
3.616726740408617211e-06
-3.131794348657450943e-06
-5.624835534295803495e-05
-4.108285487293845397e-05
-5.013056925883490429e-05
-1.020553098450672716e-04
-8.157974460423153020e-05
-6.576675611650188214e-05
-7.405206834021441651e-05
-1.157417173593741345e-04
-1.577768183946610828e-04
-1.413782583926016410e-04
-1.623801424200899633e-04
-1.341276664813777079e-04
-9.238685242583788947e-05
-1.270799317749906005e-04
-1.316111662493577429e-04
-9.025563314008024942e-05
-1.082728959982745808e-04
-1.308788670782014101e-04
-1.095802799718771886e-04
-3.170379079335695617e-05
-4.289137258348853644e-05
-3.104476249750947112e-05
4.094554136918327084e-06
-4.878820226249499571e-06
2.231677971573738561e-04
2.596233003423249080e-04
2.738702477435601555e-04
2.786406120498745699e-04
1.335317943727801562e-03
1.412553643508088382e-03
1.416376128451706093e-03
1.533143847005096101e-03
1.546655243318485447e-03
1.495516397599898654e-03
1.490504367679684359e-03
1.498426345357679705e-03
1.767279158190194739e-03
1.577413250097493445e-03
1.558410607096348327e-03
1.578116637324452828e-03
5.142010424075351034e-04
6.336322637456380351e-04
6.236488006412069544e-04
5.007356960565253340e-04
5.146027920475587962e-04
5.644491126779006092e-04
5.782348088212977593e-04
5.441841304021716652e-04
4.497919247923044117e-05
2.576992278883892171e-04
2.892208218655762720e-04
2.850129259460357895e-04
2.123206370772455856e-04
4.291885933086016415e-05
4.398040161982793233e-05
-1.514464478882398017e-05
-2.015407123000070548e-05
1.669068859009928882e-05
-9.165549198702634703e-06
2.385284425048110617e-06
-7.288262851531544708e-06
-5.879669559897936085e-05
-4.409989548152800585e-05
-5.739745643555202600e-05
2.226279540932709562e-05
2.408726467030201270e-06
-3.809150588176608734e-04
-3.087412316631212668e-04
-2.939393886299204056e-04
-3.088502929676980604e-04
-2.828996262641265795e-04
-3.047948829535457771e-04
-3.123580688281230445e-04
-2.926022025467995787e-04
-3.363161168532427091e-04
-3.088529920377860419e-04
-2.903048528904769569e-04
-3.019614826038871419e-04
9.269236935116121397e-05
-1.483285243647410609e-04
-1.718865176305412682e-04
-2.186176579210123185e-04
-2.389868842053492705e-04
-2.255584247494793471e-04
-2.088296766725695423e-04
-2.058630842834665491e-04
-2.152050578648816116e-04
-2.403744150493694522e-04
-2.545047281265869796e-04
-2.462702819959192223e-04
-2.706327825579356414e-04
-7.479398299597083636e-05
-6.595064730523697615e-05
-6.751567756766705980e-05
-7.921722552822186810e-05
-1.439438341884160166e-04
-1.437632342831378785e-04
-1.421371000730792700e-04
-1.369854479974994530e-04
-1.472825205905731356e-04
-2.142818177152944063e-04
-2.022540701690089685e-04
-1.943862813839211873e-04
-1.754749995610692035e-04
-1.298110303968658455e-04
-2.663123188806524751e-05
-2.417966167917454928e-05
9.114830514347655593e-05
9.387463856619169395e-05
8.901648496231257977e-05
9.142392538325096575e-05
8.279935867225990658e-05
1.460176399480656712e-04
1.488902542993010374e-04
1.246862039880485310e-04
1.141139471405116737e-04
7.331561652643214593e-05
-1.891463088859378317e-05
-3.100886534997701025e-05
-1.110904402563326872e-04
-1.452048308602209975e-04
-1.711030720577104436e-04
-1.755267262020861359e-04
-1.531720098025940967e-04
-1.452314101295625059e-04
-1.942822951637576602e-04
-2.196819816959906925e-04
-3.284113215257708214e-04
-3.285988825528519670e-04
-3.313330748550137421e-04
-3.106489972317216363e-04
-2.667652586070800029e-04
-2.332765885547261487e-04
-2.073255233445459337e-04
-2.215425822777836618e-04
-2.334630723626626529e-04
-2.319690429555572439e-04
-1.985975524843375858e-04
-1.460452031590284475e-04
-4.509603100708552007e-05
-2.187207096676199435e-05
9.195674574490519311e-07
3.575965096187728505e-05
2.655464571274783147e-05
3.273342533682169171e-05
1.766944180896568885e-04
2.274897927047954578e-04
2.423935226918028259e-04
