beta2
1.100991488298509388e-02
1.116809502923495415e-02
1.138037831751170098e-02
1.150285794657154338e-02
1.163323048985196589e-02
1.165431389530825410e-02
1.210467558065854779e-02
1.220100387537729342e-02
1.237840170738372866e-02
1.258762850975967372e-02
1.262237992806640452e-02
1.297474858287254486e-02
1.291309213761358821e-02
1.287887348834778137e-02
1.309657367917775594e-02
1.294893777676089583e-02
1.276644125961078416e-02
1.300094480461865855e-02
1.238137226654942996e-02
1.186118234746756130e-02
1.182484945528866280e-02
1.166092847524567711e-02
1.133354486528481871e-02
1.118133208630280387e-02
1.097246520387047154e-02
1.019648173881897678e-02
9.966025969268103163e-03
9.694496512564914487e-03
9.476970657101888018e-03
9.337977460487451031e-03
9.123569998893153732e-03
8.765263196280358854e-03
9.021177630683035326e-03
8.934562883536221675e-03
9.023785467961054768e-03
8.829880009252522380e-03
8.759435101002265023e-03
8.805847597800358154e-03
8.406099078824487078e-03
8.305025851774058138e-03
8.162775803864753127e-03
8.127260126634224674e-03
8.068299937631818672e-03
7.797304499682809580e-03
7.572882641847286656e-03
7.325091767121760800e-03
6.883518668665530860e-03
6.990852907306393735e-03
7.266614788196021704e-03
7.614112028316255727e-03
7.625182770945130098e-03
7.605347009491857102e-03
7.642258260434021434e-03
7.530631764824461012e-03
7.253405256111634600e-03
6.925262027562115522e-03
7.139220402025660099e-03
7.488240937127150360e-03
7.681632106192380280e-03
7.950508782833130145e-03
8.138149350341496169e-03
8.218521409374611800e-03
8.692181205691183049e-03
8.703877218743411026e-03
8.724635175887115318e-03
8.853916088924742439e-03
8.854414297477769535e-03
9.372705817074125645e-03
9.555076218194086951e-03
9.938244645439159308e-03
9.645490917115886326e-03
9.558481322265062474e-03
9.365657955312235022e-03
9.142439621889261042e-03
9.310520186293573530e-03
9.505907494208942071e-03
9.600365438229886000e-03
8.969894622962829717e-03
8.806703028413513656e-03
8.715609178683388428e-03
8.278856813438574547e-03
8.523128024450835061e-03
8.761151286163433236e-03
8.465857985106323147e-03
8.218382783973146588e-03
8.202080801080922565e-03
8.020401045250589653e-03
8.289697279427177962e-03
8.521723746732552673e-03
8.645887564852645230e-03
8.805347034501162171e-03
8.815226945681157306e-03
8.763379007977942919e-03
9.011705225923004325e-03
9.280054225647101085e-03
9.743308529131106122e-03
1.004450303643427897e-02
1.052506615244043313e-02
1.095534503242451101e-02
1.109865991788872193e-02
1.102695251452925906e-02
1.134431597811626918e-02
1.148359959615840968e-02
1.168284425814156147e-02
1.185290682793393308e-02
1.211246498017041692e-02
1.207025740673440747e-02
1.156381125171418965e-02
1.148809658653629495e-02
1.148379086037082039e-02
1.158098193565962677e-02
1.153751902988682694e-02
1.137033269417066228e-02
1.134230100817143136e-02
1.054597012095843597e-02
9.764164444495298731e-03
9.008718621537573773e-03
8.474638820951899826e-03
8.576234554921503134e-03
8.671653029993836928e-03
9.067098748239361961e-03
9.583979909479383580e-03
9.936360486671059339e-03
1.025043214880138470e-02
1.047464185187950078e-02
1.068751708093059263e-02
1.090554035950361961e-02
1.074874234474535936e-02
1.051305665660804724e-02
1.039733955854755740e-02
1.052941342443079048e-02
1.064708396776679195e-02
1.062479949170547569e-02
1.058405489472111216e-02
1.073525543643671226e-02
1.062779912678393605e-02
1.019389171794820789e-02
9.957163329615364294e-03
1.001661020998986448e-02
1.006910497398204318e-02
1.038978877476203627e-02
1.081031481300149220e-02
beta3
-4.168016027911710053e-05
-5.418831533178634799e-05
-3.806358940051270796e-05
-6.021514321850708683e-05
-7.203660152174877864e-05
-1.216353665854181458e-04
-1.345595328630798566e-04
-2.119582396357274864e-04
-2.896477465119295025e-04
-3.556369083416657676e-04
-4.042508150727658865e-04
-6.150343354000548232e-04
-7.131805668220847104e-04
-9.656581514462108133e-04
-1.214462409654720439e-03
-1.330678148428903569e-03
-1.391770973348091436e-03
-1.488650988374695672e-03
-1.446445301112199173e-03
-1.505528116805848315e-03
-1.547048824624975161e-03
-1.530657506685622650e-03
-1.472577779811403038e-03
-1.503110100293587013e-03
-1.514762680941821385e-03
-1.494482994384443595e-03
-1.521378025537760588e-03
-1.637346634373860327e-03
-1.721884406570643169e-03
-1.753780661185287432e-03
-1.861712524486260588e-03
-2.000252709652285826e-03
-2.224656685276005415e-03
-2.430805234899713688e-03
-2.616668833661543823e-03
-2.701378037433036644e-03
-2.905667698406061514e-03
-3.082689623032408219e-03
-2.893537265113388119e-03
-2.552737897393443645e-03
-2.361138490776328036e-03
-2.117932459360299252e-03
-1.954096819908003255e-03
-1.975050588696711067e-03
-2.002964575899822061e-03
-2.024403300731460707e-03
-2.466651501753581218e-03
-2.564246411108298072e-03
-2.787182207792146364e-03
-2.955326161401828841e-03
-2.461605768929241416e-03
-2.097378528018571144e-03
-1.757066408136270710e-03
-1.686577519181136752e-03
-1.661032254471126682e-03
-1.641217221065076337e-03
-1.654011896489606228e-03
-1.523087555354121856e-03
-1.453484852367957145e-03
-1.292731295404133101e-03
-1.256030020983399473e-03
-1.236722798919444918e-03
-1.223493475037825675e-03
-1.220425775960268071e-03
-1.148370899090920541e-03
-1.184911079422943780e-03
-1.247618006277384679e-03
-1.479494176013217491e-03
-1.889951781497395834e-03
-2.088303095184963765e-03
-2.373096193319435866e-03
-2.296043546437089369e-03
-2.174654269127848302e-03
-2.148915831173233044e-03
-1.907060839976361822e-03
-1.744594074840607155e-03
-1.775878857477429604e-03
-1.610644443256239490e-03
-1.296832658819931051e-03
-1.046484570033209306e-03
-7.873474430839631647e-04
-7.545364690525180589e-04
-6.692122093940892826e-04
-5.961266177157212298e-04
-5.434019987187140629e-04
-4.297215860482240428e-04
-3.780377286285827206e-04
-2.766362132328861268e-04
-1.980594945687587718e-04
-1.576236934584383418e-04
-1.158861236722252060e-04
-9.765553127321548329e-05
-6.864048810858692183e-05
-3.820665128606036734e-05
-8.535331004863470959e-06
-9.656828213608787228e-08
-4.516301874055727076e-08
2.335142596742140415e-08
7.594547407359962326e-06
6.969944758725089753e-07
-5.922135594603822989e-09
3.245088414647857352e-07
7.512143427155985693e-07
2.457468188302201013e-06
8.908717127215021342e-07
2.923826923842725763e-08
-1.572694478254152104e-06
-7.823429713433841833e-06
-1.280181422269122135e-05
-2.098134930999701221e-05
-1.842866893943861180e-05
-4.937755291268887154e-05
-9.468302094683881504e-05
-8.307580565933484601e-05
-1.152502022067468802e-04
-1.813958463034300798e-04
-2.322070814312821626e-04
-2.773355142711809518e-04
-2.974424714321753367e-04
-3.809433099728743149e-04
-2.643493840373931265e-04
-2.077506108565891697e-04
-1.948276472894285558e-04
-1.581781873220577158e-04
-1.326477402656474249e-04
-1.566919036102912548e-04
-1.560076983692760904e-04
-1.552703615294048788e-04
-1.660048074593503101e-04
-1.905529765555214806e-04
-1.527248026946936691e-04
-1.372507300375093420e-04
-1.272538727040465570e-04
-9.391308446379433700e-05
-8.322517265417351379e-05
-6.125671592364035549e-05
-3.363176359753770287e-05
-1.924236539381100262e-05
-1.001577603130397797e-06
3.036461088203885009e-06
1.241240979199882929e-05
3.882944902284419261e-05
beta4
-1.142406257440377933e-03
-1.239449897060015352e-03
-1.266219978143752478e-03
-1.174570927972014549e-03
-1.118859204463368154e-03
-1.000741719800791758e-03
-9.686903499362532841e-04
-9.679708823119089357e-04
-9.455562025805021352e-04
-9.703618837711943442e-04
-9.807618825150646313e-04
-1.064255981735123162e-03
-1.106380559618969778e-03
-1.031696874831593801e-03
-1.027497114468482482e-03
-1.067581661066404480e-03
-1.026224071685307923e-03
-9.564750523816276063e-04
-9.358095049741798873e-04
-8.925722446653482078e-04
-8.763365769121431864e-04
-9.027196983442696337e-04
-9.182505010187388787e-04
-8.715749955735760130e-04
-8.204100708080980329e-04
-7.594727951278925325e-04
-6.188520767834498545e-04
-4.787716672615436675e-04
-4.268630101930702739e-04
-3.815386174273973545e-04
-3.174588722188640376e-04
-2.703486295939234443e-04
-3.401142811116850671e-04
-3.519663770186011236e-04
-4.095423300026359388e-04
-3.866131873324611277e-04
-4.505470987991463082e-04
-5.051386762668549349e-04
-4.586790400094862066e-04
-3.753373902409399328e-04
-3.110343720253987859e-04
-2.372771554728584221e-04
-1.764009866416633944e-04
-1.690158060031239510e-04
-1.595577278157334121e-04
-1.459633953754852116e-04
-2.895617440519402059e-05
-4.711094443325557397e-05
-4.801354503291615442e-05
-7.723941189131667802e-05
-2.381291397977686403e-04
-3.556000608682443882e-04
-4.914702383730104943e-04
-5.564991670720158485e-04
-4.286574721252469234e-04
-3.352711971799798049e-04
-5.470633381581175864e-04
-9.880858924948899332e-04
-1.338442552207788194e-03
-1.566045342804417949e-03
-1.771113708921303546e-03
-1.806187973780716983e-03
-2.154074918429873566e-03
-2.370090484762294586e-03
-2.461422723994884012e-03
-2.501763897018720317e-03
-2.215191414760335487e-03
-2.227844370749848882e-03
-2.183894717169642709e-03
-2.414463884002029069e-03
-2.794976996031646715e-03
-3.143784102804733638e-03
-3.263796905517559604e-03
-3.297152340854283409e-03
-3.492485699381939982e-03
-3.625265484109203157e-03
-3.737918173999614860e-03
-3.650280717100211347e-03
-3.415525981275791510e-03
-3.103077513940829223e-03
-2.857525765524211812e-03
-3.321022026469927675e-03
-3.891885301783527731e-03
-3.897608660704876982e-03
-3.885327093031076817e-03
-3.765611789011276758e-03
-3.423604297886619682e-03
-3.002179462535777693e-03
-2.728838458899718496e-03
-2.525293031850627239e-03
-2.345391346094658630e-03
-2.308057660539802186e-03
-2.224977234693242649e-03
-2.065043868518990581e-03
-1.969086866641517330e-03
-1.811712461939635026e-03
-1.698846150921122121e-03
-1.584678360257959270e-03
-1.473475823404268295e-03
-1.601176967623733254e-03
-1.711408914594606846e-03
-1.626123836642623388e-03
-1.514599140638729115e-03
-1.303813979097537875e-03
-1.171164924564959894e-03
-1.096667514635197693e-03
-1.059959884985969564e-03
-1.011659153148052005e-03
-1.135896531918722131e-03
-1.213256355560635418e-03
-1.371620958948422233e-03
-1.548767551682248000e-03
-1.756010155254739092e-03
-1.656935241185177521e-03
-1.566627218740721840e-03
-1.548529574096648136e-03
-1.564693450626704384e-03
-1.535464083256943280e-03
-1.785128939572492050e-03
-2.052331264203958311e-03
-2.241892252920000585e-03
-2.347432403157194251e-03
-2.541921645403010487e-03
-2.691267744982969203e-03
-2.799566380216969748e-03
-2.744865902322396467e-03
-2.930983130229599526e-03
-2.839793894370196570e-03
-2.789683275752989286e-03
-2.700183964939078824e-03
-2.597772179834640597e-03
-2.594387952108540094e-03
-2.656293755907327726e-03
-2.615528686875452126e-03
-2.646523949439815847e-03
-2.533197123209268362e-03
-2.486535951996926390e-03
-2.337613362847016860e-03
-2.062439387523063231e-03
-1.741445928484129527e-03
-1.521951878111342873e-03
-1.341934545250635796e-03
beta5
6.621186402062994227e-13
1.764013919772338402e-12
9.093975766167944380e-13
2.862527845400689893e-14
1.228874469797509184e-13
6.257912728773231617e-14
1.619057906943529221e-13
4.496544801383200765e-12
2.370608722307309612e-11
1.036233690499647976e-11
4.150452489992733426e-11
2.843757673012511629e-10
2.923532285093784993e-10
1.133324109752229554e-10
3.586772603455087834e-10
8.893033876489250177e-12
3.100287737042934059e-13
2.530023282624596478e-16
-1.667234358269293846e-19
-1.177160320600976803e-13
-1.128499242255297129e-11
-7.676868861716871130e-10
-2.456486265057335891e-09
-9.802018950368210460e-09
-1.321617821693141562e-08
-5.171527649898982783e-08
-3.030844586977391119e-08
-3.797935785223749831e-08
-5.737053665197951274e-08
-1.625335731751822996e-07
-2.578761570822877813e-07
-4.435029049474916571e-07
-2.891008624484850642e-07
-3.563247101521673940e-07
-2.261578792801529085e-07
-6.543792530873108367e-07
-2.149499962706812988e-06
-1.541742298393745712e-06
-3.332093873397567561e-06
-4.379178352481576949e-06
-8.949862953730915990e-06
-1.557940531248301977e-05
-2.023591557451848204e-05
-2.287863901600290350e-05
-2.855061206924107778e-05
-3.155440633977548326e-05
-5.140119722628026794e-05
-3.946187176559012941e-05
-4.461811125190101438e-05
-3.536182481860307560e-05
-2.717497356027026416e-05
-1.940697675479338699e-05
-7.368602576615735440e-06
-1.190847802983058211e-05
-2.077295453208652761e-05
-2.007505962250067581e-05
-3.172816559124514146e-05
-4.348000957677586569e-05
-5.006172604215603688e-05
-7.080667710892249217e-05
-4.749609226214443106e-05
-3.465534008494573195e-05
-4.858894638462882927e-05
-4.934198264744452101e-05
-5.529829451206736031e-05
-5.287629581978137681e-05
-4.090716600070297697e-05
-5.242975418220103385e-05
-3.074496644152453458e-05
-4.717299575091298686e-05
-3.488740440565683647e-05
-3.098059630729964526e-05
-2.713012879893855840e-05
-1.853480737997564279e-05
-2.220157418402972209e-05
-2.105980153530957668e-05
-2.307190306392137863e-05
-9.074132612789844040e-06
-8.887672306443094545e-06
-5.847729055226421204e-06
-2.361759039486346997e-06
-2.010588827774959006e-06
-7.447415686331872579e-07
-7.255586737634719266e-08
-1.722804471492495157e-09
-4.566529750921850977e-12
-2.618290274442255047e-23
9.861726510495734440e-16
1.779814726269642034e-12
2.587969823317368072e-10
3.742302484573186796e-09
1.284845310463611984e-08
1.664038043001729018e-07
6.272296936845632768e-07
1.822662206549404256e-06
4.157802114885251994e-06
7.128008610897509210e-06
7.206127639637162237e-06
1.024744561995840245e-05
6.956408745525502489e-06
3.071582753696844649e-06
3.798066408716040376e-06
1.748418484678061510e-06
1.570170603042128032e-06
8.690583622824608331e-07
3.538340180758075459e-07
1.949634711835964541e-08
1.498682227231431294e-08
3.588798352591817365e-10
5.710535941289637602e-12
-3.776825284125288834e-19
-2.079642408485862600e-11
-5.882821112160661460e-09
-5.541776969904738377e-09
-4.662635981038276009e-08
-5.798659249389555184e-08
-9.345092393537066259e-07
-1.554588637624250873e-06
-4.379491330034247081e-06
-6.665404922753940238e-06
-8.799902697078551461e-06
-8.282452578580956639e-06
-9.032228506571238558e-06
-1.417186906596124148e-05
-1.753426615097502324e-05
-2.289813720122796191e-05
-3.131509398252250987e-05
-2.445236164680748061e-05
-1.296687784346550864e-05
-1.261006295907861035e-05
-1.070634564010073409e-05
-9.635754125698555334e-06
-6.808125470521101812e-06
-1.501125589841508729e-05
-8.519278719164936263e-06
-1.015800000581701230e-05
-7.132702330653740134e-06
-4.984801097407860940e-06
-9.130559990248730595e-06
-1.138030959599869535e-05
-1.172250164671206866e-05
-8.831535581311546619e-06
