2.933336687378156060e-03
2.464905455324292033e-03
2.278702132268945867e-03
2.081373730031434253e-03
2.237378744364024782e-03
2.208734618714748663e-03
2.099698478446647421e-03
2.138530503557887260e-03
2.267864769739303624e-03
2.685594398935675208e-03
2.876803525757906221e-03
2.982984095697468769e-03
3.055263551278949909e-03
3.152179261041794262e-03
2.923364668613920216e-03
2.485521006584466130e-03
1.957077005739779520e-03
1.553970463284574553e-03
1.085518205663877798e-03
3.737024173735537490e-04
-3.510021089426409850e-04
-9.809146040997273209e-04
-1.315424933044786332e-03
-1.534996942374530033e-03
-1.560957785100287702e-03
-1.328020326330660696e-03
-8.215633006305574299e-04
-4.231514110847156671e-04
-2.290353728441519470e-04
-5.575402337137169364e-05
-1.146666483658168185e-05
6.127482157222215451e-06
6.325896165552189322e-05
2.983042285696267085e-04
6.037924920427362218e-04
1.224649738286678934e-03
2.398021995600224405e-03
3.870358983708098010e-03
4.953684371060889345e-03
5.561041821132840617e-03
5.827041081934328064e-03
5.502612498857631894e-03
4.751090427267747572e-03
4.079826213777893763e-03
3.858992282978475612e-03
4.136837663739516453e-03
4.874360145583823967e-03
6.172324137113581639e-03
7.002590449191897597e-03
7.315972621695874915e-03
7.458040406198428174e-03
7.565382756782083884e-03
7.139910048911959732e-03
6.433237744039951682e-03
6.527968442328532621e-03
7.189760544476492439e-03
7.976270416655660209e-03
8.292841505452116374e-03
9.001675946605969605e-03
9.053253610227995560e-03
8.327303821380029406e-03
6.800602892012821456e-03
5.126862632410813213e-03
3.783458158301677716e-03
2.311620169790667978e-03
1.476712641312572525e-03
1.010907129588236751e-03
8.342172687988490092e-04
7.124330120780461920e-04
5.477574668604406677e-04
4.394961957239986350e-04
3.340700114483349608e-04
1.769132038900797651e-04
9.714380379785037022e-05
4.762184475999844068e-05
1.793867254788977881e-05
-1.491985934055952114e-06
-3.800748424223757339e-05
-2.064773080513630863e-04
-3.884285746571869771e-04
-5.452367792588229921e-04
-6.917747217840033687e-04
-7.991453931735971071e-04
-8.515408561832895446e-04
-8.485049356472786552e-04
-8.450651803140257420e-04
-8.327572700567469803e-04
-8.231146770723398245e-04
-8.757155309245696082e-04
-8.489827270364609527e-04
-7.669246977818378356e-04
-6.729862802319039631e-04
-6.101551652132695264e-04
-5.185076198010427117e-04
-3.654575115613454433e-04
-3.120313684807297558e-04
-2.351222146004151457e-04
-1.974555887542206413e-04
-2.448011168103319179e-04
-3.233050134963432257e-04
-3.629236810896298662e-04
-3.850998143564586442e-04
-3.874466640954124541e-04
-3.423025602481452427e-04
-2.153467121552345989e-04
-9.311050695823490755e-05
-3.147452641716231306e-05
2.610964252507958029e-06
1.149197281638836874e-05
1.289274410335927477e-05
1.181784967372265361e-05
1.035292884115395112e-05
2.013758195562711777e-05
6.779873818370679174e-05
1.753549223087692496e-04
3.894406287717089733e-04
7.658906572878174633e-04
1.283183246344372442e-03
1.950493699638673360e-03
2.534221084535315510e-03
3.283667642507129628e-03
3.678443456474594659e-03
3.881350464085275842e-03
3.680651731631745267e-03
3.351330395470958953e-03
3.303683508937387426e-03
2.888968218365179242e-03
2.533703712237159438e-03
2.178336624074351125e-03
2.037861485318044619e-03
1.938468248346014158e-03
1.568051079065967525e-03
1.427702376038157521e-03
1.718680932230488541e-03
1.894220556874116543e-03
1.930850744143011548e-03
1.889319756406398652e-03
1.798389452318200320e-03
1.750779268030136114e-03
1.401311148717620169e-03
1.121060793748952312e-03
1.016067217288932562e-03
9.468705378274044036e-04
9.182336506671288619e-04
7.667182597080171363e-04
6.766664238874301775e-04
5.771272909406412405e-04
4.694100899823490662e-04
3.246258830310968005e-04
2.277112458493903136e-04
1.278323735954790211e-04
2.342965926459209460e-05
6.365010021108736876e-06
7.103838180479325435e-06
7.026826278712335262e-06
8.342423703143444407e-08
-1.192379022525087897e-05
-2.741345134028135160e-05
-3.117222625557326295e-05
-3.198445226570895058e-05
-3.427395710887890917e-05
-4.507127808438019206e-05
-6.255746045560961271e-05
-1.206339269347489907e-04
-2.238150167907399250e-04
-3.527142120617463212e-04
-5.225951610935353686e-04
-6.280537860250033850e-04
-7.434602440022089953e-04
-7.664086809144884200e-04
-7.347122845164336287e-04
-7.264179158353897652e-04
-6.204323496254222263e-04
-5.824760229072778114e-04
-5.743653967969157125e-04
-6.105721904951405847e-04
-6.173833155985813340e-04
-5.523446157528390937e-04
-5.460954812918925386e-04
-5.057723866007996947e-04
-4.565089514706953638e-04
-4.407030924844331150e-04
-4.945657155557090651e-04
-5.286071190538172088e-04
-6.563336823924137810e-04
-1.098958045828858860e-03
-1.471545239127299010e-03
-1.895223491144446644e-03
-2.136626795616356194e-03
