1.021181987135116968e-05
8.881093722806358307e-10
9.464919764226037410e-10
1.077847395244051505e-10
7.208140666236574480e-10
5.369069241400325451e-10
1.229563732736106786e-09
1.049883006461282943e-10
2.557476414290365058e-10
1.138037329859744034e-11
2.038317747598281451e-13
2.430427209013420572e-12
1.484505315092331152e-14
1.691349158516404373e-12
3.615642340520357986e-13
9.922169102343740135e-12
1.656641688147844849e-12
1.662369626093220313e-05
8.718104685227701597e-13
7.402650781437716698e-12
3.389909218092867239e-11
1.266258854917414380e-11
3.273858014536227905e-10
2.133047295720096809e-11
3.115358232238596222e-08
5.187325302010195988e-10
5.762160911944262640e-08
2.474669365572049885e-08
9.278120344678604097e-07
2.576858237241032825e-06
3.815373531619848277e-07
2.239678050122483210e-06
1.967508008049661695e-07
4.081498851651596904e-07
3.785181118040505197e-03
3.470278776539486431e-06
3.014007329039980246e-07
4.536817540239446167e-02
2.816090839456133528e-06
2.036668886206886018e-07
2.268565690316890669e-07
6.432955571293216814e-08
3.848665488220949235e-08
1.322875856639716541e-05
2.432381820081268481e-06
3.301930984057959973e-07
1.090755054377577570e-05
2.101631631819151377e-04
3.993702341209666440e-02
2.450777876125247168e-02
4.122944091698537566e-02
1.291451017462106568e-04
1.018970432083384256e-06
3.624902406246364208e-05
4.901942478640734530e-04
4.208721214674025421e-03
5.026876329628816001e-08
4.086200500749455586e-10
4.713447709909628892e-10
7.605549017091260210e-12
1.424915043337312673e-13
9.696356896680837187e-16
1.046153962159456563e-15
2.313348171702564985e-17
2.809410288773119321e-14
1.816501251866059647e-17
3.987188312098566360e-21
5.663537919961786470e-37
1.241629653592740000e-76
-4.573646922629721201e-44
-1.496334163876348616e-26
-4.984571081747225088e-23
-3.136157928868179504e-21
-5.414505090247318460e-19
-1.073796197077506181e-19
-4.373203942879918001e-17
-7.388729480276318011e-14
-2.325336071588993457e-10
-7.110308807227252432e-10
-2.262969861638583158e-11
-3.836494462100204682e-13
-1.629403418223344180e-11
-6.189306025286759987e-13
-3.076274927574561901e-10
-2.149389982469260772e-12
-4.067919784160767365e-12
-1.541159515117772416e-09
-1.584007921459225263e-13
-2.112418307704247112e-13
-1.745629301145405382e-15
-3.900750121933441669e-19
-1.416783469913662019e-15
-7.873161835382623209e-21
-2.604387724020616104e-37
1.987995372549617319e-56
2.860893942007346972e-28
1.640014063546523666e-17
5.513902667944388170e-12
4.559799996512195692e-14
8.116454264570723590e-16
3.628963009106012195e-21
1.682225604568590799e-24
2.364163408279743416e-29
1.049536306687910447e-20
4.771174001329863163e-18
3.089639365802921291e-14
5.050004865738272369e-16
6.159242967523103104e-17
1.389899775987479204e-13
6.586393779128395356e-13
1.319046554084429191e-13
3.112224524776631536e-11
4.747045092452448714e-12
1.465879316346407789e-14
1.439956359229499046e-11
3.609912635560422385e-05
1.420082037019540546e-06
1.243642469645448779e-09
3.158558709652875043e-10
5.144885843793125964e-11
4.123172443813537494e-12
7.210450530451626862e-12
4.419574208557561100e-13
4.846403663884196002e-14
5.204813179298362595e-11
4.368267364996565959e-10
1.442959938979784900e-14
4.026136149363271990e-15
1.598030219341215060e-20
7.599823857213733768e-21
3.262115975257462879e-16
2.706299209060351264e-23
6.422959196289552049e-44
-3.197965579309651189e-68
-2.066033139745324900e-33
-8.032327546275636144e-26
-2.781998995463702470e-21
-7.489649417917992384e-14
-2.883604891215609873e-11
-2.180417635060202634e-11
-4.564638335791184808e-10
-1.047165815577513033e-10
-2.357771576768409685e-10
-7.134524712398181037e-10
-2.431563725023028030e-07
-1.312913814475887182e-02
-2.532224320415283525e-07
-4.194192674204488322e-08
-9.564826697079416467e-09
-2.275397642231131656e-08
-3.285898866939470577e-06
-3.362019992477080309e-05
-8.529169794073343725e-10
-4.715290694302217374e-09
-2.447034995963737788e-10
-2.075384299944528527e-06
-8.153530986483553817e-11
-6.072516703830553908e-10
-1.939788757376133793e-08
-2.551487661733661426e-04
-2.542226947819253242e-07
-4.441156529476869439e-08
-5.294825991688011480e-09
-1.351716399176615869e-08
-3.276796029353629646e-08
-2.069566086772999844e-08
-2.215774717260121826e-09
-2.457799297856471743e-08
-4.214300419437160529e-08
-1.913842508145830098e-06
-2.508416161830732846e-09
-2.784729475282450578e-08
-7.288482958160068988e-08
-9.807692465940736165e-09
-8.375185395978644999e-09
-1.400722650869758794e-11
-2.005967532232677323e-09
-4.317675181021338264e-10
-8.097340862386158461e-12
-2.646104349284816422e-13
-4.277113329073616172e-16
-3.714309279419907758e-23
-2.171715584384809369e-22
