1.819983271062693505e-34
-1.947096695094115000e-49
-6.748058560789108072e-18
-5.082203561723150368e-17
-4.394948159304871143e-16
-3.256741712195842787e-10
-1.251990413516080605e-10
-4.019134092880900684e-09
-3.015930772871495711e-06
-2.028429916343784864e-05
-1.528846345735159081e-04
-9.224298393767961241e-05
-1.582731279469198849e-04
-5.114062498293991412e-05
-8.393717963150036806e-05
-2.808069025050830990e-05
-1.276130523305590072e-05
-1.206596261869973889e-06
-4.437128951833547264e-06
-3.700540949269358099e-05
-1.420744251564409219e-05
-3.785044916929845388e-05
-2.389923372105819927e-05
-2.344004630635317048e-06
-1.106008686697011964e-07
-1.422072544878766415e-11
-3.725376112574408959e-18
-7.778119959816965489e-36
6.032515140357390385e-47
-2.879424630631143239e-63
5.246852772470597340e-31
7.918555101784820250e-29
4.008626847444797543e-18
2.177206342709376175e-41
9.044310175526260708e-14
1.669892883323111831e-13
2.770926561324137329e-10
5.650777600936627245e-06
1.747675218933802396e-05
1.068243157405277774e-04
1.485199787782195036e-04
3.542120856327064544e-04
5.250701103249311424e-04
3.246055076883917062e-04
5.414949814707009385e-04
4.977690609133545580e-04
6.068598795935043269e-04
7.318734486327193711e-04
1.191510878649908699e-03
9.174527693033939077e-04
1.854658504397693015e-03
1.544132582276004900e-03
1.405111062727295483e-03
1.378671537102278601e-03
1.674016814140138944e-03
2.930926570214546084e-03
1.077379892428887570e-03
8.314020827410635323e-04
1.569121024161754989e-03
4.012029226336311961e-04
1.737345065241039516e-04
5.821157930911997750e-05
2.608059350616577087e-05
3.030488377526352917e-05
1.010208961709095946e-04
5.285336844014164022e-05
4.410391854317597673e-05
1.682777151782181082e-05
1.542599411408082793e-05
2.187495570435201252e-05
1.895633507947558271e-05
2.526499462746650300e-05
5.344820318062357150e-06
3.103294340076230223e-06
1.249397412055787228e-05
3.243378051647526961e-05
6.475939763016981786e-06
1.923034487955555132e-05
3.456398214771522139e-05
1.809113898419205076e-04
1.381405549591377283e-04
2.660726391695348008e-04
2.513261407311561248e-04
5.018649707880986494e-04
5.178522238517013505e-04
6.738266346088350820e-04
5.666094300231766089e-04
6.050937794379953900e-04
7.090243989262666338e-04
3.210541420588360279e-04
8.190010212363639866e-04
5.715292016905690678e-04
9.769207804922594093e-04
9.604124732048650555e-04
6.440053769285070812e-04
8.038818616603817142e-04
1.132559150277894292e-03
1.934482327276746023e-03
1.654039382634469191e-03
1.965966303589373673e-03
1.348387133163144076e-03
1.029005121577438158e-03
9.686509089512678134e-04
1.641211504340733731e-03
1.203958834835055450e-03
9.901112558734011422e-04
1.851045988979172158e-03
1.766466457677184302e-03
1.515441537306884932e-03
2.777690121973582036e-03
3.877897814554318468e-03
5.147942784149673115e-03
5.789266744182335923e-03
5.195529291198318009e-03
4.856376113919057269e-03
4.344367413991651744e-03
4.225097553419151358e-03
3.753564443556987179e-03
5.036862721216173178e-03
3.393100702935733515e-03
1.675053856007672646e-03
1.350115206642434323e-03
1.395779842954609964e-03
9.433056022678458063e-04
6.631520272847057137e-04
7.363287785905070233e-04
9.492069820781196378e-04
1.208867133984659926e-03
1.680596276559165455e-03
4.161429037539619326e-03
2.503794618734994822e-03
2.938967409561355111e-03
3.385529758674011170e-03
4.642953623675327539e-03
5.838285205333045187e-03
6.760052024807656698e-03
7.056868179100029073e-03
5.749987674005785018e-03
4.210479286580054437e-03
4.035174948482457384e-03
2.811505522685709552e-03
2.255121048623121710e-03
1.277760726934442509e-03
8.717965412846439372e-04
8.897961269744105763e-04
2.016721330796050781e-04
3.071852547136172439e-04
3.004817585033458648e-04
2.262879503023375641e-04
4.778888840888486001e-05
2.605301573575031138e-06
6.166855413731482119e-07
1.708811526770851800e-06
1.325148105201630832e-06
7.839698695898108730e-06
1.554978882257119908e-07
1.240395470002646654e-21
-1.286916331828373224e-31
-5.507793752402455900e-58
-8.246532973481734916e-61
-5.900662862481052309e-24
-2.492861393513334868e-32
-1.270630509651739425e-20
-1.052265471682940354e-35
-9.601634426680740514e-14
-6.552865966421170252e-15
-1.972941938949161705e-16
-9.498379253370509908e-13
-3.281416309916867396e-11
-3.128207555310760694e-08
-8.522312124988171778e-08
-8.183782500363313455e-09
-1.547311409992500553e-10
-2.773729799316822398e-26
2.942152162367642777e-28
4.130889383157143795e-10
4.644796474537597626e-07
2.460803358135595487e-06
1.917967210000835974e-06
2.459685338536355133e-06
1.632398150628385638e-08
1.408406788457301447e-08
6.386430793667303481e-12
1.052818907255231084e-17
3.101007098197545738e-53
4.749621001818268239e-19
