beta2
1.074010739820949537e-02
1.076435384535178591e-02
1.090295091243941028e-02
1.095251032059071060e-02
1.124359145420658276e-02
1.141956825788409055e-02
1.166322184515736562e-02
1.162199666090162932e-02
1.162498627191563445e-02
1.164453001042349209e-02
1.141215142404895626e-02
1.131287555080180002e-02
1.100953920507180724e-02
1.057348306971380748e-02
1.065107406289475186e-02
1.058480956643675225e-02
1.066377133048990004e-02
1.104974979682588759e-02
1.058707568220325357e-02
1.034983760442210673e-02
1.017613058804701237e-02
9.989758727907409319e-03
9.963495542606740085e-03
9.958154635018976950e-03
9.888219494645179158e-03
9.484810996592193955e-03
9.441313218754097958e-03
9.294598161262084685e-03
9.325912895684521781e-03
9.373952956964203692e-03
9.544012717424082970e-03
9.133595513275524075e-03
9.119361453840662407e-03
9.194939336215304793e-03
9.432082497930625170e-03
9.441421028672847271e-03
9.329042995041191000e-03
9.248088917259603137e-03
9.259361256295397039e-03
9.478741393393410458e-03
9.805849518449736429e-03
9.955311458213798176e-03
1.004953304945557270e-02
1.019022376537253791e-02
1.037693211565641691e-02
1.032934825404088069e-02
1.062088865125429549e-02
1.059977468575061012e-02
1.088985805457669959e-02
1.118951595796530141e-02
1.113162659245604466e-02
1.120589716272923746e-02
1.103475495016080499e-02
1.086532254593807964e-02
1.087832186123205598e-02
1.137770891342748322e-02
1.144758785033380896e-02
1.139046611738386491e-02
1.152516771942757937e-02
1.165054280207000574e-02
1.161024440489694110e-02
1.119717468804521179e-02
1.141744509327217473e-02
1.153741902044340580e-02
1.164177964700560675e-02
1.157359959635712379e-02
1.154854615043699774e-02
1.123867349634484133e-02
1.151100409581062162e-02
1.161744199838607786e-02
1.114840947476342450e-02
1.079073359816501605e-02
1.057150166976376579e-02
1.035028214223846985e-02
1.052540618109733435e-02
1.057146390078818332e-02
1.055779145967455576e-02
1.044825856934258022e-02
9.888549840841993205e-03
9.318488898055744124e-03
9.298692553776903569e-03
9.828583145946482441e-03
1.037221869214553435e-02
1.035047523422634105e-02
1.034816023156285951e-02
1.039397841060462138e-02
1.038674237381903218e-02
1.049532972312577223e-02
1.083878394055840660e-02
1.131305102420801165e-02
1.164400615520138141e-02
1.164569647181715531e-02
1.149467767061651893e-02
1.133843301730187020e-02
1.120366614278170414e-02
1.132925055856347923e-02
1.144736249078097748e-02
1.168860407773985102e-02
1.184461062338261657e-02
1.180357321356184999e-02
1.171709674076568813e-02
1.143807083069823746e-02
1.137454040217299178e-02
1.131874036161436767e-02
1.119127145389296404e-02
1.092911527699156130e-02
1.092801880003302362e-02
1.118095647166889722e-02
1.130823708945142593e-02
1.140940898431981945e-02
1.151619803577742622e-02
1.173608349377582016e-02
1.156499753848973071e-02
1.140203470030390007e-02
1.119473740777020103e-02
1.098373691532926813e-02
1.079969529446164409e-02
1.078819661757601973e-02
1.082724461387866294e-02
1.084764684758232275e-02
1.093790518220050766e-02
1.097522298949631797e-02
1.118320538528196073e-02
1.140696172123755077e-02
beta3
-1.165727783359170691e-84
-7.840483610103100526e-85
2.304613352576929858e-19
1.346869744843238796e-24
3.995545482909491181e-20
1.390608256767011160e-19
2.561926353478753201e-40
1.295468822787031643e-34
1.601104909865922695e-20
1.064677503124049150e-23
6.855667776650209675e-19
3.931448057369813804e-19
5.835012650720794029e-20
2.834657132969332039e-21
-1.278811367947277948e-30
-1.134846577005411888e-19
-9.068429271746793388e-19
-1.576233887696312955e-30
-2.999420938295084656e-20
-1.607802329477245197e-20
-3.175704062287591132e-18
-2.580199521309503935e-22
-2.374383241570039236e-21
-3.293409670524748821e-19
-3.105372935435920863e-17
-4.092711096670349993e-20
-3.218498928198589065e-20
-1.724445144233767748e-18
-5.940445852246526817e-18
-1.026760809478507200e-17
-5.383352477910502851e-17
-4.932699468459039335e-18
-8.592319438111180155e-18
-6.880344686829709760e-17
-2.977472736149664430e-16
-3.270741834237501484e-16
-2.422453848818099647e-15
-2.023663034386661906e-15
-2.677707541989069709e-15
-9.842323300181045506e-16
-1.267939273413055599e-15
-2.542936460703605657e-15
-4.207815312521555095e-15
-1.078442738303735319e-14
-4.938469149531042814e-15
-2.751436380266826617e-14
-2.342444453457557551e-14
-5.738327912041686294e-15
-1.217219370792718239e-14
-1.260784880997315996e-14
-7.281077674423526483e-15
-2.808675836340710599e-15
-9.042471073405304458e-15
-1.076907350541763306e-15
-1.198317835806281429e-15
-4.948840445156159834e-15
-4.165875785584941673e-15
-1.483556947225282650e-14
-2.497348643071388294e-14
-2.713332089849155470e-15
-5.569923765879698738e-14
-1.014648017912266906e-14
-6.237517679720912902e-14
-5.784911875561402097e-13
-4.239491329458938600e-13
-1.762660485525736934e-12
-1.412663611630878570e-12
-9.373814601380905988e-13
-2.701466867310541559e-13
-9.253182459753742763e-13
-6.644391899744941211e-13
-2.438624629443456738e-13
-2.717718790086724423e-14
-2.700045472726310576e-15
-8.128231228044525756e-17
-1.138853882024014344e-16
-5.948715662997573262e-18
-4.506428991907680557e-36
-5.157302288115239112e-36
-6.263698120364971107e-36
3.509305575872144004e-21
-1.692584904840423821e-68
-3.489277060552794568e-68
2.750484792225593946e-21
-2.251501433640035182e-68
-5.795070447369904141e-36
-4.235292549236071717e-36
-2.044356457102701635e-68
3.421819470638013145e-21
5.836787471396649640e-18
2.317965514880631349e-17
1.208321492376574799e-18
3.418931737785544165e-18
4.359441481400782083e-18
2.931920529535596883e-18
8.787814377465067614e-21
4.143062976955862344e-19
1.540963266006984056e-19
-3.252180340898632165e-84
6.055674533031355947e-20
2.326093046920356989e-20
8.104445350052762471e-20
2.979982588804804374e-20
1.400558616809764696e-84
-4.023471480941476630e-68
-6.248113130338048996e-69
-1.903545848666866501e-39
-7.285483156959996174e-68
-3.244647066061179537e-36
-5.342733301297550922e-36
-5.406686189503405383e-36
-4.447057571896760691e-36
-1.482717588547481826e-20
-1.131896027069813721e-18
-4.793429299051971033e-19
-1.023325692665001849e-17
-3.114458945559748234e-19
-4.608156765751999235e-21
-9.796709948349477893e-20
-9.979587879009103678e-20
-9.780946150715179268e-19
-3.700984506032278795e-18
-3.597756389623229311e-21
-8.061525933508546942e-18
beta4
-5.773232493989535578e-03
-5.796783592925239953e-03
-5.766390287169312345e-03
-5.329244590468487815e-03
-5.331015356045762030e-03
-5.071929218018755153e-03
-4.892272354131116385e-03
-4.581066543807828587e-03
-4.474945005301449522e-03
-4.437071898884597729e-03
-4.297094220662516471e-03
-4.274690804816539194e-03
-4.046117578707166505e-03
-3.529561973171691305e-03
-3.591056354297067835e-03
-3.677919918197592158e-03
-3.899574067052480157e-03
-4.115817390009933983e-03
-4.148832330365337384e-03
-4.441112383399768195e-03
-4.712941460310820715e-03
-4.957864921610071439e-03
-5.068609203892389045e-03
-5.203543878698297862e-03
-5.155774842246456727e-03
-5.183210886748062726e-03
-4.888518814190686776e-03
-4.809899606226379284e-03
-5.122050222439462203e-03
-5.568144464524491487e-03
-5.799884544943777545e-03
-5.415027123007707527e-03
-5.691507481233194950e-03
-6.187275237719823753e-03
-6.806375220558396992e-03
-7.115851117837522152e-03
-6.833392842831078132e-03
-6.605884227878061274e-03
-6.394799084035633976e-03
-5.808406534245946426e-03
-5.526906189527183710e-03
-4.917383617819632256e-03
-4.274663519667255135e-03
-3.701085556647203383e-03
-3.102440929870548328e-03
-2.420377833860584346e-03
-2.509625259181480668e-03
-2.148206723719619550e-03
-1.942989835892962270e-03
-1.357781216462706012e-03
-1.316685610372048424e-03
-1.379687788569256435e-03
-1.234253649845192240e-03
-1.027964526051166304e-03
-1.308309762647496492e-03
-1.709937938615908003e-03
-1.747589088596746823e-03
-1.561496110187517638e-03
-1.548788005126010888e-03
-1.772766014901550752e-03
-1.735783037540018260e-03
-1.314516911125821006e-03
-1.396629396183885537e-03
-1.295459969153669967e-03
-1.216973103512673359e-03
-1.381799808527700481e-03
-1.592902514859199318e-03
-1.698806940445480359e-03
-1.974266138235928475e-03
-1.843642321455823702e-03
-1.814844033219344078e-03
-1.686035775973819279e-03
-1.694947726697735441e-03
-1.752341728419740683e-03
-1.815107622778921580e-03
-1.806768305952108095e-03
-1.651145600513048706e-03
-1.492586046529609765e-03
-1.500855900048042330e-03
-1.464101862504950695e-03
-1.483628224934465008e-03
-2.084510630506595207e-03
-2.770552754272982525e-03
-2.839904339964866454e-03
-3.049829308041706721e-03
-3.166006292988160498e-03
-3.204290892502107205e-03
-3.303038014362475946e-03
-3.418600335148859991e-03
-3.434588986931681048e-03
-3.176440673981943599e-03
-3.341186823321301222e-03
-3.289487443463359577e-03
-3.303139742894761408e-03
-3.299478139013553926e-03
-3.127702691437246434e-03
-3.026544076552358138e-03
-2.921524154763160182e-03
-2.643381676307037052e-03
-2.768444068022382111e-03
-2.774757213161828124e-03
-2.988855245267187100e-03
-3.516539473450575569e-03
-3.939944943297314303e-03
-4.359119962127129544e-03
-4.639609319286388395e-03
-4.760722556570510383e-03
-4.940563969394004551e-03
-4.881459724100294800e-03
-5.130085840042701573e-03
-5.372736713129005852e-03
-5.559219420521722271e-03
-5.594803076917287399e-03
-5.136721920640574535e-03
-4.807714937392158078e-03
-4.525750421637937497e-03
-4.449738413915230173e-03
-4.194420517803899504e-03
-3.951482419198579579e-03
-3.780958895683813638e-03
-3.545860193093533855e-03
-3.486423395582955928e-03
-3.500366891886298737e-03
-3.591184308861236803e-03
beta5
2.309228057945897129e-07
1.311664530242696382e-07
2.263572927389847565e-07
2.584085799301689426e-07
3.340069932527613635e-07
1.091988719548895705e-06
1.113220224174264618e-06
3.209047770433853627e-06
5.483125544471562280e-06
6.461544840717696009e-06
1.510139982529697531e-05
1.710471601546393442e-05
2.036003952526179841e-05
3.373816775294800847e-05
4.259695226288768080e-05
5.721387437209948671e-05
6.325231119694493256e-05
7.677715353181428326e-05
5.662555459184345817e-05
5.751877343850292769e-05
5.244129889847888587e-05
6.467855899146249970e-05
6.651902649303253101e-05
7.264406821642194981e-05
9.211468652203875433e-05
1.235225448995756975e-04
1.472410393206797369e-04
2.394496217506767723e-04
3.454805664401885967e-04
4.704672526885506599e-04
4.739191705942884247e-04
5.272735340523140683e-04
6.973002009940856144e-04
7.631926103170471112e-04
8.531344651010147433e-04
8.847244422806215588e-04
8.375582469821887897e-04
9.035171616795695292e-04
9.814212135478106273e-04
7.358095528850742322e-04
6.845780044427952297e-04
5.601582898979390410e-04
4.552210072938145976e-04
3.914239281054123030e-04
2.957223185991167597e-04
2.028912345195834060e-04
2.281475777353637229e-04
2.102318191181515761e-04
1.430458916900341580e-04
7.173421935543277208e-05
6.324220834950366739e-05
5.949603390867217638e-05
2.561406164640574922e-05
7.506274004383548125e-06
1.548262417154708028e-06
6.674327315606590441e-07
6.707594318350949770e-07
7.441836368615124643e-08
4.019717911063048524e-09
6.495914124050780655e-13
1.280909250422906279e-11
2.385127136973104593e-10
2.138479454092831830e-11
5.185646276354967981e-13
1.946535355395164826e-12
5.254200293525436151e-13
4.503697586650957571e-13
7.950319094509094597e-13
1.755342056431562868e-18
-3.045483764293866794e-18
3.252167699713695807e-20
1.074285992125681344e-13
1.529759291568931371e-11
1.100114880488797982e-11
6.296946820327295016e-12
4.797617732703595778e-11
1.400959475554820567e-10
8.124118092919686416e-10
2.205933755961841986e-08
1.012562968234278648e-07
2.662906494320465282e-07
1.367715321096295406e-07
2.194285080531198724e-08
2.388111199640167090e-07
5.196593183416004436e-07
1.056941143246847480e-06
1.681223069495307417e-06
2.865002937891341299e-06
3.225371247792820357e-06
3.778533984975913186e-06
2.320740923314983575e-06
6.812931184551840338e-06
7.333258597605706697e-06
8.762493923161551675e-06
1.469514049932811153e-05
1.984695617614261001e-05
2.097592193814297996e-05
2.528546023868771575e-05
3.459260906361919733e-05
2.943888335538975308e-05
2.710123912536493925e-05
1.843751079771057273e-05
2.115392463058735192e-05
1.927680085164361337e-05
6.430199374108469689e-06
7.293126733198484370e-06
4.567869763735382603e-06
3.193763188574346892e-06
3.767352255944712201e-06
3.356826895758959767e-06
4.170503008489314875e-06
3.501530331712209308e-06
2.724069029582902754e-06
4.632070556313696539e-06
3.632489744590940174e-06
2.308787382336196690e-06
3.523613731109253241e-06
5.135453698924904675e-06
5.712782059459537394e-06
5.770344125992955887e-06
6.482122960082591234e-06
6.634311339347160583e-06
5.179978654975688174e-06
2.477415963762575059e-06
