-2.707476902170012863e+34
-1.357526609028690511e+34
-9.050177393524603405e+33
-6.787633045143452554e+33
-5.430106436114762043e+33
-4.525088696762301702e+33
-1.262719314561359711e+31
2.612087783874887680e+17
2.612087783874887680e+17
2.612087783874887680e+17
2.612087783874887680e+17
2.612087783874887680e+17
2.612087783874887680e+17
2.612087783874887680e+17
2.612087783874887680e+17
2.612087783874887680e+17
2.612087783874887680e+17
2.612087783874887680e+17
2.612087783874887680e+17
2.612087783874887680e+17
2.612087783874887680e+17
2.612087783874887680e+17
2.612087783874887680e+17
2.612087783874887680e+17
2.612087783874887680e+17
2.612087783874887680e+17
2.612087783874887680e+17
2.612087783874887680e+17
2.612087783874887680e+17
2.612087783874887680e+17
0.000000000000000000e+00
0.000000000000000000e+00
0.000000000000000000e+00
0.000000000000000000e+00
2.612087783874887680e+17
2.612087783874887680e+17
2.612087783874887680e+17
2.612087783874887680e+17
2.612087783874887680e+17
2.612087783874887680e+17
0.000000000000000000e+00
0.000000000000000000e+00
2.612087783874887680e+17
2.612087783874887680e+17
2.612087783874887680e+17
2.612087783874887680e+17
2.612087783874887680e+17
2.612087783874887680e+17
2.612087783874887680e+17
2.612087783874887680e+17
2.612087783874887680e+17
2.612087783874887680e+17
2.612087783874887680e+17
2.612087783874887680e+17
0.000000000000000000e+00
0.000000000000000000e+00
0.000000000000000000e+00
0.000000000000000000e+00
0.000000000000000000e+00
0.000000000000000000e+00
0.000000000000000000e+00
0.000000000000000000e+00
2.612087783874887680e+17
2.612087783874887680e+17
2.612087783874887680e+17
2.612087783874887680e+17
2.612087783874887680e+17
2.612087783874887680e+17
2.612087783874887680e+17
2.612087783874887680e+17
2.612087783874887680e+17
2.612087783874887680e+17
2.612087783874887680e+17
2.612087783874887680e+17
2.612087783874887680e+17
2.612087783874887680e+17
2.612087783874887680e+17
2.612087783874887680e+17
2.612087783874887680e+17
2.612087783874887680e+17
2.612087783874887680e+17
2.612087783874887680e+17
2.612087783874887680e+17
2.612087783874887680e+17
2.612087783874887680e+17
2.612087783874887680e+17
2.612087783874887680e+17
2.612087783874887680e+17
2.612087783874887680e+17
2.612087783874887680e+17
2.612087783874887680e+17
2.612087783874887680e+17
2.612087783874887680e+17
2.612087783874887680e+17
2.612087783874887680e+17
2.612087783874887680e+17
2.612087783874887680e+17
2.612087783874887680e+17
2.612087783874887680e+17
2.612087783874887680e+17
2.612087783874887680e+17
2.612087783874887680e+17
2.612087783874887680e+17
2.612087783874887680e+17
2.612087783874887680e+17
0.000000000000000000e+00
0.000000000000000000e+00
0.000000000000000000e+00
0.000000000000000000e+00
0.000000000000000000e+00
2.612087783874887680e+17
2.612087783874887680e+17
2.612087783874887680e+17
2.612087783874887680e+17
2.612087783874887680e+17
2.612087783874887680e+17
2.612087783874887680e+17
2.612087783874887680e+17
2.612087783874887680e+17
2.612087783874887680e+17
2.612087783874887680e+17
2.612087783874887680e+17
2.612087783874887680e+17
2.612087783874887680e+17
2.612087783874887680e+17
2.612087783874887680e+17
2.612087783874887680e+17
2.612087783874887680e+17
2.612087783874887680e+17
2.612087783874887680e+17
2.612087783874887680e+17
2.612087783874887680e+17
2.612087783874887680e+17
2.612087783874887680e+17
2.612087783874887680e+17
2.612087783874887680e+17
2.612087783874887680e+17
2.612087783874887680e+17
2.612087783874887680e+17
2.612087783874887680e+17
2.612087783874887680e+17
2.612087783874887680e+17
2.612087783874887680e+17
2.612087783874887680e+17
2.612087783874887680e+17
2.612087783874887680e+17
2.612087783874887680e+17
2.612087783874887680e+17
2.612087783874887680e+17
2.612087783874887680e+17
2.612087783874887680e+17
2.612087783874887680e+17
2.612087783874887680e+17
2.612087783874887680e+17
2.612087783874887680e+17
2.612087783874887680e+17
2.612087783874887680e+17
2.612087783874887680e+17
2.612087783874887680e+17
2.612087783874887680e+17
2.612087783874887680e+17
2.612087783874887680e+17
2.612087783874887680e+17
2.612087783874887680e+17
2.612087783874887680e+17
2.612087783874887680e+17
2.612087783874887680e+17
2.612087783874887680e+17
2.612087783874887680e+17
2.612087783874887680e+17
2.612087783874887680e+17
2.612087783874887680e+17
2.612087783874887680e+17
2.612087783874887680e+17
2.612087783874887680e+17
2.612087783874887680e+17
2.612087783874887680e+17
2.612087783874887680e+17
2.612087783874887680e+17
2.612087783874887680e+17
2.612087783874887680e+17
2.612087783874887680e+17
2.612087783874887680e+17
2.612087783874887680e+17
2.612087783874887680e+17
2.612087783874887680e+17
2.612087783874887680e+17
2.612087783874887680e+17
2.612087783874887680e+17
2.612087783874887680e+17
2.612087783874887680e+17
2.612087783874887680e+17
2.612087783874887680e+17
2.612087783874887680e+17
2.612087783874887680e+17
2.612087783874887680e+17
2.612087783874887680e+17
2.612087783874887680e+17
2.612087783874887680e+17
2.612087783874887680e+17
2.612087783874887680e+17
2.612087783874887680e+17
2.612087783874887680e+17
2.612087783874887680e+17
2.612087783874887680e+17
2.612087783874887680e+17
2.612087783874887680e+17
2.612087783874887680e+17
2.612087783874887680e+17
0.000000000000000000e+00
0.000000000000000000e+00
0.000000000000000000e+00
0.000000000000000000e+00
0.000000000000000000e+00
0.000000000000000000e+00
2.612087783874887680e+17
2.612087783874887680e+17
2.612087783874887680e+17
2.612087783874887680e+17
2.612087783874887680e+17
2.612087783874887680e+17
2.612087783874887680e+17
2.612087783874887680e+17
2.612087783874887680e+17
2.612087783874887680e+17
2.612087783874887680e+17
2.612087783874887680e+17
2.612087783874887680e+17
2.612087783874887680e+17
2.612087783874887680e+17
2.612087783874887680e+17
0.000000000000000000e+00
0.000000000000000000e+00
0.000000000000000000e+00
0.000000000000000000e+00
0.000000000000000000e+00
0.000000000000000000e+00
0.000000000000000000e+00
0.000000000000000000e+00
