2.602664019568005829e-03
2.514706242798091761e-03
2.595815535644519206e-03
2.586867927750781219e-03
2.616346968650776206e-03
2.601244176946911502e-03
2.535633315334220352e-03
2.341417391364391132e-03
1.739798777506210105e-03
7.036151402211426311e-04
-5.487896451813865538e-04
-1.772265670951369198e-03
-3.192723709541291782e-03
-4.468038315117770116e-03
-5.115345559169417675e-03
-5.072284617397344007e-03
-4.825596474541691237e-03
-4.163262590358552014e-03
-3.285446620521315347e-03
-2.535896228630811489e-03
-1.904965655776178152e-03
-1.562173651431577118e-03
-1.151916143949693319e-03
-1.421931255570551460e-03
-1.368381558045618507e-03
-1.163190707634113343e-03
-1.151094322836347357e-03
-1.027568412878459257e-03
-9.422774909600833970e-04
-8.273699171369438632e-04
-8.443629933145997126e-04
-8.039993534093227597e-04
-1.167531748158363034e-03
-1.423615508872032439e-03
-1.590968253475265630e-03
-1.568578808000064585e-03
-1.605498638476898646e-03
-1.239597423584749792e-03
-5.734704939844496689e-04
8.081721278832170775e-05
4.866526385536890532e-04
9.181626659942222638e-04
1.330739335079784936e-03
1.241524191550440149e-03
1.342115098213208678e-03
1.319644484192386081e-03
1.326304362566235219e-03
1.350506057110741065e-03
1.252258299383421066e-03
1.093641487864373480e-03
9.821830997109484533e-04
8.012956992113646343e-04
6.914567162467126710e-04
7.962743982167335951e-04
1.078212188891254685e-03
1.299840351789321872e-03
1.001280320988526566e-03
8.078272676144485076e-04
6.589319507001202688e-04
1.805151161546450272e-04
-4.878383902004497920e-04
-1.013275755340774633e-03
-1.195462230164203886e-03
-1.657837138289684070e-03
-2.123751763789617168e-03
-2.527344245522023230e-03
-2.792023817034944722e-03
-3.134388789852384991e-03
-3.478510983602455323e-03
-3.631991545856054580e-03
-3.804568949880306281e-03
-3.926036057019663232e-03
-4.144718742162945176e-03
-3.844893972134544573e-03
-3.545143362594538328e-03
-3.325461949592345336e-03
-3.333370134166407581e-03
-3.147161289371489760e-03
-2.951097610540416583e-03
-2.962334702777187634e-03
-2.924158779103880421e-03
-2.787058635939507461e-03
-2.379344067751628777e-03
-2.155927478482100920e-03
-1.835236262204153861e-03
-1.801734685864186556e-03
-1.887162371868177048e-03
-1.839584862352343841e-03
-1.942335135809230076e-03
-2.053741240021356943e-03
-2.088360634459867932e-03
-2.900136575204256828e-03
-2.938939236994441220e-03
-3.065870669835283214e-03
-3.275571833939300986e-03
-3.847577112475445218e-03
-3.888814946481051939e-03
-2.979552046193897127e-03
-2.648618711082656452e-03
-2.290357878085495184e-03
-1.693477790034303475e-03
-7.847485419721008130e-04
-7.083955922200556657e-04
-5.484434189916321005e-04
-3.952542315288908883e-04
-3.378023296305949033e-04
-2.603905196137847717e-04
-1.775735198916129573e-04
1.254473677765361611e-04
2.865043034689078601e-04
3.760749937601860706e-04
5.018937411482405448e-04
5.091819636635241302e-04
6.146087277794062874e-04
7.335900799580935333e-04
8.414418880968102402e-04
9.940660523098771798e-04
1.089506997182442156e-03
1.178706403073234580e-03
1.434649410861807764e-03
1.367288848506300952e-03
