2.087012093253679857e-04
-6.112885531983113241e-01
-4.075770532481045039e-01
-3.059653928111586985e-01
-2.450509281682281271e-01
-2.033939133434785329e-01
-1.740262517166495937e-01
-1.523351669326033775e-01
-1.356383651749253072e-01
-1.222086426063329068e-01
-1.111800610494669550e-01
-1.023206098706011952e-01
-1.025253722132509898e-01
1.941308564816113247e-03
2.514590818275285345e-03
1.700808714660436349e-03
2.281575556922556779e-03
2.085504383548339533e-03
2.312628008405846064e-03
6.998577223338155011e-03
7.639495281850964929e-03
7.756147719935519748e-03
8.684534102035360026e-03
1.005054301489035143e-02
1.058250429894592136e-02
9.246350162624856692e-03
9.717490489123042918e-03
1.216031709997620301e-02
1.267592961628249276e-02
1.301455145059978759e-02
1.259527228972505408e-02
8.457180121455958044e-03
8.481931394420006917e-03
7.834261496377326744e-03
7.701832135086877917e-03
7.245932359783294370e-03
7.068289697869725718e-03
4.969397363090624804e-03
3.442746470244451018e-03
1.074096514305936242e-03
-6.225229947029558815e-04
-2.208465224909896430e-03
-4.075052605645646496e-03
-6.817631041428655857e-03
-7.318006092662576560e-03
-7.802145860913292826e-03
-8.858263189184948858e-03
-9.261924183234493055e-03
-9.244554588341693385e-03
-8.218827658402866679e-03
-7.540663888446757536e-03
-6.579891055963187248e-03
-5.775529997522377799e-03
-4.607574473081465193e-03
-2.864303297725792705e-03
-8.405898742688515260e-04
-1.443873598132787255e-03
-1.173740664175619390e-04
3.891898803284601568e-04
2.449072643618069593e-04
2.006109988354695401e-04
1.124966861623706576e-04
2.186955007871412265e-05
1.085631474733061767e-06
-1.588650530584235446e-04
-1.784997044657308802e-04
-6.621704391367676506e-05
1.354802436585209285e-04
7.615787233441604536e-04
6.781850324670976810e-04
5.996356592504723014e-04
5.357342484048995728e-04
5.658269619505608330e-04
-1.112804157767511301e-03
-1.803959625488914731e-03
-1.831065393467422699e-03
-2.345988725929123043e-03
-2.587695887960960936e-03
-2.759594599771200783e-03
-2.546402238200649003e-03
-2.438946008700676026e-03
-2.517083328455751133e-03
-2.528207097630049208e-03
-2.287953394577663200e-03
-2.423802748709197145e-03
-1.340433779425780460e-03
-1.978606904851112815e-03
-2.191004627300071131e-03
-1.733212389399653832e-03
-1.733944774058869369e-03
-1.618205832381003698e-03
-1.986949844018636238e-03
-4.182298301212423151e-03
-4.752093818897155583e-03
-4.897933382893212943e-03
-5.019086645964583766e-03
-5.541095945972468982e-03
-5.342602679145352917e-03
-4.292700768520867592e-03
-4.090424049872072240e-03
-4.841862923554581498e-03
-4.684761006207388730e-03
-4.627310647506426011e-03
-4.369756029295891915e-03
-2.625430482890747565e-03
-1.910790970366893276e-03
-1.647148748218903473e-03
-1.203175547045856435e-03
-3.860015112767439436e-04
1.719904102974134880e-04
6.773541217396632924e-04
1.067070179368538076e-03
2.215745300471127881e-03
2.260173351903084667e-03
2.361222398769256391e-03
2.349496287812499491e-03
2.775137664839476010e-03
2.572893767690574013e-03
2.423479869606370504e-03
2.312724784922379640e-03
1.979912585622284511e-03
1.772672880740372653e-03
1.530315494974475443e-03
1.041016553975674004e-03
7.937168864177612153e-04
4.146036309453714035e-04
3.455270556550606794e-04
2.840240403824897410e-04
3.101549956525053060e-04
5.722375392483737815e-04
6.698942188750858957e-04
4.747350824926234100e-04
7.036190990534441038e-04
9.503071914829254972e-04
1.029303506057942588e-03
1.207458402816401124e-03
1.111405410705516459e-03
1.405536989619714716e-03
1.410997534418073586e-03
1.595494574978713331e-03
1.397135971595537618e-03
9.549928343371505771e-04
-1.843840836330164212e-04
9.745721832064473469e-04
2.712489960394743986e-04
1.449416032088200182e-04
-7.352597583525576595e-04
-1.088683062930333048e-03
-1.223801268098779127e-03
-1.363815671817415059e-03
-1.636314677362410127e-03
-2.334204162155786508e-03
-3.006162414094182712e-03
-3.703588797539260607e-03
-3.955688351705168200e-03
-8.596486307546018571e-03
-9.873839480580058961e-03
-1.204417466980407629e-02
-1.362083423297913605e-02
-3.508745318635703853e-02
-6.409065543628375550e-02
-1.098541965983347718e-01
-1.094893805915471002e-01
-1.087732895881403511e-01
-1.079131431756714526e-01
-1.069127783009332228e-01
-1.055810523754239366e-01
-1.021397597996128725e-01
-1.002248869348458388e-01
-9.806298154585392501e-02
-9.569961911730374970e-02
-7.387663439774556917e-02
-4.450927928289182683e-02
1.492757502896263633e-03
1.476705570979791257e-03
1.422251853254511561e-03
2.434022324729178972e-03
2.443330294916906936e-03
2.354752954109450187e-03
2.176267157065489913e-03
2.161985558980315976e-03
2.106627108744148907e-03
2.473637758138577409e-03
2.346706322805090436e-03
2.197425970492511687e-03
2.094466274017432565e-03
1.913853142405963622e-03
1.726405930760199249e-03
5.191701408840949765e-04
2.318568523471594160e-04
6.508961802943038024e-05
-3.013325899269329432e-03
-1.041226616165305367e-02
-2.704491148497837824e-02
-5.381704700825159365e-02
-1.081808267384568173e-01
-1.084506773993818424e-01
-1.085593683374856538e-01
-1.085247633557694380e-01
-1.085339599482511019e-01
-1.084974855553491185e-01
-1.084134280047932553e-01
-1.082786758829508006e-01
-1.052159398934848916e-01
-9.797032102670372167e-02
-8.144122813569239228e-02
-5.512733835832855228e-02
-8.033066744356590636e-04
-2.482793611539039092e-03
-2.933419994999228453e-03
-2.841712889876110443e-03
-3.324733737671698320e-03
-3.792140171909169025e-03
-4.194720860810532102e-03
-4.078363436746557970e-03
-3.956362033681981409e-03
-3.927090657032216228e-03
-2.451348506960139562e-03
-2.594313482956351127e-03
-2.392624681430905939e-03
-3.236484953969972979e-04
2.519069320781888114e-04
2.052687599919989804e-04
7.635442995828188454e-04
1.309894362779154839e-03
1.840361301568764095e-03
1.780420927505187894e-03
1.763205795709640649e-03
1.798732929210370909e-03
4.565316320829769796e-04
5.715424606166901594e-04
2.459873283034781275e-04
3.743531412374114133e-05
6.412361541107033903e-05
1.152498723790740297e-04
6.907882488158165158e-05
5.428779989086899221e-05
-2.958922016325317555e-05
-1.332080915107738148e-04
