5.075987570292272294e-04
8.670897748572965226e-04
1.151861197501133621e-03
9.976428898251432295e-04
8.881625532369422180e-04
8.090794021488339647e-04
7.923604694630288726e-04
6.968537419655682942e-04
5.670596687900605155e-04
7.414140820233341153e-04
7.903013032953121316e-04
8.628239909882509618e-04
9.481559495248845053e-04
1.235906765275965368e-03
1.351162381462364453e-03
1.365975075029640879e-03
1.492184173386037213e-03
1.929686071169122580e-03
2.318030538336653904e-03
2.226288559296609338e-03
2.333102951365909321e-03
2.457506633016181500e-03
2.803719900274479621e-03
3.133820878673684862e-03
3.446695532468992129e-03
3.824230132248576750e-03
4.075530577238840012e-03
4.423090002855676814e-03
4.493254755614658862e-03
4.140044171002776885e-03
3.957433956388201925e-03
4.075300106941356394e-03
4.006394969827168154e-03
3.775096398651073010e-03
3.812590650140070068e-03
4.445814269401256701e-03
5.172665961544778597e-03
5.776929992412463931e-03
7.209402127381012160e-03
8.788485041773604067e-03
1.057090946769830182e-02
1.133029324808274008e-02
1.238867837260643895e-02
1.263710724803029928e-02
1.233913034133500737e-02
1.211904084579032426e-02
1.135131089431781065e-02
1.096358516790542532e-02
9.723270829225355918e-03
9.304250549262493147e-03
9.216999553620843638e-03
8.455909065370166913e-03
7.783306595427106310e-03
7.152775353794992540e-03
7.515024169787765801e-03
8.550917973234069616e-03
8.527474619522671176e-03
9.044817782822124966e-03
1.031106655874439691e-02
1.128096711960340816e-02
1.150933659762684060e-02
1.075875097993016227e-02
1.018390785259417654e-02
9.456735028211810459e-03
8.236798034470917476e-03
7.490968676581982906e-03
6.737814413284487318e-03
6.244113600515144476e-03
6.626238675974518121e-03
6.688184138502043831e-03
6.640731280004020382e-03
6.392653147407723058e-03
6.464897160514336029e-03
6.109298582961567026e-03
5.379232603311273619e-03
5.165674320196563148e-03
4.593042919419185188e-03
4.194587612273443372e-03
3.816027720035166087e-03
3.883588149101879165e-03
3.936279002606402934e-03
3.904691574021298874e-03
3.783793578389081560e-03
3.486614781156716428e-03
2.907026069074183927e-03
2.221724754772098128e-03
1.557077710102020181e-03
8.504295326473310665e-04
5.107516713586567536e-04
3.151247254048034595e-04
1.835086857202649724e-04
1.401266332142834907e-04
1.115566343411890875e-04
1.549964784113044326e-04
1.950895648185187127e-04
2.063367499218783641e-04
1.962424125432269924e-04
2.266100726067427215e-04
2.181209197966920777e-04
1.847094839850301363e-04
1.400659953539456495e-04
1.169888217722837783e-04
9.925893729792149161e-05
6.247945151006258308e-05
5.802158585808503237e-05
3.406652908808754628e-05
3.189500927863244008e-05
3.462096067626779485e-05
3.133634852193916586e-05
3.280101373446662783e-05
2.440390569390195587e-05
2.347126858147775656e-05
2.207883763658537938e-05
2.680682970908179524e-05
2.902519729388660185e-05
3.210006107221935841e-05
6.165439315132662846e-05
1.128930528860055027e-04
3.574698770946366819e-04
4.595393371959511394e-04
6.023103615272112693e-04
8.796287477529519255e-04
9.839504237747628227e-04
1.077130433120587934e-03
9.278459762857220287e-04
1.032963969010376086e-03
9.731912708556906188e-04
8.318359527881650497e-04
8.287721177304982825e-04
7.742433252933863912e-04
8.794965682506621389e-04
7.807019411576026626e-04
7.766292971125863046e-04
7.712371147605951533e-04
7.009694589999071641e-04
6.661970489621650430e-04
5.208730611676788171e-04
4.138261583353518877e-04
3.280368674901692452e-04
1.905642128810925014e-04
1.293012873909265279e-04
7.182196262215020650e-05
1.435036888120613050e-05
5.564496507654638704e-06
7.084557774751321861e-06
1.842769884888707286e-05
2.093357042210439539e-05
2.191076147196344495e-05
2.062291999330385226e-05
1.860234692845989712e-05
1.722580936259494511e-05
6.827412977182034171e-06
3.238857983640611198e-05
7.119349983041911350e-05
2.271927403663016615e-04
2.540020215668295652e-04
2.779227739446793943e-04
2.869906801258885931e-04
2.624352240878937933e-04
2.241868994253751592e-04
6.808736177454676245e-05
4.015258362799313334e-05
1.429254192066765210e-05
-9.746745850141746606e-07
-2.234738900164160620e-05
-6.273277573107985774e-05
-1.059432181488477800e-04
-2.196106196613165822e-04
-2.768999280545392434e-04
-3.372215421015394552e-04
-4.353528790725649735e-04
-4.764160814024465920e-04
-5.006727598897386640e-04
-4.565633481636207085e-04
-5.408122460395448560e-04
-6.333870710565911791e-04
-6.064555894299656583e-04
-6.005050732048200111e-04
-5.886673589693417396e-04
-5.838608547274025265e-04
-6.101842522733474461e-04
-6.644428763766924671e-04
-9.164702380735261292e-04
-1.109803300486192053e-03
-1.292085597758512935e-03
-1.619604007661736228e-03
-1.820597026802413558e-03
