7.227690146931225372e-04
-3.789188161422482452e-04
-5.552149020220218008e-04
-2.707652645716463434e-04
-7.008609499646505439e-04
1.695593892580230389e-04
-5.383938799190101255e-04
-2.412386574157809763e-04
-5.280672886163705060e-04
1.721962782949578818e-04
-1.619995569139024913e-04
-1.030276790916103986e-03
-1.685223976574893017e-03
-8.424321996159653053e-04
-1.044063255948283206e-03
-6.698151167576749630e-04
-4.615129895389202277e-04
-1.085335736341712203e-03
-2.719311970656071442e-03
-3.328805690539010740e-03
-9.296967861095850605e-03
-1.063028950510503702e-02
-5.140691958575711179e-03
-2.735915187714647000e-04
-4.723025094505142101e-05
2.565478158918083496e-03
2.070953321641162432e-03
1.306603787954988948e-03
-3.989438257018158157e-03
-2.341050029164011385e-03
-1.477048292813501300e-02
-1.068411945185082992e-02
-1.865432670883059724e-02
-5.622624682338089354e-03
7.725423123050290802e-03
9.798208288564647095e-03
1.102310596319013361e-02
5.208626571714550756e-03
2.770336914315637937e-03
2.496582714464245373e-03
1.882731689868498383e-03
1.662641000421533760e-03
3.043337977585418123e-03
1.210004965532766787e-03
1.085533101481863782e-03
1.101092533901796167e-03
2.272071664619888711e-03
1.319295085780094242e-03
1.920401062182653306e-03
1.857760119105467643e-03
3.773331613169628347e-03
2.672234616175516754e-03
1.877438908179837260e-03
1.336942440766470232e-03
1.784664866352336050e-03
1.379045518821360623e-03
3.320974513442362819e-03
2.144181406753638362e-03
1.617748425931706587e-03
1.101882392932821038e-03
1.513514970086325597e-03
1.643219696964553144e-03
3.692364951826833559e-03
1.216937012158912082e-03
1.182919913918799087e-03
1.087495278064075192e-03
1.105365638785401174e-03
6.364110889974799882e-04
8.066638577795668839e-04
6.989780976186164797e-04
9.176142493671473471e-04
5.080657046144057033e-04
5.804660940307953794e-04
3.932195526851449277e-04
5.269273573420457700e-04
1.183920762372081244e-03
1.860856087151520951e-03
9.772719908005328068e-04
1.720365564506995144e-03
1.508567243381584789e-03
2.312184217125992647e-03
1.134787845885099110e-03
7.685707405873281120e-04
8.861645457705936979e-04
1.085426877746724708e-03
4.580825675176812962e-04
1.093218146624464057e-03
4.391824021789251836e-04
8.689199065989964025e-04
3.641081142380325850e-04
3.993610428166529877e-04
3.769159017697596326e-04
3.460329773669020069e-04
1.824855000686492214e-04
4.592040933117742720e-04
2.381820895509990802e-04
2.685363164826325187e-04
2.982624299071218220e-04
4.534456527596416610e-04
4.444408836720848267e-04
7.512119772838286250e-04
6.361765815749752598e-04
2.564907202626464603e-04
2.206446897183592050e-04
2.193191364646407946e-04
4.230595865874706976e-04
3.062212208737427653e-04
4.401093037824957920e-04
3.966844482659642366e-04
3.466625755877950055e-04
1.043140050420129786e-03
8.179433678839686346e-04
7.538268486593951209e-04
1.039263397965084186e-03
2.625836211724057005e-03
4.744604129323210483e-03
2.938305894809264875e-03
2.259927153864652039e-03
2.841054083860773335e-03
1.413825279263025529e-03
9.313428313271035529e-04
9.681245739236473248e-04
1.390300370231203463e-03
1.037966007222393015e-03
1.210236131092350467e-03
4.162924043002316256e-03
1.371412153692107457e-03
5.271198775775844331e-04
4.780423917529915117e-04
9.989822619211579779e-04
6.747720839640684691e-04
8.204557463865444662e-04
5.017473918117593395e-04
5.149051650992996464e-04
8.157660601680126033e-04
8.437689412903612513e-04
8.270866109639743446e-03
1.310630099619821201e-02
6.336033837543608065e-04
1.499620250034559366e-03
1.523783603616500615e-02
1.397421012167437884e-03
1.848782250019585099e-03
8.831328528161677422e-04
1.278696218033727747e-03
5.925126779558724391e-04
1.712499867543881707e-03
1.306229005044237494e-03
1.857388900476311102e-03
9.661533348536558482e-04
2.392792202098186795e-04
1.563549422642696355e-04
8.318208873193817495e-04
2.267951895436537348e-04
5.279852178469898174e-04
1.199938127267831042e-03
2.534696390624959807e-03
8.939796150842070242e-04
2.429484049716582397e-03
3.623645319654368721e-04
4.418905273315093638e-04
5.115266776849723696e-04
1.036518512217019829e-03
3.394485991699638678e-03
8.259985674038285543e-04
7.532547835878293562e-04
4.798790799980067585e-04
5.577018322956464163e-05
3.996509384799532385e-04
2.540037822948159360e-04
2.867725889256671559e-04
8.754864382039105218e-04
-3.771453182192895776e-04
2.584379596482007813e-04
6.932998106197230158e-04
5.776010123559660375e-04
5.028166111384039941e-04
8.654560299531727707e-04
2.719434363593839781e-04
3.993339022640945263e-04
7.264727997197198417e-04
3.830274348620647373e-04
3.355154733313848721e-04
2.821374228909505149e-04
1.814838801359398748e-04
2.266011313179135036e-03
-1.035028690227858929e-03
-9.632240284188383738e-05
-9.068862135889600804e-04
-3.197227919923562207e-03
-2.352249680812154315e-03
1.074020238669195078e-04
5.892045903789878492e-04
1.292651475964166051e-04
3.107803197379614517e-04
8.254806710992655325e-05
-1.165934696191412497e-04
3.502104342890614147e-04
1.040017959278289033e-03
8.237116716414342836e-04
7.799768826197443685e-04
9.157704131181575169e-04
9.830136321905062725e-05
-7.926292460305795796e-04
-4.054625256899518438e-04
-5.782458448241905484e-04
2.238954711181879694e-04
4.183871374616662808e-04
-2.880354290095339144e-04
5.456184331413741059e-04
8.496612283120606995e-04
8.237136644025685583e-04
9.121395134991147190e-04
2.866871839748440817e-04
4.777780259349447760e-04
1.013217426987148831e-03
7.263271680878151783e-04
5.149790046616563050e-04
2.768426339404976609e-04
7.960809654114260484e-04
3.938023303751143726e-04
3.452098585529679987e-04
1.990803235501134572e-04
-1.979780607978824899e-05
-9.584011811964179785e-05
-6.479602068456992566e-04
-3.629407848649418827e-04
-1.524239437876742881e-04
-5.968054024135756091e-05
-3.912511172310182127e-05
-5.795879190379043784e-04
-6.988245231931388942e-04
-5.041104983267089956e-04
4.728029417472625609e-04
3.485384954464755829e-04
8.917280116660683098e-05
3.528757509350945957e-04
5.725401655062476673e-04
6.309128153080069456e-04
