2.920364451378041227e-03
2.976120824326505560e-03
3.000673685551770442e-03
3.199104310503103187e-03
3.236356910600170916e-03
3.334765612584908532e-03
3.337760635773308945e-03
3.334186313644093604e-03
3.341577954780306989e-03
3.325348873278250600e-03
3.303288866352012843e-03
3.309161532323393832e-03
3.354125682257172534e-03
3.424908102344957975e-03
3.483355967254912061e-03
3.482017673234881049e-03
3.534136172246455168e-03
3.520686727435080789e-03
3.552451493596257056e-03
3.633941322392868819e-03
3.703034905185663851e-03
3.768539128515715000e-03
3.817102205074287147e-03
3.892748377221084358e-03
3.915824549319668786e-03
3.862750735022498893e-03
3.847494290018479198e-03
3.821765094524945134e-03
3.761940863429354132e-03
3.682958368890142456e-03
3.574830419697812289e-03
3.402530818479786948e-03
3.245091101630811700e-03
3.107018375327352117e-03
2.963793617251467543e-03
2.772242388574967190e-03
2.620416867644725142e-03
2.488724091395542928e-03
2.335704074880011992e-03
2.200577780065916377e-03
2.119680112755986928e-03
2.072380416562655866e-03
2.040043684938915546e-03
1.986139586438157630e-03
1.918518053056037344e-03
1.852121833644143059e-03
1.812682731780580064e-03
1.768041417847792318e-03
1.739492811209965772e-03
1.744816221636462383e-03
1.739971877822105465e-03
1.710901437928774756e-03
1.649831424493486626e-03
1.573163154138419728e-03
1.491956455954912509e-03
1.442958636294131578e-03
1.421067789144853663e-03
1.415179973734253735e-03
1.375550045458999318e-03
1.353359608915854530e-03
1.331555789341264768e-03
1.301832474277708415e-03
1.280303035644556530e-03
1.295481905086811074e-03
1.285257301952545802e-03
1.289410064376313907e-03
1.291364588320561245e-03
1.309865866636189362e-03
1.295379406977444298e-03
1.256238121195460801e-03
1.247499743839501065e-03
1.217710637150183194e-03
1.153506893581978917e-03
1.072827952368879444e-03
9.814821248790442723e-04
8.752261414724608066e-04
7.919503582816416918e-04
7.046657613391326238e-04
6.264530018413049005e-04
5.447034346322342886e-04
4.737682917612996984e-04
4.007414064119060588e-04
3.356958479294041577e-04
2.687742269852686329e-04
2.344239576245062649e-04
2.272100429329137496e-04
2.324192819365995940e-04
2.280342201887409169e-04
2.225766149380442160e-04
2.370260331314206386e-04
2.518809568677512741e-04
2.848147823719651066e-04
3.065662943567008304e-04
3.369626164587417503e-04
3.746706226178306808e-04
4.134674413284809662e-04
4.484351721156380516e-04
4.742646348358425974e-04
4.924095696714660001e-04
5.174608365743146735e-04
5.441943883788693355e-04
5.765682701798041611e-04
6.146439560888923050e-04
6.160374471015058265e-04
6.227408578438508495e-04
6.303823900833390803e-04
6.155921523411330733e-04
6.026208281492128347e-04
5.917323935153743445e-04
5.682036616275990427e-04
5.345258938813362420e-04
4.894393597805868747e-04
4.410380855435324233e-04
3.754240716436089216e-04
2.985171088152779027e-04
2.805770389531185159e-04
2.447427038271390355e-04
2.147839866576748801e-04
2.075101764368591248e-04
2.134613970855526663e-04
2.093217897962903497e-04
2.152665790942538953e-04
2.260802869637841192e-04
2.471921331982789862e-04
2.633265048155363571e-04
2.873271752020601982e-04
3.167658999405061700e-04
3.126777115572014812e-04
3.426742066786633931e-04
3.756149284989265878e-04
3.890635249098984096e-04
4.000738807404833415e-04
4.081139918734919101e-04
4.002021455735058336e-04
3.771294289828144679e-04
3.405358184793239669e-04
2.894877746775798445e-04
2.368668820426518811e-04
1.952369469549213499e-04
1.461751364304896428e-04
7.841699924166535280e-05
1.602408321668927107e-05
-5.952000674673999328e-05
-1.612685637545211760e-04
-2.552361224238195564e-04
-3.289083414856275246e-04
-3.752523397333841840e-04
-4.148542917265839527e-04
-4.331969941981133796e-04
-4.465356600091760757e-04
-4.677555570913043310e-04
-4.825874797142614032e-04
-5.195202176169838809e-04
-5.540882749432451439e-04
-5.743683158020251693e-04
-5.865339544864167469e-04
-6.696770389499856306e-04
-7.703018798142245499e-04
-8.289915416650493534e-04
-8.668550316487237152e-04
-9.022151821153757793e-04
-9.409599459819848041e-04
-9.743652150565121350e-04
-1.012383706982408109e-03
-1.026526663010453875e-03
-1.061668567872844221e-03
-1.091539461026620837e-03
-1.112800894165654657e-03
-1.071952203452615797e-03
-1.043359121337415372e-03
-1.080483354324838054e-03
-1.129300322327744972e-03
-1.181437385306472951e-03
-1.231309679801040422e-03
-1.269041438380136494e-03
-1.287747416413433359e-03
-1.277359405760014393e-03
-1.257548375476427336e-03
-1.228875118578797105e-03
-1.174522730298300241e-03
-1.093473245307873811e-03
-9.936315307901945944e-04
-8.642301237225742975e-04
-7.405458857360668534e-04
-6.019575094111766222e-04
-4.572525258861764625e-04
-3.128625060685994211e-04
-1.702048189502810421e-04
-5.133977075219670299e-05
5.028910181011133886e-05
1.351686560550924580e-04
1.893271941886100283e-04
2.179870238829111908e-04
2.556113353288012825e-04
2.880322633766291772e-04
3.175221060237923255e-04
3.332937791559563022e-04
3.343391269527722000e-04
3.068179191581959261e-04
