-7.651789953934814426e-01
-6.699240469118323826e-01
-1.679045002724930680e-01
-7.876988489349885658e-02
-4.461658370105633237e-02
-1.137880894319216185e-01
-3.948570516044608847e-01
-2.534601046585795436e-01
-4.984778966969148351e-01
-3.700602127844679901e-01
-2.219851059015061634e-01
-5.990131487722051284e-01
-1.296633878992877742e-01
-2.590724770551948719e-01
-2.394281978946728451e-01
-2.518329922169896262e-01
-3.124370091515045744e-01
-3.773241659913816881e-01
-7.708297380522584064e-01
-2.682552458943561757e-01
-2.073669388267962987e-01
-5.317779061157461573e-01
-9.784153330313787311e-01
-1.472417885102542123e-01
-2.230924201039072297e-01
-2.708195400318751389e-01
-3.274293975195826656e-01
-9.348974309654171089e-01
-1.297570004051488368e+00
-1.177375251254644262e+00
-1.414327340640397335e+00
-1.291346059274376845e+00
-7.116360356510001983e-01
-3.819085050216591837e-01
-4.948632395092266156e-01
-4.739608388353021562e-01
-1.514532120797286441e-01
-9.188709871632018134e-01
-2.418804388684579476e-01
-2.556087524478460327e-01
-1.834161672066164650e-01
-1.917473408816585956e-01
-3.784380599994425221e-01
-4.228021688075205842e-01
-1.285641682277543163e+00
-5.059678696271439069e-01
-7.373399395356057262e-01
-1.464669796110136923e+00
-1.521339190596743052e+00
-9.549705516665580873e+00
-4.145688889889881379e-01
-6.525149114505641723e-01
-5.652162750403519897e-01
-9.720091821205857130e+00
-2.140138108317992671e+00
-4.381159580154307065e+00
-1.812040121804453818e+01
-4.907436689755582115e+00
-1.729856082339576551e+00
-1.609147060873382440e+00
-4.008566076025024572e+00
-4.353253580117462107e+00
-3.430537519584389372e+01
-1.012135248620393924e+01
-2.612514660577547687e+01
-7.697976841899664135e-01
-7.813768808514924835e+00
-1.085187747341343396e+02
-5.021862124185830223e-02
-3.600584915256378749e-02
-5.341891710502329367e-03
-5.147516826453165523e-02
2.196195774790178634e-02
-2.358090174855458909e-01
-6.143919666329092921e-01
2.866811494865764351e-02
-3.861232732207821317e-03
-5.190140739979094697e-02
-5.745326692807987273e-02
5.349964730448074357e-02
