-1.302829763743686697e-01
-4.028344796278190421e-01
-4.017797066722167187e+00
-3.013565355943969681e+00
-2.410857771925627002e+00
-2.013550281958689236e+00
-1.991346251674942280e+00
-1.878518051731362215e+00
-6.911352008250067243e-03
-6.607785086226859554e-03
-6.506136632832448807e-03
-2.068248394585464525e-03
-3.022399493705945749e-03
-4.184196723447925099e-03
-1.092571847827079239e-03
-5.269589189232550507e-03
-5.315659146169712107e-03
-3.250499472100747394e-03
-3.556474437187899171e-03
-8.117599826724435086e-03
-1.912436147366556802e-02
-1.485722019693412436e-02
-1.496217650204575457e-02
-1.686124277588553141e-02
-1.675599866467297402e-02
-1.105084174087224945e-02
-3.153579062439122119e-03
-4.845578759140258158e-03
-3.451616861409723125e-02
-5.236724185867741577e-02
-5.166333562604480401e-02
-5.861086197990362373e-02
-5.609465961125547490e-02
-5.510238359554727600e-02
-4.117653071441317730e-02
-2.857104781374608313e-02
-2.911261739214558719e-02
-2.352001293203027574e-02
-2.301759269284344225e-02
-2.312148592637592801e-02
-6.572707895199076007e-03
-5.320861409227588962e-03
-6.633039171858866843e-03
-7.630515424701240362e-03
-7.509830648433165994e-03
-1.006459727164587571e-02
-9.957966386021864166e-03
-5.786144448750280868e-03
-2.646668824452500998e-02
-6.918485396955754985e-02
-9.464426156899857778e-02
-9.260287389330819352e-02
-9.704727372029499366e-02
-1.000882867348704824e-01
-9.892590334696642340e-02
-1.062615231764772322e-01
-1.279963637717825287e-01
-2.272708948302585019e-01
-3.080575155292947231e-01
-3.086996065548794910e-01
-3.115264561622227979e-01
-2.858730936404973444e-01
-2.414334467153683716e-01
-1.429655212160754474e-01
-5.981826638891816345e-02
-5.718933747809016449e-02
-3.444099857399036263e-02
-8.255043073332293466e-03
-5.907345343659530131e-03
-4.430633719941222751e-03
-5.940690493074662903e-03
-8.016047181856993109e-03
-1.054941817366072954e-02
-1.703813622888629420e-02
-2.293149442617773912e-02
-2.815456808156619958e-02
-4.193450439137036412e-02
-4.577469846570688533e-02
-4.239730376424206276e-02
-3.537285871849911445e-02
-3.010231482041106701e-02
-2.471491760899828527e-02
-9.980836660292478554e-03
-5.555459277121249130e-03
-5.547814282208012038e-03
-1.634234545995378457e-02
-3.533156566282741329e-02
-8.307499466731065041e-02
-1.086391477956113599e-01
-1.065820714059183688e-01
-2.005718684514059269e-01
-1.901940037480685242e-01
-1.705512037335045195e-01
-1.227385085357577399e-01
-9.578369166941864965e-02
-9.610274368344279283e-02
-1.657654042922747763e-03
-1.601904615448496334e-03
-1.500656574250426459e-03
-1.163516578452621162e-03
-1.152334854025639788e-03
-8.218946807132037832e-04
9.183581441438925738e-05
2.826407319505204552e-05
-3.707487460525371397e-04
8.096030533356057823e-04
7.553633360946393135e-04
