1.281004380549999582e-04
2.790325464786703341e-04
5.540913395426896914e-04
7.303254055883721171e-04
7.986674142815925132e-04
8.452451380940801187e-04
8.407008315592020284e-04
8.811928707224789704e-04
1.004436685775581982e-03
1.077788599991382629e-03
1.071896462580217320e-03
1.055677017262201525e-03
1.142383585164511318e-03
1.169640012194156928e-03
1.147682999546850149e-03
1.116876524630705135e-03
1.092334012889570631e-03
1.089285135565701843e-03
1.113614848329894363e-03
1.098581782645117718e-03
1.045177828648154649e-03
9.997316656470943159e-04
1.022077354320613139e-03
1.028594361506643927e-03
1.005006870612741967e-03
9.882564552112645898e-04
9.645732484524420329e-04
9.695625938321838231e-04
1.002950908148579623e-03
1.057725553112943062e-03
1.036410880199644053e-03
1.006195955651811684e-03
1.006667563135275542e-03
1.003738287798641151e-03
1.016652456531204817e-03
1.026828938247537635e-03
1.054120717152877201e-03
1.110187817186593243e-03
1.146520701226529364e-03
1.153112538207501109e-03
1.139312772645063778e-03
1.072869745458218758e-03
1.061980855789616384e-03
1.063704442826549470e-03
9.654533923223887829e-04
9.453804236331414838e-04
9.431417548934473280e-04
9.371813728836016384e-04
9.207623348998404894e-04
9.124014034643058773e-04
9.504066450841470092e-04
9.713128479210656092e-04
1.018886483437024450e-03
1.063073313299356393e-03
1.165612382628042863e-03
1.327421796110396209e-03
1.590182085278097832e-03
1.634674179381282420e-03
1.610619921340749336e-03
1.689973016218252648e-03
1.857024141342167659e-03
2.036325030777723106e-03
2.246555729355822172e-03
2.315766668335039139e-03
2.330020421476717164e-03
2.322178712747889184e-03
2.278116181887374688e-03
2.138382451497626482e-03
1.935302375007786181e-03
1.876677089117836797e-03
1.820872899682751331e-03
1.719121687398738078e-03
1.514662441635149194e-03
1.266967818343276309e-03
9.840467695511297738e-04
8.793310909694258002e-04
8.006224423264696882e-04
7.273948824682842330e-04
7.011757471170532901e-04
7.129879633663210653e-04
7.349962790222554091e-04
7.597527708100445219e-04
7.927050606593813746e-04
7.804058117607541763e-04
7.713749775688430585e-04
7.256101638478373297e-04
6.710977882844679221e-04
6.105834043042346684e-04
5.438538421583216610e-04
4.736984917611038876e-04
3.846113897995863070e-04
3.024851455928076818e-04
2.073945402196391912e-04
1.307585962028975143e-04
8.618209148003097076e-05
4.572381214223166884e-05
-1.845354168481473137e-06
1.237889838232942936e-05
2.443912350371835822e-05
4.108482506385267422e-06
3.492285584281574730e-05
1.153262375485665379e-04
1.557536761385815767e-04
2.129558334667903724e-04
2.395455228472217330e-04
2.657315188218811351e-04
2.650219491865447884e-04
1.943922623306830737e-04
1.870439832726365347e-04
2.123052293975345587e-04
2.740302479033584083e-04
3.607924794579448879e-04
4.224040365688810916e-04
4.843262367922988062e-04
5.763820227313471442e-04
6.833577820357276218e-04
7.975804697545330058e-04
8.687410167935076880e-04
9.580420897812012317e-04
1.155389762133928388e-03
1.299010887662059056e-03
1.407676229853490257e-03
1.388939343329863513e-03
1.394703682521912860e-03
1.397712539734056666e-03
1.415146284409418915e-03
1.449093688305145124e-03
1.378549167534311908e-03
1.298489415453709956e-03
1.279895667873060753e-03
1.265429196867351620e-03
1.223434400267714396e-03
1.190126424024560156e-03
1.162457168878206762e-03
1.242763993705171995e-03
1.287720922007346350e-03
1.352978924604127326e-03
1.212698249865243848e-03
1.269161980719408665e-03
1.275805236700960779e-03
1.341636070546738807e-03
1.331214049689766893e-03
1.285002091911107563e-03
1.244193517521057250e-03
1.188172467044783850e-03
8.925819203460550475e-04
7.815807692364732740e-04
6.839341761684117555e-04
5.249616709112394372e-04
4.626911007810029469e-04
1.429406187182011680e-04
-1.540694789952506407e-04
-3.692774735658351415e-04
-5.340230637033930444e-04
-6.156499425775795870e-04
-6.854562359051849041e-04
-7.386557302090658019e-04
-5.726243710810046674e-04
-6.247983505039198101e-04
-6.519801934900913828e-04
-6.859270308117522592e-04
-6.324839785930518434e-04
-5.835120187452418018e-04
-4.147805325166727488e-04
-3.710176326914157129e-04
-3.217805724139604956e-04
-3.378124897612656656e-04
-3.721206402871804074e-04
-3.706207241739933943e-04
-3.596103897187943529e-04
-3.427026389656782327e-04
-3.534488935512261967e-04
-3.357902408571763618e-04
-3.311842769134359672e-04
-2.936599323511701067e-04
-2.717771626718470316e-04
-2.264899825814287572e-04
-1.826610013897787593e-04
-1.543096278050403380e-04
-1.133488318800241211e-04
-9.478690882166296945e-05
-8.753450679098414352e-05
-7.688988478539233366e-05
-1.090465258406210047e-04
-1.394065688458965885e-04
-1.502973044024942062e-04
-2.107262277930019377e-04
-3.892438047196306668e-04
-6.083962179799028798e-04
-8.093035777926692190e-04
-9.599261176114081860e-04
-1.036994975127998597e-03
-1.087557235098702722e-03
-1.148164832087733046e-03
-1.196246581770750482e-03
-1.208109341735290635e-03
-1.207237075520554764e-03
-1.187716762170265387e-03
-1.109135570184913632e-03
-9.366427529275928943e-04
-7.356665019354662266e-04
-5.635306973668955874e-04
-4.471300895202848583e-04
-4.157335782828778538e-04
-4.197472469301163737e-04
-4.072731817589745587e-04
-3.739419248321386360e-04
-3.446672902837867526e-04
-3.396820946901526420e-04
-3.413823625988145183e-04
-3.483532754198472785e-04
-3.194149557284849746e-04
-3.106222614471993750e-04
-2.954666459590680615e-04
-2.626823566285795626e-04
-2.055323835562487703e-04
-1.520410051845847799e-04
-8.550315795557838366e-05
-7.025742070060332991e-05
-4.492788848767804820e-05
-1.719504866953362192e-07
1.867515859501354933e-05
1.898268350971047531e-06
-2.994092606501051499e-05
-4.284845126528468898e-05
-8.408556044515860318e-05
-1.014255195050537474e-04
-1.206119355178435589e-04
-1.266310885591939012e-04
-1.402582100930732125e-04
-1.325959717449037010e-04
-1.473446447300387160e-04
-1.686227074475609268e-04
-1.972652943992675943e-04
-2.269494996299651658e-04
-2.606605998140460487e-04
-2.755837705321856714e-04
-2.568841789479535983e-04
-2.607451610853567486e-04
