3.038781708535573693e-04
1.618601889709596201e-04
1.136122323601985285e-04
8.668995683681860885e-05
7.018149649085110152e-05
6.827709711549011229e-05
8.833203448489865446e-05
8.320349023151768909e-05
7.419108245976115503e-05
7.218502292532800514e-05
6.788873606289284467e-05
6.417913480384508510e-05
4.200156937109448852e-05
4.762845388040926872e-05
4.770744085700392713e-05
4.904306617529139329e-05
4.994468227642418840e-05
1.855496692921270591e-04
1.852631385005434363e-04
1.834165043881905773e-04
1.835735979022264260e-04
1.825391893099400200e-04
1.849141247427766807e-04
1.885359667090375912e-04
1.963167275800219017e-04
1.961056382375029076e-04
2.449013098872545344e-04
2.617910763197217432e-04
2.800883346122270924e-04
1.564159462692042691e-04
1.730618854881280956e-04
3.007764635875342951e-04
3.681791523960182221e-04
4.097851964227139441e-04
9.746838611140920929e-04
9.882832285143638550e-04
9.905720569392385908e-04
1.006138208295165792e-03
9.785673579372801412e-04
9.977011169760748033e-04
1.012190292234948965e-03
1.042971282626570543e-03
1.027715069268302040e-03
9.461271091105112651e-04
1.081715754697421764e-03
1.159936099106930645e-03
6.346693694642525181e-04
9.109466838158581476e-04
1.502400008821943049e-03
1.609137935451740225e-03
1.786705210725697719e-03
1.854819069662957650e-03
1.893984932228898709e-03
1.981126906266462203e-03
2.440508154333748559e-03
2.722484838652751687e-03
2.569094535599845356e-03
2.499127648835234531e-03
2.505210964570814183e-03
2.247258015402914429e-03
1.694051150238412226e-03
1.580251158609118209e-03
1.448074360752593963e-03
1.371868930502148686e-03
1.316265694349845255e-03
1.200268484901845017e-03
7.745612389476313206e-04
4.621162888090702379e-04
4.874180966743008763e-04
4.474255055223464697e-04
4.013141724255213979e-04
3.657854377010769163e-04
3.162024987302296600e-04
3.027030721851170199e-04
2.365500887546727229e-04
2.076059864397804744e-04
1.900366779006756792e-04
1.713669936111732910e-04
1.192218987376132097e-04
1.016132829139019725e-04
2.640431100998575004e-05
1.310247601771501783e-05
9.072579864185189333e-06
7.110940398187302041e-06
5.235161371294000085e-06
3.324578301004667853e-06
1.360148353224319386e-06
5.518945641186760257e-07
5.404591776834877092e-07
5.036660675033280306e-07
5.146307773663936927e-07
3.797699019268362922e-07
4.786299926074105186e-07
5.067022500928752174e-07
5.447661636610053792e-07
3.006373245261864853e-06
1.515481714390119835e-05
1.914797409562505869e-05
1.955489607191514075e-05
2.988669811672968587e-05
3.066292545827009570e-05
3.395834190360130599e-05
3.736251231791525620e-05
4.850808151531725256e-05
6.524498211973394181e-05
8.204185287135621664e-05
1.322755065801734832e-04
2.295164630734637190e-04
2.828235866768028135e-04
3.837376448730350060e-04
4.137519610262598902e-04
4.949570559774302356e-04
5.240675767152750590e-04
5.425170420351827991e-04
5.831776768380887667e-04
6.066447976639864452e-04
6.743810434669566438e-04
7.206695336087778859e-04
7.541614221691170933e-04
7.640034745858203732e-04
7.550577642665619879e-04
6.845592818051786420e-04
7.055969807248718218e-04
6.543425665422602936e-04
6.557059912275009289e-04
6.474708511602686022e-04
6.290732447443305548e-04
6.525923248672229823e-04
5.855923963217416059e-04
6.112074570825359963e-04
5.551072635204945928e-04
5.633051207941586940e-04
5.905356865757057901e-04
5.968255297683597608e-04
6.048792246787426316e-04
6.471642856172940160e-04
6.629269207944245290e-04
6.810908728465267991e-04
6.835758442523546174e-04
6.435402611657077207e-04
6.721992205372300314e-04
6.497443895853158898e-04
6.363476967148951925e-04
5.300563026031221339e-04
4.803128056832823428e-04
4.615633079305028860e-04
7.880861560611319159e-04
7.410579975196048301e-04
7.411234171847799930e-04
7.152093815052117153e-04
6.879292494824957443e-04
6.721162437378649067e-04
6.259454689662313385e-04
5.603729199827675459e-04
5.463108542128022101e-04
5.362575146572880853e-04
5.029072901995850940e-04
4.818314708835943799e-04
9.580929149183205901e-05
6.026111407859934124e-05
1.316731789321676814e-05
7.359865308234571779e-06
6.456367704850198606e-06
4.163065479733701454e-06
4.081237511569197041e-06
3.338632310503487601e-06
3.107922571310178974e-06
1.707192462157292020e-06
1.058566130027165484e-06
2.203997340903377408e-08
5.508528779084956000e-09
5.508203141353690163e-09
5.514682744850547439e-09
5.182685920991747823e-09
5.117132738542022923e-09
5.023555975491348933e-09
1.309797097454933040e-09
1.260215961757673614e-09
1.203388223311838490e-09
1.200126749223839338e-09
1.782607415998175050e-10
5.644171575725136687e-11
5.495199538782497724e-11
2.991921206238587379e-11
2.195178773067599988e-11
1.235935109379152651e-11
-3.073015816796734128e-12
-3.275640376795621479e-12
-7.374762841904821977e-12
-8.888564399044252068e-10
-4.045955295376291269e-08
-4.047523746959574382e-08
-4.053082621442806305e-08
-4.059911608077476488e-08
-4.061680342164730261e-08
-4.068668287825842992e-08
-1.568756854324925414e-05
-1.568770462154436043e-05
-1.568770279389867657e-05
-1.568770279151752127e-05
-1.568769869280783785e-05
-1.568681726664286841e-05
-1.564724657013476721e-05
-1.564723088561896085e-05
-1.564717529687412788e-05
-1.564710700700778188e-05
-1.564708931966690841e-05
-1.564701944021029676e-05
-1.375797586298006948e-10
-5.167673310292358173e-15
-3.789734243765340561e-15
1.756825966790306936e-15
1.851612393772427206e-15
1.267109176834171649e-13
1.116930283006314798e-12
1.232698246799896288e-11
2.514730515152389085e-10
2.514821783273729583e-10
2.514822384036015897e-10
2.514824482768805750e-10
2.514824487888643770e-10
2.514824492283710274e-10
2.514810723585854762e-10
2.514806930428441298e-10
2.514805982841950536e-10
2.513557389789054477e-10
2.503655196150558720e-10
2.391554674300632253e-10
9.398382824332593471e-15
2.715707415202377214e-16
2.114945128854679201e-16
1.618965670024206738e-18
1.106981892664100158e-18
5.640420110890529420e-19
-1.984592719128697444e-14
-5.039030300035927465e-11
-1.173197005453842661e-10
-1.187451408975492189e-10
-1.190423995988552974e-10
