1.027599850553170496e-05
6.772284769145978147e-07
4.720786585350493969e-05
1.049152929208193456e-05
6.014861890193862372e-06
1.907597145739863074e-04
2.487521154666428994e-04
5.887492241293883991e-04
3.846532883356510932e-03
8.783324796157409436e-03
1.009066437622884935e-02
9.650291175462934190e-03
1.657171648470500422e-03
7.812260834217875025e-03
9.425808468215299361e-04
5.967210654615996094e-04
4.984899801422318800e-04
6.542561637879521462e-04
2.173433421951372123e-04
3.230719482684304777e-05
4.908455484424004766e-06
5.701060082904777060e-07
1.386636199740626921e-05
2.579803980825408081e-06
9.683171310560229179e-09
6.790431789961042029e-19
-2.593514637571496599e-15
-3.547014208786926642e-12
-4.367626147198968166e-08
-1.675258230495125372e-08
-1.076914999433168383e-08
-2.785267107109455338e-07
-3.233441619422250346e-16
-1.524407507574302293e-19
-3.751670312881119730e-16
-1.792381570648347665e-40
-3.712330455787709711e-22
-1.656612461875621574e-17
9.688398144879947242e-28
3.074325772017338389e-16
1.161999956766673844e-11
2.604276603324051083e-13
3.749753305771009809e-15
3.472438129301626193e-10
1.335371400826305173e-06
5.811277479693360392e-05
8.308429665698210736e-05
2.411041544664494385e-04
7.329255658634212180e-05
5.287670218874758552e-04
6.765412358338798900e-05
1.223707464725483883e-03
4.303151000656099212e-05
4.107139635366343191e-05
1.787371943184004478e-04
6.810714172822245061e-03
1.179423959961774931e-02
1.839366904015071454e-04
9.439540193600690445e-05
5.320366828230905704e-06
1.625071928294571013e-05
1.432076747813670280e-06
4.853875300631875139e-07
3.385371259127903087e-06
