-1.480775798169912577e+09
-4.756845617575875854e+10
-6.694213881805420685e+10
-5.443638855851200867e+10
-5.219874890805146790e+10
-4.547274415393491364e+10
-4.526205330114585876e+10
-2.972068222105964279e+10
-2.664309915901568985e+10
-4.574571225820941925e+10
-8.920796951239004517e+10
-1.685413405820400696e+11
-3.056791005962331543e+11
-4.687806298781265259e+11
-5.113011811819401245e+11
-5.152219465470317993e+11
-4.803995990844411011e+11
-4.062900037136879883e+11
-2.691656752472021790e+11
-1.213405086637211304e+11
-7.092882795797947693e+10
-5.077995409982244110e+10
-5.644171373489971924e+10
-7.254785772081748962e+10
-1.004275949285146637e+11
-1.449665894533421936e+11
-1.444416358658376160e+11
-1.468076849671109314e+11
-2.437604480287740479e+11
-2.206798776488684082e+11
-2.083515273703125916e+11
-4.603218106838296509e+11
-1.165289977116824463e+12
-1.976314176305111084e+12
-2.466790766890725586e+12
-2.965388149214687012e+12
-3.417532999043500000e+12
-3.320644903439678223e+12
-3.934247820724793457e+12
-5.775838903314609375e+12
-7.765969841616219727e+12
-1.091793550307050000e+13
-1.461541516948291406e+13
-1.810181986479656250e+13
-2.421450595650071875e+13
-3.075423890976793359e+13
-4.087038101612314844e+13
-5.792424869432427344e+13
-8.896965413349025000e+13
-1.303020285932591094e+14
-1.713969567168718438e+14
-2.454081137161831250e+14
-3.797393015787013125e+14
-5.497868429138839375e+14
-8.252313806598908750e+14
-1.151154365187592250e+15
-1.651121527056178750e+15
-2.252733291813957000e+15
-2.105686891851990250e+15
-1.914934696658793000e+15
-1.604279528033788250e+15
-1.233322798821059250e+15
-6.848233304021386250e+14
0.000000000000000000e+00
0.000000000000000000e+00
0.000000000000000000e+00
0.000000000000000000e+00
0.000000000000000000e+00
0.000000000000000000e+00
0.000000000000000000e+00
0.000000000000000000e+00
0.000000000000000000e+00
0.000000000000000000e+00
0.000000000000000000e+00
0.000000000000000000e+00
0.000000000000000000e+00
0.000000000000000000e+00
0.000000000000000000e+00
0.000000000000000000e+00
0.000000000000000000e+00
0.000000000000000000e+00
0.000000000000000000e+00
0.000000000000000000e+00
0.000000000000000000e+00
-1.018386175611617483e-01
-9.761829232739145656e-02
-9.883080746787276105e-02
-1.306100641359171644e-01
-1.159591443607140143e-01
-1.043274340187793775e-01
0.000000000000000000e+00
0.000000000000000000e+00
0.000000000000000000e+00
0.000000000000000000e+00
0.000000000000000000e+00
0.000000000000000000e+00
0.000000000000000000e+00
0.000000000000000000e+00
0.000000000000000000e+00
0.000000000000000000e+00
0.000000000000000000e+00
-9.530687374699055303e-02
-1.510936747968607274e-01
-2.228989737499917911e-01
-2.831111131852555585e-01
-3.306649992618332368e-01
-9.508161117438810317e-01
-9.687466463352136792e-01
-1.149325621846810197e+00
-1.307220778092225366e+00
-1.520890667884097214e+00
-1.420174872937844057e+00
-7.352979159853915148e-01
-5.518481362688588687e-01
-3.386319952466199101e-01
-1.039561226670475680e-01
0.000000000000000000e+00
0.000000000000000000e+00
0.000000000000000000e+00
0.000000000000000000e+00
-4.149045743251308233e-02
-9.303398090253429953e-02
-1.508730218630079667e-01
-1.577836558802218903e-01
-3.740664844051999616e-02
0.000000000000000000e+00
0.000000000000000000e+00
0.000000000000000000e+00
0.000000000000000000e+00
0.000000000000000000e+00
0.000000000000000000e+00
0.000000000000000000e+00
5.501120315746705902e-01
5.647986168601702994e-01
5.641773892257851974e-01
5.588138493813284979e-01
5.258897253838594743e-01
4.747195933500714671e-01
0.000000000000000000e+00
0.000000000000000000e+00
0.000000000000000000e+00
0.000000000000000000e+00
0.000000000000000000e+00
0.000000000000000000e+00
0.000000000000000000e+00
0.000000000000000000e+00
-9.348411701556598452e-02
-2.011577188243660608e-01
-4.065081389797315925e-01
-5.872239463298342121e-01
-6.761771822606409410e-01
-8.088788010312971677e-01
-8.619678543806031934e-01
-1.024717892094277438e+00
-8.263369900421850822e-01
-6.344201616899968199e-01
-4.595407311571366171e-01
-1.614455984445535286e-01
0.000000000000000000e+00
0.000000000000000000e+00
0.000000000000000000e+00
0.000000000000000000e+00
0.000000000000000000e+00
0.000000000000000000e+00
0.000000000000000000e+00
0.000000000000000000e+00
0.000000000000000000e+00
0.000000000000000000e+00
5.207657856652548878e-01
5.561858632872066499e-01
5.878007282954281765e-01
6.106157547964705667e-01
6.538561030639832294e-01
6.549420950079457571e-01
6.467200155724095456e-01
6.388576211809541272e-01
6.094497371477584080e-01
6.000866235540897042e-01
5.976725444822839073e-01
5.912122708031565255e-01
5.849115535904075847e-01
0.000000000000000000e+00
0.000000000000000000e+00
0.000000000000000000e+00
0.000000000000000000e+00
0.000000000000000000e+00
0.000000000000000000e+00
0.000000000000000000e+00
0.000000000000000000e+00
0.000000000000000000e+00
0.000000000000000000e+00
0.000000000000000000e+00
0.000000000000000000e+00
0.000000000000000000e+00
0.000000000000000000e+00
0.000000000000000000e+00
0.000000000000000000e+00
0.000000000000000000e+00
0.000000000000000000e+00
0.000000000000000000e+00
0.000000000000000000e+00
0.000000000000000000e+00
0.000000000000000000e+00
0.000000000000000000e+00
0.000000000000000000e+00
0.000000000000000000e+00
0.000000000000000000e+00
0.000000000000000000e+00
0.000000000000000000e+00
0.000000000000000000e+00
0.000000000000000000e+00
0.000000000000000000e+00
0.000000000000000000e+00
0.000000000000000000e+00
0.000000000000000000e+00
0.000000000000000000e+00
0.000000000000000000e+00
0.000000000000000000e+00
0.000000000000000000e+00
0.000000000000000000e+00
0.000000000000000000e+00
0.000000000000000000e+00
0.000000000000000000e+00
0.000000000000000000e+00
0.000000000000000000e+00
0.000000000000000000e+00
0.000000000000000000e+00
0.000000000000000000e+00
0.000000000000000000e+00
0.000000000000000000e+00
-9.670591635573520806e-02
-1.190875273930078887e-01
-1.336530032538635060e-01
-1.134386795777478502e-01
-4.645242837549477116e-02
-4.113895995628177177e-02
0.000000000000000000e+00
0.000000000000000000e+00
3.200301149701790804e-01
