2.002611038704998903e-03
1.865317339410530947e-03
2.083266296130037876e-03
2.007021025854050997e-03
1.974048628861009656e-03
2.687884368926476367e-03
3.443396266306582298e-03
4.128296215121649709e-03
4.736275361806135259e-03
5.295464503288127046e-03
5.722971775710284509e-03
5.292662726196591637e-03
4.632682628652278617e-03
4.079494027673777681e-03
3.448231757048122927e-03
2.911957537512632668e-03
2.376606507580771108e-03
2.356432712674700388e-03
2.339110653669685801e-03
2.027110306728083407e-03
1.673150443337110714e-03
1.384524321297182911e-03
1.239756424059989441e-03
7.201919031823542268e-04
4.058550846279093856e-04
3.725258044075289380e-04
4.996065364268198342e-04
5.326135520442887858e-04
5.079936154252087189e-04
4.457903256228968095e-04
3.628123141767167150e-04
3.130615857881583267e-04
1.977376457166244784e-04
1.611210979180347825e-04
1.855784540557525958e-04
3.437881130980648581e-04
4.198877925614259124e-04
6.813152897276741893e-04
9.367362143057429355e-04
1.588408505689933642e-03
2.357985156895529930e-03
3.125455245868911242e-03
4.109597032246965070e-03
4.520309990916622327e-03
4.988172894790441313e-03
6.113437043607850181e-03
7.712248948739979480e-03
1.006157484951062352e-02
1.198318255086998872e-02
1.387749718427725397e-02
1.529766507304864548e-02
1.496547538019907080e-02
1.459644448257385596e-02
1.377528071659889913e-02
1.193075901605480243e-02
9.625817124634367117e-03
7.431286363473170453e-03
5.962738143808927853e-03
3.915475485539669093e-03
1.451040412952361120e-03
1.965838791730860693e-04
-4.325481107299631689e-04
-1.015427546347681242e-03
-1.514732251315577261e-03
-1.952620843705458976e-03
-2.219949646111007719e-03
-2.390384160332117980e-03
-2.143204036095653058e-03
-1.706541608298813018e-03
-1.336496284448485117e-03
-1.054657786167548456e-03
-1.130755367825107610e-03
-1.227164533602489224e-03
-1.409605835256853021e-03
-1.541940721458590459e-03
-1.829966603451168303e-03
-2.025304072115379980e-03
-2.251857464861741886e-03
-2.365392904114580527e-03
-2.458582651586992216e-03
-2.717603526720242801e-03
-2.822648121424220155e-03
-2.951755292401464503e-03
-2.950794858802266354e-03
-2.704340018352551639e-03
-2.413763715087798630e-03
-1.997042382981840340e-03
-1.547879216304294840e-03
-1.140419236576318803e-03
-6.194246361584791229e-04
-4.800669398956390415e-04
-5.021820219126570161e-04
-4.632490928149043583e-04
-5.067080197051163646e-04
-4.639686292069007613e-04
-4.196757327877907295e-04
-3.300127823041999601e-04
-2.296403677168473451e-04
-1.510174581615195816e-04
-3.765050472095338635e-05
-1.381689815375339280e-05
-1.008573362072869592e-05
-2.716477865688150551e-06
4.211187281746796274e-09
9.864047376773734354e-07
2.899799077655360423e-05
5.887067290712326911e-05
1.390298978211724828e-04
3.100248620448547683e-04
8.675668728824853211e-04
1.583390599455635579e-03
2.695628130390781332e-03
3.336044492278490790e-03
3.902325143211747907e-03
4.340872037579753505e-03
4.423772179406446590e-03
4.332414475244290679e-03
3.425825620468462163e-03
2.903442263557844821e-03
2.522069507306731826e-03
1.985254427197807609e-03
1.388256583220549801e-03
8.279182619635841499e-04
6.627116544316931541e-04
6.365344658312591065e-04
4.926748602934882685e-04
6.976081869443123045e-04
1.020130196727923617e-03
1.195275002487340829e-03
1.702897934408137111e-03
1.968605324040011411e-03
2.598194475881603505e-03
3.005040486247037915e-03
3.062287615051834892e-03
3.073203221262821912e-03
2.912167538919343407e-03
2.878022265066615404e-03
2.451205078243097035e-03
2.015142724778628321e-03
2.031422334356037390e-03
1.929008894721380386e-03
