beta2
9.419559293297545197e-03
9.504210731159761991e-03
9.676781021108318837e-03
1.003992341336723201e-02
1.021198129874299407e-02
1.055089414272688923e-02
1.104148099709443762e-02
1.134689789934328549e-02
1.123188907345076815e-02
1.111783596747652203e-02
1.123759350027525583e-02
1.103722285018375951e-02
1.110071711486325559e-02
1.112199232922024550e-02
1.107919808539759368e-02
1.091462084829930221e-02
1.091840258994368658e-02
1.119025269421609209e-02
1.077900770101027084e-02
1.031682399292134164e-02
1.025274018311241389e-02
1.054737272769731837e-02
1.071269809054650746e-02
1.086743690249038566e-02
1.097417306334178867e-02
1.057193757185375879e-02
1.055322319330293662e-02
1.051442534604581786e-02
1.051975391025179035e-02
1.057596932577569392e-02
1.072661764544663270e-02
1.055878110330328752e-02
1.112715360686185838e-02
1.162192929112411399e-02
1.160621077055712033e-02
1.155173782430406540e-02
1.151216980181740158e-02
1.118027789127551755e-02
1.083271563863806575e-02
1.086365792051576309e-02
1.109509041927666737e-02
1.085507095513787469e-02
1.069504155199188511e-02
1.048608855726846853e-02
1.034680494397747716e-02
1.045453455004473342e-02
1.050936472850531531e-02
1.066681277865429850e-02
1.059629242882048281e-02
1.051883211813327626e-02
1.016006865264755185e-02
1.006746158931878278e-02
9.883336329338958393e-03
9.529076840562188469e-03
9.378442928271602669e-03
9.558507827716441335e-03
9.519729576934633092e-03
9.414752235187777429e-03
9.408913308628825273e-03
9.517003589529471688e-03
9.701750467471525335e-03
9.966351394203291567e-03
9.954311757595323690e-03
9.963906055445160420e-03
9.997870438927601577e-03
1.002054961628986995e-02
1.017709691440546460e-02
9.855455087750826515e-03
1.010029638566976515e-02
1.019913039426837732e-02
9.878027757263914063e-03
9.738713146956521141e-03
9.699908770100448829e-03
9.522638523745279721e-03
9.657184457231151459e-03
9.428001881683889182e-03
9.093327988328021860e-03
8.693138004761638560e-03
8.134763993847694830e-03
7.583712608930541672e-03
7.749266359413189628e-03
7.971806539503479769e-03
8.402119444077219002e-03
8.292286773127714034e-03
8.404005534998672949e-03
8.574545486491419455e-03
8.608124860251080424e-03
8.540717062424756090e-03
8.711217703223406855e-03
8.906072774167689277e-03
8.951618054627196591e-03
9.129138555030398561e-03
9.376234069668955284e-03
8.974909947635629354e-03
8.692794520819340995e-03
beta3
-6.779824156912383483e-07
-1.852838141767957809e-06
-1.906812457597050316e-06
-3.415235773860296630e-06
-5.077985797407990741e-06
-4.570373170934130996e-06
-3.198349297346267850e-06
-4.676252563085070478e-06
-5.748920783918757823e-06
-6.057069010741616331e-06
-8.183861224744412002e-06
-4.317437151430237821e-06
-5.645043489154251317e-06
-5.653185076914859963e-06
-6.975848125252792921e-06
-6.295041806449247753e-06
-8.112106989690239162e-06
-1.816019814415152344e-05
-9.986567414777245034e-06
-7.668229111677074040e-06
-1.161384085601136767e-05
-9.073576218391111279e-06
-8.327151072386009055e-06
-7.837956008177511682e-06
-4.713526495132605476e-06
-2.453576078097127089e-06
-2.154045972147639055e-06
-1.977639419293670428e-06
-1.848188407300255101e-06
-1.062792940460555981e-06
-6.916058753702229629e-07
-8.168996563186033819e-07
-4.851672846309189929e-07
-2.432527224489078597e-07
-2.832514308796745244e-07
-2.334606825335211584e-07
-1.435220023132604848e-07
-3.047674740839350267e-07
-3.313937517288186529e-07
-7.161002841986863326e-08
-1.017669941269718720e-07
-1.688569720141595774e-07
-2.693291361584816970e-07
-1.722995453203018743e-07
-1.132328951197065638e-06
-3.249781072875765309e-06
-5.084227067517875514e-06
-1.191148017366340232e-05
-1.647120648193196754e-05
-6.788661455337628042e-05
-6.699766481165701478e-05
-2.041964862297018614e-05
-9.415544186106625230e-06
-1.704289306934353800e-05
-6.812153390110475422e-06
-7.584064547174620270e-06
-1.491356065792630225e-05
-3.151766726903248495e-05
-3.108906290449123369e-05
-2.700146188333164523e-05
-1.697392553995993124e-05
-1.425635770516211511e-05
-1.985224687731817518e-05
-2.587614633906476155e-05
-3.008246968652892879e-05
-3.600893840333624981e-05
-3.521341397106787763e-05
-3.310611342339339662e-05
-1.188358991354353529e-05
-1.080004574733803642e-05
-9.903581592153908920e-06
-1.446458644252104567e-05
-7.221941572107163935e-06
-6.696643892199017114e-06
-5.060739213378489409e-06
-1.964702633809667498e-06
-4.090705453934172782e-07
-1.409577868390770069e-07
-4.902274471554413123e-08
-2.977567131064050483e-08
-4.099373072604386913e-08
-5.289496857291763997e-09
-4.518008762195886233e-09
-1.275923487222891134e-09
-8.458103897234740159e-10
-2.815885711599712401e-10
-9.226438904304699502e-10
-3.363104001985502026e-10
-9.651084359925821975e-11
-2.678635985903201024e-12
-5.621118052393619837e-12
-6.954777649890107192e-12
-2.259022293153604230e-14
-2.841094790304276270e-13
-2.741912510071424594e-13
beta4
-1.422795497051598094e-13
-1.380050624779418139e-14
-7.804130259450595473e-16
-5.064913763623213655e-14
-2.350394119752924786e-14
-2.086439765145878763e-13
-3.562273007279258903e-12
-2.186806601853765335e-11
-4.633360864074007225e-11
-1.028642899666766124e-09
-9.455680409841315461e-10
-2.153710202700244320e-09
-1.151933550747787679e-09
-2.311985549880845278e-09
-5.205716443896368466e-10
-6.617485086419594743e-11
-3.372712401436670882e-11
-2.318868143600522264e-10
-1.678039624186534055e-10
-2.697910158363109586e-10
-2.452870786650599529e-10
-9.273015765728636467e-10
-2.087717951684826775e-09
-5.838461217113429356e-09
-4.606959714273891402e-09
-2.220300555077863303e-09
-6.317146774108017699e-09
-3.663857460878615177e-09
-2.617364265600286234e-09
-2.525887039490277140e-09
-5.108361819355303049e-09
-5.752299671714496487e-09
-1.238486050823783705e-08
-4.120285556550097214e-08
-3.638870669719799510e-08
-4.645712460554245458e-08
-6.235789061525788553e-08
-4.868095798173238864e-08
-5.329130977175836647e-08
-3.207871827883772897e-08
-3.915387593486639030e-08
-3.240344158383017829e-08
-2.109194059008484288e-08
-9.175325211163865000e-09
-1.560700501024923465e-09
-7.952296443203279456e-10
-2.048729395984748371e-11
-1.023196968791914403e-13
-4.477344755929967994e-14
-2.411697729075905895e-18
-7.035746580492754781e-17
-1.426518558841928685e-13
-1.709926813886484704e-12
-3.686157472242427122e-14
-7.718346945149920970e-11
-1.253053185254002549e-08
-2.461457578354486910e-08
-4.604069073357117229e-08
-1.823862911200298357e-07
-1.719476502035046947e-07
-1.393182297517283080e-07
-1.085293155170645755e-07
-1.495035560222151503e-07
-1.879617163949658795e-07
-1.733665674478555261e-07
-9.887545749415774465e-08
-3.078763508433352473e-07
-3.995993290907737741e-07
-4.979263216318353408e-07
-7.161223164675637419e-07
-6.057721823468833694e-07
-8.583937823479975639e-07
-1.253881933098284594e-06
-1.924737509264161179e-06
-2.228051578945039956e-06
-1.493562187399843736e-06
-1.621786110020038354e-06
-1.764994992917712428e-06
-1.237707820427206378e-06
-1.106152644763363295e-06
-8.263186082205549750e-07
-1.317799796783774418e-06
-1.652329831890886538e-06
-1.679370893175789558e-06
-1.465473681739823052e-06
-1.285534610045476555e-06
-1.474548173451627137e-06
-1.107842097588326357e-06
-6.550999621389488241e-07
-8.365654651414513719e-07
-5.810775364348686951e-07
-4.828677602036210123e-07
-2.444846047214151567e-07
-3.559353900033963928e-07
-2.398485459449757737e-07
beta5
1.647188759510709918e-03
1.865003927749029570e-03
1.928569263953859190e-03
1.979045345433571093e-03
1.998134920423228454e-03
1.914283361913066269e-03
1.885879667681196383e-03
1.901713781170070875e-03
1.772580389511928950e-03
1.630815080132460649e-03
1.449397633655057083e-03
1.461308060958250088e-03
1.490066663015268515e-03
1.448081499117614360e-03
1.501361133377264847e-03
1.400194101748329818e-03
1.310049931461378277e-03
1.322991821163248000e-03
1.175345113171059278e-03
1.055137321177462926e-03
9.589619964816150331e-04
9.218832119743279249e-04
8.749864049749814070e-04
8.116546628673534328e-04
7.634609175792179958e-04
7.100362017076314357e-04
7.556217593320958392e-04
7.903741163576478469e-04
8.636711964922363189e-04
9.944799392836442889e-04
9.863960598314328379e-04
1.050621635022465881e-03
1.043628298877431271e-03
1.164815229702676402e-03
1.231883236153514735e-03
1.301730102116940412e-03
1.445538803478575891e-03
1.542697776411118115e-03
1.758805573448905119e-03
1.392082807746402098e-03
1.367555197113726282e-03
1.030265703057094140e-03
7.585890353270487380e-04
6.523970728097405313e-04
3.746599799965744017e-04
1.812163880342040467e-04
4.813768207402691437e-05
5.673041975233357418e-07
-3.274137860058174299e-05
-1.406619552700090784e-04
-1.595637193472050294e-04
-1.123053080200063953e-04
-8.845305215670050967e-05
-2.324576368450748446e-04
-4.347195844326118665e-04
-5.305083332566300387e-04
-6.004521032143732631e-04
-7.389717231704781954e-04
-9.215531247953917711e-04
-7.058726731694578600e-04
-6.951243128447356662e-04
-8.600923770585317679e-04
-8.322782334174395544e-04
-8.437530428092295063e-04
-8.538115302641092075e-04
-8.404692729627647428e-04
-1.149376827267261768e-03
-1.180999810068036806e-03
-1.692617143324995528e-03
-1.902092227453815523e-03
-1.756808712807030309e-03
-1.744181952279129930e-03
-2.005128244258485518e-03
-1.881646503671437730e-03
-2.055649682804218652e-03
-1.672584111270814140e-03
-1.269408321593882899e-03
-8.045268469267174115e-04
-3.602715781759090663e-04
-4.042012763838105470e-05
-1.225356156252255325e-05
-2.509323689486837944e-08
-1.259257954185110436e-04
-1.913145065024516386e-09
3.981847318359188866e-05
1.351386196558845528e-04
2.245291971813195354e-04
4.089142552269146576e-04
4.941211432936639704e-04
5.273624135880684936e-04
6.685783845238246412e-04
7.750174530901800902e-04
9.435731944549902639e-04
8.179602058031820678e-04
8.386334079671289160e-04
