1.002448743520249243e-03
8.402255954644572561e-04
8.747860018901110158e-04
9.640158939389005836e-04
1.200279520113741632e-03
1.302917705511629160e-03
1.486529238691607384e-03
1.596902415546741852e-03
1.694754638154281293e-03
1.839259874408401361e-03
2.139591259566868148e-03
2.322625194813140916e-03
2.707922399112894837e-03
3.013434613736416454e-03
3.341043700463848520e-03
3.870891599101639827e-03
4.167189593571295377e-03
4.573397753274977863e-03
5.013741249949302085e-03
5.654793356520301101e-03
6.576246615044841447e-03
7.207312790904147302e-03
7.914171550240501826e-03
8.573096178236374112e-03
9.087687293263091437e-03
1.011727539785142564e-02
1.088986619346261897e-02
1.114363296890244319e-02
1.157655659746086724e-02
1.191797120188639418e-02
1.190689316120976948e-02
1.152893927830600691e-02
1.093033984749127753e-02
1.078887016539947612e-02
1.048519574409200773e-02
1.044085564796545622e-02
1.044689165962669510e-02
9.960708037396530726e-03
9.635091785929391153e-03
9.414346105722675925e-03
9.037277193704111589e-03
8.625891407746754877e-03
8.420441200608082960e-03
8.749073175260031754e-03
8.944823096071008103e-03
8.704230003276631003e-03
8.197864763412344644e-03
7.485594650332671324e-03
6.791474057832241201e-03
6.255525491747734174e-03
5.796054035976671431e-03
5.636774089520396082e-03
5.593564474981368995e-03
5.552608053588522184e-03
5.427755300508787378e-03
5.021427038222665666e-03
4.594453996832499436e-03
4.426627786293208314e-03
4.699876773134408457e-03
4.799788363427530402e-03
4.728590874534094844e-03
4.510870630815577882e-03
4.225103718531754080e-03
3.826934766618988928e-03
3.458425119678832597e-03
3.062243581153319127e-03
2.784706268970798398e-03
2.421048601525579644e-03
2.142468127711135741e-03
1.816377597945045786e-03
1.255761592938509042e-03
9.077429560276183010e-04
6.963536591122459346e-04
5.543421451833267181e-04
4.551996655590112681e-04
3.605599066343234856e-04
2.542368807560478703e-04
2.475401510467744584e-04
2.687170794681496399e-04
3.097133208571386902e-04
3.451804402582372543e-04
4.191432040624219844e-04
4.638253759789413518e-04
5.037383244943445830e-04
5.219351100260296921e-04
5.519721994320220780e-04
5.829508655958255334e-04
6.053197549566450468e-04
6.243111290534206258e-04
5.893122820360660900e-04
5.372439882375494840e-04
4.848078804788776008e-04
4.443702373570574868e-04
3.773684700482562819e-04
3.119533981178393271e-04
2.892674495016524325e-04
2.899323967511155376e-04
2.847396227297903674e-04
2.586877528448079905e-04
2.446860012021699095e-04
2.337166856035903083e-04
2.580196192871205105e-04
2.976268711650896103e-04
3.453720561692788494e-04
3.574025993887844734e-04
3.740348486054145393e-04
3.992689029083008466e-04
3.899504001575937115e-04
3.795572911874710385e-04
3.729858965508838745e-04
3.815100497846558338e-04
3.819966484172702958e-04
3.728967224066515908e-04
3.466368452036082122e-04
3.117546126080653198e-04
2.681686965204339921e-04
2.737562531936659567e-04
2.720550420292346355e-04
2.959216631746415462e-04
3.162057226481476062e-04
3.594747454630842546e-04
4.695738414734444027e-04
6.205304187331832149e-04
8.237206609418900932e-04
9.863347560764886956e-04
1.106816191376800091e-03
1.293198329435616550e-03
1.454157820309258213e-03
1.592953547727231226e-03
1.717608304162639111e-03
1.836807472526448505e-03
1.904513838996199160e-03
1.889678959802834970e-03
1.786034905223216193e-03
1.638107997563624345e-03
1.432105740714545829e-03
1.273982487442324027e-03
1.148050083190143645e-03
9.507760369079227549e-04
7.778948792252245300e-04
6.069372144611408964e-04
4.436532169863196076e-04
2.580587672595916100e-04
1.465928887023169728e-04
9.385478095440872540e-05
5.572633986072735116e-05
2.960976765313866788e-05
1.006628706619940422e-05
-6.574215230064098441e-06
-7.992761107568926193e-06
-8.042894468916088525e-06
-8.031319043080552221e-06
-7.830886319612134498e-06
-5.762796461447691522e-06
-1.981365167743025935e-06
7.652948863131759296e-06
2.423228150941104201e-05
3.759353394077910685e-05
4.373241591293236394e-05
4.713038286432692331e-05
4.936960526633665851e-05
6.557595293978202397e-05
7.831546485706729333e-05
9.806838942111175490e-05
1.199313649680635029e-04
1.455869171975759848e-04
2.056749675533671342e-04
3.293091761591749353e-04
4.856662243602138333e-04
6.054673734857909549e-04
7.181957282232665505e-04
8.248981461876069574e-04
9.198235399342239100e-04
9.531787541473854368e-04
9.655464674253724571e-04
1.004032613135098220e-03
1.028986119410104164e-03
1.031289022149239161e-03
1.010410192971985394e-03
9.268006105238856549e-04
8.655573320145954841e-04
7.995165474605265719e-04
7.537347560563836682e-04
7.709741861383675315e-04
8.900949375649417185e-04
9.794079698580320566e-04
1.045894269914480644e-03
1.085125537215791101e-03
1.139491371266721864e-03
1.207050821798097548e-03
1.285263651024569137e-03
1.353812778518283287e-03
1.337062479363182151e-03
1.323293450401168093e-03
1.315679850302735494e-03
1.305642682014714539e-03
1.190341929682315648e-03
1.171092723216614296e-03
1.178259944557865377e-03
1.150562417798680574e-03
1.155721575560850461e-03
1.172959128824995053e-03
1.250092756968624241e-03
1.306778965370167028e-03
1.397952413020755883e-03
1.544261833545259623e-03
1.590291348815423998e-03
1.593915699597647393e-03
1.572357029213013223e-03
1.496277459793779506e-03
1.454561015663538223e-03
1.406478345521589924e-03
1.329327410213079373e-03
1.259488313769587800e-03
1.089155998721965226e-03
9.351760467275127206e-04
7.632292105787027298e-04
5.674426499908032931e-04
4.567155581876984898e-04
3.342753135141952707e-04
2.443551880058766825e-04
1.900953789522646031e-04
1.158393245524512390e-04
6.038929125669827798e-05
1.126941809277221710e-05
-4.876481686596486698e-05
-1.212656256839934654e-04
-1.958321632515118687e-04
-2.491844911699641891e-04
-3.170987589940756838e-04
-5.082884808388831105e-04
-7.664435970253360769e-04
-1.115539901141457272e-03
-1.408608462682018345e-03
-1.755102753028490829e-03
-2.298177821814046708e-03
-2.909896369077749623e-03
-3.482230285674455667e-03
-3.895770127030746387e-03
