1.839280446904085239e-04
4.602681750069125693e-03
1.049174955546408357e-05
4.116954191349127590e-06
7.146921958901362015e-06
2.384151380332630474e-06
2.881725013330981887e-05
4.488767539225131404e-06
2.956737337857965409e-06
8.798861358193757910e-04
1.021923208941775428e-05
1.726583934483357362e-07
7.787999091335051176e-09
1.037256742116123110e-12
1.930631664733374023e-20
1.342844868866622078e-37
-4.632311771687482819e-35
-1.026724463654015236e-22
-1.354290653109355776e-11
-3.605973809556256743e-06
-2.723387448295004273e-03
-3.338645549230410720e-05
-2.993817539911162046e-06
-9.193811511150935241e-07
-1.288413979594118083e-10
-3.217441269800439604e-12
-2.488766248419917659e-20
4.546334197010715024e-20
4.510761392005574848e-22
1.751756040519709836e-17
1.239807523829786884e-09
3.981296382118995748e-07
4.108164309191616732e-05
5.292022722855135191e-06
1.721955474131095336e-03
1.280065666642422027e-04
2.456313241506106679e-03
1.407207349678423858e-04
4.372780267511618970e-05
3.003921657927992957e-05
1.730705336775161278e-04
3.060728664517951923e-04
2.745985430489436790e-04
7.406276152372954140e-06
1.666365353680111214e-05
9.046812654204939674e-05
4.335683258131702326e-05
1.110141729295128636e-04
1.165270524199983526e-05
2.257256252152865569e-05
1.135296600076433531e-05
1.299793387788897766e-06
1.356193104110433494e-05
1.264086780681787200e-05
1.395382541613977568e-05
5.973005688109974391e-05
1.193968564713563003e-02
9.431018626093019223e-05
6.337272290510603985e-04
1.574123156383487674e-05
7.062250851802342466e-06
