1.060666829744791029e-05
8.678452992804358315e-06
6.177567587544489080e-06
4.650533427344083429e-06
3.906011006186808740e-06
3.265643389042995680e-06
2.800176084687364226e-06
2.450548051930913357e-06
2.178283117442094473e-06
1.960456493668572585e-06
1.782233573086881846e-06
1.633714114064303436e-06
7.498715522160611070e-07
2.079520759335976653e-07
7.872027882768420985e-06
8.398188175973878990e-06
8.384222048506478753e-06
8.509842632519426747e-06
8.617994032073584995e-06
1.042043489740470987e-05
2.090386677897308952e-05
2.348169389618985723e-05
2.375632776020203323e-05
2.384994861848426577e-05
2.385998328278750809e-05
2.385487122774503324e-05
1.609291722793644027e-05
1.556110689618699311e-05
1.549828218941984119e-05
1.536734920294423060e-05
1.525944160593377760e-05
1.345863015082869943e-05
2.975332836628527053e-06
3.975044609049660153e-07
1.228767705286107451e-07
2.925686017715936976e-08
1.938839907970144219e-08
3.950131800183376472e-09
3.564515043543359264e-08
3.916220180796220072e-08
2.135260872832176953e-07
2.596499442212720920e-07
2.610258234958851065e-07
2.770578350273932594e-07
2.831836901631027224e-07
2.835818979433452534e-07
2.853943411504461413e-07
2.854171183908985569e-07
2.852524874749631491e-07
2.852116935117831810e-07
2.548106730727332860e-07
2.512422404016176985e-07
7.636866634643125413e-08
3.024010326162314041e-08
2.800606656383994593e-08
1.008199291997012847e-08
3.807933621759551403e-09
3.409577706069055399e-09
1.590596923979970830e-09
1.566866295929116071e-09
1.518831066143167851e-09
1.509616096493387205e-09
1.107459764706555281e-10
2.625306127448990779e-11
-3.657383969242138524e-15
-1.494098819164623375e-14
-1.529121325596638344e-14
-1.529122897781762574e-14
