7.724448567549369125e-04
9.494966284698398403e-04
9.985657001402566211e-04
1.099294912183025955e-03
1.247446868661527836e-03
1.336945012312510360e-03
1.432769066317391869e-03
1.503415516475470164e-03
1.574925008674402148e-03
1.708252736525591982e-03
1.878228972532011752e-03
2.091748302821178768e-03
2.448490615321469339e-03
2.829517917267457012e-03
3.236687287248558951e-03
3.574982473409571513e-03
3.867437170892313800e-03
4.093311398643225719e-03
4.324987653783783810e-03
4.628406895925297332e-03
4.947774901536966009e-03
5.225353859388051463e-03
5.443005794720200130e-03
5.665888665986659918e-03
5.754988102143550506e-03
5.726069116938642227e-03
5.630299550769771871e-03
5.584732090770428738e-03
5.558964364761136666e-03
5.517323793718106190e-03
5.398595648999522482e-03
5.143058687282623873e-03
4.814556189095298665e-03
4.450310034027411821e-03
4.053021564241731864e-03
3.584717099516909321e-03
3.166926245494026178e-03
2.824765750798706541e-03
2.510751246519186443e-03
2.236463696604551552e-03
1.951800862055738705e-03
1.752751917771295685e-03
1.592037603164113196e-03
1.471643337219835949e-03
1.380374938710303249e-03
1.289795673152972647e-03
1.239261218842837914e-03
1.186408095409571643e-03
1.197573949082417427e-03
1.216111090000958480e-03
1.249960500270584770e-03
1.213259974038025319e-03
1.182940227307253261e-03
1.143405819644755829e-03
1.099535002196365494e-03
1.059703732134315577e-03
1.021930546541933126e-03
1.012359898197118246e-03
9.884263234411748162e-04
9.662315026301742564e-04
9.162983545145365026e-04
8.465167077371802328e-04
7.838747588465177921e-04
7.318956260380275010e-04
6.726019242808706916e-04
6.215172185118851599e-04
5.781620585805810446e-04
5.527139669270127740e-04
5.363312452920362744e-04
5.047709685386061757e-04
4.718518519735126460e-04
4.369637362417422787e-04
3.901253422012546470e-04
3.433637468658078183e-04
2.873632121259961912e-04
2.425640651238874200e-04
1.994498039480254012e-04
1.624211948708914729e-04
1.392511307896801510e-04
1.193608930241643373e-04
1.003807317502436892e-04
8.271597363691991778e-05
8.219773143477108058e-05
8.583697496566845689e-05
1.207814423118242869e-04
1.766178472013117152e-04
2.223471726612677880e-04
2.725881748163982684e-04
3.408670939246797346e-04
3.927914090500779086e-04
4.350498475362537046e-04
4.775608084894230622e-04
5.049287755011005931e-04
5.181884122769118755e-04
5.192906773655444567e-04
5.121784517851092839e-04
4.778758603500707011e-04
4.198222624986846607e-04
3.749298400496545408e-04
3.298725735511040601e-04
2.750075961751339095e-04
2.296534976797244630e-04
1.879782337307160103e-04
1.433293549059118247e-04
1.202889163758482884e-04
1.152810616560986392e-04
1.242300149356445670e-04
1.311804904545816523e-04
1.456914234060615254e-04
1.932619566591158760e-04
2.725861411964778584e-04
3.986801594894784796e-04
5.042182480788389006e-04
5.961001844070401090e-04
7.054349208525022242e-04
8.415438907980905001e-04
9.698126218757640096e-04
1.076687759676152279e-03
1.156953723438435087e-03
1.207955744876667214e-03
1.249219300147417751e-03
1.259603550058220958e-03
1.247737387977735290e-03
1.206132510648992876e-03
1.219292787941112172e-03
1.215935272792117473e-03
1.184118263742903231e-03
1.139624598531921397e-03
1.086211305764513873e-03
1.066611540469847123e-03
1.064256392802376966e-03
1.120412921615380466e-03
1.154588800456546761e-03
1.187792879932852074e-03
1.198785974987571969e-03
1.221355862021212798e-03
1.205014209136667748e-03
1.217162580495479525e-03
1.260819414061937344e-03
1.315601260575812890e-03
1.394852986367355876e-03
1.456583182271756075e-03
1.494896733827552658e-03
1.486408815618481651e-03
1.522557365077387278e-03
1.553342246691713155e-03
1.636720192175248082e-03
1.678859993284221577e-03
1.663122291293704603e-03
1.624813582876650717e-03
1.541285186376709949e-03
1.425874458705112674e-03
1.299006334101752459e-03
1.154792772415389650e-03
1.040417677215904092e-03
9.485233852789979941e-04
8.342258694658504078e-04
7.269357880150210255e-04
5.785612611797162066e-04
4.335951349219582611e-04
3.403144566309571485e-04
2.844239975678110820e-04
2.668860639741830261e-04
2.600326452419571342e-04
2.551908364803213438e-04
2.696729923314701853e-04
2.706215868453769498e-04
2.599755928526423752e-04
2.567804515045618379e-04
2.495167782743484245e-04
2.386854226587619484e-04
2.381633691431755300e-04
2.391057582413018401e-04
2.327368740983400304e-04
2.185157539227397126e-04
2.046710507003444144e-04
1.826373625288436485e-04
1.573145254257252591e-04
1.405528723047337137e-04
1.295949264345551486e-04
1.162319612040371735e-04
1.062199036912760066e-04
9.897061277727887962e-05
8.919159754556140569e-05
8.082600460086183458e-05
7.096799135955484490e-05
5.589629764447067670e-05
3.913037824622760607e-05
2.907823019319974250e-05
2.056707962653663813e-05
1.385562531815255794e-05
1.052497370730499925e-05
7.824192799144931798e-06
6.842699500132293022e-06
6.647203337849321842e-06
4.929916231887987965e-06
1.556948533591471938e-06
-3.309653784525351336e-06
-4.057785230323935392e-06
-4.899332617806429458e-06
-5.280409950420596086e-06
-5.351693798022191092e-06
-5.798531991733675533e-06
-6.370914327392179057e-06
-9.346961801158297186e-06
-1.063913782183476643e-05
-1.099550892258205561e-05
-1.021881959901750896e-05
-9.268634652967244281e-06
-7.483769080555838156e-06
-7.281655771560030929e-06
-6.638315385698072723e-06
-6.274005911339964654e-06
-6.202871517839950329e-06
-5.756033337284563837e-06
-5.183651001661250296e-06
-2.207603542003953717e-06
-9.154275213274843707e-07
-5.582772767723106244e-07
-4.668158916296993983e-07
2.777995320217016747e-08
3.894827698213704464e-07
4.208452280520925402e-07
4.213937134208138686e-07
4.222018868749235926e-07
4.283994687842711680e-07
5.304315345830060791e-07
1.326342726689149704e-06
1.768007967759295843e-06
2.358716811544884503e-06
3.540731669772046644e-06
7.641088756526047979e-06
8.934352346998716319e-06
9.832555097669796971e-06
9.993119285589170342e-06
9.998042153687078981e-06
1.000637949242757139e-05
1.015984136203565714e-05
1.024051783373129377e-05
