2.471689103019387729e-03
3.128963774725952024e-03
2.353572709737407689e-03
1.908800658013058964e-03
1.859923384303509026e-03
1.600401667593155880e-03
1.425370585390134393e-03
1.482475840586635046e-03
1.438029126091210129e-03
1.830654693946533402e-03
2.270792941001711657e-03
1.995937310190074292e-03
2.374263228165381708e-03
1.854670850553299336e-03
1.665931855698304584e-03
2.319874634506394889e-03
2.389066854283503766e-03
1.880801419618427766e-03
1.554228139916076501e-03
1.537094420531533124e-03
1.331115215803019454e-03
1.310199590897435972e-03
1.352692654708385987e-03
1.073857378566436122e-03
9.153453773045536201e-04
7.138206896667940440e-04
9.053800023375987646e-04
1.134712856624187560e-03
1.251623704957407872e-03
1.460961865368494515e-03
8.497689874518002178e-04
5.506297452105946922e-04
9.448626870955647780e-04
1.185461711275843629e-03
9.709346055785191996e-04
9.123432558421688777e-04
1.449946567937141460e-03
1.582786092748568463e-03
1.685398166106215649e-03
1.719198901837259508e-03
2.321532227091745431e-03
1.227155612830067031e-03
1.025959831132680156e-03
1.317901053993612327e-03
9.166592790551352345e-04
1.062473855947581236e-03
8.613190871556693304e-04
9.138408874244127820e-04
8.504583445599095837e-04
1.107579159493555111e-03
1.074077719162059652e-03
2.214440931543293269e-03
1.834633530543821776e-03
1.413751659274254530e-03
1.375952831854573236e-03
1.686871672733009650e-03
8.448325468017529698e-04
8.815197960908814634e-04
5.975706447134737555e-04
4.995025069688076216e-04
4.465317785379782373e-04
4.001676672945404171e-04
3.187684213804322102e-04
6.552014034507450384e-04
5.929017888464075282e-04
7.449108025032109327e-05
6.932338587430912256e-05
1.210822950446618153e-04
-8.620263786084628079e-05
6.177286850788423002e-06
2.906333222736321552e-06
-1.805780608745086993e-04
-3.205097299154777135e-05
-2.851264210842220298e-05
9.349417226814942157e-05
-1.854082023696401673e-04
-4.823136094070522750e-04
-6.521992356905966046e-04
-1.188973976645336071e-03
-1.579640796267139892e-03
-8.308049790774925652e-04
-1.821587552120538091e-04
5.243422987836745343e-05
-1.209719835148723990e-04
-5.187015946373164439e-05
-7.203163452048606883e-05
7.535301928853838571e-05
-2.191105401181033538e-04
-3.163893139558414500e-04
1.475172481498194903e-04
5.864115629718270542e-05
2.866347678079809525e-04
1.901859619403950107e-04
2.041071419950987872e-04
1.366224484154769853e-04
1.499333565865448674e-04
2.269285327984428904e-04
-1.218694608430795454e-06
3.108236999652768366e-05
-1.897340553973594121e-04
2.394301567203326237e-05
7.953019075283119339e-05
2.474533109887847092e-04
1.946829751542080377e-04
1.626531072371119747e-04
6.690320639686275555e-05
3.830346090422987772e-04
2.331936246741052234e-05
1.431020347328314517e-04
1.579539971896755162e-04
1.681844769474167157e-04
2.866171565463264902e-04
3.639294196537369770e-04
2.277259927798431897e-04
5.615046575189272136e-04
6.685726523354522388e-04
6.777555272043718926e-04
7.270461924617966807e-04
6.855534468639975067e-04
6.991884379775058266e-04
7.025339147684366492e-04
5.969055364704162724e-04
7.928011802509483778e-04
8.787848755100352051e-04
1.517136840324946438e-03
1.455728228369839632e-03
1.398071274204032823e-03
1.110785971607644801e-03
8.499273402706611445e-04
8.961440343316592373e-04
1.012274232814089261e-03
1.070136276893149862e-03
1.355859261181060560e-03
1.574643411610769043e-03
1.816385661275971919e-03
1.263658177199066587e-03
1.280702743807600463e-03
1.275511185856307347e-03
1.327944039515305263e-03
9.067430205333508464e-04
8.745118612201899060e-04
8.964607180516474035e-04
7.578618207146468238e-04
9.992922840690197581e-04
9.325167739835780621e-04
1.493852253895180861e-03
1.083907689706259392e-03
7.122226408933067261e-04
3.757560348272632913e-04
1.138373665728297391e-03
1.421800663175441619e-03
1.781156274318957625e-03
1.345459837148915098e-03
1.623168354243147539e-03
1.068666319352861013e-03
8.447653970917846184e-04
4.814636410059724850e-04
1.821621412228705645e-04
9.238890253322495395e-04
1.214027312440731825e-03
1.134411108204577776e-03
1.100715073825483210e-03
1.037244851064906149e-03
1.165475687754215142e-03
1.234309769024679714e-03
1.197332380758869483e-03
2.146377822768608546e-03
7.970806621277592291e-04
5.561397801333420234e-04
3.903178342073698997e-04
1.810942483649570977e-04
9.965781179638649929e-05
4.081315667635946600e-04
-2.925031754239832362e-05
4.033577597762923167e-05
-1.989520388872558645e-05
-6.555347778349314902e-05
-3.184960114549602252e-04
-2.801555836021939454e-04
-4.308294853795287022e-04
-3.637373777377453160e-04
-3.875376239327431175e-04
3.546641377898801777e-05
-2.200444033176749347e-04
-2.604213180465482914e-04
-3.804676252662667155e-04
-4.860994426654635116e-04
-4.458899457607499203e-04
-5.188951738459929514e-04
-3.655993172205499928e-04
-3.165661811671933936e-04
-4.318176787070503349e-04
-2.900076696083254426e-04
-5.159851511773148620e-04
-2.352924235246805053e-04
-2.170916268729836563e-04
1.236181283601912450e-04
1.101840163655092361e-04
-2.635622190027060610e-04
-3.056698773047690910e-04
9.355448643619505443e-05
2.452653129097654718e-04
9.890217468377427747e-07
-1.573244879636336382e-04
-2.813594853803466070e-04
-5.625725865156933330e-04
-7.689535030847654239e-04
-1.071136973606094060e-03
-1.326344135505702279e-03
-8.438139885343854318e-04
-7.920447246713577466e-04
-8.095077329999190085e-04
-1.126750860938728225e-03
-1.615291418183585669e-03
-1.465337755207891599e-03
-1.251228479135152623e-03
-8.625971974612088372e-04
-8.606548342881280332e-04
-8.468189152658217329e-04
-1.092770388599354370e-03
-1.583931468737298336e-03
-2.377295153794759235e-03
-2.704629751011349524e-03
-2.394444851448791160e-03
-3.825319177983655360e-03
-2.695896468942682138e-03
-1.976563834824828381e-03
-1.413130968937388512e-03
-1.447487831249436811e-03
-1.310455558471668516e-03
-1.581600953022769271e-03
-2.291554980886305673e-03
-2.404102395438002197e-03
-2.170091065627037519e-03
-2.368507174680442584e-03
-2.370958820946757022e-03
-2.001375555011803125e-03
-1.899029513073140392e-03
-2.361385613204669033e-03
