1.408116720234266237e-08
9.010567039566505128e-12
4.384976229992736989e-10
7.373442435491461003e-09
9.404925132522051816e-08
8.854633505166440586e-08
1.041078211033425702e-04
4.652625380526483323e-08
1.371579708916788761e-07
7.464845780707229976e-08
1.391830164447242610e-07
4.058207226952405953e-08
1.137924243697717702e-08
7.391296605616981059e-07
1.766718673520740779e-08
2.174879900153080742e-09
8.817683244743414339e-10
1.799997247201590867e-07
3.727593052093543660e-11
1.005435677607588414e-14
1.096699809409794004e-17
9.408235650280598863e-29
1.999920178982853920e-27
2.301465357490967743e-35
1.140887070031969924e-42
-1.691420539194884512e-30
-2.009223126512270198e-67
-2.409650436519487348e-16
-1.762608121428210110e-13
-6.039380984285176509e-13
-1.280354587107100472e-11
-3.190956482936276465e-10
-2.103719569053166985e-11
-2.108893183773930734e-09
-4.486566237830774689e-12
-2.495469057027003369e-05
-1.950572497622023101e-11
-8.016611135733821881e-19
-2.357157028549473066e-18
-4.605816142732280633e-23
-7.369709491064056059e-17
-7.801589688644105841e-30
-1.980277948577826606e-45
8.181787685267681973e-28
5.437511756426630450e-12
1.252723824343016691e-08
8.196319433121639824e-08
1.340621060033716399e-05
4.632443922615268748e-05
2.148150526696603632e-06
4.468628632038373531e-06
1.115120760118276430e-05
2.778042221693769018e-05
1.971555358872062043e-05
1.800839119067288580e-02
3.242999423436430332e-03
3.773694438359702667e-04
4.392201894888892464e-04
1.240920924245726784e-03
7.100873549640636151e-06
6.802877646232442918e-06
3.051018265926691068e-06
4.712469320303846679e-06
9.155142525230835975e-07
5.050044500807636168e-07
4.338180601666260514e-07
1.191332137725500083e-05
1.300729723241028971e-07
4.799119155944699295e-07
6.023366279979440686e-07
8.934271426402683759e-07
1.006959577186415500e-06
3.440703496507181645e-07
1.662774792191055718e-06
5.089546808678838149e-06
1.555461822236709682e-06
5.800551266575557224e-07
1.144580969257148780e-05
1.550022538018780373e-05
1.603891895860423204e-06
6.234193849143181166e-07
5.532888703215383744e-06
1.442135771464847511e-05
1.418385214152199949e-06
1.464225246912733344e-05
1.891845497682710179e-05
3.235769579655532222e-06
1.280505199966685496e-04
5.206708391827619906e-06
6.588156869670405625e-07
1.641114884180087719e-06
9.671942028907971973e-06
4.525845152336208121e-05
1.132732784059430861e-04
8.684140249680748729e-06
7.123177991060515568e-06
4.881585578299232420e-04
7.637879600581144257e-05
8.116308135122763959e-06
2.900941530664453603e-05
9.085803066861567406e-06
1.779152749351999726e-05
3.167337601046139395e-05
7.387088193401005701e-05
1.465512005446658703e-06
1.925663040056734918e-06
2.652699192690622871e-06
1.011753407472074611e-06
1.608179789543773944e-06
4.422776484362046003e-05
1.333378296757547151e-06
1.464044265349002177e-06
6.606300596480752403e-07
