3.114226709899589954e-03
6.888219086476588156e-03
4.646406645105749696e-03
3.513802021604113361e-03
2.827479500845229803e-03
2.846797074585500405e-03
2.475040811725867478e-03
1.175512649629220944e-03
1.178658289739192453e-03
1.178204833144743486e-03
1.181409950967358046e-03
6.915680811591886799e-04
5.449436388972969279e-04
6.992011563875704175e-05
4.389935010821628398e-05
2.924269221488228932e-05
1.628117213409790176e-05
2.056106156632031491e-05
2.060517412258460650e-05
1.812161563559703067e-05
1.386644732882092111e-05
9.645203300033213965e-06
5.703369256586647149e-06
6.970750564777082698e-07
-4.970720707175567432e-09
-4.970722275178063734e-09
-4.970728500519150749e-09
-1.120368558199008733e-08
-2.968973160866166592e-07
-1.109130143279631485e-06
-2.008672584906674234e-06
-3.544328734498425885e-06
-6.301639311764300620e-06
-1.362554260929961861e-03
-1.373479660275514101e-03
-1.377591490110286832e-03
-1.376716226233581399e-03
-1.375180584890530258e-03
-1.372423274307039108e-03
-1.616441973172385094e-05
-4.953326755666578758e-06
-2.514673222887248860e-08
-2.443472625549484138e-10
-2.162636114079550691e-10
-2.162630072915905191e-10
-2.161493396655597937e-10
1.027042510470816927e-07
7.080955317022577940e-07
4.565239883512339775e-05
2.887308415975911049e-04
5.358856477885881207e-04
1.248621071937088337e-03
1.597180410605782358e-03
2.049279670252666941e-03
2.764736225377994322e-03
3.685536716974595253e-03
8.750877737095902331e-03
8.987718694842458320e-03
1.904040427319746501e-02
2.041751329742009027e-02
