-6.922360911617861726e-04
-9.427287448355945454e-01
-6.288925015167379229e-01
-4.717778619544367724e-01
-3.773623040632911319e-01
-3.145842773221443345e-01
-3.144693353092115617e-01
-3.294414112748518812e-04
-6.145802736869936285e-04
-9.328446083132398972e-04
-1.137257120825328500e-03
-9.883214278786731522e-04
-1.407823546566251130e-03
-1.430944308142376815e-03
-1.207075212929186814e-03
-8.407146110198091861e-04
-5.400338076932267384e-04
-2.399400014064467736e-04
4.549539736110908028e-04
5.058821266210889725e-04
7.257418421139056426e-04
1.714029430078065769e-04
-1.171263719551326370e-03
-1.853187028190051919e-03
-2.177993583580055837e-03
-2.249877592031176207e-03
-2.225098444542778463e-03
-1.792348759191509169e-03
-7.984376898758278364e-04
-6.041633141806956831e-04
-5.182751735677338691e-04
6.044593626789580539e-04
-1.363312346641694232e-04
-6.356566514172283869e-04
4.009776372875360496e-05
5.746451887011982739e-05
4.370422882245736780e-05
-3.432041819450685951e-03
-2.798536752299205042e-03
-2.242312019159450279e-03
-2.821830142354677957e-03
-2.689824347874114011e-03
-2.737569755424309938e-03
-3.977215178512080100e-04
-4.117104049622287085e-04
-3.559473605696686989e-04
-6.684768900703072947e-05
-1.487831699915504466e-04
1.766249013783513077e-04
5.748517122703062417e-04
9.021556249501594101e-04
8.887929133490709730e-04
3.450264762111011105e-04
1.567459571940613085e-04
-1.109274259047012267e-04
-4.311062199609872522e-04
-1.320671043325273965e-03
-1.264355568746148260e-03
-1.027702795061780864e-03
-1.351057591025923857e-03
-1.815616504779709499e-03
-2.321524177471470402e-03
-2.258488051995332854e-03
-3.210192496497274017e-03
-3.316443535207179005e-03
-3.088897879022927534e-03
-3.430078176996213726e-03
-4.003418234850004802e-03
-4.727999563148780303e-03
-4.061589574310111618e-03
-3.861550396942626390e-03
-3.717669455465228302e-03
-3.371387429814616619e-03
-1.646047909151832469e-03
-1.080911164216905447e-04
1.018293190842105549e-05
-2.126288544520349487e-04
