1.857786752976820811e-04
1.763494295467858512e-04
3.136520336366342069e-04
4.975508549617297001e-04
6.697570424287660040e-04
7.196336151667272500e-04
8.691927889730976511e-04
8.998662496091224677e-04
8.238340601831771947e-04
7.139643241090708366e-04
5.643160055752511261e-04
5.362839070283379915e-04
5.520917829099296998e-04
8.549095927781390171e-04
1.111300077733592528e-03
1.269791595806493917e-03
1.340656913462473163e-03
1.320506213114148444e-03
1.214832617912514449e-03
1.073297246836845201e-03
1.575294784479938995e-03
1.990101878684028512e-03
2.377900512934575088e-03
2.843657055573653187e-03
3.092898089761310105e-03
2.951308699702886919e-03
2.298870355592827052e-03
1.721082388328253098e-03
1.280674584052682178e-03
7.574345312337259261e-04
5.319123592242028459e-04
6.105293116040003696e-04
6.525844302896170865e-04
6.505643596453903601e-04
6.232179383805512346e-04
6.245460562775286646e-04
6.018082111172610516e-04
5.394630923960750659e-04
3.990123076452326066e-04
4.295013124973815345e-04
4.497279220710567412e-04
4.884109319705380635e-04
4.645467705873381685e-04
3.790413740754593479e-04
3.873785137673113718e-04
3.163172226703945340e-04
2.293664019658801497e-04
1.578230400105678263e-04
9.964949029474257092e-05
9.737581450652155060e-05
5.948114521678952294e-05
4.154370625890712281e-05
4.046626877806306077e-05
1.356488782704773234e-05
-3.851907092712446995e-04
-1.575075354776791711e-03
-3.326164406589574452e-03
-4.502651789924177160e-03
-5.795784406850450904e-03
-7.101526643048233084e-03
-7.673001975625886976e-03
-7.348359876427391219e-03
-6.188884251316489719e-03
-5.476367390380085243e-03
-4.500531664048946362e-03
-3.345174231238778797e-03
-2.549043152575861202e-03
-1.756659824977339088e-03
-1.205356434784669297e-03
-8.129664931902008456e-04
-6.315165947931236515e-04
-5.951619221868418392e-04
-7.177420300548865853e-04
-8.196469200089587107e-04
-1.031035389331334123e-03
-1.300327954430918189e-03
-1.356138263668810531e-03
-1.359289874056051131e-03
-1.165525216403442846e-03
-1.072511119059839845e-03
-9.047627366872826099e-04
-8.062850560739578780e-04
-7.386210972805973838e-04
-6.424747567878468825e-04
-5.504030351721765678e-04
-4.753446172013748553e-04
-3.931283612041839887e-04
-1.696576077530342105e-04
-6.589856374935770041e-05
-6.772072732302805329e-05
-1.122636122473142539e-04
-2.038258611557437815e-04
