6.049753340120845150e-06
6.100198075080408370e-05
6.331970702048216000e-06
2.322625904782083344e-05
1.137962483448174138e-04
1.550564561385078319e-05
6.407355683370803299e-04
5.389357080649292693e-05
2.298453006367946126e-06
1.565794660431503581e-07
2.866044311502858845e-08
1.234250665828467647e-11
3.261851597281783124e-12
1.081637552793669175e-11
1.018735689343347048e-11
3.096122076378689478e-12
3.797252406217705301e-17
5.175187003597996324e-18
2.774634095264951930e-24
7.573541825278353341e-31
1.734999491711361638e-31
1.568337067870585377e-17
5.619017360618370728e-19
7.555715079714654447e-19
1.954889804446192118e-32
1.257352485939050715e-67
-1.578640381770233350e-41
-5.108450378227747571e-43
-1.515689001697440261e-52
-7.966067981574342710e-55
-9.415950080432540950e-89
-6.681957153899017610e-69
-6.006844639239145944e-38
-2.045067892445772271e-26
-1.184416257301708974e-17
-2.192645839308145741e-17
-2.407706794676013858e-18
-3.242596486774234685e-19
-1.282208470460498204e-12
-1.068225761912916881e-11
-3.596135738480288991e-10
-6.613139112449685604e-10
-1.023797808135808960e-05
-1.394918833402904032e-10
-6.253500871042671722e-11
-5.857382361431049818e-09
-1.862414189749804908e-08
-1.233292327986311699e-10
-1.827828443124644121e-08
-8.324712374381238113e-09
-2.430584429629446849e-09
-1.578702843172564474e-12
-2.363082917236749658e-09
-1.167965448816122406e-09
-3.142282188291205650e-15
-1.488741735531526246e-14
-4.809045923310316972e-17
-2.795202647161946338e-15
-1.023007094326130326e-14
-5.719990975353075968e-13
-8.728390653980687853e-13
-6.895712163875868682e-13
-1.146086187539801642e-12
-4.715945119863047168e-12
-3.617787313115925142e-10
-4.661107531029551223e-08
-1.607927786459327553e-09
-6.983224613061737670e-12
-5.065949901466901197e-11
-5.003625573994304826e-07
-6.441942418692766711e-14
-1.734890319503042732e-14
-1.668013075682681627e-13
-2.083138927536517120e-15
-2.049673485851585482e-13
-5.849603015412837421e-15
-4.218458607526635271e-14
-1.654941925396346970e-10
-7.187268363660021646e-12
-2.991595746105717406e-10
-2.799972653927335486e-10
-1.240922686329368447e-11
-2.602159869414588424e-11
-4.808310911818636436e-10
-5.601925439787892552e-09
-3.029025124451530824e-07
-3.421421083940197312e-09
-2.197887092022895478e-10
-1.716235004568606550e-07
-6.393680604102091004e-07
-1.307944257364020596e-07
-2.599017511886783528e-08
-5.028134959597808010e-08
-8.396875789241506111e-09
-1.872288180247804817e-08
-2.135953554744997492e-08
-2.929394559584897452e-11
-2.738944722065550868e-12
-2.603516065497992536e-08
-2.086570349897018775e-09
-1.617998411310000038e-10
-2.581544803899580250e-08
-1.371196167727994830e-11
-2.307929929160545133e-14
-6.323518826163637364e-13
-1.546081641484305401e-13
-7.615196843919144741e-15
-1.803000668875191821e-14
-8.906077585443299715e-18
-9.600294997459776139e-13
-5.486877021701900422e-17
-4.174055993680110354e-14
-1.217438759114187049e-16
