2.304630183744414869e-03
1.572258035253893977e-03
1.292918850688092990e-03
1.113962486299601307e-03
9.476034005046282552e-04
1.012316618289960980e-03
7.879404662339642993e-04
8.672288192208923475e-04
9.267100750122944132e-04
8.820704323109938502e-04
8.865915457263599852e-04
8.095775766955864853e-04
7.707766016966508720e-04
5.915146462788867590e-04
4.452270538658396567e-04
3.873530277964051544e-04
3.322874673688045854e-04
4.018390803749869659e-04
7.046337593716725045e-04
7.200330144362857400e-04
6.605729191747107413e-04
5.664411723259997087e-04
5.200482670859632147e-04
2.737403960888274996e-04
-4.688457635419614021e-05
-8.360409996328831952e-05
-3.142525271376835327e-05
5.147088099807391838e-05
6.519755617757072021e-05
4.953785138719276482e-05
-1.281517407255230870e-04
-2.233261967976158107e-04
-3.106623824661841724e-04
-3.788288396614836249e-04
4.814368557842524528e-04
4.904109492588287029e-04
5.654577349971191607e-04
7.511658097476269511e-04
7.780819806003505057e-04
8.462871432578308742e-04
-4.893140355620801204e-05
-3.616599554157136402e-05
-3.459368713852903836e-05
-8.588732297423582905e-05
-7.041416793734143564e-05
5.369738128016730773e-05
3.439403456956503726e-04
6.829123983618030002e-04
1.562136995991381594e-03
2.696353783773803529e-03
3.400990570782607813e-03
3.549815299158309238e-03
3.427311592877395341e-03
3.176255167980635268e-03
2.210888082650400675e-03
6.791964557624510746e-04
-3.264161933301343993e-04
-7.676031589211918015e-04
-1.091795530655757622e-03
-1.618367405072197035e-03
-1.889477391395767225e-03
-1.819539645931630241e-03
-1.720801862322093824e-03
-1.719413642784587424e-03
-1.631097842588913110e-03
-1.269070094804430763e-03
-9.255869719557042324e-04
-6.930482034557586789e-04
-4.953606351529185690e-04
-3.406972319408577902e-04
-3.123789272846324173e-04
-3.351802171137184690e-04
-1.018178500978011471e-03
-1.163846313113903359e-03
-1.219184004814948680e-03
-1.231882323277217178e-03
-1.491094330689858192e-03
-1.461890922171476094e-03
-8.975758951414464920e-04
-1.006575874831367725e-03
-1.356123513265832491e-03
-1.658265931046125526e-03
-1.619436756100687191e-03
-1.644691794578276864e-03
-1.633668838105943816e-03
-1.436638499152817017e-03
-1.159764646179767440e-03
-9.881743978719136675e-04
-8.673850493025194548e-04
-9.612707822562938835e-04
-9.556550258520983727e-04
-1.070876050024980805e-03
-1.055769275607441405e-03
-1.026904156796305031e-03
-1.063571703446614678e-03
-1.212737856698675948e-03
-1.360579635472765336e-03
-1.344801305606961248e-03
-1.504210671916317256e-03
-1.441683328894795757e-03
-1.288217737748089103e-03
-1.098431747432104246e-03
-8.924922911028627818e-04
-7.563200379472947163e-04
-4.935580454809696373e-04
-4.213191309308963561e-04
-2.514712880657787148e-04
1.714732541478469153e-05
1.380875561026165732e-04
5.277164840938205993e-04
8.179364867784295326e-04
1.016715161864764931e-03
1.060093041718782091e-03
1.062214733108758505e-03
1.056470822680647889e-03
9.321666448795822490e-04
8.296681792388369741e-04
7.657185391752855579e-04
8.259894916483177156e-04
8.354710086731415887e-04
8.215407798825816350e-04
7.044389083021722385e-04
6.457851601244938081e-04
6.177888170178028873e-04
5.757518495894960826e-04
5.321276797991722181e-04
6.810077674575401932e-04
7.722918708962002443e-04
7.293577248710875552e-04
7.789527110190398338e-04
8.825461155255845446e-04
1.114781640016624352e-03
1.164472695919009865e-03
1.257855080152690472e-03
1.378517353080557740e-03
1.423471966846683381e-03
1.317145197646836866e-03
1.224686214337827872e-03
1.098788142316537526e-03
9.815063141747572186e-04
8.925627904331137749e-04
8.181213087535078908e-04
7.688652490224278735e-04
6.651276010932422956e-04
7.031438805260873054e-04
5.876457073169379054e-04
6.763094538734053772e-04
7.947468857723280272e-04
8.535339302600834441e-04
8.122940494619339778e-04
6.694799204365152598e-04
5.122379161104805749e-04
3.145031821371136534e-04
-5.856062710264119424e-04
-1.182322008791317474e-03
2.584004089101006509e-04
1.875896030165274736e-03
2.299061473529405170e-03
3.377488560784215610e-03
3.892363197688594040e-03
4.266055533773576922e-03
3.001615171356455947e-03
1.493710037945025033e-03
1.619658095068696136e-03
7.150814578561409196e-04
9.752814220210923772e-04
1.145975518962470902e-03
9.424017450637612757e-04
8.479337739366765063e-04
6.316355944707142652e-04
6.430357575965971358e-04
6.529179738341663389e-04
6.035726279417576471e-04
5.439767031419974778e-04
5.899330612373353570e-04
5.242760186664184065e-04
8.359468032508641068e-04
1.034527168807458175e-03
1.069381271227047006e-03
1.308844131192631608e-03
1.289787469860534516e-03
1.151525148761724324e-03
6.650737413092210060e-04
