7.362293461044250309e-03
6.667801114114208644e-03
7.948261709325993643e-03
6.828426229694735741e-03
7.307818855875216832e-03
6.838597903356835594e-03
7.069928549054555790e-03
7.182003621958859586e-03
7.232133955628511184e-03
8.896123569205086415e-03
9.887902185706972866e-03
9.776968735829656351e-03
8.749628179690974519e-03
8.299820905090753501e-03
7.013398113192933873e-03
5.798632927689326144e-03
3.506531096235519784e-03
2.926259360175110721e-03
2.612193363241491640e-03
2.510945640357721814e-03
2.034685517886563114e-03
4.692751574263249147e-04
5.552711529333204978e-05
-5.136820871904124479e-04
-1.074612040260517322e-03
-1.932655911731550420e-03
-2.709085131071355124e-03
-3.068865116846891585e-03
-3.722367336130019948e-03
-4.930243188978528091e-03
-5.525838351085781038e-03
-6.055626271497763224e-03
-5.071475706696738223e-03
-5.009332573077537702e-03
-4.426003646204423707e-03
-4.162731649394776912e-03
-3.307597582322319932e-03
-2.771942587891091606e-03
-3.104491116064379483e-03
-2.513019338983296744e-03
-2.400955412708157335e-03
-1.169760748481151998e-03
-2.338686508525057110e-03
-2.434200369734266286e-03
-2.739392344025262053e-03
-2.920964121029418978e-03
-3.625916418315289821e-03
-5.454245111528398422e-03
-4.716705524823234207e-03
-4.329116331415003988e-03
-3.654520246344412828e-03
-3.068553316440224190e-03
-1.929417896968906379e-03
5.830623991619397978e-04
2.087987482035303082e-03
3.711902375798426228e-03
1.036104946565006256e-02
1.290394889269948220e-02
1.513381895425490453e-02
1.621430164703590443e-02
1.682533671065944078e-02
