-1.599934061180725104e-03
-2.312780634721089881e-03
-1.859701554565238411e-03
-1.794489343302767964e-03
-1.704075844153006818e-03
-1.507593539070695198e-03
-9.735236948187074623e-04
-4.552365590196504248e-04
-3.817548293414878909e-04
-1.789546656661267882e-04
-8.407268362754139357e-05
-2.641633746567903379e-05
-2.158130519835921833e-04
-2.051657923276436178e-04
-1.099463840576826772e-04
-7.735790674937247080e-05
-1.233525765691571547e-05
3.859853056047951440e-06
-1.715933237907693923e-04
-3.292369136023204270e-04
-5.052996834822672716e-04
-5.252191382520071195e-04
-4.109038780800674303e-04
-3.947874092640360857e-04
-2.571394950127039287e-04
-1.963666396778142005e-04
1.108849065279618050e-04
3.239596953139171941e-04
3.670955012986284842e-04
4.371619931870035437e-04
4.686685055785562806e-04
6.270237240116033730e-04
5.036194340447329530e-04
5.014757723672607845e-04
5.044194571339640203e-04
5.156119006706198120e-04
5.427408643850923633e-04
7.589963417804636943e-04
8.208384034725013439e-04
8.637873121986284694e-04
1.032101304300438475e-03
1.028279463510181407e-03
1.035559970044009010e-03
8.986553203332850112e-04
9.446795176450027351e-04
1.001359724930823330e-03
1.286843188137711111e-03
1.959509942825201061e-03
3.931716100164633562e-03
6.662766938238289666e-03
1.129833906827960865e-02
1.146945711482127810e-02
1.112613035194433796e-02
1.053979498819387732e-02
8.565553516162709852e-03
5.899745630165320609e-03
1.142774984877214768e-03
1.016120409068344867e-03
1.015140607087748007e-03
9.971362516426537925e-04
9.428396472797490090e-04
7.367640818061793389e-04
7.456129822449854240e-04
4.499468148226049014e-04
2.328227525352199719e-04
1.912264148951126118e-04
2.739231507521623535e-04
2.656982177016390810e-04
3.705874673841598791e-04
4.347534303776771978e-04
5.191710619966117494e-04
1.560863121135922264e-03
1.452759953913029811e-03
1.890281349127108249e-03
1.914105403814550304e-03
1.893010834761701478e-03
1.925165338395745836e-03
8.886308417648028889e-04
9.803838549212299820e-04
5.444193899725468556e-04
4.001524987214128272e-04
3.690708081818178435e-04
3.200737288274102445e-04
4.354277346763922086e-04
4.399864045700539023e-04
4.807427899410699531e-04
5.412747253955833447e-04
7.367900318601410155e-04
7.155865224402003025e-04
5.912944278287434819e-04
6.400565107374644319e-04
5.639525626072432879e-04
6.480801734794770829e-04
5.317467132320737033e-04
4.589521994777542944e-04
3.330758801595109261e-04
1.631314465250415045e-04
2.104302076857877057e-04
1.341652181975869793e-04
1.435598403745415471e-04
2.336948519412924714e-04
2.727285155561802346e-04
3.612456919585358816e-04
4.575654905958129984e-04
5.834091902405907611e-04
5.821936306725270611e-04
6.304153324304166911e-04
8.532134600382756126e-04
8.368612900951085754e-04
8.596416008897440680e-04
8.010567153724910310e-04
9.078009646989460002e-04
2.149671340299002219e-03
2.102144795624150565e-03
2.237994430610587646e-03
2.328768343845716380e-03
4.074503017986425869e-03
4.176661600635731171e-03
2.991339063272186512e-03
3.320709180241818246e-03
3.163204730456862721e-03
2.936463028059497268e-03
1.179763080055762922e-03
1.174651429567249257e-03
1.647275773435248484e-03
1.051606721641996011e-03
1.054310438324796524e-03
1.132936133861726360e-03
1.107724993374960450e-03
1.250584463407608841e-03
6.887230003408684187e-04
9.133110487731273394e-04
9.567421457738591387e-04
9.898432158190275960e-04
9.475006674594703892e-04
6.277736949561776554e-04
6.866148318319299391e-04
7.493365064036071679e-04
1.093196755195145623e-03
1.829106908884980997e-03
2.058297033805272114e-03
2.101797989186018987e-03
2.077982523997119486e-03
1.955973802528856477e-03
1.561106055602201484e-03
7.409253287187904944e-04
4.246823609154680955e-04
2.983186128410130161e-04
2.020750988270248166e-04
3.332992359919755357e-04
2.065626882721549324e-04
3.499723227918958630e-05
1.226044118048095955e-06
-3.066511768149011150e-04
-3.594401211344194313e-04
-5.959759953601957401e-04
-4.401210453067112057e-04
-3.207216527797701199e-04
-3.034546014701563262e-04
-2.021357497219507422e-04
-3.285704374534273030e-04
-4.394687127032166889e-04
-6.133544741013432361e-04
-6.967612494214091507e-04
-7.499384704646195341e-04
-6.649829516242690202e-04
-6.129444804785379565e-04
-6.900060796944546557e-04
-6.947503990924471873e-04
-6.986762634803982694e-04
-6.864464491558834461e-04
-7.372832156803970803e-04
-7.053666301834928681e-04
-5.965377262896286560e-04
-7.678385610326614796e-04
-8.048956099210949908e-04
-7.504149988983052459e-04
-6.723287693479549493e-04
-7.153085034122644596e-04
-6.971468975800948270e-04
-4.755662696735261518e-04
-4.719951758749808758e-04
-5.165807097488631875e-04
-5.089444217128384759e-04
-3.389220621246090783e-04
-7.678546397808586868e-05
2.191120681894565079e-06
5.670401067726140034e-05
1.166312445336755642e-04
5.810659493740376709e-05
-1.703104133599367615e-04
-6.072842011840937256e-04
-6.748538334119537048e-04
-5.784532736086134535e-04
-6.385767024304154485e-04
-8.513645210940923172e-04
-1.363397839895496601e-03
-1.368140384578746998e-03
-1.354670947446732056e-03
-1.441472336847732282e-03
-1.428823428512534773e-03
-1.058003922455119520e-03
-3.742803641289564262e-04
-2.197195601910394180e-04
-3.091276336538770057e-04
-3.499715450787021457e-04
-3.505331239992718283e-04
-4.834953505014133392e-04
-6.538098637679947258e-04
-6.899683295844222589e-04
-5.303722823243504046e-04
2.099947477456600364e-04
4.135916791225299045e-04
4.491016576631487477e-04
6.537946687137042787e-04
8.164789243904239458e-04
8.369138252801135635e-04
1.671141188041529570e-04
7.909498279514127442e-05
2.552051932893256735e-04
2.671790700745640284e-04
3.950377200771559350e-04
3.563757441797912244e-04
3.842674398744868637e-04
3.912415007066170815e-04
1.907395877854208043e-04
1.786100357145926866e-04
3.190215903779910762e-04
3.232081538715291923e-04
3.025052607008902423e-04
2.130129013772314535e-04
2.591768201049498926e-04
3.152069848833374322e-04
7.653619505885616615e-05
1.040152772061025678e-04
2.057517832521141028e-04
3.722841659312050439e-04
3.757309369663701143e-04
3.303304043032996508e-04
