2.794246542839779759e-04
2.991410895949471850e-04
1.137762227574442208e-04
2.787070552699482216e-06
1.190313036611302537e-05
6.660965377752982142e-06
5.116430394426471536e-06
4.763957574640083725e-07
1.962990211978102245e-06
4.136674987254204469e-06
7.688649943460777845e-07
6.717218695871632250e-07
1.268055475720789606e-06
1.100717018037890163e-05
6.393118513568780468e-06
7.825115464700731753e-06
4.017062229974153255e-06
1.113115778856601877e-05
2.035488478128509804e-05
1.125725987548980444e-05
6.165805984520654222e-06
2.824703519965803366e-07
7.457123908370563410e-07
5.282183109716104884e-08
1.017208026386333713e-06
3.122931952034536034e-07
4.329483529164548409e-07
1.470581100365439233e-06
2.468969356978788292e-06
2.159493639991393343e-06
2.228603396096836851e-07
1.410566917410639929e-06
5.571499093235195857e-08
5.088026240463987171e-09
4.673749634871287267e-08
8.869172824623827168e-09
4.899953033830586019e-10
3.663132115882787851e-15
2.086220570815865450e-14
7.724250769769961764e-24
1.537270850901277032e-35
1.531682237658437900e-31
3.244395345203775856e-32
2.060973980839224580e-14
4.197338817425958298e-11
6.035326282122840399e-10
6.806324738816241828e-09
3.943562906843494616e-06
1.275639260164369433e-05
3.829873642115883694e-06
5.784112975085406308e-07
2.412014177223586396e-05
2.638236124816528075e-06
1.139421602688223861e-06
1.948310304430789679e-06
3.695538496406671860e-06
8.548384872500372370e-06
4.997706827664432033e-06
1.195315051352280843e-04
1.218211807754054259e-05
8.623318648272365112e-06
5.455306217083830949e-07
1.271600553163710318e-06
1.365982686645438268e-06
4.339483791825177471e-07
6.868517500838424262e-07
3.369799057840539784e-06
6.550263818775269382e-07
5.573668883209078633e-07
1.070755793816462654e-07
1.298470332778176732e-07
2.589521670208869063e-09
2.304316978326477811e-07
6.114779300921394785e-08
5.665311078863055474e-08
1.635865482475973084e-07
7.432946901844477506e-08
2.081824915676984867e-08
2.062460002760418760e-08
3.423519080918309755e-08
7.610640819239804915e-09
3.006883900511344303e-10
6.706159873290752955e-10
2.287733683522107723e-10
2.701672681997781370e-10
6.912101701630611494e-10
1.825705367014672873e-13
1.105344914023998815e-13
2.320724420857462293e-23
2.323155490009386833e-52
-9.043018594796139224e-32
-9.607749382820473779e-20
-1.444007347517610584e-33
1.135256798167779178e-35
1.050283673667084610e-22
5.508870746442503199e-21
6.051260633249117404e-18
4.703524068458354505e-21
-3.836862926747192457e-33
-5.262226668888490079e-17
-4.844806105150848339e-25
-5.449214799309152986e-20
-5.491623370447683694e-19
-6.180809897961611472e-20
-1.861673160195815996e-12
-3.062058549688491148e-10
-5.829276678602800906e-11
-6.588338786835532271e-10
-4.480569529268796706e-12
-1.378725792029524020e-11
