beta2
8.833641675955409417e-03
8.844062149000384704e-03
8.906506122145881749e-03
8.954999538289574318e-03
9.007091700519942457e-03
9.097032430654246327e-03
9.160640992105515204e-03
9.200433935443865646e-03
9.192535778751948286e-03
9.201315794922459296e-03
9.205053975426508162e-03
9.200295279735978132e-03
9.255916388349957544e-03
9.307523166925020519e-03
9.428775164056452801e-03
9.526754100496224315e-03
9.577529968163012858e-03
9.630221252744512392e-03
9.576258199269015170e-03
9.496918063826884776e-03
9.475354398565005720e-03
9.474530280204566252e-03
9.483580589017461676e-03
9.490455205259377275e-03
9.497516381353383885e-03
9.421136615867072711e-03
9.346624900143520043e-03
9.270995225911642448e-03
9.252972509685467375e-03
9.199813593623283603e-03
9.133454034672732619e-03
9.056834773456888532e-03
9.004828961398043952e-03
8.959515332227021428e-03
8.918331833087692409e-03
8.770345311118563775e-03
8.703706458524494705e-03
8.636708118255034122e-03
8.596509140595603310e-03
8.579535925820712741e-03
8.599885946097778067e-03
8.553011999775326016e-03
8.488625328073030191e-03
8.432222683620621551e-03
8.404748976901542379e-03
8.411485646643899680e-03
8.442213478972506249e-03
8.534045677143657638e-03
8.602405201555089059e-03
8.639242821550765020e-03
8.660200794581435213e-03
8.657737001000762392e-03
8.707855193770052543e-03
8.706936736391012593e-03
8.700990344591204989e-03
8.738550741872352923e-03
8.661147953452071752e-03
8.639010056099918899e-03
8.720961067911561088e-03
8.808205839145127891e-03
8.864308828768888149e-03
8.983306885204260517e-03
9.097525436028097712e-03
9.194824715014263822e-03
9.266743790099469386e-03
9.370219566704966752e-03
9.459746266704864570e-03
9.485955544290776420e-03
9.607277526159216027e-03
9.725853053523105668e-03
9.742421405775265192e-03
9.766775474461624612e-03
9.740483158047073126e-03
9.733147663914899772e-03
9.718248674729049186e-03
9.630306338153479112e-03
9.544566440158806092e-03
9.466150135934846277e-03
9.365039731290559707e-03
9.284769334061008031e-03
9.319931967585530844e-03
9.298322722828589876e-03
9.377291409255035515e-03
9.303216306719807108e-03
9.228452354425008275e-03
9.148521481191034671e-03
9.032175604831211083e-03
8.895168246486818975e-03
8.863667152264742902e-03
8.806109733340249102e-03
8.703858630981916103e-03
8.619428828588616281e-03
8.581480470493750567e-03
8.598596049813569953e-03
8.638374914315091399e-03
8.631497767316509070e-03
8.618541324934787806e-03
8.625560393366860784e-03
8.650974009916680835e-03
8.694599593562406595e-03
8.724254836303088276e-03
8.749721864734154309e-03
8.733324512981125234e-03
8.710572986016278801e-03
8.715667261155832929e-03
8.727826038430919198e-03
8.752872333581029202e-03
8.752535375640919935e-03
8.794111570282295634e-03
8.903215381996891498e-03
8.992132690074899903e-03
9.039980143807802015e-03
9.111259571853111763e-03
9.211430136655630874e-03
9.278390966698985692e-03
9.330109977887461603e-03
9.367948657339694035e-03
9.429423827099082944e-03
9.413815410503775793e-03
9.400429856302933151e-03
9.429534706291941432e-03
9.451984386709041605e-03
9.472925955989492525e-03
9.477838042447828820e-03
9.521958986279834350e-03
9.545018283730404354e-03
9.570849600933203569e-03
9.577426911566818551e-03
9.557387237113171632e-03
9.546412906432318740e-03
9.532442150089030092e-03
9.531607178820284201e-03
9.519291899439820404e-03
9.471337344290852583e-03
9.435625236616309447e-03
9.426289226949508687e-03
9.412794030974461212e-03
9.404206219895483790e-03
9.369503568758669881e-03
9.360468905667711226e-03
9.352488740585166924e-03
9.336231959046616818e-03
9.292774870394463274e-03
9.215468887552043242e-03
9.270818737047447494e-03
9.302694708105539723e-03
9.351455701642296184e-03
9.384796405265054958e-03
9.405710188836433755e-03
9.444608557720658021e-03
9.486859352533979703e-03
9.535225788535339059e-03
9.424142518119293932e-03
9.466488340322168349e-03
9.457253030348123854e-03
9.483653014576685220e-03
9.514413458203717366e-03
9.637874398953102592e-03
9.749401583650523298e-03
9.705550124661982414e-03
9.743646878928504534e-03
9.771813244997830036e-03
9.806433388397713113e-03
9.807188525684032432e-03
9.792987058355920316e-03
9.821271080649620136e-03
9.864947688421542640e-03
9.954061254605014314e-03
1.007557850433564092e-02
1.018590116385093697e-02
1.032454687199861956e-02
1.045543429335446528e-02
1.047865128411987895e-02
1.048158330633540587e-02
1.057106664453424244e-02
1.064954801515704402e-02
1.059848268811329139e-02
1.055782236693505322e-02
1.052435492697510397e-02
1.053013907246212397e-02
1.053205111201044666e-02
1.050005307807669319e-02
1.047428458146987089e-02
1.051295816025572469e-02
1.054068858740295038e-02
1.059113320052850263e-02
1.068259755072959762e-02
1.073317923381448408e-02
1.064710633512607266e-02
1.059798428057250920e-02
1.054010294661945901e-02
1.049874810882900529e-02
1.046618277065110639e-02
1.038399169139423740e-02
1.027961470075203221e-02
1.017028030290517519e-02
1.010037044027876918e-02
1.011092680717122147e-02
1.010757371049733448e-02
1.005719196350133605e-02
1.004516053165284417e-02
1.000184598175741374e-02
9.965561794914517407e-03
9.893624833715869080e-03
9.846028112213040667e-03
9.788388065644530039e-03
9.776792022307197183e-03
9.797527926045969393e-03
9.854080080077636666e-03
9.893345659356157784e-03
9.895667198900625489e-03
9.907137234110088841e-03
9.946848066738598476e-03
9.902028940944947177e-03
9.820381651880386031e-03
9.790933013860214987e-03
9.799325732347607260e-03
9.794623925851465504e-03
9.793586987484434458e-03
9.774534485066783268e-03
9.755310634092587141e-03
9.749251452622119049e-03
9.735422833438546128e-03
9.772268375494500697e-03
9.807797167126567836e-03
9.780932224880505704e-03
9.749004411853378141e-03
9.721429543227185638e-03
9.657686133342903087e-03
9.682567753724655168e-03
9.695774753176285982e-03
9.699556593665821166e-03
9.708876782179028109e-03
beta3
-7.318386308662668416e-04
-8.050657199959620385e-04
-8.946674973458187486e-04
-9.336895272580930053e-04
-9.840313544689401060e-04
-9.596144614425755745e-04
-9.220556387626816040e-04
-9.660123172433119493e-04
-9.680745752290206407e-04
-1.053306186045395833e-03
-1.157256316041851713e-03
-1.202665552660365286e-03
-1.303709096146169486e-03
-1.425640863273741274e-03
-1.556196353851427468e-03
-1.623994390114686347e-03
-1.750488467170419667e-03
-1.869206190958396007e-03
-1.913370831677013890e-03
-1.891060836909400251e-03
-1.785505269058390750e-03
-1.687441055419037009e-03
-1.643137895535344908e-03
-1.603697456956249164e-03
-1.556749184368607687e-03
-1.508474232628483416e-03
-1.463690461195958723e-03
-1.412782491269339458e-03
-1.295688987573108061e-03
-1.156229976974496249e-03
-1.156462026422567287e-03
-1.131968602637009212e-03
-1.120089291450235801e-03
-1.113326360692214797e-03
-1.108699493719457561e-03
-1.078068766037145127e-03
-1.054131903271618995e-03
-1.022202672121635958e-03
-1.071449776577278103e-03
-1.033360833552773774e-03
-1.047791994439330318e-03
-1.120377702429456272e-03
-1.212974333519002690e-03
-1.315630770356735358e-03
-1.511371886982165952e-03
-1.789346554576016655e-03
-1.946662741136811255e-03
-2.022642453190910856e-03
-2.028179499933381764e-03
-2.152465870429337656e-03
-1.991261626354444252e-03
-1.884061798249370492e-03
-1.661154247459796333e-03
-1.668307413080293879e-03
-1.654568206769699810e-03
-1.647660412957320042e-03
-1.673006244974387449e-03
-1.589166582060821779e-03
-1.495319074601636662e-03
-1.327431546228645658e-03
-1.266014682704060586e-03
-1.275442736173202155e-03
-1.192899246512660414e-03
-1.147738987502423293e-03
-1.211321797657237149e-03
-1.343713446080592889e-03
-1.507979382903231044e-03
-1.671806809606361192e-03
-1.662878724364596312e-03
-1.710591332673415095e-03
-1.763460763371133564e-03
-1.920850559509228866e-03
-2.040991092011188845e-03
-2.132580353791818997e-03
-2.310166691203517381e-03
-2.261232920987774932e-03
-2.266160214402782556e-03
-2.277113043014523681e-03
-2.324905171959054141e-03
-2.415372777665077998e-03
-2.596239211229707088e-03
-2.705554851123581975e-03
-2.709117279298057807e-03
-2.669674594772930044e-03
-2.646507114411555950e-03
-2.663765858790687231e-03
-2.701330113444017252e-03
-2.762154783993775887e-03
-2.584767995623143792e-03
-2.507597360164232070e-03
-2.623440496469607065e-03
-2.624712054652042405e-03
-2.665149368365209766e-03
-2.632299234994403547e-03
-2.506649511863941540e-03
-2.344107230356418624e-03
-2.163441868943690762e-03
-2.043844526710479441e-03
-1.993833563519925578e-03
-1.901988651074584726e-03
-1.855245738218917577e-03
-1.785652787413897092e-03
-1.817784671827742549e-03
-1.859954120914966876e-03
-1.770972809157993644e-03
-1.696713410515833000e-03
-1.584064231190612706e-03
-1.486563740642217902e-03
-1.356647540393679345e-03
-1.256209635647153721e-03
-1.172542555542091438e-03
-1.138115845891892429e-03
-1.083429823665294726e-03
-1.013910086255296770e-03
-9.483279127232948410e-04
-9.126455237996008215e-04
-8.640596190602372381e-04
-8.274467778684501187e-04
-7.965388761874906808e-04
-7.843621503665092112e-04
-6.570461721033405821e-04
-5.488426511854641813e-04
-4.960697674996350504e-04
-4.556102601613628948e-04
-3.938680193152561178e-04
-3.411123867108244645e-04
-3.546856764208632606e-04
-3.863613327899077690e-04
-3.787765586435153922e-04
-3.806091897176335989e-04
-3.881924952314683413e-04
-3.764493297477097150e-04
-3.632715438369980843e-04
-3.241576874270650803e-04
-2.697358390443097302e-04
-2.654489108728055099e-04
-2.349220413867471498e-04
-2.298139404283625065e-04
-2.432236103999189903e-04
-2.330500041793636421e-04
-2.375739449929492998e-04
-2.361261515892026930e-04
-2.584666178909721676e-04
-3.109785770951350829e-04
-3.145022916498662366e-04
-3.389223023658274360e-04
-3.531786151025652896e-04
-3.597598716599172824e-04
-3.748052556619115364e-04
-4.072912781355378766e-04
-4.054152951730769601e-04
-3.794078594590435472e-04
-3.297276960024833311e-04
-2.479933382603282310e-04
-2.084893595526711267e-04
-1.231831820640164402e-04
-2.712206975010880781e-05
6.269880727575527848e-05
2.007633793561829842e-04
1.782668448023434001e-04
1.375786280062399369e-04
9.311369367337541465e-05
5.369176619105874395e-05
1.936322971335557348e-05
-1.528380063146171126e-05
-3.348218067029580908e-06
-1.059868760962137416e-05
5.139164512994054022e-05
1.080300649009199458e-04
1.642877775475788346e-04
2.477519840536358256e-04
3.100432553295624782e-04
3.710345275880788142e-04
4.297811602517980075e-04
5.060852842710859226e-04
5.545230198080025857e-04
5.307886599018426165e-04
5.260334254264392717e-04
5.085425175184658635e-04
5.337768271969933233e-04
5.084572539779528460e-04
4.918020108263454135e-04
4.771578891124599519e-04
4.407067165772254186e-04
4.364831025394828065e-04
4.085531805244378223e-04
3.946208414030257438e-04
3.631357272287740520e-04
2.721173585642778755e-04
1.681095084053401247e-04
1.020425632864079923e-04
6.255596996750876484e-06
-6.120628969126667182e-05
-1.071536308801132961e-04
-1.555425021876560387e-04
-2.057933923468653506e-04
-2.659841173364407277e-04
-2.901066841529700521e-04
-3.223328079048155739e-04
-3.553815955840785201e-04
-3.824360766507671635e-04
-4.254780392600975274e-04
-4.731571136997894753e-04
-5.508662773149261300e-04
-6.048173685955903628e-04
-7.074029346156993818e-04
-7.556252557548933952e-04
-8.762396386885639614e-04
-9.986549143029448475e-04
-1.133335619541398723e-03
-1.269574631994343020e-03
-1.411644287734830413e-03
-1.493808856514942853e-03
-1.460598602937818180e-03
-1.503789343451421984e-03
-1.558745555078615503e-03
-1.636964007852808765e-03
-1.731245505230309158e-03
-1.774247385680641567e-03
-1.674618654691200238e-03
-1.565272696954230370e-03
-1.387865224116111365e-03
-1.275684800712397881e-03
-1.169376916594618530e-03
-1.067694418822010818e-03
-1.083266362580305887e-03
-1.125458149759003563e-03
-1.157168442313426205e-03
-1.175077692738906235e-03
-1.226205208789426897e-03
-1.262806701245281892e-03
-1.282866352296621907e-03
-1.324513216786177804e-03
beta4
3.187912400830971181e-51
2.446422511053063502e-35
1.057588768059122730e-46
1.268517258062170788e-36
4.058416519509950011e-65
2.064934795627664032e-35
7.084853955893930450e-33
1.063971380457547362e-36
-1.137363335524127038e-48
2.958408576215631161e-47
8.147275247586732412e-35
1.451555420851793288e-34
2.224650520830262210e-27
7.389974132137244318e-28
7.198890452381956879e-26
9.105535284787114158e-30
3.176011630365010315e-33
-2.232056187532799440e-48
1.847862155221498311e-35
-5.935475489226576362e-47
2.061446384851910279e-37
6.139937573598936193e-40
2.656975837092611099e-34
1.790436709613754280e-35
4.974189645449681813e-30
2.190945617112615189e-25
2.096377576914739118e-21
1.844306631960908971e-21
4.308433109244939176e-21
1.387815260518945671e-19
1.069107649713190607e-19
3.062530107332348193e-19
1.958891110414312388e-20
2.711008759752012139e-20
1.369699228388782930e-19
5.767232194996068758e-20
1.136422621578317756e-19
2.345699328190737124e-19
1.602887331668622320e-19
2.203673306406279175e-19
3.284659675189802246e-19
5.655530384144429844e-19
4.204564176405706369e-18
1.404681535121670331e-17
5.198963422171352808e-18
2.110598578075449393e-19
5.419158003936941422e-18
4.242685316507102178e-19
4.867649685690438756e-20
1.123381278785626524e-18
3.922201088239249031e-19
2.324033171905634198e-21
7.010012639983848680e-24
7.678516614533920966e-26
4.906360074609385338e-28
3.474613857679996971e-25
8.186733261160844138e-24
5.027179059256095981e-34
4.811187408729995098e-44
1.058871492349160750e-39
1.505503589169101884e-50
2.590830804308458902e-66
-4.728493306132000088e-34
-2.343976467242865590e-37
-5.546883803315674469e-25
-1.036748859922449399e-22
-9.047042257883317774e-22
-1.523034948014690598e-19
-6.251334425065993575e-20
-2.005849058294259897e-18
-3.673058775522784003e-18
-4.838267747256625121e-18
-3.405361567537513116e-17
-2.338256102754837342e-16
-3.917551939937722264e-16
-1.280253287100663273e-15
-8.461263349664217159e-16
-1.626959604165030162e-15
-8.839757633089454938e-15
-9.864795754039126845e-15
-1.748901904978610640e-14
-2.700591472149305830e-14
-9.851972948552615453e-15
-3.509904201134554794e-14
-4.239450639692955707e-14
-3.925141125268415280e-14
-4.331328135512587121e-14
-6.908115392438103180e-14
-1.454845115381971886e-13
-1.782011766034367294e-14
-3.115271415378067955e-14
-2.465247685334896222e-14
-2.586440345491209540e-14
-8.336895323588278481e-15
-4.177298816537299467e-15
-3.634846447540654791e-14
-4.665383539969966730e-15
-1.331769310215792812e-14
-3.196965006812966515e-15
-2.712129929837617092e-15
-3.568363278662790803e-16
-5.019340716252821458e-15
-1.167198555600455340e-14
-1.226889067518411021e-14
-4.240624074088791427e-14
-1.162531688210392113e-14
-4.944812568596190454e-14
-1.331165368735228244e-14
-9.373071034014039521e-15
-4.896867822221415576e-15
-5.073557823563445585e-15
-1.142255728193772684e-14
-2.654827742187252428e-14
-5.324005680302097731e-15
-5.540515929868103534e-15
-1.460068977905466089e-15
-5.894829591750907206e-15
-1.626062070869150243e-15
-8.537548883654421674e-16
-1.307703124106871167e-15
-8.121574781108217318e-16
-1.310535530539590136e-15
-2.279196098962689671e-16
-3.936252439739433296e-16
-6.873035682902882943e-17
-1.844119486383719463e-17
-1.666102672128690501e-17
-5.236745195066570515e-17
-7.154791301392754832e-18
-1.332648384086663834e-18
-8.855403773938569250e-19
-3.204716020829170459e-19
-3.611592945155285998e-19
-1.000181644110402258e-20
-1.983275325976945901e-21
-3.164276410712701863e-21
-9.004841285922699922e-22
-5.430625209282036576e-26
-6.407438005998791274e-24
-4.926952493996659849e-33
-6.159097558948137331e-26
-7.783114054158783133e-31
-2.712975658270577485e-29
-6.307421510218354138e-26
-3.775819217627273518e-25
-1.206549329519663766e-30
-8.986560048278589514e-28
-1.194420326586691841e-30
-1.022350920917803898e-21
-1.223280487416105563e-21
-3.770364281153337603e-21
-2.401891638112973334e-21
-6.208166916729816728e-22
-7.306492670360797416e-27
-1.276145821453792232e-28
-1.160209399140417462e-27
-5.750061577119452937e-30
5.992774038781244172e-40
9.665782263924197330e-31
1.409174802214014752e-28
3.228345402787113187e-32
1.523541047576513814e-32
3.165360922050552646e-25
5.798118375887773964e-29
1.462863354712675311e-30
7.160404904142344660e-31
2.751563210610803650e-32
8.705976355644397264e-29
4.260309986884868803e-28
3.364947151167767215e-24
1.988850014623982597e-25
2.590442224592667543e-26
5.001193218686593435e-25
1.204053614543098346e-22
1.547102979230158714e-25
7.983973085175304533e-31
2.633696974101291971e-23
7.156128300483278121e-21
3.680779798462860024e-21
1.091361819011144725e-20
7.196516075685123004e-21
1.330181688308579808e-20
4.724726783824961309e-20
2.021211117354192432e-20
3.603235541470723260e-19
1.002108437385408198e-20
1.008843021529424754e-20
4.527747728585401197e-19
9.089535521796592383e-21
4.228156785202734634e-21
1.081451083488220754e-20
1.719474719602793349e-20
8.891375195101994882e-21
8.626876809454413769e-22
2.285485874094736366e-21
1.745829580303060914e-21
1.103153876734022837e-22
4.319742948960776434e-22
1.193563690084107647e-23
1.042543090464473167e-24
2.156731762059480376e-25
5.360902501205186424e-23
1.045873430240915070e-22
6.778990314760053936e-22
3.228140366915569955e-21
9.008502729825261630e-21
6.662015839167797562e-20
8.400642343227088354e-21
3.577120224218238116e-18
6.800587125956916563e-19
1.396574488361542555e-17
1.982295452273151526e-16
7.032174037045383309e-16
2.111844412341310286e-16
7.432537092532282955e-16
5.544408048792157521e-17
1.399490358836362443e-15
7.660500256005565423e-16
9.586407417443726191e-16
3.785624181973325454e-17
1.596954843068526347e-17
6.101717158920273946e-17
2.430280819408747194e-17
6.193972478224677883e-18
9.357158922469559017e-18
4.000011288261108500e-19
3.604841620174573251e-19
2.011243375474532306e-20
3.966875427260025398e-18
5.681359510748582851e-18
1.313343867271321068e-18
3.930390697805940714e-19
3.572964759942241486e-19
beta5
8.403220410900762359e-24
5.461646401141152504e-26
2.137533965769864391e-33
7.373691962183931519e-28
3.999704392904143796e-22
1.467778332308628881e-23
1.357811755353744376e-24
6.809316730572108203e-23
6.935932983969827385e-23
5.021459085803879667e-23
3.341101092250274292e-29
2.295403899617920576e-24
1.111510508372629356e-31
2.718711195378090468e-23
1.580609760172074201e-23
6.066643969636658969e-24
3.053603861658493529e-30
1.125008735670006431e-23
3.055123407606436292e-29
2.073332850260639264e-29
1.634343680038026175e-29
3.730202058242291230e-27
8.173584525142272741e-31
3.032701672778323991e-25
1.702401701940639619e-28
2.125705208080355226e-44
7.797536483296661076e-30
-3.073694360246809608e-32
-1.319913442127993597e-37
-3.763691673959612662e-30
-8.759758922712102866e-37
-1.252300617721995522e-40
-7.542780554226247441e-33
-1.444648240149620821e-41
-5.928916865451119390e-35
-5.840684094336976060e-29
-1.393498692013309881e-32
-3.318587456394143763e-35
-7.666328768976396743e-30
-4.553879439077165799e-21
-1.535208070502931303e-20
-2.774568047938671875e-20
-1.544293386492944089e-18
-9.741708882267279053e-19
-7.489477333450730486e-16
-1.461972436787441591e-15
-1.918935317242312149e-14
-2.636705024554114825e-14
-1.007321673222269210e-13
-1.655721584576356019e-13
-1.792455855520356219e-13
-9.156265915774578413e-13
-8.306645466469024885e-14
-3.599954054611789842e-13
-1.585391819530368332e-13
-5.605439621624073345e-13
-1.842773867387413250e-12
-2.328321912672448793e-12
-3.921329246641890045e-12
-3.941296336243424281e-12
-1.834328106551310875e-12
-5.611251713202161558e-13
-4.322562587219848094e-13
-1.298547217804813435e-12
-1.945245661761225867e-13
-3.364946911670186738e-13
-7.937227235922735317e-14
-4.682031935191401995e-14
-3.610345813613431316e-13
-1.076875036920362642e-13
-1.908621776670251751e-13
-6.310458136062576168e-14
-3.179783016844490134e-13
-1.141483780726827913e-13
-1.523393211393595111e-13
-1.190380256187384305e-13
-9.206401919322239425e-16
-7.691679646009568061e-15
-9.854900893234297954e-17
-1.157362602890875363e-16
-1.702554518481662900e-17
-5.895239276041734661e-17
-9.969378789607343021e-16
-1.718753972134435987e-16
-8.180669259831109614e-17
-3.399048307292681133e-16
-1.132039282352536438e-16
-1.919396707868241383e-19
-2.429850014307101291e-17
-5.160064715700196898e-17
-7.505019662807027310e-15
-5.556325457309293402e-15
-2.577672015427419005e-16
-4.829612165540920744e-15
-1.931482599660152318e-15
-1.324639461846829661e-14
-3.470489870092323290e-15
-2.955572240834747774e-15
-2.308524539547503725e-15
-1.814645574691971216e-14
-1.257844471903212533e-14
-1.005792040697880855e-14
-9.416698716827444793e-15
-1.345189457556859765e-14
-1.539585187811987778e-14
-1.402631696507146533e-14
-8.331909279080193968e-15
-2.280647453850227497e-15
-1.938335562764185995e-14
-1.594283460386773169e-14
-1.811238036979192079e-14
-4.543276791682066539e-14
-8.375924107964693626e-14
-3.608910182764505132e-15
-9.783852694758405159e-15
-1.094016203972088000e-14
-8.212764396191690121e-15
-6.996019259395602157e-15
-1.256166419960153287e-14
-3.383860758850899360e-14
-6.432685445926618621e-14
-5.228588684265560505e-15
-6.653971348953618688e-14
-4.451318999927281957e-14
-2.003742012671075105e-14
-2.988646494708078550e-14
-1.284933098960446047e-13
-1.675153636837766407e-14
-8.733164801515040678e-14
-1.615892652212539786e-14
-4.083213982644544574e-14
-3.155871541520071009e-14
-4.830883708708455707e-14
-6.200153144882056584e-14
-2.024945967577090875e-13
-5.251173628318809572e-13
-1.691684904456717085e-13
-9.279655757160320581e-13
-8.473527769993433677e-12
-3.077800794148657561e-13
-2.551510422756398748e-12
-2.199498664247905037e-12
-3.870058273406158653e-12
-3.368322819967123309e-12
-1.013605841264444018e-12
-1.197644417013164930e-12
-5.146727004234461054e-13
-6.159510180326462416e-14
-4.543951562458960738e-14
-3.231992433300912019e-14
-3.758108658824352633e-14
-1.223615018844621346e-13
-2.069993705672202242e-13
-5.968962001584502618e-13
-4.091743291760264064e-13
-8.761537697884561042e-13
-3.150225903912002935e-12
-3.682041834750518065e-12
-7.525499692363053805e-12
-3.526032628180240836e-12
-4.433688338738507191e-12
-4.039524881564801927e-12
-5.375247372890363737e-12
-1.725177928820902083e-12
-4.253811480491433043e-13
-7.231119640587894087e-13
-8.489843957977003438e-13
-7.279461582289611002e-13
-3.001119698016723983e-13
-2.305028983621793935e-13
-1.540776842508970203e-13
-1.873381885057777635e-13
-3.910968655435447247e-14
-1.914386850227741173e-14
-1.185833573222525129e-14
-2.490121839930410227e-15
-1.106148322965247033e-15
-1.244510613287356222e-15
-1.130752440295704055e-16
-5.236294571474524308e-17
-3.823477048003924979e-18
-9.105263491873290254e-19
-2.087748542683476977e-18
-2.077520869407211085e-18
-1.060674678215300701e-18
-3.208003128040050767e-18
-1.451023378400158416e-19
-7.865208504023116698e-18
-4.245692711407738667e-18
-1.304194574520352108e-17
-2.382554116029394064e-18
-8.170999448595953090e-18
-6.766955514975648804e-18
-5.277035882968779867e-18
-3.574922912024408073e-18
-9.186130010064758873e-18
-4.993725841604863312e-17
-3.154364792634459930e-16
-4.942324788913039639e-17
-2.127732213663718398e-16
-1.556254317727470613e-15
-1.230413970859813702e-14
-3.565474813253621950e-15
-5.693632091490153324e-15
-1.462224121502126741e-14
-4.095762105090819715e-15
-2.751238854877657300e-14
-4.845710298291218762e-15
-3.266067177743376481e-14
-2.036925194441331533e-14
-1.892420799378643243e-14
-5.060395896087607163e-15
-3.729458753424612003e-14
-5.661723446084290613e-14
-4.418592156807374017e-14
-7.777950467485030197e-15
-2.301914480706721738e-14
-7.569075026716334088e-14
-8.679803914531519606e-14
-2.057772333888897029e-14
-1.561310931939718200e-14
-1.160372825197668825e-14
-4.245260982557743929e-15
-3.073354353518786151e-14
-1.059078032979612879e-14
-2.999396232456137040e-15
-1.794505910002467391e-14
-9.030993449275182191e-16
-1.739577493161284758e-16
-7.741596497288684133e-16
-1.553388517946403424e-15
-1.412222775965636147e-15
-1.118024947335019078e-15
