4.030807118166313777e-05
3.986204022444527818e-04
4.586872583147625325e-04
-4.397478639405050628e-04
-2.829800998136846658e-04
-2.436343473400032547e-04
1.059003700212267791e-04
4.362968501730265678e-04
4.453705204503922012e-04
5.731748899229403230e-04
6.581220751313113541e-04
6.387182320185481790e-04
6.195180510645653367e-04
5.780335978029454242e-04
5.564077883485864717e-04
8.511168578360732949e-04
1.015304545793664463e-03
1.042847757592463764e-03
9.270182810145040321e-04
6.926290633386777799e-04
-2.898027503505614874e-03
-3.064248296469940930e-03
-3.178995379218278305e-03
-3.216448960597605156e-03
-3.189953337792950008e-03
-3.242514087961094731e-03
-3.291041021609167339e-03
-3.521559628463604135e-03
-3.972387712138428055e-03
-3.977780708144842449e-03
-4.139141847475247792e-03
-4.177277032730406132e-03
-1.348323411310804005e-03
-1.619443115971469114e-03
-5.746599609940944431e-01
-5.757953108090220207e-01
-5.758683772295614123e-01
-5.757885429612065176e-01
-5.757429985030854125e-01
-5.757841930842614309e-01
-5.755387827673713597e-01
-5.755654718627774002e-01
-5.755409372753829134e-01
-5.749126382731871709e-01
-5.742161632408067096e-01
-5.739849733026154421e-01
-1.074647593317064722e-03
-2.325860747817656176e-04
-8.426822043259073289e-05
-1.380025897718363461e-04
-1.837456800488522426e-04
1.061507990711612275e-04
5.077171063924817702e-05
-2.213446230823153671e-01
-2.207765462539208468e-01
-2.706732536706712433e-01
-2.940393688020995766e-01
-2.954721157397309228e-01
-2.927859332475619691e-01
-2.865869565922548601e-01
-2.897401228273551177e-01
-2.933267713577195623e-01
-2.919717929711763138e-01
-3.061913149640116405e-01
-3.098959312967647928e-01
-8.964354927925073657e-02
-9.773499251142359068e-02
-4.922115194014440448e-02
-2.581593235354642454e-02
-2.429011719912446340e-02
-2.683953847722659811e-02
-3.275322116474458506e-02
-2.996078394767225442e-02
-2.648253276062056613e-02
-2.779269957223498219e-02
-1.376208082594371045e-02
-1.004994220142259830e-02
-8.865451074263574344e-03
-1.127846422749587130e-03
-1.984218695944068753e-04
-1.528990543560042228e-04
-1.510274885861732528e-03
-1.481582356985080553e-03
-1.449307304251925893e-03
-1.222544395766998922e-03
-2.943823550055201400e-05
-7.214523569273673586e-04
-5.824547515456555058e-04
-4.595943239177318479e-04
-5.045709553176206666e-04
-6.477180313939238454e-04
-8.911470239707660300e-04
-1.578011330581201614e-04
1.207180564015200184e-03
1.255666072952823153e-03
1.212014913724280890e-03
1.270008039875281016e-03
1.982429375552061633e-04
5.908865799285310805e-04
5.710839014780328543e-04
