-9.768070661191467192e-08
-5.215226337544308019e-07
-1.006466510973008006e-06
-8.175658609655687799e-06
-1.994755294142287749e-05
-2.910827381528820215e-05
-6.954687790978364870e-05
-8.172858318398514010e-05
-1.222799335820388912e-04
-1.384321906384512247e-04
-1.632236969984895427e-04
-1.910496327451550113e-04
-1.984260768245299739e-04
-2.234582571859160380e-04
-2.404459738163835082e-04
-2.985773471455309197e-04
-3.504530182146707931e-04
-5.329730572382935941e-04
-9.372383162932870944e-04
-1.523506476421948976e-03
-2.645107231183024821e-03
-3.569298194091147496e-03
-3.923719657385928671e-03
-3.883545951826085797e-03
-3.586184398617517973e-03
-3.012168678195479773e-03
-1.879062368940618644e-03
-9.340065762621424170e-04
-5.737954537756159235e-04
-5.546564005014909633e-04
-5.644179873429026406e-04
-8.588790774382006011e-04
-9.531237387614302330e-04
-9.290642179520324602e-04
-8.962203050998221237e-04
-7.936317111818576991e-04
-6.857381472100931548e-04
-3.992543009623749045e-04
-3.856516949061757180e-04
-4.929326176826812241e-04
-5.093893676112479316e-04
-4.791181719925984971e-04
-5.349172274005024961e-04
-5.737192932087731116e-04
-5.618032845692781229e-04
-5.210735419126496723e-04
-6.176211819357399664e-04
-8.010095157718158691e-04
-8.817020952613098496e-04
-1.141325078440970841e-03
-1.294381315249340351e-03
-2.025824284377270284e-03
-2.910928339028808192e-03
-3.288105997446363286e-03
-3.450738077243071383e-03
-3.489523206970927393e-03
-3.903607237797378920e-03
-3.375103826892403031e-03
-2.772098422248417838e-03
-2.566891302295726176e-03
-2.604460929024403695e-03
-2.445987733009125347e-03
-2.131852781334460725e-03
-2.712049029201182935e-03
-3.676561791453381630e-03
-5.353622810507848058e-03
-6.318727832932465732e-03
-7.261126489254262663e-03
-8.000361266285024517e-03
-7.760559790208372034e-03
-6.650000448793074413e-03
-5.181677295689520596e-03
-3.962341502403427321e-03
-2.924337400668568145e-03
-1.973051413949936800e-03
-1.456285264345757611e-03
-1.441101487931651650e-03
-1.051819126474405879e-03
-1.178275738933664803e-03
-1.266287824343351447e-03
-1.693916901024354041e-03
-1.971090167512419729e-03
-2.614268482978134803e-03
-3.403078242804693371e-03
-3.605580314209815441e-03
-4.342244967382572797e-03
-4.271520046772680351e-03
-4.084316294440871152e-03
-3.395142773618659016e-03
-2.544722786485078148e-03
-2.177110892154067098e-03
-1.285327610520569383e-03
-8.454124425189888216e-04
-6.719511657935240420e-04
-5.501564034979777558e-04
-5.535661364117269853e-04
-5.554844135355563534e-04
-7.421318155899442543e-04
-1.286185450700511436e-03
-2.240490207734758144e-03
-2.595047819224095310e-03
-2.841552906383547003e-03
-3.297148426953938963e-03
