1.475796867823132678e-02
1.486729049409077005e-02
1.297625631255595012e-02
1.118862176252796714e-02
9.691072617024886274e-03
8.543047673736677353e-03
6.479135751023267463e-03
4.371554713704570855e-03
3.404851697070445608e-03
3.143691650037758970e-03
3.164419222779611077e-03
3.227443222550613333e-03
3.360017368119305303e-03
3.456883695321167835e-03
3.336679848886022620e-03
3.124424029329941899e-03
3.051063236856048789e-03
3.257838473503311960e-03
3.500615147001943494e-03
3.923220878329402965e-03
4.649603965416635072e-03
5.045146767704882657e-03
5.279068504489777686e-03
5.543638577701281815e-03
6.212952618481049245e-03
6.726026950666982168e-03
6.962245670220721522e-03
7.557185403355054336e-03
8.083448235763656883e-03
8.167809423211798772e-03
7.716489998935149863e-03
7.084918836439114964e-03
6.622290696831522466e-03
6.181510040427266872e-03
6.031964696171125857e-03
5.908123080847527825e-03
6.000783807485143839e-03
6.377762126458388393e-03
6.706472579875786925e-03
7.118028898456192459e-03
7.494771015566288608e-03
7.894074339644735136e-03
8.312747831538734242e-03
8.710247366589844373e-03
9.030727400029034749e-03
9.805998355038356151e-03
1.022134302516920952e-02
1.056876846917313706e-02
1.076863178429852790e-02
1.118606566816965527e-02
1.170509006791528583e-02
1.169178041773177336e-02
1.184389677626588623e-02
1.212624328784203155e-02
1.231031312035194003e-02
1.198034076618321835e-02
1.112960683934836187e-02
1.012508962801629032e-02
9.163767091925810460e-03
8.377292838203825517e-03
7.702182322258683406e-03
6.843933704212164237e-03
6.512484578350973691e-03
6.407355955880006219e-03
6.331243134591037387e-03
6.139221547108306837e-03
6.035315632624979609e-03
6.287592011097447448e-03
6.337643692035433741e-03
6.055871296126603270e-03
5.831019694069908103e-03
5.692316370125516389e-03
5.297167117506259258e-03
4.878402047155995687e-03
4.397355260816997700e-03
4.089582910743315425e-03
3.605253770332992377e-03
3.124654091140923514e-03
2.829509577549038559e-03
2.560234218002338177e-03
2.357183271075417429e-03
2.106819435696996503e-03
1.925968575907321305e-03
1.563938297686215265e-03
1.019850631558901844e-03
5.390062614648042033e-04
1.339421212933515149e-04
-2.148224053460902545e-04
-5.467883115638770032e-04
-7.716170854395930584e-04
-7.844516964325737481e-04
-8.774528845158451442e-04
-9.813357780092597273e-04
-9.843820730856889852e-04
-9.785242685612161647e-04
-8.972975999770243594e-04
-7.455783302812544902e-04
-5.168462020959072338e-04
-4.084539594902842903e-04
-4.609469865770505245e-04
-5.835306911659542952e-04
-6.890938753114909292e-04
-9.080547056247030265e-04
-1.148122609972773581e-03
-1.470656808793080993e-03
-1.808390034070727357e-03
-2.075785067853514170e-03
-2.312172312468413048e-03
-2.327481777172690086e-03
-2.332156285520892245e-03
-2.095593706894561311e-03
-1.730471561652124034e-03
-1.135498961648688174e-03
-3.788826927694198283e-04
3.938335110405179087e-04
1.208377632594816219e-03
2.096269061430048545e-03
3.229674854575986451e-03
4.358597730587825993e-03
5.044309727791500102e-03
5.318048848672665696e-03
5.634621037087274471e-03
5.737075799780135682e-03
5.374329146995646296e-03
4.684570247025844104e-03
4.283058829220036563e-03
3.993687739756799325e-03
3.506459661249326527e-03
3.208377099354290524e-03
3.199532608309824545e-03
3.308991078549054689e-03
3.373714803177074641e-03
3.638164843803491644e-03
3.988970831395339395e-03
4.202523838329290211e-03
4.184058206039553522e-03
4.085897251194204119e-03
3.917451997895932299e-03
3.537681220860024265e-03
3.278343833424870752e-03
3.063741616382989388e-03
2.924402538203643969e-03
3.036695568837408012e-03
3.308483920687674187e-03
3.728147540885975563e-03
3.712217649637106990e-03
3.664742953189340305e-03
3.641823570672743631e-03
3.453182167227771080e-03
2.960983633224614168e-03
2.305614205365156839e-03
2.060667916048663107e-03
1.859025106907935673e-03
1.769973817467135856e-03
2.028728151148316994e-03
2.386012148604689607e-03
2.691557652188586360e-03
2.794940651107205576e-03
2.921334928848374774e-03
3.040890768258888450e-03
2.568185944333719033e-03
2.194360323978343085e-03
1.940360757474163820e-03
1.907835585127325151e-03
1.752764196213756585e-03
1.433975289347941317e-03
1.322228371151342244e-03
1.111460269437778607e-03
9.838781283706640214e-04
6.914913913007013921e-04
5.346486392117101279e-04
4.647678379246396037e-04
5.080613628632441991e-04
6.748591360791004459e-04
8.785464272676119304e-04
1.137278298610442176e-03
1.298405936397305921e-03
1.400264003464519709e-03
1.321188434011696640e-03
1.057204733619081672e-03
6.622793027693616580e-04
1.507499338725063875e-04
-4.257074198379048337e-04
-1.064967282907104858e-03
-1.592153129622389659e-03
-1.955440425534908221e-03
-2.437419180953121108e-03
-3.099557921193451995e-03
-3.673496924941099893e-03
-4.397013184553510458e-03
-5.242310292896015626e-03
-5.990971990237121785e-03
-6.658493206969133375e-03
-7.321073721837378923e-03
-7.737321407853134207e-03
-8.154971892261502972e-03
-8.250868282765057640e-03
-8.153136307134236510e-03
-7.936304255842685507e-03
-7.408820102315655069e-03
-7.135157680812472848e-03
-6.845911782728778157e-03
-6.903246030694102676e-03
-7.706673666433460322e-03
-8.735960795197556319e-03
-9.670036947527618776e-03
-1.038274516535588228e-02
-1.053300594606160732e-02
-1.045846357312770446e-02
-9.556285773554358889e-03
-8.299169319478714654e-03
-7.252750037794175424e-03
-6.556055710530942111e-03
-6.198249211767773749e-03
-5.711858544493696004e-03
-5.410601395492303962e-03
-5.105651756504735704e-03
-4.678692093482958274e-03
-4.010045213893691229e-03
-3.485303459487262834e-03
-3.090231238580760324e-03
-3.044696673349558350e-03
-3.444796090024401097e-03
-4.452773864708210565e-03
-5.564063531174989578e-03
-6.215216242094621230e-03
-6.528770725546553105e-03
-6.418678449433621973e-03
-5.969731767808257768e-03
-4.842593468079221287e-03
-3.566712435544761809e-03
-2.610877300638355953e-03
-2.127203561068215145e-03
-2.006665416859000801e-03
-1.915330307135987243e-03
-1.825631976674416341e-03
-1.826639003574973344e-03
-1.834530705239167427e-03
-1.745140799445953073e-03
