1.431521841153931282e-03
9.089222452337854773e-04
6.793215205948265620e-04
4.296222132677930206e-04
3.471031348420693954e-04
1.896089840291195457e-04
1.629694925768685940e-04
1.413698885536179394e-04
1.752112503539889911e-04
2.475762722466859724e-04
3.094880896122998554e-04
3.269680374765258067e-04
2.367564009513113720e-04
3.036023446009645014e-04
3.889864001238830474e-04
5.303567265737531506e-04
7.085535998330809958e-04
9.879945435905042751e-04
1.138369968426621850e-03
1.221095624358419516e-03
1.285988100365457326e-03
1.311211436463874218e-03
1.510478806258637322e-03
1.527565980780956926e-03
1.625475381253569654e-03
1.612423265144329867e-03
1.561351083167336834e-03
1.504138045175709227e-03
1.398092242916628954e-03
1.260095233030031391e-03
1.227085750218219083e-03
1.241397169147335014e-03
1.292168249257047300e-03
1.337847851342879521e-03
1.507026108568289844e-03
1.598563411203885723e-03
1.717597185542725025e-03
2.439700910763797654e-03
2.875423905450341221e-03
3.719715193828595709e-03
4.218644756047410134e-03
4.877662760780912717e-03
5.232278246581854690e-03
5.848576544793850952e-03
6.270072204632513857e-03
6.625727535198472871e-03
6.721065466338407152e-03
7.169142533919113658e-03
8.521949982664594678e-03
9.009568962881813262e-03
9.645979228056584739e-03
1.079049223028740595e-02
1.127805864268535165e-02
1.139587740772840703e-02
1.166704955750685890e-02
1.169818110163649977e-02
1.177502512956592196e-02
1.265687090447823425e-02
1.372463224773442375e-02
1.376151007161066642e-02
1.260226192277665198e-02
1.166839957804728829e-02
1.094650951750249408e-02
9.269880138125687410e-03
8.490975918294589239e-03
7.933118838092253003e-03
7.615828886595475689e-03
7.240821345651020542e-03
6.915674189532349143e-03
5.716280601610198957e-03
4.356029304430409678e-03
3.815811999590908426e-03
3.533178242252701506e-03
3.266491063051045127e-03
2.955678041407118831e-03
2.668694487355920044e-03
2.373549077877794029e-03
2.059690267121092044e-03
1.651982670399104692e-03
1.356000680131831497e-03
1.099441159037154803e-03
9.538429275300152428e-04
7.505864391009878017e-04
6.783785265076107190e-04
5.604681388146122044e-04
4.667554013085583914e-04
3.834602228430456297e-04
3.583792682896652019e-04
3.594480967878599040e-04
4.139524361422898015e-04
4.652491902980068349e-04
4.007157558629115420e-04
3.662471870587813796e-04
3.418958719376152550e-04
2.969691033266527442e-04
2.859943853460445427e-04
3.060296015684403864e-04
4.047633588949313388e-04
4.487785796894693782e-04
4.632414990535928625e-04
4.983785649412660274e-04
4.550703373176976101e-04
3.777946514072720173e-04
4.007139161025464395e-04
5.340095580408965896e-04
5.754342611806302849e-04
6.642635745263794937e-04
7.746498400113714178e-04
8.425992382690620066e-04
1.015973758857146919e-03
1.075975523425104540e-03
1.131092795002703417e-03
1.227990716969284491e-03
1.369281799098714036e-03
1.587489220762712669e-03
1.728786560108774633e-03
1.704517440702900616e-03
2.001655126544696350e-03
2.194694759175929658e-03
2.331273807358287889e-03
2.402026602784172217e-03
2.339917046921508731e-03
2.561831125964638550e-03
2.662299345660034799e-03
2.651281248385610381e-03
2.620812071737855815e-03
2.533195907954596728e-03
2.470925162194805014e-03
2.425754506600296019e-03
2.293587868768601906e-03
2.204183645759070099e-03
2.232683611802006255e-03
2.631661409532796980e-03
2.726796606165668522e-03
2.735313884320859229e-03
2.941052735780262228e-03
3.198630328274064665e-03
3.317317789639812487e-03
3.363967976019403578e-03
3.473951488948247637e-03
3.664461816512197632e-03
3.739817140810776982e-03
3.909044930964434422e-03
4.070016834788381735e-03
3.809814872452851192e-03
3.857203612251102701e-03
4.356863732968122710e-03
4.336726805490794673e-03
4.311322877923100781e-03
4.124731188042548083e-03
3.968175949287707470e-03
3.714836940829548389e-03
3.338383038952008608e-03
2.975580484810059958e-03
2.519691095517133817e-03
2.187642052769865793e-03
1.872542170655943630e-03
1.463468332932491142e-03
6.253935322224466907e-04
2.431734533511295158e-04
-1.180409209033801655e-04
-1.584556904093445222e-04
-1.632655414505485437e-04
-8.699968186490405618e-05
-2.585989430477326912e-05
-8.879263154813670875e-07
6.252196879590590426e-05
-8.986247689449884061e-05
-1.166061842395343289e-04
-1.350900882488874279e-04
-1.838909481584075035e-04
-2.594641490874470807e-04
-2.887125977003052071e-04
-3.228014114702325624e-04
-2.540841016384398133e-04
-2.517691097454762103e-04
-2.401528964234030236e-04
-2.100672473560371894e-04
-2.002951812814127792e-04
-1.519379293689636151e-04
-1.777591951672160642e-04
-1.007294898612771293e-04
-1.009165359561808921e-04
-1.233520881902005790e-04
-1.816203342246203774e-04
-3.252592064521862901e-04
-7.496356761108336755e-04
-1.409216805969880923e-03
-2.075751094869559502e-03
-2.781578190322255614e-03
-3.308950869313425237e-03
-3.460984754951224648e-03
-3.557734624934873278e-03
-3.656819825755897643e-03
-3.692434945834599958e-03
-3.719170059392133080e-03
-3.815084072168407805e-03
-3.777317629346233201e-03
-3.463543245225123978e-03
-2.890635440644038958e-03
-2.229370938758429548e-03
-1.513275401809181754e-03
-1.019336560074470118e-03
-8.891016864076813422e-04
-8.630280125698705507e-04
-9.438784057555551230e-04
-1.032557878234575044e-03
-1.034255316055795451e-03
-9.361721273074228309e-04
-8.546588174095899951e-04
-8.599847048504022720e-04
-8.665955944109348134e-04
-8.627752580404657095e-04
-8.572797510484699056e-04
-7.486585618439860765e-04
-6.454563149689586648e-04
-4.333670493569817040e-04
-2.349396507805394645e-04
-5.315429879268864302e-05
5.812453999884040342e-05
1.662876940086602078e-04
2.341095919674515702e-04
2.701966950213564931e-04
2.792153699486699266e-04
2.874960182253805010e-04
3.502892041648384574e-04
3.505546561162131095e-04
3.256930313728533173e-04
2.578802110247891593e-04
3.052528855391145818e-04
2.897968147320241299e-04
2.489557844103911107e-04
2.245034947578842404e-04
2.247128836841504442e-04
2.330497872794324123e-04
1.550140429239989671e-04
1.621667519516900341e-04
1.056174572062279303e-04
9.088157965647752055e-05
