-2.914191230873134850e-02
-3.073038994709436506e-02
-3.228164625088413703e-02
-3.373609118512054666e-02
-3.556922044294640040e-02
-3.413996128296587634e-02
-3.819433571544595535e-02
-4.122579823885385436e-02
-4.598448369307727573e-02
-4.550383123068193342e-02
-4.405722210489974172e-02
-4.099272563841493966e-02
-3.425412254934079997e-02
-2.931898748055419834e-02
-2.473683357726244592e-02
-2.644993627447046400e-02
-3.149568274833002696e-02
-3.760432984548470192e-02
-4.561978409577367027e-02
-5.411347627102405800e-02
-6.377742930563266854e-02
-6.827586902285766313e-02
-7.727422547253885721e-02
-8.857754318966683249e-02
-8.399185476236574466e-02
-7.754846458459747904e-02
-6.569820881371597754e-02
-5.413937348339979000e-02
-3.446550917627825422e-02
-1.591112792604066142e-02
-1.042558249034028668e-02
-4.633225422805940796e-03
-8.879650429030044997e-04
-1.964926790011564499e-03
-3.567818302440286735e-03
-6.022670401296974750e-03
-8.407226641274264875e-03
-9.496588692221941477e-03
-7.650055436726563990e-03
-8.696338652823229140e-03
-1.182734392231486222e-02
-1.671273845181134657e-02
-2.496823096301141812e-02
-3.558846438260351852e-02
-5.598944971726951825e-02
-8.193164924115417524e-02
-1.027155257052234510e-01
-1.117215090163597435e-01
-1.160596039032758542e-01
-1.072920354815291161e-01
-9.045045015944293276e-02
-6.446923651691401080e-02
-4.190662615169023913e-02
-2.790230569728602630e-02
-2.124434831362949014e-02
-2.209974017816172809e-02
-2.221644307184540701e-02
-2.194142504975732030e-02
-2.222536394641664789e-02
-1.982644031423900707e-02
-1.117732420570253203e-02
-9.045100680773864726e-03
-7.284063713628591459e-03
-5.549160277972721260e-03
-3.978887469466572784e-03
-1.659905928596661431e-02
-2.181148055279399575e-02
-2.689486867114573507e-02
-2.649593137511502619e-02
-2.725538997714148717e-02
-2.756488013492873479e-02
-1.796865871720584526e-02
-1.351490630077425460e-02
-9.650603878373778879e-03
-1.093500063407895108e-02
-1.239740003240406667e-02
-1.232421268542337189e-02
-1.173622697394167448e-02
-1.297315456198546400e-02
-1.110304450946632965e-02
-1.321838978538806414e-02
-1.973705429146883558e-02
-2.776098536856850749e-02
-3.872890105719133808e-02
-4.658907482610060574e-02
-7.075745846919818949e-02
-7.570263351019845821e-02
-7.992566073091698919e-02
-7.808794450808781429e-02
-7.444579094259426433e-02
-6.716766670521183424e-02
-4.289965821530342810e-02
-3.399323710499310008e-02
-1.993756966358677107e-02
-1.197083182978269343e-02
-2.341430566710454853e-03
-4.206173455579160776e-04
-7.292339905387253997e-04
-2.678763712414694315e-03
-4.944577759640622454e-03
-5.111627991755292137e-03
-5.293130584028484485e-03
-5.028255529320449155e-03
-4.156193698519066240e-03
-3.013552807953879652e-03
-1.328344885478865978e-03
-7.791234740001708745e-04
-2.624524143654287291e-04
-7.728331264792035534e-05
3.389936519611986220e-04
1.184145026279632252e-04
-5.021741235772275323e-04
-1.142434794281539526e-03
-2.083538321264415908e-03
-1.979262980312937459e-03
-1.897592776028020302e-03
-1.563644263432187190e-03
-6.458889173431110395e-04
-2.600530900341364491e-04
6.596651566870146343e-04
-7.095754159211834812e-03
-7.935287034414054141e-03
-9.427571213391080021e-03
-1.126537336090616299e-02
-1.374618266270470450e-02
-1.342301179632617893e-02
-5.476388236377328737e-03
-4.618151791859600487e-03
-2.655819383347004115e-03
-1.881513221479374847e-04
2.930587040443598246e-03
3.165162674556784139e-03
3.347231614484658460e-03
