8.514736807695221866e-04
9.077358258294707886e-04
1.130030438422691781e-03
9.897254278119589285e-04
9.056828025254627440e-04
8.959170181615402863e-04
8.675079591293509201e-04
9.127396220900787539e-04
9.874293032424805595e-04
9.780744337724825606e-04
9.483886991266516318e-04
9.317850061777303893e-04
9.125503184014143203e-04
9.319103504875383926e-04
8.505023776141161333e-04
8.539034493935739349e-04
8.678870340901325385e-04
8.640426837793441055e-04
8.635619206508832147e-04
8.432155512840888234e-04
7.595069757546968380e-04
7.249211645175969269e-04
7.079176366792078005e-04
6.780004607280090212e-04
6.702392623642185578e-04
6.465263670184208866e-04
6.408336302973525545e-04
6.189425816694968949e-04
5.365545446792417726e-04
4.528940398004313605e-04
3.643070007801614378e-04
2.447202264744376479e-04
1.717969812658700658e-04
1.502843697610977303e-04
2.191991977807389161e-04
3.232889620516745700e-04
4.040021845699048094e-04
4.947563557002445994e-04
6.302499461757893459e-04
7.908200704008989989e-04
1.075158849859331883e-03
1.453518963642256049e-03
1.673970067925842353e-03
1.798682299517706225e-03
1.843394162873660674e-03
1.858129632272418697e-03
1.802504002245979139e-03
1.698944277654597422e-03
1.682888494335669409e-03
1.674516386439533827e-03
1.690627045344085359e-03
1.666874497175819007e-03
1.552373318010821573e-03
1.328452667554326852e-03
1.263360952412599571e-03
1.252478763822417870e-03
1.311489573784778906e-03
1.365520311509538925e-03
1.380729874735057636e-03
1.400823768837521468e-03
1.365040545386397375e-03
1.268759646632262438e-03
1.139413319227674604e-03
1.022297484435966087e-03
9.382285987208924607e-04
8.595070905557470600e-04
8.142486153075208103e-04
8.171778645636793145e-04
8.079435961003472375e-04
8.008302241165705590e-04
8.105260176643767954e-04
8.182038428047163020e-04
7.927118578651765534e-04
7.914906851584249496e-04
7.909231405958449873e-04
8.576148000693637656e-04
9.057234368037747792e-04
9.536751761680360706e-04
9.816582957831931303e-04
1.054756658118089331e-03
1.156873809508174355e-03
1.182087501026951549e-03
1.185758432279968846e-03
1.205476239925783264e-03
1.279188953664909742e-03
1.328988464566828063e-03
1.380738884357669187e-03
1.380686566368406277e-03
1.412206499725544634e-03
1.422311517185364084e-03
1.390291101579658626e-03
1.321600674267426863e-03
1.207869399778220597e-03
1.151416585394268591e-03
1.149979054559714144e-03
1.127585279025456128e-03
1.044192662608735235e-03
9.769658581093062632e-04
9.034601306702223908e-04
8.369862110185942667e-04
7.629990738271397047e-04
7.061364728949830498e-04
6.783098544711203652e-04
6.457638089124698210e-04
6.734014529827862762e-04
7.235056216904888491e-04
7.461035121409984689e-04
8.504979364413129198e-04
9.318520451305407383e-04
9.913105061690127579e-04
1.090293979237388217e-03
1.221709381806503156e-03
1.319232245643983713e-03
1.519001371052743727e-03
1.874554985656115601e-03
2.397808130766180840e-03
2.905911144374787036e-03
3.280637415941758343e-03
3.486634257249043856e-03
3.613555408512525088e-03
3.712110040473089959e-03
3.793069778861436325e-03
3.827513694502574643e-03
3.822099694569893163e-03
3.873721096965913272e-03
3.898600190942914153e-03
3.793588014195737115e-03
3.407338016439201769e-03
2.974959088344425202e-03
2.707326238902160991e-03
2.576555774705766456e-03
2.489770963127635461e-03
2.607421946944750001e-03
2.803238067476712583e-03
3.005812070660916855e-03
3.228144072394776003e-03
3.438759501888181188e-03
3.625976288674029064e-03
3.750076619017640722e-03
4.013173581950288393e-03
4.215659411782531757e-03
4.330384363160203788e-03
4.394609644715936729e-03
4.341231046361229175e-03
4.099446966033762178e-03
3.826710027255878638e-03
3.515951988745779060e-03
3.134461662448554623e-03
2.711907007526156727e-03
2.183098300913715890e-03
1.669672367420245570e-03
1.032054191113463077e-03
4.898636929544440384e-04
-7.507346517680738365e-05
-4.915561305883713690e-04
-7.223261105656019442e-04
-8.247995983343060127e-04
-9.293094846358375535e-04
-1.032872882459009729e-03
-1.101722657053114248e-03
-1.180215194526061358e-03
-1.187804553548476791e-03
-1.165816486316572373e-03
-1.083465556319199077e-03
-9.869298820929987923e-04
-7.990831922527842418e-04
-6.423537351870747597e-04
-6.047280349941300042e-04
-6.594055614906657635e-04
-7.084000366725434544e-04
-7.163410272916266456e-04
-7.050675858035249143e-04
-6.696363580120970023e-04
-6.376162406107767746e-04
-5.960344575759346682e-04
-5.272895636841179500e-04
-5.213902934060213150e-04
-4.991801869553686138e-04
-5.087801279991964378e-04
-5.153681717342704569e-04
-5.327543175825908426e-04
-5.498453826050653378e-04
-5.793703461312118587e-04
-6.261649752935429924e-04
-6.887893840767517206e-04
-7.395305124810179790e-04
-8.670357716487387713e-04
-1.026856198112640261e-03
-1.173836207800440850e-03
-1.386169858038359577e-03
-1.602385671908875334e-03
-1.675397842004497503e-03
-1.677130715431071574e-03
-1.754511298435511161e-03
-1.750741667101488735e-03
-1.716475712397782767e-03
-1.663174422604659719e-03
-1.589688366729845835e-03
-1.435681227958289681e-03
-1.247828063483415227e-03
-1.025977673609689911e-03
-7.756071436532415266e-04
-5.463085382577445972e-04
-4.492939275650887254e-04
-4.208416956915901424e-04
-3.333451703011206728e-04
-2.876560473157676353e-04
-2.559177621570489893e-04
-2.172697293483474195e-04
-1.945008273163224756e-04
-1.817630500123792352e-04
-1.612685741330982428e-04
-1.714821275217151477e-04
-1.799041806275239691e-04
-1.284693347430783958e-04
-5.022835206941727443e-05
4.754491423547901950e-05
1.232205391003193741e-04
1.656004821900643664e-04
2.147348180084828167e-04
2.356327732150371871e-04
2.122095625037157126e-04
1.759614437140481476e-04
1.215835475311781297e-04
7.777870347968716817e-05
1.867021178329504577e-05
-5.770071363826983612e-05
-1.174717093173089505e-04
-1.726409878116549835e-04
-1.954121709064232963e-04
-2.314540985035455948e-04
-2.924499348729805341e-04
-3.777549527432917057e-04
-4.650521733369371758e-04
-5.411948208962183470e-04
-5.846721799343139242e-04
-5.717494282249288009e-04
-5.253601006465289779e-04
-4.904072656210323265e-04
