-8.914554562603906052e-03
-4.364595750557659359e-02
-2.816814829120685773e-02
-2.049794165773059090e-02
-1.610144171579024758e-02
-1.316085209434661625e-02
-1.076995155758263614e-02
-9.236169858228884463e-03
-8.129322262949162034e-03
-7.114205799394396346e-03
-6.174578145548541980e-03
-5.571954144959357508e-03
-4.770751401828068373e-03
1.973196217727694792e-03
1.723366315810950788e-03
1.804506928552346116e-03
2.430393118951433215e-03
2.324095919656494601e-03
2.123007584967283486e-03
1.955186371482032451e-03
1.830064278125610603e-03
1.555178469023495332e-03
1.234843547307469536e-03
1.072888093926891145e-03
9.901221702888268403e-04
6.823823591175075818e-04
6.201362736251650335e-04
7.790843732336872121e-05
-9.412707320855589685e-04
-1.028863560447381082e-03
-1.287460051388654219e-03
-1.324449269472864491e-03
-1.323053445901159779e-03
-1.896110814296219976e-03
-1.556160768423080600e-03
-2.705067058557797301e-03
-2.902111693449776954e-03
-3.932941880031342631e-03
-4.365411956537393161e-03
-5.866456270152611147e-03
-6.413311787294626726e-03
-7.247555780316984782e-03
-8.914549000962073214e-03
-9.919747380278235577e-03
-1.175024462583886160e-02
-1.342185926265006268e-02
-1.705825308449658226e-02
-1.903227494358030250e-02
-2.224501725900257867e-02
-2.229217680019396700e-02
-2.322013919175630256e-02
-2.307714865468508958e-02
-2.476184156122506960e-02
-2.729032270728244669e-02
-3.025128002938066996e-02
-3.003076957742391653e-02
-2.803045580875780651e-02
-2.562260605394705779e-02
-2.205462975657658878e-02
-1.889903779545722487e-02
-1.540387474974316828e-02
-1.411284380907658169e-02
-1.241194875828561216e-02
-1.082616400076100854e-02
-8.261947874257760324e-03
-4.777995140487782157e-03
2.109164051407654841e-04
1.144325295835556863e-03
1.121854372782658945e-03
1.096839497636339098e-03
1.032299762219999334e-03
1.208665366650662565e-03
1.270990484057521333e-03
1.251248235926046221e-03
1.150266295697054781e-03
1.306958650219600159e-03
1.306332566298571514e-03
1.429609089056527215e-03
1.578781482316079241e-03
1.909565218175068293e-03
2.078905110269094452e-03
2.403316277507544247e-03
2.430835459124090856e-03
2.395161666115719259e-03
2.281130937934637646e-03
2.177113199537162886e-03
2.012736403816697307e-03
1.870635480962168362e-03
1.788574086629140516e-03
1.597578922667461853e-03
1.257883860703081511e-03
7.464445686471867089e-04
5.332245303712448634e-04
2.731253733864634427e-04
1.970628479705746356e-04
9.652450959747062558e-05
1.323297593670327279e-04
1.765222719452274062e-04
2.387107037306378059e-04
2.456160007839798022e-04
