-2.572686675191663565e-04
3.211381070571198973e-04
1.813734053014816501e-03
3.914910896393330834e-03
3.467349018520442770e-03
3.136283002005607178e-03
3.435730629856205073e-03
3.453733957523232641e-03
2.813329647090358990e-03
1.322735742702713145e-03
1.543354996848105400e-03
1.358664085783773193e-03
1.228682637239452433e-03
1.092789978237497127e-03
1.029117817454923379e-03
8.480167595070181976e-04
3.110523702848111438e-04
1.133250334999331369e-03
1.578909973424916713e-03
1.935425817553865051e-03
2.055977516228466289e-03
2.303830933109259332e-03
2.369059700672367097e-03
1.312550502272958252e-03
5.428734989071869708e-04
-8.487157275593241155e-05
-6.693841666833569770e-04
-9.062965291410262541e-04
-7.925951657068347521e-04
-1.200060986930636580e-03
-1.912430604271687278e-03
-2.826883320267208673e-03
-2.922426686749204482e-03
-3.436099874478619042e-03
-4.582326517446298764e-03
-5.725893350886852688e-03
-2.561858536420932603e-03
4.102435634266186210e-03
7.200455822356183720e-03
9.078913046953676277e-03
7.713810719601681826e-03
1.695478266730378672e-02
2.396097039489791802e-02
2.633270857273764878e-02
4.149730550389466033e-02
5.632202816499807391e-02
6.927229046913717381e-02
6.576446764318927274e-02
5.788747848793540651e-02
4.897180644258094379e-02
2.952774157851930856e-02
9.262536752525000680e-03
-4.842209775220585738e-03
-1.111253975759450043e-02
-1.273858540613025808e-02
-1.177622044703592781e-02
-1.022959550735603150e-02
-6.004049962079792586e-03
-2.170511056321646533e-03
1.077737641483388840e-04
3.387970643810732829e-04
3.613524849036772214e-04
5.060629021585958147e-04
1.745850896123160719e-04
-1.667618747539576353e-04
-2.259820763993060767e-04
-1.053986020549466373e-04
-2.834496995723931952e-04
-6.080799483606201539e-04
-1.086601247080201107e-03
-2.043746172896246296e-03
-3.495892602740085717e-03
-4.342252711548886222e-03
-4.861117515602742661e-03
-6.099935533248093157e-03
-6.713127924833914469e-03
-6.485569913326963594e-03
-5.342437801398276093e-03
-4.754911193105290125e-03
-4.216304364841153528e-03
-3.910108755948420861e-03
-3.113480014052224295e-03
-3.348727510523032830e-03
-4.380534136968338745e-03
-4.534375525616367482e-03
-4.459128627135268766e-03
-3.509296175870454341e-03
-3.450032426063003466e-03
-2.782616479207821337e-03
-1.630800540025898740e-03
-1.368436904600542044e-03
-1.797463635655367764e-03
-1.798110732188901856e-03
-1.722588121083423393e-03
-2.048761795223398487e-03
-2.176762335827637455e-03
-3.063923632650708811e-03
-3.351162287613976016e-03
-3.638561195835875086e-03
-3.489949148626979216e-03
-4.176470725022421275e-03
-4.813235859999302584e-03
-4.517221904621408247e-03
-3.977242303017395654e-03
-3.611704944222142184e-03
-3.645930574359787513e-03
-2.262133680011413003e-03
-1.222134486387452604e-03
-4.916447758619191559e-04
-1.903072106559695485e-04
-1.466929888939828928e-05
2.247174578259425860e-04
2.567317752201715361e-04
2.328628635383694131e-04
4.860938249259041661e-04
9.267226297264172198e-04
1.294967520005510389e-03
1.907456490179714826e-03
2.256249758530762175e-03
2.953152438890615378e-03
3.920574008249431974e-03
4.001159794729557996e-03
5.279069313726683470e-03
5.152447116657996734e-03
4.971985649399577462e-03
4.263049446039422069e-03
2.997107345074879418e-03
2.568595099629368897e-03
9.450126185809381652e-04
5.274157250537574214e-04
3.101880554298079118e-04
5.198056156606166997e-04
7.597742041689910198e-04
7.954653762493516357e-04
9.082775717883114462e-04
1.173908665132658569e-03
1.588683845315415994e-03
2.175227272978884786e-03
2.026351182276695060e-03
2.055612548942564646e-03
1.571433039926176632e-03
8.076873323865037041e-04
2.821999417456916965e-04
-6.704338921112764629e-04
-9.328083570544436600e-04
-1.039814447119558841e-03
-6.404255551651442382e-04
-1.837130907910218981e-04
7.482131471007147339e-05
1.994697951127839873e-04
3.367622124677616992e-04
4.076554980993753706e-04
3.328927356059722367e-04
2.808204690006742190e-04
1.260704770191066872e-04
3.187245279808740748e-04
5.807569401150529517e-04
8.533997734443678164e-04
9.946401835406266847e-04
1.036172470999070392e-03
1.082068071476619594e-03
9.458299159171903179e-04
8.882710089128128097e-04
4.139130560276826757e-04
2.247877722716754565e-04
1.831883470096680791e-04
1.903976250800530937e-04
-2.136820681185442033e-04
-5.885690675258735058e-04
-5.513247909191003500e-04
-6.207572902419664128e-04
-6.591358415031219964e-04
-8.173772349407136843e-04
-6.251786725802332577e-04
-2.741507228282067093e-04
-3.808325080975459863e-05
1.570077654189936181e-05
9.751497993440856301e-05
2.539167374887862667e-04
5.416917065583129031e-04
6.155467920030372820e-04
8.103110344668961081e-04
1.157073665993844924e-03
1.051539801486758244e-03
9.832642691174466130e-04
9.522668467217492534e-04
7.025579995499870800e-04
2.858462474755491954e-04
-1.945022725315549564e-04
-2.111888224070602700e-04
-1.924659146106564515e-04
-9.083855449388154578e-06
2.246549478169047626e-04
2.048110136529655053e-04
5.466492593662167264e-04
-4.982598558567226518e-04
-1.416852724624805817e-03
-1.688863608703914179e-03
-1.892057358456013076e-03
-1.851429388901712622e-03
-2.005818590490580835e-03
-9.702780268814090820e-04
-7.674763053178315999e-05
-9.514019246208951959e-05
1.176011285534696825e-04
3.429867986329089222e-04
4.609479971151473569e-04
7.626789125348486069e-04
1.052479193580684513e-03
1.318847137563139210e-03
1.402750376807350647e-03
1.518933232942248912e-03
1.617273351844437934e-03
1.180855846274309062e-03
1.544906528887861211e-03
2.799087699071788320e-03
2.793104082027300563e-03
2.628266465865765431e-03
2.325610769693203361e-03
2.515516096421950478e-03
1.949087894444358161e-03
4.872507825407924181e-04
4.894632753999452390e-04
6.168299705505151179e-04
6.592181776339011215e-04
7.578527485359163500e-04
1.053199658733493639e-03
1.216028052721408476e-03
1.316481103987338476e-03
1.129573671655641513e-03
1.525411598911814845e-03
1.840769748788208650e-03
1.777116989767270555e-03
1.825492774599780975e-03
1.140904871500266144e-03
5.442776597926699553e-04
-9.932039959100222130e-04
-2.277824423025501688e-03
-3.558001486647552423e-03
