-1.527260653315008169e-04
-2.138877225316453069e-04
1.155892415877852932e-04
8.485196163504166124e-05
-8.605559640521021352e-05
-6.827766016159952315e-05
9.460851042141173357e-05
1.276227864482466464e-04
6.701320265869698358e-05
2.171466708622901489e-05
8.543058718211904900e-05
1.983333402535408915e-04
-5.036106463318931010e-04
1.717546121091902264e-03
1.640816285167289975e-03
1.667426105246734786e-03
2.321694669516545084e-03
6.005988038017855656e-03
6.646775399471276970e-03
4.436096452413476089e-03
4.435740102411359423e-03
4.326755416339421977e-03
3.573406828059116826e-03
-2.457601251595048085e-04
-3.445186401857337267e-04
-3.548965186004800492e-04
3.842016298475413945e-04
2.383030382477775971e-03
3.985972066817869766e-03
-3.685134353511881899e-02
-3.650805347849098853e-02
-3.212151298729650634e-02
-3.415486333138136044e-02
-3.557702476351105175e-02
-3.518539971696475060e-02
7.549768869527480504e-03
9.590543885262656568e-03
1.197634823059025473e-02
1.563039501230412479e-02
1.532102632340100190e-02
1.346867566237843102e-02
1.161405750614168814e-02
9.650429257753107351e-03
2.953149167549960850e-03
-6.178409765140453053e-05
1.180318760402258471e-05
-8.435006358378605376e-05
-4.968193473061417160e-06
-2.496758692510192383e-04
-1.931421795235645407e-04
4.095390284917337087e-04
2.565802912301221644e-05
-1.815670168704467357e-04
-2.269794817451186060e-04
-3.696485180777915863e-04
-6.226480878913075731e-04
-2.544357599320029497e-03
-2.277068779918345765e-03
-2.115243281857926046e-03
-2.183267030227754781e-03
-2.191119708096169860e-03
-2.131074411889104583e-03
-9.686729778020780602e-05
-7.667411287957854617e-05
-2.276049508555201464e-05
-1.508166715875535819e-05
-7.272323197154070547e-05
7.809817210312277886e-05
-1.394366551211392196e-05
-1.307238892801640352e-04
-4.571330060858101079e-05
-1.604028644800942259e-04
-3.574416738087265425e-04
-4.454753431302474411e-04
-3.866219845026130290e-04
-5.439275416955042467e-04
-6.326883701099251947e-04
-7.986982724499580230e-04
-7.913565135707758625e-04
5.962910338186703309e-05
-1.378219657014211020e-03
-1.495012307848055848e-03
-1.558517055815752559e-03
-9.445293202759082749e-04
-6.343554088275938155e-04
-1.465857859305813886e-03
-1.053881649402058260e-05
3.494888182492380722e-04
5.548860547755129959e-04
1.552475202179038423e-04
8.287693396608973963e-05
2.127269512751285501e-05
-3.270602422062947773e-05
-1.242451122285336094e-04
-1.844625574833369021e-04
1.140352844760467620e-05
-5.989231267719664307e-05
2.668450575771752636e-05
5.645749728306123779e-05
3.181345968190128033e-04
3.581655711361153138e-04
7.837959913230319357e-05
-5.814308162120346681e-04
-5.760000008828164040e-04
-4.705521105163690092e-04
-5.685870491579128301e-04
-4.993773591698103887e-04
-2.788729738824381765e-04
4.467004655198850258e-04
7.462662301303251561e-04
7.170570730183171981e-04
7.948436545624711124e-04
8.050774860235403868e-04
7.989371205715816880e-04
1.223684985096529796e-03
9.545816463876082882e-04
1.319292418427432147e-03
1.212379996753923080e-03
1.213620655745405131e-03
1.405076256998631472e-03
1.018274290346808013e-03
1.024352540093828460e-03
6.221842804311439280e-04
6.362376991741429530e-04
7.003412098472069349e-04
1.194637587314229281e-03
1.352414219358770431e-03
1.383711399346208371e-03
1.478430045292185345e-03
3.592601319610780070e-03
3.519483913646866396e-03
3.602654133519025970e-03
4.042271631144347781e-03
4.134575620163489715e-03
4.046323446660692047e-03
1.935075001137400363e-03
1.957563950987265770e-03
1.291768975357410502e-03
7.481828414300723332e-04
6.462426240075260951e-04
8.445281606554775168e-04
9.486678729659680023e-04
9.375302694042485880e-04
8.764933900674950129e-04
8.332626136799669561e-04
7.068004769230777943e-04
5.247301118790400482e-04
5.273492274366998805e-04
5.730666322358686981e-04
5.172970841898459626e-04
5.580000884304381131e-04
1.850464142741506997e-04
9.764961162614455492e-04
-1.224487297589680994e-03
-1.341548619346706215e-03
-1.420275010274683588e-03
-1.320933322301600819e-03
-8.899525869144643553e-04
-1.705889845923858452e-03
9.080060158342456375e-04
9.298748731188526302e-04
8.933100728265175186e-04
8.012169699027271372e-04
8.424465677082940617e-04
7.377000382006458678e-04
6.353730529172817523e-05
1.893891034905678531e-04
1.558161827373465765e-04
7.897527706091142638e-05
-5.341552704974400641e-05
-1.784171934407489024e-04
-1.691109608958168661e-04
-4.832705424174843002e-04
-4.529520213974604190e-04
-4.619484611998748969e-04
-3.770494867132051270e-04
-1.944971644844176954e-04
-1.540997818774349378e-04
-4.983802243081397390e-05
2.024693932558913273e-04
1.961766405412637747e-04
1.839678293676996756e-04
2.058375642585628083e-04
1.209115158817804041e-04
1.758835602795688570e-04
6.996199524038643897e-04
6.876110783593903470e-04
5.509485078962070769e-04
4.397789620985449190e-04
3.886271446609513539e-04
3.291901831787373534e-04
-3.521336275845055475e-04
-1.905127974807847185e-04
-8.178724652574657515e-05
2.103451037366792125e-05
1.138373469600003095e-04
7.154051532504070599e-05
7.931584842267833970e-05
-2.199369597765348351e-05
-8.264143998071388718e-06
-2.223864388923114794e-05
-4.003482049569929799e-06
1.132324475691167537e-04
6.227622219003036991e-05
-1.350224889631475278e-05
-5.036137583892106884e-05
-1.625002843552733427e-04
-1.483822889028362142e-04
-2.899156021689469945e-04
-2.494192507064828279e-04
-9.910394488805622873e-05
-2.835291634161514151e-05
1.785087625196626112e-04
1.536140775731043224e-04
2.976657189374443710e-04
3.091340489640555462e-04
2.402641483564511361e-04
1.945006843844832055e-04
1.350975643513069356e-04
3.309721287765717240e-04
3.522545338979442796e-04
5.803678089495613443e-04
5.677645320939552756e-04
5.965140038854053724e-04
2.886062503031782572e-04
8.239969922327913896e-05
4.187601341030668898e-05
-1.817669382803009019e-04
-1.854521351703457407e-04
-1.216182090020168110e-04
1.841907245620528089e-04
4.261531911872987644e-04
4.524538409050037915e-04
4.143934354105908708e-04
4.364584147428377035e-04
4.026009860643680986e-04
4.528263663092032165e-04
3.094099457269157438e-04
8.043272467288007516e-03
