-5.100302836266210754e-02
-4.466381841727189855e-02
-3.152807313041472992e-01
-2.499002061935438890e-01
-2.185001130413691539e-01
-1.919484567976904865e-01
-1.931541691022458929e-01
-2.009820442939454221e-01
-7.355800521248347101e-02
-7.896379951667061026e-02
-8.009233729588681461e-02
-8.260388245405088370e-02
-7.729191579886179886e-02
-6.865733042530174079e-02
-5.979174066081407307e-02
-5.460425149468733919e-02
-4.492650627392571344e-02
-4.156636168312207585e-02
-4.145656712715792974e-02
-3.991542406896136236e-02
-3.788868348987421697e-02
-3.778020683350710035e-02
-3.577915502246774987e-02
-3.405174309260361465e-02
-3.820958436095567984e-02
-4.449533084726286364e-02
-5.163274977362619644e-02
-5.166837665264631396e-02
-5.768009421472355958e-02
-5.822059236837975188e-02
-5.579660846080779918e-02
-5.597004557995504531e-02
-5.569175085997982860e-02
-5.535298034871093814e-02
-5.595816898636035708e-02
-5.587312107370548397e-02
-5.828710857085033642e-02
-5.485445250042988996e-02
-5.115528110344751828e-02
-5.279101371578411722e-02
-5.351990926344827454e-02
-5.434313365020101289e-02
-5.413727435981142283e-02
-6.107740998037270580e-02
-6.640398974327441084e-02
-6.851417976637169671e-02
-6.873276052917430545e-02
-7.205836086500799764e-02
-7.079496990868676398e-02
-6.742909631585157493e-02
-6.967101228559341441e-02
-7.721337728750853058e-02
-9.211121530395967316e-02
-1.063886959916856556e-01
-1.331219584188247096e-01
-2.443926954538860885e-01
-2.821152917122022319e-01
-3.048596978535254021e-01
-3.240858716305545784e-01
-3.527072324828601779e-01
-4.123293060563613666e-01
-3.840548196018025440e-01
-4.859661010371645884e-01
-4.911127403007267134e-01
-4.758467756123028747e-01
-4.477344940642049576e-01
-3.898380904685406212e-01
-3.675126548949563254e-01
-2.421253528456399629e-01
-2.268574815116967403e-01
-2.171470018362842425e-01
-2.147997776705189432e-01
-2.068171316371734958e-01
-1.645114313661364402e-01
-1.614673029401412496e-01
-1.555152062486215570e-01
-1.603680365661336316e-01
-1.614927165880618021e-01
-1.519723129322695931e-01
-1.382239254031634723e-01
-1.275620421813770389e-01
-1.177177436282793171e-01
-1.085524287731472609e-01
-9.356384184726296294e-02
-9.432682471158680693e-02
-9.966373297636166306e-02
-1.093193078804456514e-01
-1.155457443463891315e-01
-1.000816904035758959e-01
-9.088145775777940749e-02
-7.330769074537019092e-02
-5.369546264586253642e-02
-3.036421277139407515e-02
-8.327642734717361286e-03
-7.521894704123832480e-03
-6.334865875941002311e-03
-5.640190683295468604e-03
-5.031328357063396921e-03
-3.520076060042905131e-03
-4.583189082121966011e-03
-5.671720336336534031e-03
-8.486970007844615513e-03
-9.275762617453239475e-03
-8.877431150612739158e-03
-7.066674334069059094e-03
-4.203796233302578740e-03
-1.599827177555863088e-03
-2.505013869487278128e-03
-7.122257701294736586e-03
-1.189652521160213840e-02
-2.037816791900976324e-02
-3.044025955317223101e-02
-4.022017383348101133e-02
-4.680045216589814178e-02
-5.302148738133100059e-02
-6.226999618245257495e-02
-6.820496996169313209e-02
-6.839964582516090685e-02
-6.122480803614036016e-02
-5.373560144114659237e-02
-4.488681119116458285e-02
-3.398573220562731145e-02
-2.553263867871959428e-02
-2.011309450972860458e-02
-2.121021767101176694e-02
-2.305911045714713337e-02
-2.175786444472664963e-02
-1.741569137489090355e-02
-1.244724389728742685e-02
-8.992728715123058172e-03
-1.021045040234758693e-02
-1.432617983556365611e-02
-1.908894066502770173e-02
-2.990193007893578517e-02
-3.613328068192876025e-02
-4.045164971267738857e-02
-4.012485197181349383e-02
-4.531499432742384231e-02
-5.775365192926278785e-02
-7.229054363736252264e-02
-8.991345509023741800e-02
-1.054548967513698338e-01
-1.141909691753918293e-01
-1.105019645249000759e-01
-1.162687850813911572e-01
-1.126222859745785038e-01
-1.221742161162547857e-01
-1.278916345856009051e-01
-1.503866191709594402e-01
-1.773349485634624079e-01
-1.659269965556571524e-01
-1.555740348068700429e-01
-1.297199790906593819e-01
-1.145761506257712975e-01
-8.438930474844702490e-02
-6.251670385528584895e-02
-6.856832682950939062e-02
-8.050470087561319155e-02
-7.813741514552408063e-02
-1.000585154149915695e-01
-9.684914684324498479e-02
-8.960357416836313427e-02
-8.009792443811637741e-02
-7.293640012758384472e-02
-7.946343794617249934e-02
-5.359942572739737759e-02
-8.365500041716977808e-02
-1.065282982147631730e-01
-1.191787130171241271e-01
-1.088943580671342809e-01
-1.053230057014570148e-01
-1.058717292258462700e-01
-8.074113211799974210e-02
-6.144697732927040246e-02
-4.658713985517561745e-02
-4.497779797122256062e-02
-4.300066055256854258e-02
-4.100177885441377151e-02
-5.804271142395644317e-02
-5.497551133833785547e-02
-5.074800571237846752e-02
-5.313781921597021674e-02
-5.362240520512074476e-02
-5.725339259925144725e-02
-4.090170568598101852e-02
-3.921197632258018040e-02
-4.607697968025101232e-02
-5.508717366217896760e-02
-6.555148824267592600e-02
-8.493483028947179658e-02
-8.156755638861407087e-02
-8.073649645087421778e-02
-7.635498292426647071e-02
-7.047168797905807580e-02
-6.892832010509443441e-02
-7.666026769426666221e-02
-7.181207532933447935e-02
-6.410973642674426543e-02
-5.539702321173999716e-02
-4.448079113178837751e-02
-2.674726189220247297e-02
1.128459128853181136e-02
1.038060860565284682e-02
9.376238073939934317e-03
4.558657861354088563e-03
3.842042919167744462e-03
6.314286945551632335e-03
1.047546622720707706e-02
1.940615357186779161e-02
2.445564864665885144e-02
3.204161894551648543e-02
3.632483774052868569e-02
3.677713027884210728e-02
3.738869560265827702e-02
3.488410206722119405e-02
3.452794279634199132e-02
3.135716143497784686e-02
2.122573130623650953e-02
1.487833466326940988e-02
6.142539908387777137e-03
5.919678812200054874e-04
-4.306258646278066961e-03
-6.828498499281039809e-03
-2.044932554887647722e-03
-8.571792286504860371e-04
2.998722691975369906e-03
3.471071030059471457e-03
3.039096400322609508e-03
2.358478524545920812e-03
1.702869069153054027e-03
8.485168731306710682e-04
1.084908073280902926e-03
-2.698009132237343707e-04
-1.121284497296687289e-03
-2.996421302048737673e-04
3.017123391526278439e-04
2.974824456061828104e-03
1.403970148054983899e-03
1.753803093230179829e-03
