2.033522258174755946e-18
1.039920308090611850e-18
6.936149236441165120e-19
5.276173168930684590e-19
4.240469621580211215e-19
1.009318381267232553e-18
8.839348239635337187e-19
1.089800689258129948e-18
1.737983061860789098e-15
2.057861437716481115e-14
2.080740352996237823e-14
1.908520637958284623e-14
1.930502085435829608e-14
1.995390474048538948e-14
2.847312366319876915e-12
2.848110234216739005e-12
2.848110870082804420e-12
2.919641925730955605e-12
2.923301190430511637e-12
2.923411882496121376e-12
2.922109751297304163e-12
2.906790340160310360e-12
2.905689165229459976e-12
1.893537125137483864e-11
1.906286143029329336e-11
1.906577966678557568e-11
1.675976560359941754e-11
1.675923179911419750e-11
1.675925527713293965e-11
1.672743354694134133e-11
1.672381713942105113e-11
1.672371273883607077e-11
1.672373796880192439e-11
1.672321442304416205e-11
1.672239161567099397e-11
6.935162105482397708e-13
5.658060477842803375e-13
5.622389386247912789e-13
4.089454096198414878e-14
4.063194293860890373e-14
4.078744760986721202e-14
1.078228813542748872e-15
1.035360745204672318e-15
1.028858853195009461e-15
1.002999323701057345e-15
1.000598200637373438e-15
9.999725831612491296e-16
1.815384168267085994e-16
1.815383273684246254e-16
1.815232485831033075e-16
1.815224344789993737e-16
1.800545775031757334e-16
4.352076446044211187e-19
5.744603047468444181e-22
4.940763056948513112e-22
-1.489850961620221243e-08
-1.489850961620221243e-08
-1.489850961620221243e-08
-1.489850961620221243e-08
-1.489850961620221243e-08
-1.489850961620221243e-08
-1.489850961620221243e-08
-1.489850961620221243e-08
-1.489850961620221243e-08
-1.489850961620221243e-08
-1.489850961620221243e-08
-1.489850961620225379e-08
-4.411629933616147795e-23
-6.586166943117419540e-20
-6.586767381882118222e-20
-7.145576712645404837e-20
-8.541549367484065307e-20
-8.757222888248541856e-20
-8.757222821283204169e-20
-8.757226383841194684e-20
-8.757227477506908475e-20
-8.757203742383410590e-20
-8.757950289104762501e-20
-8.753765908516164069e-20
-8.811781460066963503e-20
-2.260835866291072242e-20
-3.761975839852344471e-17
-1.623546031471790303e-14
-1.623544635557790277e-14
-1.623544420649313800e-14
-1.623544420806398726e-14
-1.623544442141988513e-14
-1.623544442332162682e-14
-1.623544442824806002e-14
-1.623544441968391467e-14
-1.623544441968383894e-14
-1.623544383648051787e-14
-1.623544352837930771e-14
-1.619784637233506079e-14
-2.279223733111590265e-22
-2.273358163902664018e-22
-2.196853731662518709e-22
-2.181144094224694880e-22
-4.722888363357399771e-24
-2.810183005125976411e-24
2.853276809610985731e-24
2.894905362658709748e-24
2.895057463106005406e-24
2.897875761955447240e-24
2.939184897405076529e-24
2.525859723642912449e-22
3.495544320661278864e-21
1.070058050966689526e-19
5.837249572058921608e-17
6.814892822174775399e-17
7.385462648166707987e-15
4.953231227799085974e-09
4.953654993415780559e-09
4.953657280453974417e-09
4.953671023775368857e-09
4.953757704735526862e-09
5.618925871293519978e-09
5.618925961349490521e-09
5.618925964702497740e-09
5.618925964599546014e-09
5.618925906334056223e-09
5.618925896557624280e-09
5.618918579243903724e-09
6.656947369074660885e-10
6.652709712907812228e-10
6.652686842525872612e-10
6.652549413309982665e-10
6.651682603715924782e-10
9.381430329294587776e-17
8.059637628686527445e-18
4.712634563611531633e-18
3.144583775061310587e-17
3.146769148817819021e-17
5.924356017145232554e-17
6.481274043119307100e-17
1.158022739083523025e-15
1.161041228654000365e-15
9.671041147791139346e-14
9.685922198557200362e-14
1.309679768685765313e-13
1.368504053289240631e-13
2.796308933064428566e-12
2.948522964877186758e-12
2.985167470311458750e-12
3.054928578445944943e-12
3.055702038400288717e-12
3.869384313849832595e-08
3.869418691795475983e-08
3.869655401695240735e-08
3.870224183762619519e-08
3.870225155321046135e-08
3.872179571094876472e-08
3.970237423242866028e-08
3.969978304710713363e-08
1.087840471028851674e-02
1.087840487784599158e-02
1.087840492760658133e-02
1.087840492836315148e-02
1.087836623795689073e-02
1.087836623770462204e-02
1.087836623603565152e-02
1.087836623086958256e-02
1.087836623101443197e-02
1.087836621173134989e-02
1.087847275365371423e-02
1.087847275361587124e-02
1.077429587377036061e-07
1.075753647480896182e-07
1.075255343990576262e-07
1.075247770279285590e-07
1.075243958462640075e-07
1.075243032431405737e-07
1.075236051114517617e-07
1.075229878118559024e-07
1.075228330973109226e-07
1.075225379122107866e-07
3.114601410476624698e-14
7.119232278275950509e-16
1.726274822640276345e-16
6.625047309350934724e-07
6.625047309347005550e-07
6.625047309341612068e-07
6.625047309341601480e-07
6.625047309341550658e-07
6.625047309341510424e-07
6.625047309341510424e-07
6.625047309341508306e-07
6.625047309341456426e-07
6.625047309341446896e-07
6.625047309334685456e-07
6.625047309220549884e-07
3.022637072276970760e-18
2.883263745575923866e-18
2.883257921871984771e-18
2.883257675923566028e-18
2.883191662257290267e-18
2.883191654148518533e-18
2.883314862842379023e-18
1.419033357013293423e-15
1.419034258278566397e-15
1.419059891063668932e-15
1.429192917715912733e-15
1.429195592859166631e-15
1.429195592152500693e-15
1.429195592152501482e-15
1.429195592152490241e-15
1.429195592152490044e-15
1.429195592152485311e-15
1.429195592152487677e-15
1.429195748897345617e-15
1.304855509314417558e-17
1.304760081005319411e-17
1.302197008653147285e-17
2.896902416662423147e-18
2.950702031028381357e-18
2.950731284493472500e-18
2.951024789435296269e-18
2.951024791391387432e-18
3.029225148137670040e-18
3.368483537592630059e-18
3.372830056579202872e-18
3.375693339138790808e-18
3.373072565239380926e-18
3.373453799849773864e-18
3.374205041599881098e-18
3.366264987361253543e-18
3.349818527854026350e-18
4.105300271664852486e-18
3.615773250043346687e-17
3.746275859863487213e-17
2.570294816762244089e-16
2.596982523405033972e-16
2.748175399607229073e-16
2.778539642840958057e-16
2.813698458460454844e-16
2.827059840068781038e-16
2.854048233006886740e-16
2.860069060511117989e-16
2.859700168318808505e-16
