1.449651012095118280e-11
2.823549193336820617e-14
3.728359426108454080e-13
3.290152530203543040e-15
8.707656486799898309e-13
1.107922307764030223e-12
4.775020547184318645e-10
8.169214953951135242e-14
1.957080476275225913e-14
1.685457203624912026e-18
1.640753957027260625e-22
2.222131274888984181e-20
4.428341912771629206e-19
1.662342224896486957e-15
1.219963950204546393e-15
1.573474882366180666e-11
2.115944736245545115e-16
1.809819245370233711e-06
4.612060458353188333e-15
2.021698643466450557e-14
1.737785628917464028e-14
3.172597566815400101e-22
1.580379426239587448e-23
4.489668444828078910e-17
3.605988365094131102e-18
7.688293421159721616e-19
2.205078403849045648e-16
1.102992658959047663e-15
2.282718373965063048e-16
1.043591930882122432e-12
3.042380009403630888e-18
4.656005847868725505e-19
2.396083808522456603e-14
4.311918827952813927e-14
3.503464546782135503e-09
1.495732140467550491e-20
5.753353016339229219e-21
1.073982166528708753e-16
2.664848690057975895e-15
2.028168254873293109e-13
5.501196592053111552e-12
2.507809523610662539e-14
3.361635887761814630e-12
2.355016900590401656e-10
7.162985004326022620e-10
7.414505483970651398e-10
1.498818404446517352e-09
7.890674646370796018e-08
1.730999611824552369e-07
1.298491224481694530e-08
1.049449594117590223e-07
7.251708021547645659e-05
3.252810547706619919e-07
4.105111493856457843e-06
3.900700277426709102e-04
2.545916222167410798e-07
3.776627164763188636e-09
3.390858379964914880e-08
7.642708572868267590e-05
3.629168679476530437e-09
4.493704733030675697e-08
1.921908246764868391e-09
5.830217667164358185e-09
1.629848132300633255e-10
3.306979920090402409e-10
5.777135704054662234e-11
4.025182508347536415e-08
5.885746224073399770e-16
1.284403516116971892e-17
1.118501626358782961e-23
8.862163096600218322e-21
1.015319583110410458e-28
1.816937079486312897e-31
3.596386040994919148e-28
5.542748300838765069e-28
1.874386551493941455e-29
7.553325434983475164e-39
4.883576427529247347e-51
1.842899358876449112e-151
1.845469000721491939e-84
5.916880247756633597e-83
1.872280273457492323e-61
1.103788950557972020e-65
7.361887434652946555e-52
1.139453333269842904e-41
-2.984098777355044190e-89
-2.251644099024573808e-40
-4.008633953348963693e-38
-7.064362395957197185e-33
-6.645137872018203862e-41
-2.359005411301839428e-32
-5.351242799773207520e-22
-1.053333366805245748e-15
-1.544837252084901374e-18
-3.272052391871647678e-20
-3.947869621112251439e-16
-2.211056681272959163e-10
-1.120474509572404642e-11
-5.466581077365890731e-11
-4.141051379611158711e-11
-6.759267781122545098e-10
-2.070989157910881518e-10
-2.191624238886223045e-07
-3.187015098357515963e-09
-3.608034172282624761e-12
-1.818421854926127219e-12
-5.890367593083370867e-15
-2.732183467133447938e-17
-5.976644160223585116e-18
-1.069735834886427293e-19
-3.182964145160480102e-21
-1.427598632329353964e-18
-4.433786318851368310e-08
-2.985692356509095819e-15
-5.238086944280174759e-21
