-9.867014426893052669e-19
-1.821308308990863235e-13
-8.652450182051457977e-11
-2.792383325398059218e-09
-5.633330396772748376e-09
-4.724415499087735507e-09
-4.055895682856721405e-09
-3.616364529169781388e-09
-3.214550082742554724e-09
-2.893101658340598577e-09
-2.632970182075675571e-09
-1.058616158922158502e-08
-1.389668204484198363e-07
-1.896138836228509792e-07
-3.056535796217809462e-07
-3.162077575330278945e-07
-6.555126078321047380e-07
-6.796553556243647913e-07
-7.302588775596055830e-07
-7.930259571827293585e-07
-1.224284462587550162e-06
-3.196657887524913990e-06
-1.327126666379888016e-05
-1.594365987487867938e-04
-1.658723395171854843e-04
-1.674358840514352865e-04
-1.946975036769288284e-04
-2.502511504800929046e-04
-7.707588136100095196e-04
-1.496324092950982246e-03
-2.232095134279648077e-03
-3.274290255578663281e-03
-3.392944630595827460e-03
-3.401230498098851973e-03
-3.393147058382553136e-03
-3.248256311956924849e-03
-3.242374982358282951e-03
-3.241411741223124143e-03
-3.214227846947798409e-03
-3.158871118689017109e-03
-2.638519883209127555e-03
-1.913024330668726923e-03
-1.177292548870217210e-03
-1.350360061271524414e-04
-1.597660745443279465e-05
-5.731206731638041365e-06
-3.741245278775052501e-06
-2.538975306346076653e-06
-1.856183686914925833e-06
-1.205233194324540295e-06
-1.011446547387362079e-06
-8.030646617772652912e-07
-3.059157348941760076e-07
-2.120311997789316655e-07
-1.221644162458942286e-07
-1.207738100891759123e-07
-9.453895736192238166e-08
-8.169874670827091231e-08
-8.048850164454101601e-08
-2.091247954104611137e-13
6.024906342479654276e-17
9.038964767401200679e-17
9.038964767401200679e-17
9.038963584999510315e-17
9.038963582834869828e-17
9.038957649198510698e-17
3.176592878541084672e-17
-1.930850406478801941e-14
-4.504572867816462762e-12
-4.716139102050984657e-12
-4.177447088456557952e-10
-4.177465077098554971e-10
-1.400209065623121089e-09
-1.401130714090307584e-09
-1.401131076050989042e-09
-1.401131081511580083e-09
-1.401141607590146513e-09
-1.401969637748857450e-09
-1.402937828135057996e-09
-1.403092038714654541e-09
-1.402353957509762304e-09
-1.405042295380850629e-09
-9.954245624605387989e-10
-1.312983148441825529e-09
-3.330820227896069599e-10
-3.562122706992821356e-10
-3.583296497170777446e-10
-3.583824115424347858e-10
-3.583830682753881696e-10
-3.575604689165723051e-10
-3.565933612412687078e-10
-3.564198559894560479e-10
-3.526726747872854988e-10
-3.497727706819629109e-10
-3.463619338586699094e-10
-2.880154901318885448e-11
-2.624011675214220959e-11
-2.188220375321731207e-12
