1.296629230314581089e-03
1.289406698276142956e-03
1.324097339340722830e-03
1.449338932023116772e-03
1.764012126996662017e-03
1.909141405822702966e-03
2.018560102344038164e-03
2.200018447936099436e-03
2.146958325239950883e-03
1.944668067212557876e-03
1.453358513134985971e-03
1.032356576653586109e-03
8.060375761086991655e-04
5.548461038664078858e-04
5.276907133656631287e-04
5.688348846620768255e-04
6.691315995763302089e-04
7.319319139649419327e-04
7.015838521394432989e-04
6.540789222328432552e-04
6.180671585909111587e-04
5.094892105941633241e-04
4.610044870874233937e-04
3.826199858155616192e-04
3.538706344840592574e-04
2.217101478740174370e-04
4.022300309399346992e-05
-4.807508763235166172e-05
-1.844482493932307100e-04
-2.498719509650953866e-04
-3.538684217611132513e-04
-3.714853376650142339e-04
-3.569681574401633792e-04
-4.151312063934282340e-04
-4.164759133690708868e-04
-4.460247876675686447e-04
-4.356708509981577736e-04
-4.081939565630751145e-04
-4.279926577770982294e-04
-3.353378998917574158e-04
-2.353270517000695644e-04
-1.592245723161395674e-04
-1.889848067042728048e-04
-1.885311125029985905e-04
-2.843306967664354658e-04
-4.175731627464587467e-04
-5.659587301358430392e-04
-7.209987509668879966e-04
-6.699536511773079720e-04
-5.816823290571862624e-04
-2.633517977012553041e-04
2.344036158982480296e-05
2.937708398678749548e-04
5.719684254272679137e-04
7.249415560469387419e-04
7.619171280148855606e-04
8.725249158579513912e-04
9.142632645266586186e-04
8.168540967035259337e-04
7.271345739998104048e-04
6.154183277152417255e-04
4.883944290589786264e-04
2.195960078170782186e-04
4.369876110182302568e-05
-8.760159883304358098e-05
-1.348628897311241685e-04
-1.481298937015047726e-04
-1.079894084576149115e-04
-7.726444420195741384e-05
-9.379391762369546830e-05
-5.302105285463948775e-05
-1.056242043781501091e-04
-1.626588382839136253e-04
-2.760785920537349447e-04
-4.376545300111913425e-04
-5.584917896444340857e-04
-6.389807805721334439e-04
-6.204057302526330827e-04
-5.811030113068207372e-04
-5.203221638846209718e-04
-4.441706330839881984e-04
-4.583603317524431123e-04
-3.937916822144318083e-04
-3.701646489411126810e-04
-3.657095477153007174e-04
-2.415446237742455030e-04
-5.568251374605427678e-05
1.328815851213646399e-04
2.281250722826667248e-04
3.526461067782199715e-04
4.536056668684680985e-04
5.123217958386215012e-04
4.944831170631249157e-04
5.876180994770216015e-04
6.356432638586722965e-04
6.893487981668547674e-04
8.454180760713081227e-04
1.008904740523050786e-03
1.053419795264623569e-03
1.067707514421700104e-03
1.087875550757364494e-03
1.068640924852412577e-03
9.820051700616715465e-04
7.904704480419248898e-04
7.906757458640201923e-04
8.762577138399107622e-04
1.084517025585629004e-03
1.361264028008929644e-03
1.467387084519771725e-03
1.538291905977429369e-03
1.536247710412356462e-03
1.566112167299633711e-03
1.451998227202918506e-03
1.194878032021289612e-03
1.049448758319925434e-03
1.044136430848237491e-03
1.094421266227437600e-03
9.860372584199379471e-04
8.850496509185801610e-04
8.043482678709292996e-04
7.742623660035650827e-04
6.303151599112985027e-04
5.027962617730991979e-04
4.721536233450098364e-04
5.408951322365601394e-04
6.336725559242038612e-04
7.219704618629820513e-04
9.374148753227909414e-04
1.115235648984658776e-03
1.289132139121440404e-03
1.418464744100410334e-03
1.549497941986207510e-03
1.668889051485456312e-03
1.728254058267875799e-03
1.732741396341530874e-03
1.750490916369159752e-03
1.790962601137307359e-03
1.913783941446470542e-03
1.812240674109890206e-03
1.643614852024925061e-03
1.380343874201976672e-03
9.890461195291972395e-04
5.174336796667063565e-04
-5.784216289163313096e-05
-3.980894771540624262e-04
-7.682713677044589531e-04
-9.848206372729056361e-04
-1.052628062151610144e-03
-1.126348102875242502e-03
-1.195969064286620800e-03
-1.464799396954136147e-03
-1.644781848925997532e-03
-1.867329280140866054e-03
-2.142501705713974452e-03
-2.313528371196304622e-03
-2.314866147292593979e-03
-2.109166358063130787e-03
-1.869969711509371357e-03
-1.564204487214218868e-03
-1.258730406562186700e-03
-9.439497314004960740e-04
-7.836075485986487886e-04
-6.456495679597954980e-04
-5.236957704378180549e-04
-5.038687009200071287e-04
-5.269100779970106599e-04
-6.120860065776152640e-04
-6.780976290025252052e-04
-7.239309634656788906e-04
-8.920213537388835658e-04
-9.818381693083050744e-04
-1.027980237611422895e-03
-1.082749263658156109e-03
-1.173048709167690820e-03
-1.277605692567458477e-03
-1.207679983879983258e-03
-1.073721656161159398e-03
-1.017492013221118043e-03
-9.568729092247933244e-04
-8.182170678311355546e-04
-7.121361095213194631e-04
-6.340463805506437118e-04
-6.862969560473193044e-04
-7.387599438175778766e-04
-7.054961843712192560e-04
-6.508182273097720813e-04
-6.512810804086092151e-04
