2.432742791644667439e-94
-1.950211370513757548e-08
-5.905380355275085862e-08
-7.217279054108001420e-08
-5.798448736261643063e-08
-4.832040613551369330e-08
-4.031982600141417827e-08
5.352899592731135922e-08
5.030910741402119234e-07
5.802173186564149610e-07
1.053471654211265304e-06
4.734263459015681376e-06
7.172609703845986746e-06
1.623880152543563559e-05
2.335538833880617619e-05
4.416280336327556999e-05
8.899341037710442961e-05
1.544198194086507543e-04
2.079952815389144859e-04
2.370589804969754468e-04
2.605961709194866091e-04
2.687589827708167299e-04
2.468870541943191132e-04
2.313536333603818333e-04
2.615216445722505739e-04
3.198604456154661752e-04
4.019068390419787418e-04
5.816781404091305807e-04
7.562174802969440354e-04
9.237221311105673661e-04
1.007879779329239533e-03
1.071937922698957407e-03
1.077739145823241370e-03
9.897602260171961801e-04
9.202761582975479580e-04
8.566633560368698205e-04
9.173611864356888282e-04
1.006819001172908285e-03
1.047402685760834848e-03
1.072448502765455721e-03
1.094168959043434908e-03
1.026474541354622464e-03
8.728581274376860655e-04
7.011483390940978153e-04
6.005508295461440584e-04
5.392135184064270276e-04
4.659115347327603008e-04
4.911068496487782514e-04
5.336380388369601395e-04
5.792571635564828245e-04
6.119286069575729332e-04
5.589562854516627339e-04
5.010305723446706458e-04
4.050836202370031798e-04
2.926115347886586366e-04
1.707317332740100905e-04
7.999080002403617933e-05
5.149685916373861026e-05
3.659233697995254602e-05
2.049342684544453393e-05
1.564232902968198296e-05
1.419741119452132883e-05
1.347547564220206768e-05
1.041216549335365330e-05
6.331223507962993750e-06
3.314972414615881162e-06
-1.755786037633070147e-06
-2.641590868083850495e-06
-6.880397057083049920e-06
-2.003680953770643430e-05
-6.242032802511465490e-05
-1.094320055220455811e-04
-1.637338306265426712e-04
-2.042380449414345851e-04
-2.557726945007789110e-04
-2.998011530452522914e-04
-3.135421959607722817e-04
-3.753539511995727571e-04
-4.041929508601162257e-04
-4.067791410223478414e-04
-4.021312992555370336e-04
-3.839474504451281800e-04
-3.489136684826746088e-04
-2.450111007865431764e-04
-1.619853108818395738e-04
-1.201329565338953525e-04
-7.062087772791831274e-05
-3.258005005407886584e-05
-1.217937096200047194e-05
-7.951959987656253244e-06
-5.976679128567424387e-06
-5.369910669091314055e-06
-5.352258665743126429e-06
-4.795472378530576822e-06
-4.253344913676700739e-06
-3.540417274380761002e-06
-3.268908481616580173e-06
-2.409577434019083087e-06
-9.376970879179978509e-07
-5.343687953786541243e-07
-3.806911359588005236e-07
-3.045774206372963694e-07
-2.464551632570268287e-09
4.569728783839935711e-10
5.060888469043760821e-08
6.340869243290944231e-07
6.335845120319279493e-06
1.397360411315544528e-05
2.539173830116186995e-05
5.801767122912641618e-05
9.495629478632561596e-05
1.343288149709572746e-04
1.742823914298617454e-04
2.140172119874039433e-04
2.578149778903290239e-04
2.532885602557153064e-04
2.321711945440372215e-04
2.031854956347997360e-04
1.689851619856320433e-04
1.261372176385785072e-04
7.185259576032231672e-05
4.692654443278899658e-05
4.068099593924557391e-05
4.083455153073128468e-05
4.121877845882145633e-05
5.409269459709018895e-05
8.406656670477184550e-05
1.529588705071994949e-04
2.231784905573541884e-04
3.928242397648483886e-04
5.111390463476411924e-04
6.763606135528028385e-04
7.815292986496970859e-04
8.025816023466628016e-04
7.903416893667662138e-04
7.024246620371965436e-04
6.607648809016830778e-04
5.841361026530578942e-04
4.860605594973691889e-04
4.228401449329652166e-04
3.820010728628856780e-04
3.159531069941459128e-04
2.382084983680775260e-04
1.404729753963883528e-04
1.139171149509342020e-04
8.798949693202982782e-05
6.617694957165215551e-05
4.020367187378004882e-05
2.951838737088347895e-05
2.126257031630205178e-05
9.820138498642505729e-06
5.188435354067498658e-06
-1.316593936862699252e-05
-6.261545688402465491e-05
-8.811203210191417097e-05
-1.008365245797351547e-04
-1.079045301425523776e-04
-1.125185242493627617e-04
-1.108983174300571959e-04
-7.047870467594915557e-05
-7.317909969903963125e-05
-8.482201708230571225e-05
-1.024158157427156328e-04
-1.153684636623834685e-04
-1.277760253688272013e-04
-1.618597977514749694e-04
-2.132255325809209528e-04
-2.848431133848676943e-04
-3.482425656496817884e-04
-4.296613583084137739e-04
-5.406706063539242499e-04
-6.293646364868369638e-04
-7.364166364012353578e-04
-7.697140266587549663e-04
-7.728125937556824246e-04
-7.547323536673935856e-04
-6.971600015182621325e-04
-6.825310258604111446e-04
-6.152736979374784842e-04
-5.623145364642535100e-04
-5.981370522396232134e-04
-6.766813274319893401e-04
-7.299734302144467212e-04
-7.264925884444222272e-04
-6.980846661914001878e-04
-6.963955337800702096e-04
-7.252405658572158359e-04
-7.889548448285636827e-04
-8.603475134825059939e-04
-9.957376920774049442e-04
-1.189110403909190115e-03
-1.324679755364667347e-03
-1.401234830015580255e-03
-1.471570184755754268e-03
-1.606293058405262137e-03
-1.853328803535934629e-03
-2.140312855781711238e-03
-2.326583140175727052e-03
-2.337506887906087676e-03
-2.255147952043018086e-03
-2.157013112597294061e-03
-1.841587336305084907e-03
-1.539438725128326269e-03
-1.530947998475237770e-03
-1.725998637999956323e-03
-1.980088567191296174e-03
-2.187963532670574116e-03
-2.571260097837492140e-03
-2.864799418482336796e-03
-2.934566904757642935e-03
-2.926577842325668935e-03
-2.771163989794002067e-03
-2.801262978709044473e-03
-2.847752311387461658e-03
-3.010942035198195445e-03
-3.348026275697422397e-03
-3.513302146337110663e-03
-3.721879416910389010e-03
-3.690315583047814457e-03
-3.473156572201664769e-03
-3.246417119115151909e-03
-3.127854707444963512e-03
-3.318751302728203609e-03
-3.596564449733469226e-03
-3.922893738381873219e-03
-4.111723210500030888e-03
-4.018929251081417020e-03
-3.514558366050627835e-03
-2.888159146676641271e-03
-2.226879483359045248e-03
-1.550240966140205637e-03
-1.132879055841852674e-03
-1.051230910886960480e-03
-1.221463374704037435e-03
-1.406965790902784926e-03
-1.536073982560746736e-03
-1.675409869381619095e-03
-1.758840421387718568e-03
-1.600915514776005090e-03
