1.442143129902268923e-21
7.210715649511344615e-22
-7.891841798255509713e-18
-1.560338996377095434e-07
-1.248278630952571835e-07
-1.040232193636485338e-07
-1.040232193636487852e-07
-1.040232193636488117e-07
-1.040232195632605299e-07
-2.009989720058471330e-12
-2.833515248231313277e-12
-6.679782882397938231e-08
-4.033002508466319974e-06
-4.481931918713392511e-06
-6.327833843674777629e-06
-8.233991586036358079e-06
-3.367788519830689674e-05
-4.986620901807786336e-05
-1.291012270425234362e-04
-2.270644474029221305e-04
-5.901384851802225296e-04
-7.531320529066857583e-04
-7.298300395866051497e-04
-7.137480092261188356e-04
-6.305469636442938676e-04
-5.321348138738954403e-04
-1.672148741714301506e-04
-2.315147312403218353e-06
-1.732655772002467004e-07
-1.760893779580231421e-10
1.032885627276537314e-12
2.531676951623376111e-12
2.763130412603702111e-11
2.230187053399609171e-06
2.230681372489223216e-06
2.231305251518253951e-06
2.234079432248332969e-06
8.459959882177536678e-06
1.018077639344159155e-05
1.648271229479404224e-05
6.428403447819521117e-05
3.244278213119180143e-04
1.146391637407492966e-03
1.524207474921203571e-03
1.648999858293996807e-03
1.715111564470180733e-03
1.693830530875565198e-03
1.566564885048855492e-03
9.066150591757341295e-04
5.893716480033917146e-04
4.730670127878282803e-04
4.021122540031033150e-04
3.756324553880737512e-04
2.427536894696361535e-04
8.073692506645186026e-05
1.393861629634778291e-05
3.541955407192608359e-06
-1.523553715211213631e-07
-1.933396643878285220e-07
-1.945834886544761660e-07
-1.954909271181171430e-07
-2.335158876558304250e-07
-4.219177832484652171e-07
-5.516433345445462982e-05
-7.359754510542292451e-05
-1.117517657110539647e-04
-1.249889445874727506e-04
-1.644858108592032900e-04
-1.815941637634781571e-04
-2.698238112964281314e-04
-6.514206870820831710e-04
-7.727008229569607952e-04
-1.498163154512072029e-03
-1.524343753452791746e-03
-1.589756918695565046e-03
-1.509925512111068464e-03
-1.143092821101197301e-03
-9.903574684925109308e-04
-2.539946031752972062e-04
-1.927401088127186836e-04
-1.216436287621814271e-04
-1.042566590796030268e-04
-1.829601932839097344e-04
-1.927968318991764871e-04
-2.248548309983598584e-04
-3.032587905046444255e-04
-7.151339005743187439e-04
-6.781156298336302049e-04
