9.386321680221570681e-04
2.189750467713997041e-05
-1.625339517127445525e-04
-6.703504046152469103e-04
-2.568461679127021619e-04
-7.577373778523506173e-04
-1.726077939215824974e-04
-2.626902128405646654e-04
1.154329486429475095e-04
4.528957575371610721e-04
6.697533784393117171e-04
2.265596617241592836e-04
7.643935112222578158e-05
9.510351299464812327e-04
1.254208149367711921e-03
1.523709027190467370e-03
2.186766583300806671e-03
2.799517415753822493e-03
1.982321878484027706e-03
7.498806526723920127e-04
8.844173629568121472e-04
8.889488495177600390e-04
1.966452117451260567e-03
3.714300154343020159e-04
6.519616786122679969e-04
5.000581237753241393e-04
3.599397593740857860e-04
2.752295499395920105e-04
3.822952208160892615e-04
8.142326877160638039e-04
8.776700034114089501e-04
6.636699887747864179e-04
1.147628099601185952e-03
1.170635483401887911e-03
3.126622589371451724e-03
1.445861430630631956e-03
2.782886232712810867e-03
6.403147235298257967e-03
5.776241857217068697e-03
8.396172683605745285e-03
6.846670207656475361e-03
6.791814651138025627e-03
5.296535775716180311e-03
6.716328514239299288e-03
6.548911848736193447e-03
6.223010714844546577e-03
6.939291158531057414e-03
7.522179224608098111e-03
1.233612791199065195e-02
1.578942724617811086e-02
1.435129095522865404e-02
2.060736693773061387e-02
1.442009734203225299e-02
1.100678155195163044e-02
9.827746766834349543e-03
9.495176605161475755e-03
7.832416789981349464e-03
1.123592464340549164e-02
1.291469848497222954e-02
7.549688857281529331e-03
5.701483611272151197e-03
4.719313483563804604e-03
5.001749910988182238e-03
4.504018979793935479e-03
3.442104161495917851e-03
3.344462268109657608e-03
3.958873123860812138e-03
3.325150417631347281e-03
3.058346413239067946e-03
2.132364004707796960e-03
2.308910385350811546e-03
8.340478117308805159e-04
1.181536599290632702e-03
7.091554664204724988e-04
5.180583027035503283e-04
5.421549506351143423e-04
-4.577997748829785822e-04
-3.605701101944440629e-04
6.733227550639467394e-05
4.676689921382368230e-04
4.663308209979925606e-04
2.240840022422852060e-04
4.127868731188448037e-04
1.334607923784492448e-04
1.611685592788244777e-04
-7.255927441241196373e-05
1.629391353807276919e-05
6.133466082073543452e-04
-3.326286577406665254e-04
3.422051258945790981e-04
7.227971674263916103e-04
-6.963206935431371465e-05
4.227499934112543135e-05
-2.346643786661304764e-04
-1.365649536342175075e-04
-1.817533711718611971e-04
2.995141109639491489e-04
7.992881880315921362e-04
4.000806827249387895e-04
5.735462058685454915e-04
1.033202837744765125e-04
-1.690368176938411983e-04
-2.911457076751692566e-04
1.645194848069807898e-04
1.092164482116854971e-03
3.337000726707310119e-04
7.337947580790421011e-04
1.164326007030285458e-03
1.218081899877601886e-03
2.126012393806673943e-03
1.013994221344305998e-03
1.200475917241297348e-03
1.092546075671972606e-03
1.531941541416234100e-03
2.112962501687465355e-03
1.634173521666015772e-03
1.401800192225715735e-03
3.485030742672882466e-03
2.866310169427187943e-03
2.362458976512789039e-03
1.873673937686917441e-03
1.889176773593073070e-03
2.789250679600062486e-03
1.958257927286528952e-03
8.558467148113344230e-04
9.311680898784260038e-04
9.917313669047238701e-04
8.294379942889229312e-04
8.282932003303145312e-04
1.772384418345501148e-03
1.821115353362806350e-03
2.932645433557306593e-03
4.488065206777212823e-03
2.855571276456516424e-03
3.153587915568613342e-03
4.522655015634687546e-03
4.066720402018625218e-03
2.726179888725080522e-03
1.809749060430334818e-03
2.272198302019884375e-03
2.754613886074519253e-03
3.040717126544478961e-03
4.119730901617131916e-03
4.511402960252815057e-03
3.991823968521389203e-03
4.162211636672589511e-03
7.755677111036853207e-03
4.486863856912728064e-03
3.866550800397411825e-03
-2.358588640648751013e-04
-8.347241928638419886e-04
-1.710108169423532609e-03
-2.499818312672437426e-03
-2.065269868222721801e-03
-1.872080819485360354e-03
-3.124734428377194174e-04
-3.157713750246920288e-04
-8.371446391423173657e-04
-4.334501673413323521e-04
-1.305175188081412747e-04
-5.968950077677115601e-04
-2.228631742988919264e-04
-2.255670776830275492e-04
3.656889708001952774e-05
-5.051700804392908516e-04
-5.045069454683643500e-04
-5.253090517564916245e-04
-6.271815011163430669e-04
-2.545515301049667005e-04
-9.882511720872165419e-04
-8.284386840251915492e-04
-8.490359416406701061e-04
-9.297748206034901807e-04
-5.424685091216251186e-04
2.723585270739717042e-04
6.115863736651460075e-05
-4.473457971986210613e-04
-3.063558729496136538e-04
-4.154845822998488912e-04
-1.703757230103062552e-04
-5.816330826586604266e-04
-2.891564455047259318e-04
-8.397891471860992113e-04
-1.275526284054448933e-03
-1.974197852734778207e-03
-3.179154913097408455e-03
-6.010790006435799172e-03
-9.730007206657780017e-03
-1.062743528014967707e-02
-1.075641410453929796e-02
-8.609080129769379128e-03
-2.694582654578955763e-03
-2.051286922042750999e-03
-1.503608299940599295e-03
-1.191208583513774432e-03
-1.371553507645517601e-03
-3.004933256900095377e-03
-2.146309087274883825e-03
-8.408667645062515000e-04
-9.201922612586566508e-04
-5.845105939629578100e-04
-3.066914561156118546e-04
-1.003109589005635356e-03
-7.117852258484219305e-04
-1.907762831072353643e-03
-2.887298591818380274e-03
-2.805054944109354464e-03
-1.650286404094725937e-03
-1.791872349769005552e-03
-9.758876414578072705e-04
-7.315497376318097576e-04
-8.154566982234847739e-04
-4.730035262202574161e-04
-1.733106384734593296e-04
4.195137202166005440e-04
7.288558074848976729e-04
8.128919110356186287e-04
-1.083362676027049159e-04
-2.102414359439372079e-04
-1.418223593879028451e-04
-2.181990187285881273e-04
-5.475151420745008916e-05
-2.833953186829915962e-04
-5.149040245179364568e-04
-2.651534518247852280e-04
5.352264518242853169e-04
4.909607074025110554e-04
6.458778302372987197e-04
4.204763881597398415e-04
6.138648265701811052e-04
-2.409474383393809963e-04
-5.782158134095286223e-04
-6.298986998363596997e-04
-2.486349006030096672e-04
-2.398765608132220114e-04
-1.126723294025465047e-03
-2.113612099014511986e-04
-6.881620362191968605e-05
1.165545612846045919e-04
