-1.108910396446572827e-01
-1.259350974141806856e-01
-3.565543655817055568e-01
-3.173158477198330107e-01
-3.066449067945927198e-01
-3.219593494582178583e-01
-5.312288139679057775e-01
-4.802214241914024573e-01
-4.428746633279179723e-01
-4.262640286818918933e-01
-4.115789747637339513e-01
-3.846383073933255514e-01
-3.890084490123495442e-01
-3.891374476843105223e-01
-3.328629936813813917e-01
-3.276911825698545777e-01
-3.118618984121728777e-01
-2.812814762473747066e-01
-1.414032760825788271e-01
-1.376001672648515528e-01
-1.335983132873558021e-01
-1.410248554838255119e-01
-1.235575173287486866e-01
-1.242633789423664425e-01
-1.279478420929327787e-01
-1.412845914253278989e-01
-1.426891186673663325e-01
-1.371184070411207434e-01
-1.449643745082261070e-01
-2.000157645711194421e-01
-2.859608675138549105e-01
-2.898012408062191070e-01
-2.959782748964504551e-01
-2.922827228115603138e-01
-3.276556098838800390e-01
-1.014685954996483952e+00
-1.027858318090904000e+00
-1.033484976799573962e+00
-1.069767438587802655e+00
-1.118732527858649961e+00
-1.108217061527928538e+00
-1.055149254490294064e+00
-9.983150118895837144e-01
-1.119301402428962033e+00
-1.117475042421741227e+00
-1.133453009478581963e+00
-1.123254125165508377e+00
-4.435891663234359794e-01
-4.172069796641188488e-01
-3.974152102196837899e-01
-3.555491294458685836e-01
-3.105361027844065758e-01
-3.194047020651446522e-01
-3.237737021981105245e-01
-3.004124608479722958e-01
-1.891954927810148845e-01
-1.818524019017364601e-01
-1.434455550854920325e-01
-1.200174697606288671e-01
-1.126316643203641443e-01
-1.163444018605790525e-01
-1.224345746095067966e-01
-1.362826075441788409e-01
-1.573595432808649053e-01
-1.492077519103492400e-01
-1.477959050933233542e-01
-1.415099582792838373e-01
-1.238389402754325741e-01
-1.233134462034698453e-01
-1.259072288356012925e-01
-1.288246055586347860e-01
-1.239930731570868666e-01
-1.237263886196210833e-01
-1.324601261334058255e-01
-1.396208839666406576e-01
-1.610566419582093733e-01
-2.074073846320113601e-01
-3.155276155831442941e-01
-3.170288686294044367e-01
-3.417112812880751527e-01
-3.402682234878910417e-01
-3.344905692541145226e-01
