1.430735736752176447e-02
1.396691226574448171e-02
1.169928304726029419e-02
1.240965803278683277e-02
1.279450925559523153e-02
1.528627108924196162e-02
1.499060955785634294e-02
1.550152032251939267e-02
1.470506564233624996e-02
1.334012833084555552e-02
1.140817902164331481e-02
8.821740172770492147e-03
7.215084055635069549e-03
6.656623504325388276e-03
6.144036650611191946e-03
7.202018955990516919e-03
7.641163559532841362e-03
8.286328282666888950e-03
9.605574973658976765e-03
9.409462980305875052e-03
7.592886229826154715e-03
6.748040589040537121e-03
6.292026699501558282e-03
5.964467938760330962e-03
6.168714996627388744e-03
6.462381248397008372e-03
5.563120852054601745e-03
5.718928649135572410e-03
4.645148380050078199e-03
4.768795479414510846e-03
4.581370992660033573e-03
5.117431389019146300e-03
5.102475444896501997e-03
4.489153047094249574e-03
4.978119470038877212e-03
6.514763831038875540e-03
7.068459901526633754e-03
8.339794305382956102e-03
8.175390134983900187e-03
8.071236255240083271e-03
8.135049438647096176e-03
8.214737954990303584e-03
6.895989590063130240e-03
7.417558465394860114e-03
8.281901952071896514e-03
9.061337287487132228e-03
1.073376007398137849e-02
1.117516037661255533e-02
1.183338555863052213e-02
1.215404591096705574e-02
1.172384320522632320e-02
9.637179700699372714e-03
7.730165144752757303e-03
6.156265945404447611e-03
5.167523346299278571e-03
5.579789106327454583e-03
5.390811798389969281e-03
5.201813738066660316e-03
5.151629472871916554e-03
4.513944869140390503e-03
3.712041843085676050e-03
3.311965450476928377e-03
2.347459174387210926e-03
1.087295525696399664e-03
4.807377795230649824e-04
2.596567549469773646e-04
1.875856678185166735e-04
2.292247566906918893e-04
6.070025362597306250e-06
1.521323073466027305e-04
8.037753127930014150e-05
-1.119961341295235582e-05
-4.609842695421959664e-05
2.863627184077108636e-05
2.875915252129456493e-05
9.154579333463587780e-06
-1.984769357039020037e-04
-1.742335297384807122e-04
-1.380619119482763394e-04
-6.794750142203492046e-05
-6.753019535605492654e-05
-6.623625658497246053e-05
8.809654353302674118e-06
2.396664324537102443e-04
2.532184607660261776e-04
3.843219759126761600e-04
3.731347864769223878e-04
3.120164107330258537e-04
3.251832021669834782e-05
-2.577366278964760785e-04
-4.901003350599908610e-04
-6.692942883977928085e-04
-8.428196494482688948e-04
-1.021479949810980784e-03
-8.465860107110541972e-04
-9.109831699203643210e-04
-1.343064649440443847e-03
-1.500034978737622548e-03
-2.170198151739017971e-03
-1.799247346701009611e-03
-1.263997380788800442e-03
-6.856790634594952735e-04
-2.199465693970037200e-04
7.971604033159223306e-06
3.764172408453808952e-04
4.203719260529500935e-04
9.352379978827027969e-04
1.140894195308736134e-03
1.340126206616819434e-03
1.742722625959635188e-03
1.669378347024515468e-03
2.405030216964764139e-03
3.254840092302253678e-03
3.375639075480505683e-03
3.976205181661480147e-03
4.496378931551410323e-03
4.047463181153006934e-03
3.839478946675875179e-03
4.040512197321984716e-03
4.592192008686296623e-03
4.616220637721090217e-03
5.387080205175775495e-03
5.904078957385716815e-03
5.811939552456259900e-03
6.163691795545380228e-03
6.852712752009580861e-03
6.052307002073153974e-03
6.492588858098431379e-03
5.908114382679372466e-03
5.701391483020797069e-03
4.709450940618619026e-03
5.060375335988093887e-03
3.841570652810133088e-03
3.376801911208880940e-03
2.830786270959978479e-03
3.300126767167788078e-03
3.397291091232847431e-03
2.759575533651488673e-03
2.025993380246132562e-03
1.487642737646190831e-03
4.217847639917074345e-04
2.135666826340684070e-05
-3.883410967928246243e-04
-6.078569764776255808e-04
-8.872913671902583552e-04
-8.980330555973831553e-04
-1.062315948893961326e-03
-9.683040811960381923e-04
-9.728465106642011136e-04
-1.324597320389913659e-03
-1.564708560150987167e-03
-1.105883258059412594e-03
-1.917353033471562657e-04
3.337516349879518919e-04
1.058821548116802534e-03
1.118025747755545772e-03
1.516231567584856547e-03
1.588624453215869634e-03
2.247734034571960242e-03
2.481337545885825384e-03
2.132836236170179700e-03
8.610667363657513191e-04
3.043500990495755600e-04
-2.121863814700644440e-04
-3.942211350962323158e-04
-8.647992459765462860e-04
-8.862328291937705393e-04
-1.658167893437398604e-03
-2.261175086824021747e-03
-2.775728730517848779e-03
-3.595200025852740740e-03
-3.977233292954449918e-03
-4.119653834340293933e-03
-4.597586151954733379e-03
-4.898140620116292129e-03
-5.035438530174737165e-03
-4.518466123291345511e-03
-4.493392028838767878e-03
-3.414126293680815744e-03
-2.654119925674338319e-03
-3.498010096515818956e-03
-5.498884396972037597e-03
-7.330343692547690651e-03
-7.087521651203059631e-03
-7.581764646999787464e-03
-9.208566012597271810e-03
-1.242171659616025416e-02
-1.279334540294049284e-02
-1.421498231602466057e-02
-1.476421976554530627e-02
-1.412774971342612915e-02
-1.249864149526605690e-02
-1.090044012646289653e-02
-1.178255584646411766e-02
-1.148559349981673888e-02
-1.113792775614199509e-02
-9.719419452778040730e-03
-7.294825930050110284e-03
-4.680389266264078571e-03
-2.521325682984722639e-03
-1.595310560789246594e-03
-1.067966261552462902e-03
-7.784213736960245980e-04
-1.135029955410606171e-03
-1.157251289024268694e-03
-5.535309035686334289e-04
-2.947229026367133948e-04
-3.049369467279445297e-04
-1.133780915272659614e-04
3.108336467223504198e-04
9.742023050997907765e-04
1.027297047619950884e-03
7.065940118166754097e-04
7.868426828481277051e-04
1.111834699901191170e-03
1.113791394028028998e-03
9.631443726659365007e-04
5.270495294517991633e-04
5.403501081813174081e-04
3.781731347305496193e-04
3.453808796167013120e-04
1.439908894123128507e-04
3.239443533806055130e-05
5.473077240248219722e-05
1.889439106432959695e-04
8.346716171901770497e-04
1.016535341085991100e-03
1.582448860719580866e-03
1.811675169247646718e-03
2.193645898916242801e-03
2.388948475454967177e-03
2.047772089096025483e-03
1.475362422283659023e-03
7.988705386795569340e-04
2.488019712845567898e-04
-4.926813371813242243e-05
-4.976219678741267666e-06
7.523198607354598944e-05
2.374041248767668648e-04
