3.630763310624897724e-03
2.682112140512145360e-02
3.469215674838112273e-02
2.268486411961265908e-02
2.116872052297046752e-02
3.684989542781345537e-03
5.208280986455818100e-03
1.751971331434137467e-03
2.101982131406847441e-04
3.635563198908569982e-06
6.378097469182004512e-06
1.551266352131632886e-07
1.338644339720139251e-07
6.035635888559300010e-08
1.451285843419606757e-06
1.443132340935287129e-05
8.293223281171077494e-06
4.340742892970490493e-06
1.186275333354986432e-05
5.020755203110983852e-06
4.643744134117371990e-05
1.931970537189126329e-05
2.558781114453071142e-03
1.354424990142885177e-04
5.903790583406422199e-05
2.474021490275972836e-06
5.424762891948484085e-06
8.253896323441485617e-06
5.612846474838367305e-05
1.252364413184036377e-06
2.470726744179321471e-06
2.095185184633348144e-07
1.814803575369594061e-06
8.024395030286853808e-07
1.629395389166683506e-05
7.337925076935359584e-05
3.770887258020830723e-04
6.638172969299850797e-03
1.928570096799045561e-05
6.184468279421237592e-06
1.386862194396683406e-06
6.406517794603990979e-07
2.912355563352355660e-06
1.142679684493493422e-05
1.093134981147745271e-04
1.841750413039872124e-04
1.599536923866133804e-04
1.812781151287589732e-03
2.558983901808159966e-04
1.189082310264636869e-04
8.066087174451258503e-05
1.745733546327702225e-06
4.343478801461028846e-05
2.898654539943589696e-04
3.093040833394607040e-04
1.531765201739126363e-04
1.281447051782564576e-04
3.496495617547587303e-05
1.807447565768265140e-04
9.040797947978179076e-05
5.477089975134287961e-06
5.831336840387794462e-14
-9.818227290690213659e-07
-2.134319664227753068e-03
-5.443693222269526885e-03
-1.022209946265600217e-02
-1.305611074727432825e-04
-8.290128341027184914e-04
-1.336964524504840224e-04
-5.060799643373600375e-05
-5.542892881154577392e-05
-3.185892735455255679e-05
-6.289236768174268595e-07
-1.362464934719936014e-07
-5.733096584533775283e-07
-5.445261190525994985e-07
-3.395678386835669257e-07
-3.856890592706755019e-07
-1.996345344431209231e-06
-2.886733037004942696e-08
-3.562474490688724089e-08
-7.949555728145376903e-08
-1.819326520781417277e-07
-2.610529080101888258e-08
-8.727200028342859513e-08
-1.249142843434736395e-06
-5.647535873492053016e-06
-1.154377302383902636e-05
-4.427749023837823617e-05
-1.127788498411291775e-05
-1.583142530803658130e-06
-1.291911501496403783e-04
-4.255919362061263270e-06
-5.427126758565686684e-07
-7.173135221654211565e-06
-5.497648801400820216e-05
-9.161962092333747747e-06
-7.228824703780008787e-07
-2.026701625205153181e-08
-1.502489638829528394e-11
-1.341391789372584016e-11
-3.061025876270322002e-11
-3.565846815268827934e-09
-2.093588513558088927e-12
-1.489180797089862733e-29
2.581338256508817021e-09
5.839676728837462203e-08
1.080234917578432633e-06
4.098883446941816073e-05
3.176063022174764367e-06
4.485321472280142414e-07
6.190958035949324904e-07
1.093221433509896154e-06
4.302545257887063774e-06
4.877961035020948239e-05
1.263191028703477395e-05
8.667625598118027826e-06
2.416865613185821605e-05
4.746353552595590736e-04
9.322187486027762695e-05
7.493565210575322917e-06
4.103306718994075681e-05
8.499378954849456805e-05
3.781108937124625795e-05
5.641458484306589365e-06
7.855910018999184624e-05
3.754279535621400925e-05
