1.525168806016466384e-03
1.366055631895357354e-03
1.313984361983439779e-03
1.436911038420627708e-03
1.718798317954157258e-03
1.911933120851004109e-03
2.023879728358833445e-03
2.154150062298518416e-03
2.194677152312486321e-03
2.187624014676836127e-03
2.090649606125325258e-03
1.981893818110195236e-03
1.905557716797327003e-03
1.876786603226784358e-03
1.860509194337259600e-03
1.807516688585445938e-03
1.662065157240029054e-03
1.549136033190567918e-03
1.478318962374856188e-03
1.357874083572269781e-03
1.269738155831880025e-03
1.209543710089578490e-03
1.261867627428899701e-03
1.364309607576288941e-03
1.557873026187253521e-03
1.734543889615420458e-03
1.958734009145428941e-03
2.368950300590193670e-03
2.914478095172989575e-03
3.458896296937994091e-03
3.938164799892246264e-03
4.436661901755972574e-03
4.787836258648728478e-03
5.077798644377596107e-03
5.323277609133921645e-03
5.552317277114538104e-03
5.655965135118202862e-03
5.776550846235135872e-03
5.734202429368868460e-03
5.481758397548899819e-03
5.072599421336531321e-03
4.647010493924617382e-03
4.267014072625859716e-03
3.803630401256478250e-03
3.491364016257591466e-03
3.227237283761807875e-03
2.964341260975923709e-03
2.689715333362308319e-03
2.459966080495993180e-03
2.187250543442087729e-03
2.039346335485010906e-03
1.879276670540628484e-03
1.728875876902537289e-03
1.544516734860068097e-03
1.341279668220024361e-03
1.185842954020394904e-03
1.037116794337601157e-03
9.117288852256476631e-04
7.915787493900359496e-04
6.685963383561530256e-04
5.516931389523755573e-04
4.529922322655732456e-04
3.297284108694335802e-04
2.037927993233502150e-04
9.762127788745033426e-05
4.229461015668464477e-06
-8.471356954950074239e-05
-1.568854583676123932e-04
-2.135595984811665003e-04
-2.914942352523330199e-04
-3.855324217342098454e-04
-4.276473997267891784e-04
-4.704794922125078867e-04
-5.188987293899221089e-04
-5.727969295266432470e-04
-5.878853470643995854e-04
-6.249025176991570771e-04
-6.836391604652824376e-04
-7.575847998697610858e-04
-8.089441148974611459e-04
-8.694468697651690225e-04
-9.254165807435012258e-04
-9.545605065980729753e-04
-1.014410143779616346e-03
-1.033899162820832354e-03
-1.065625631099918367e-03
-1.099385669948048892e-03
-1.156021040471530122e-03
-1.196269582832772300e-03
-1.171648669139790629e-03
-1.119575363849612806e-03
-1.073656086369070622e-03
-1.043837367467236477e-03
-1.001578221957570092e-03
-9.369442733114121237e-04
-8.923904760027233070e-04
-9.299147201101044683e-04
-9.297332977434195162e-04
-9.174426021339325337e-04
-8.659223539138855919e-04
-8.151953358640934852e-04
-8.357233003065600227e-04
-8.688972005378618009e-04
-8.879304697375372700e-04
-8.414162552163899009e-04
-7.852223308212139810e-04
-7.405716147354952364e-04
-6.783960955366715112e-04
-5.917417808835014276e-04
-4.754776089525127925e-04
-3.536660115272353684e-04
-2.191512294438235627e-04
-1.753009568479690480e-05
3.114990866736639806e-04
7.613560478561849773e-04
1.277396281248260662e-03
1.794326829936430294e-03
2.273500537787907002e-03
2.682050882383389071e-03
2.939775062618602951e-03
3.144981778129838593e-03
3.338651775013178405e-03
3.494362026690819249e-03
3.587412876654177529e-03
3.644940262364589848e-03
3.612069807319265996e-03
3.451397598637214598e-03
3.204564570400501161e-03
2.928664379175272437e-03
2.700614159445582224e-03
2.510867430750746230e-03
2.504245845469747159e-03
2.623778565445966313e-03
2.699757972787641350e-03
2.893328461220956091e-03
3.126772965015912117e-03
3.400730446630559605e-03
3.650248417875071386e-03
3.798978906325841797e-03
3.983210507992457176e-03
4.128823671363955096e-03
4.193583823387706834e-03
4.247592488058642667e-03
4.160813932721249379e-03
3.947095821120168678e-03
3.743998120489280129e-03
3.425886410808220289e-03
3.019804817259759497e-03
2.530647079197768153e-03
2.039357715344461506e-03
1.645170386225898972e-03
1.230414043766024429e-03
8.772586570095055117e-04
5.896843034065859211e-04
4.039063830347022007e-04
3.656527301150885065e-04
4.843076346035062019e-04
5.623724217252774231e-04
6.366611755001731592e-04
7.261418509745459554e-04
8.243756487455224926e-04
9.384759607933414009e-04
1.043482493659565356e-03
1.097261899758633901e-03
1.100306107525524839e-03
1.097878885742915910e-03
1.020917333733073386e-03
9.069523995520087064e-04
7.019423854561489826e-04
5.485301076093689878e-04
4.084131525356295210e-04
3.170940797495025985e-04
2.232592738926051409e-04
1.297786609656700169e-04
5.953776959948009381e-05
3.521271063143649569e-05
9.033924409412994575e-06
2.515562261424180530e-05
5.616457290236533828e-05
7.209231834876813705e-05
5.041599780746710814e-05
1.082778311113668417e-05
-3.172046034351177946e-06
-5.870840918791440654e-06
-8.057085149572223832e-06
8.128713772966230996e-06
4.068888661353882625e-05
5.756075350116476077e-05
7.707739214859474577e-05
6.739292824470056759e-05
7.621043602158425261e-05
8.624128074926273521e-05
1.696220702115323854e-04
2.387336081753128512e-04
2.917821376478285525e-04
3.412703957711237901e-04
4.102165995540408856e-04
4.985442422897254627e-04
5.889749598325179662e-04
6.840488951204627037e-04
7.534030829298848930e-04
7.878447250593024207e-04
7.969061980571051163e-04
7.906233124426528683e-04
7.661559459281236167e-04
7.866342556513324915e-04
8.604814373002358076e-04
9.702251029157257615e-04
1.047714604555050272e-03
1.126104694357783027e-03
1.169364150362643771e-03
1.184549062413673423e-03
1.222025508534940134e-03
1.304803986071362146e-03
1.373039378955547224e-03
1.470100252580866171e-03
1.525073514641595018e-03
1.513540886895115359e-03
1.426574723225343443e-03
1.311696102228130691e-03
1.225389637361193025e-03
1.101475340452162969e-03
9.656591352079263489e-04
8.678672903645281338e-04
7.524642225914540553e-04
5.874872120377569625e-04
4.315053396910811952e-04
2.805979206591131792e-04
1.899903404956511128e-04
1.430981434737628769e-04
1.335498668283022032e-04
1.004442667603514276e-04
5.043719748362894225e-05
-2.277837328408863137e-05
-9.357012521325474977e-05
-1.826599131632589579e-04
-2.479146554828263950e-04
-2.665216573768491685e-04
-2.960481437391256185e-04
