-1.318471434998180584e-03
-1.565223422271346931e-03
-1.964497311739848723e-03
-2.715912825182437585e-03
-2.781079827348222587e-03
-2.770452118190312642e-03
-2.761271315586753816e-03
-2.665524202941342829e-03
-2.471323135137276032e-03
-1.668555008360914776e-03
-1.121553056285361748e-03
-5.415272318119187080e-04
-2.633527777821509223e-04
-4.396521483510649510e-05
9.694118470307002376e-05
1.428874690760279279e-06
-1.702531287452003301e-04
-4.065168323261955370e-04
-5.879340913826337995e-04
-7.533465889038889855e-04
-7.971816597640061196e-04
-8.688611852967339719e-04
-8.140165776156291352e-04
-8.776718090295181898e-04
-8.769170851966002697e-04
-8.846188415027152674e-04
-8.106851239466045071e-04
-7.270317283861633950e-04
-6.875803462146335950e-04
-6.385766522459239035e-04
-6.270870372017490818e-04
-5.642058133004415566e-04
-5.732219619550301239e-04
-5.537842814363026301e-04
-5.883293623714081193e-04
-7.855995403299849628e-04
-7.780784182013547037e-04
-6.199993884876417796e-04
-4.782397952924032081e-04
-2.478473780927763128e-04
-2.251313133803231053e-05
5.556848653050038391e-04
1.045618858562041018e-03
1.437432830340046709e-03
2.117008639366656925e-03
3.042978452532244752e-03
4.027139515566355993e-03
5.236125272950695360e-03
6.326502411417970345e-03
7.032245311769605260e-03
7.258523478098966031e-03
7.099913466289842906e-03
6.759410321263966369e-03
6.187213790950329105e-03
5.729371300070190513e-03
6.117596574271353012e-03
5.701946266591342155e-03
5.127956245772439213e-03
4.681665793653335544e-03
4.032137710012225103e-03
3.169744154819482702e-03
1.697393212962670884e-03
1.257188452406180238e-03
8.815563637331122341e-04
4.616884392391388506e-04
1.709895543379727132e-04
1.849607481758922705e-04
6.627886591852997264e-05
-7.271924245676849501e-05
-1.758107273055368265e-04
-3.269743030377708789e-04
-5.411387139526280645e-04
-8.732449302550742689e-04
-9.243161338638567447e-04
-9.861442159304911487e-04
-1.010644928773587114e-03
-1.032250688543239750e-03
-9.746877120428825694e-04
-1.010396676899899841e-03
-1.007090360495961189e-03
-1.060331122178151788e-03
-1.087050400333509611e-03
-1.030892760504213039e-03
-9.566996542511789318e-04
-8.773735598994084972e-04
-9.194101850235197881e-04
-9.066508781497920879e-04
-8.460864105287801496e-04
-8.318697475166603877e-04
-9.093966894725075481e-04
-9.232492322267843617e-04
-1.026633661372471215e-03
-9.365519955888335817e-04
-8.867404823280867696e-04
-8.509482095662886103e-04
-7.327292462427399547e-04
-5.544389985197504785e-04
-1.946074246605393335e-04
4.859967025890114247e-05
3.644948527449388812e-04
7.856107735952799114e-04
1.103032491991528564e-03
1.209019602899933732e-03
1.351608778187998218e-03
1.507026063288081875e-03
1.489519239323747147e-03
1.558292418595631215e-03
1.665670294102880892e-03
1.805729840831411066e-03
1.859548896549527907e-03
1.835014495629894811e-03
2.019170291411500218e-03
2.041997745247069607e-03
2.033583881095823737e-03
2.146911802274980435e-03
2.238847510667293147e-03
2.301688203963035782e-03
2.448187592368829008e-03
2.627995181919441908e-03
2.794446734456701529e-03
2.841530305245068902e-03
2.890303472655363515e-03
2.987087677899131610e-03
3.027609363561568120e-03
3.074895405648881471e-03
2.969330979998103127e-03
2.896072535458555936e-03
2.866617131440988859e-03
2.898075798193327796e-03
2.974607433068926846e-03
2.980875649893091617e-03
3.571626289002760579e-03
3.855251136939504084e-03
4.041631267919879381e-03
4.083957808314878611e-03
4.132611036620793647e-03
4.215507372172271582e-03
3.922692184586095733e-03
3.699546997772758250e-03
3.537439581467812563e-03
3.279850658632290153e-03
2.820419256481007664e-03
2.312464524844284105e-03
1.756366142896820552e-03
1.405763668865775461e-03
9.218611134115826987e-04
7.892120129594078172e-04
6.942530270025570188e-04
6.206314177456718909e-04
5.151432066806579642e-04
3.575217390590932427e-04
3.090545714553207392e-04
2.568283488283577004e-05
-3.036675121553799868e-04
-6.752567976164888623e-04
-7.429293988445749087e-04
-6.859683779219344314e-04
-5.855024792718795676e-04
-4.318710270314315221e-04
-2.628152208209029689e-04
-2.293780331287148102e-05
4.575772688036491358e-06
8.947757528467414337e-05
1.837106083311797970e-04
2.377787363665925249e-04
3.198229309316216545e-04
4.452421343176902069e-04
5.440609131882880815e-04
6.642661267117147420e-04
6.625515504370776921e-04
6.995892737619467325e-04
7.556139867269546237e-04
7.890669945813756419e-04
8.298707026571742204e-04
7.860582038162947484e-04
8.396069515833205071e-04
7.997006158216741220e-04
8.684910778196090362e-04
9.006375894466495070e-04
8.957677239330146673e-04
8.524759291317149249e-04
8.116668536703262188e-04
8.477975142714604465e-04
7.563620568715611779e-04
6.831119065861998010e-04
5.743423587136288260e-04
5.539382603189583597e-04
4.566736741391590432e-04
3.621547174081914491e-04
2.174251500345051236e-04
-3.890212784304147251e-05
-1.000369427348660450e-04
-1.708404110567857614e-04
-2.028304326397461935e-04
-2.327186551429891517e-04
-3.191289092437181972e-04
-5.196844061909775209e-04
-7.172414550679993145e-04
-7.994829233271242988e-04
-8.655603621587396566e-04
-8.970479735030392407e-04
-8.034339441154967091e-04
-4.787925355925855470e-04
-2.655328887466666655e-04
-2.975362464226513734e-04
-3.826047877547191878e-04
-4.453663069043990752e-04
-5.096797026973423411e-04
-5.422373928700363003e-04
-5.529943834327447679e-04
-5.022923649178144935e-04
-4.103189818277855339e-04
-3.924074945320148926e-04
-5.856037924905917831e-04
-5.722678448255520732e-04
-5.761728705638936637e-04
-5.769566266296035631e-04
-6.217371531574569050e-04
-6.208748735521805616e-04
-3.910252608951905197e-04
-4.035432696981374346e-04
-4.095018596390036388e-04
-4.351439761614494476e-04
-4.130154704585839030e-04
-3.731201217748893856e-04
-3.708792791024599048e-04
-3.177200529232585631e-04
-2.185001861840337107e-04
-2.866666275770178354e-05
1.759476234998958930e-04
3.064738981278675189e-04
4.454566187269994298e-04
4.270284753301030012e-04
2.917824427584167686e-04
-6.635675739637317109e-05
-7.746073714259222101e-04
-1.691049956748785473e-03
-2.600806088392168362e-03
-3.235627523086035892e-03
