-5.045400387325910813e-02
-5.604720481146162336e-02
-4.585277991519024626e-02
-4.586831555969535235e-02
-3.820109847106117201e-02
-3.385999496513002888e-02
-2.718570910113254566e-02
-1.764107755046820034e-02
-1.568271004794294723e-02
-1.366734100199405028e-02
-2.148609240707940668e-02
-2.863683331195504556e-02
-3.856388391387777226e-02
-5.124474084975230714e-02
-6.673882445501662375e-02
-7.690803654375878706e-02
-8.937068572977661940e-02
-7.917305692232724790e-02
-6.457869959584126851e-02
-4.925395916976229443e-02
-3.258528616843183595e-02
-1.734045175324860563e-02
3.643478899337091684e-03
2.642114196961470665e-04
-5.099752855159557681e-03
-8.619415542268145380e-03
-1.016290190767548535e-02
-1.397183506572817653e-02
-1.665672571140988656e-02
-1.473266256729734158e-02
-1.427086865790980902e-02
-1.431753180804668651e-02
-1.147040029979581356e-02
-9.745671157165918322e-03
-9.165199908285482158e-03
-1.497456953480851005e-02
-2.405249600391081224e-02
-3.142704745222580504e-02
-4.028220090149029625e-02
-4.158503696370389330e-02
-4.641954194545658274e-02
-4.599488058413848252e-02
-3.574971238739934470e-02
-3.164320928092492075e-02
-2.368791187597628703e-02
-1.936170834248200981e-02
-9.611428893348348407e-03
-2.135913617484996863e-03
1.017188188216787024e-03
7.950092418962764404e-03
1.030703177695659577e-02
9.063455328114946447e-03
7.773211390658934378e-03
6.013826691675427764e-03
3.889656486429011236e-03
4.487964276268981427e-04
-3.902480506206460701e-03
-6.371880857831101197e-03
-5.184103302079975419e-03
-1.147557966443991766e-02
-1.609945374184038394e-02
-1.104077725584625379e-02
-4.623196397542901799e-03
2.325120939392803093e-03
4.580258128238826054e-03
1.357944647861648348e-02
2.262404711078530584e-02
2.705523045514391170e-02
3.071087575972172509e-02
2.913733186345677725e-02
2.733083076137526879e-02
2.784114045563559556e-02
2.684286801228571995e-02
2.200382051468797659e-02
1.830791961195146408e-02
2.003494566291544668e-02
2.177632279694361947e-02
2.395614748083709292e-02
2.288919899873532657e-02
2.178163882129434750e-02
1.986890792534425770e-02
1.858876611125793998e-02
1.722976920283873781e-02
1.300898835512312272e-02
9.254190556753935301e-03
3.425369703768391810e-03
-8.382733027972074161e-03
-2.874754152901835488e-02
-5.853487262222641790e-02
-1.107607104261946057e-01
-1.127218586278013607e-01
-1.053660055621996744e-01
-9.116531119786075443e-02
-6.768648653354221445e-02
-3.583245986733003818e-02
1.961629332578955498e-02
2.407526277404728465e-02
2.170050534722552452e-02
2.227481709863517526e-02
1.759243258718691180e-02
1.660517253816200592e-02
1.222030024958938033e-02
1.110088630790070398e-02
9.773287809749240176e-03
6.441695007043560066e-03
1.810607439150196778e-04
-5.154902896927371185e-03
-1.217013651171089568e-02
-1.542761592343567210e-02
-1.628878203905630498e-02
-1.759381251387063042e-02
-1.312273273159141052e-02
-1.409226366341707892e-02
-6.969742178181765474e-03
-4.380786466630985816e-03
-5.012465906949619375e-03
-7.201996055654042578e-03
-8.637318829439586190e-03
-9.800169839969171542e-03
-1.140633910017374748e-02
-1.364541074949232428e-02
-1.742124533172473635e-02
-2.204644736610137865e-02
-2.869523055446827550e-02
-2.507736252072282832e-02
-2.451347312895551037e-02
-2.495147397497373201e-02
-2.164955983409294973e-02
-1.873411789207051273e-02
-1.809080683458574521e-02
-2.292766572099895830e-02
-2.697910990613016161e-02
-3.512228876585977294e-02
-4.071400773972725512e-02
-4.812835473100810640e-02
-6.039209431715623216e-02
-9.085602572676655664e-02
-1.398412967076991531e-01
-1.948931418533711712e-01
-2.783074907553808597e-01
-3.976099930103411673e-01
-5.253078026735756856e-01
-6.720748061228009052e-01
-7.795658019248058457e-01
-8.811704696893900568e-01
-9.887891389680975029e-01
-8.586395291494159920e-01
-7.104074925362363624e-01
-5.283001819971364643e-01
-3.675101707897581726e-01
-2.005992981679455278e-01
-2.767550051321010507e-03
-3.501556818881980740e-03
-5.019427637986654742e-03
-7.627255223879866354e-03
-9.791730187458134310e-03
-1.231904915304256158e-02
-1.561851624805161813e-02
-1.975020987154820981e-02
-2.998551252155634908e-02
-3.667174837506431001e-02
-3.630359812421844051e-02
-3.630532455624804061e-02
-3.591850623322771080e-02
-2.816507876783599928e-02
-1.481072955074208726e-02
-5.590337512775479974e-03
-1.979118243330525197e-03
2.977881931477800639e-03
7.650843948372332975e-03
9.905707440071331513e-03
1.117201312137515445e-02
1.406099521573155216e-02
1.608785491520010880e-02
1.692424541942764288e-02
1.650673053779354651e-02
1.083356905710282890e-02
5.947018515155788783e-03
-3.357138340767396034e-04
-7.345099071015623836e-03
-1.587403333699518790e-02
-2.283196612842262538e-02
-3.396053161704182949e-02
-4.381446280439035140e-02
-4.303585865637372249e-02
-4.857284894546171072e-02
-5.056318295407736391e-02
-4.864385080067856748e-02
-4.256794587407025654e-02
-5.231168532927878839e-02
-6.512467807477768933e-02
-7.961136532931328835e-02
-7.822967102615518975e-02
-8.375927147098970182e-02
-8.636743122983285559e-02
-7.310157612430946694e-02
-6.316100279921160743e-02
-4.652068912795929295e-02
-5.189449212981058629e-02
-6.669205867863507720e-02
-8.818011480848035599e-02
-9.563543198428976766e-02
-1.067579229478238384e-01
-1.009343773057007204e-01
-1.034885151981090462e-01
-9.114451932752093422e-02
-6.381129096359174080e-02
-8.535152581775735936e-02
-1.139534741760473979e-01
-1.301258884885979628e-01
-1.180421060522179183e-01
-1.187163557957764265e-01
-1.176933249990081976e-01
-9.661536351715670212e-02
-7.175699516734955485e-02
-6.117814300679685208e-02
-1.044557589976937012e-01
-1.174183627957022663e-01
-1.761685568572154692e-01
-2.602457921851973888e-01
-3.665722089550517704e-01
-4.393059605356045005e-01
-4.597631944648445379e-01
-5.377831748866629402e-01
-6.761597713776527074e-01
-8.405647747922465607e-01
-1.022761700796097850e+00
-1.392113899130048793e+00
-1.731664076286554055e+00
-2.098158780773129894e+00
-2.681673223657414784e+00
-3.369729262917059653e+00
-3.061141547495612514e+00
-2.612023120766254092e+00
-2.206020128376822154e+00
-1.735627903390620785e+00
-9.534602135896270703e-01
-1.797219188327018767e-03
-1.812209650448968513e-03
