2.489858476322725876e-05
1.224293752583040208e-05
2.524756192383094308e-05
5.859051080274293771e-06
1.972332402445897118e-05
1.174082617233732643e-04
3.092702548721712724e-04
2.529289440189914787e-04
9.598869342032955506e-05
8.070653363797023437e-05
1.183647441676907876e-04
1.064190321208473083e-04
4.983993910637684547e-05
2.276699046935297719e-05
6.470418397201520627e-06
8.450699678190643543e-06
9.985855411672903839e-06
1.328243391358791838e-04
1.081868294990577907e-05
2.153528998050915823e-05
5.302307049569167693e-06
1.850486768764617671e-06
1.828514199624039551e-06
8.373864767912469819e-06
9.264708334204909500e-06
8.421946588161964567e-07
3.292448792388176972e-06
2.099700331208379108e-05
4.454796796724137364e-05
1.724534813778633488e-05
2.914344611185113641e-05
7.880613340125714014e-05
7.035827257096394769e-05
1.247587568951217336e-04
1.479962745433109367e-03
1.567198353669439770e-03
4.506351943720230888e-03
1.379819723193531980e-02
8.502708908747807354e-03
4.822229157756567283e-03
1.022436613324509067e-03
1.032241701612957767e-03
1.533934188025412333e-03
3.628952091729077960e-04
4.203527575403114350e-04
1.073200516114478315e-04
1.944688167998782176e-04
1.326679057513982496e-04
5.168530407774164841e-05
1.347333878010695558e-05
1.448546500043865776e-05
1.150123649548694657e-05
6.686878180396249982e-06
3.145067838051247376e-06
4.819328277532315043e-06
7.381059013045459219e-07
2.749907628431819888e-09
1.871392784138413777e-10
1.838273515496764863e-11
7.541985280337884791e-28
-4.116780017837088624e-12
-1.025924881692341320e-08
-4.435500869889629713e-07
-4.613159733895562517e-05
-8.439152582608895484e-05
-2.421513832577138744e-05
-7.023946732065561519e-06
-3.085686847899929170e-05
-8.658403669062265018e-05
-6.340335164132574722e-05
-1.251032570065380113e-04
-1.170580120463892934e-04
-2.933679230726852897e-04
-1.783614957582685390e-04
-8.328499428136574754e-05
-1.930868527755496124e-04
-5.381673482572307647e-04
-1.333778449866788876e-04
-1.462407502622860094e-04
-7.966335009023333249e-05
-1.536632206430431249e-04
-9.095659597288928574e-05
-1.445919414910355901e-04
-3.199269212425095228e-05
-1.949198073614468371e-05
-6.289804909658344061e-05
-4.392583161015814757e-05
-4.623979685172931100e-06
-1.599875978746547167e-05
-1.286451105476021154e-06
-1.269030178445898035e-07
-5.370525055952416992e-07
-2.281487945700688147e-09
-4.767985264960718116e-09
-9.561592946755187150e-09
-7.222978439707356801e-12
2.079350138975943079e-25
1.600063018144548626e-43
3.990940910849240103e-54
2.152755260044650084e-16
2.638528075262914573e-15
2.552312921598359060e-09
2.590483716981051201e-08
8.046918159129070775e-07
1.128336907261568017e-06
2.824837973119789981e-06
7.002541459564336569e-06
1.607353497682682884e-05
4.627458841917245458e-06
8.588103230235709845e-06
6.196587788488930557e-06
4.493241913299733114e-06
7.363920075873259629e-06
1.005121898051967105e-06
9.334215701359271165e-07
7.906880424380910487e-06
2.162295135208083504e-07
1.169981404514317420e-05
5.623989134134932979e-05
7.006544237434097632e-05
5.584518905034210740e-06
5.343700304121939092e-07
7.181888564483885176e-07
9.258092647416665287e-07
1.890169941110030415e-07
7.081967031795034934e-07
2.709764210248058957e-06
8.292285383514455858e-06
3.532975292381652845e-05
1.051940501813396840e-04
3.844240342139269568e-05
8.943158735873868014e-04
1.316998098131526122e-03
4.105847826739023303e-04
4.688728724948093172e-04
4.447707298211386212e-04
1.298938336051110032e-04
8.470433443292008546e-05
1.326844445948756266e-05
7.182562468110913321e-06
5.563818679592311175e-06
1.718050764893004883e-05
4.000423979548767777e-05
3.334012310351971737e-05
4.304748933169567015e-05
1.090523620021934450e-06
1.594047155402964450e-06
1.873626874863149283e-09
-4.919763747874748389e-39
-2.338695870479275592e-07
-1.410195031518137105e-05
-1.252202868489722795e-04
-7.296827105812171829e-05
-7.568757563274723372e-05
-2.868232509704766477e-05
-2.717710348090868438e-05
-2.016545243422953357e-05
-6.434865223919920211e-05
-5.462557398215036269e-05
-9.626924308634779979e-05
-3.372251556612982206e-04
-4.198234986406285119e-04
-1.813440181642800883e-04
-5.222750240175064721e-05
-8.363499309473200038e-04
-2.311229935450107768e-04
-1.875498604851229506e-04
-1.935797594042096390e-04
-4.380957949734747437e-05
-3.828911630548818834e-04
-2.873906878272145080e-04
-1.849201564816971592e-04
-1.567143612116502892e-04
-1.574342755744412748e-04
-7.746579036272591395e-05
-1.516482281751572851e-04
-4.844353275226374216e-05
-2.454037863031682622e-05
-9.035301282910304860e-05
-2.675667388560261991e-05
-1.488973399079695766e-04
-3.650674319384383381e-05
-2.974069216917957733e-05
-1.931452482436824274e-04
-2.967329919391924241e-04
-7.191518157442230519e-04
-8.453676726984822847e-04
-1.256279432702775206e-03
-1.908639956481865451e-03
-8.521174642483518927e-04
-3.000460799090598745e-03
-1.140662541422083568e-03
-2.159552329519144956e-03
-1.033098047398559385e-02
-1.404454572174179856e-02
-1.346381277909693142e-02
-1.058564124846237721e-02
-1.546675311165459678e-03
-5.149035574386205856e-04
-4.695747341886500345e-04
-6.745304464018165344e-05
-2.782687998580375639e-05
-3.658047809398343479e-05
-4.418145378126206728e-05
-8.247028435850997977e-05
-7.031876423146038229e-05
-2.433187497951191781e-05
-7.995068446371104620e-06
-7.075421384585085165e-05
-3.294594378862881267e-06
-9.332325926693242065e-06
-5.782734341201811189e-06
-8.989943699303775147e-06
-1.455499037692606219e-06
-3.153117130639208145e-07
-7.076875700528655289e-08
-2.009443987408760719e-07
-6.974294367623432426e-07
-1.565835954396712842e-06
-3.382782374309935969e-06
-1.083005169183891082e-05
-2.077912568829395922e-06
-2.729619088005924870e-06
-3.463208234409410484e-05
-1.769708177145386268e-05
-2.985963691781425143e-06
-2.998770063048786896e-06
-1.719479651242629235e-05
-9.820873924141604560e-06
-1.418261248892130328e-05
-2.105073281880118100e-04
-2.128604331830446562e-04
-9.384887426313078115e-04
-5.185864915892789660e-04
-1.027388870863091665e-03
-2.864813139965602818e-03
-3.760720111349148166e-03
-3.554850500936577833e-03
-1.010473167058946117e-03
