7.198765938684912116e-04
7.258085672285824507e-04
6.799774120607062064e-04
6.397398459646138529e-04
5.985924980060079639e-04
5.841952549507026119e-04
5.272304793258916463e-04
4.341233623700402962e-04
3.415072666950682190e-04
2.550903295640854118e-04
1.827564785387533926e-04
9.738823554907522298e-05
3.436952153993761598e-05
5.519868434966855000e-06
8.344713792446938755e-08
-4.136538095195939400e-09
2.325487744949821530e-07
2.332504689691808466e-07
2.444079870106662687e-07
1.628145624847595416e-06
6.587488393676098061e-06
1.136909734079742922e-05
4.004037598822229627e-05
5.907006913974562068e-05
8.193433206171306556e-05
1.027863276357769630e-04
1.139453455100608500e-04
1.289726892540613620e-04
1.250963280582637917e-04
1.299222559224258910e-04
1.273754919232967131e-04
1.246973446439600202e-04
1.260037626533802742e-04
1.184083601338329473e-04
1.114415084351627383e-04
1.155819232951424657e-04
1.137470544106439934e-04
1.133270835582927526e-04
1.199241966531518509e-04
1.527207119614951722e-04
1.726313121499211398e-04
1.866411132180617475e-04
2.110781951374687793e-04
2.821360864569723292e-04
3.262550988029253268e-04
3.607376026258062702e-04
4.010963744155518224e-04
4.486943789434518371e-04
5.853467597101087759e-04
6.673376756819144424e-04
8.077896274488013039e-04
9.860820022706089354e-04
1.112060266659186270e-03
1.165116319340656461e-03
1.102310503537756855e-03
1.093719950609905621e-03
9.648123522011600598e-04
7.789222601925671792e-04
6.350573033440446141e-04
5.300866975272640639e-04
4.553494646495723111e-04
3.351635988588727859e-04
3.083491700386819991e-04
2.726189385458281569e-04
2.557212570529928102e-04
2.580782803467916438e-04
2.644044944770050621e-04
2.476928004952979635e-04
2.161241315551568705e-04
2.218927420927566119e-04
1.847275773870099569e-04
1.469351870162750808e-04
9.871309102953796733e-05
7.201485687254425172e-05
5.058968891634579732e-05
1.163775641145186343e-06
-3.773356257331363718e-05
-7.751064302540799380e-05
-1.366425147353451106e-04
-1.737011552329999122e-04
-2.323246856559725711e-04
-2.777119191841492980e-04
-3.152633268551904085e-04
-3.840437994202404903e-04
-4.463693805151111821e-04
-5.366245719509118474e-04
-5.782093506739909234e-04
-6.348217133420269807e-04
-6.589818886091899182e-04
-6.310867173279720820e-04
-5.873371875561402737e-04
-5.945082620737583050e-04
-6.570677234280561775e-04
-7.286999530028353622e-04
-8.073993939680261566e-04
-8.881101407056004975e-04
-9.463516962985811911e-04
-8.973419498361701789e-04
-8.055915176663038446e-04
-6.752507711927820122e-04
-5.034085210119092907e-04
-3.394232669064833441e-04
-1.581710102958986828e-04
9.239952474264496009e-05
3.936247286379268746e-04
6.403896253342444530e-04
8.966797194398675418e-04
1.159119613477833542e-03
1.481532655600620698e-03
1.841318941645977763e-03
2.162936336894496960e-03
2.627244086199919098e-03
3.224817556852911053e-03
3.881315190251621947e-03
4.483471492877802098e-03
5.052600387401242135e-03
5.672437143118682495e-03
6.067615173137023976e-03
6.172405560672611369e-03
6.095333530914951413e-03
6.081575850202271087e-03
5.943637209913774609e-03
5.696246477519313449e-03
5.414476997673114793e-03
5.251457325196058623e-03
5.122193331738693518e-03
4.894396376410556880e-03
4.770067055573407218e-03
4.679346162241364467e-03
4.702548780872380617e-03
4.638185027045285680e-03
4.669894035428222810e-03
4.655759975355673597e-03
4.531996116489227060e-03
4.294136936186718906e-03
4.155326950801909412e-03
4.142755759675133265e-03
4.200153193017489017e-03
4.305443764080494999e-03
4.375540720351176090e-03
4.546902200147744967e-03
4.560581383010509776e-03
4.539670414080560629e-03
4.423613538799720836e-03
4.281097067974753631e-03
4.231850185371432288e-03
4.142689048667246195e-03
4.031653622914517336e-03
3.776352458853210383e-03
3.398315968443683596e-03
2.965883886973411706e-03
2.452872858813920625e-03
1.928617983456121536e-03
1.482302424740762105e-03
1.151848161906092287e-03
9.757737460528442689e-04
8.767426386784156174e-04
7.668914337048633777e-04
6.964144304866535032e-04
6.361751841781464753e-04
5.670742510166111279e-04
4.530758120187638560e-04
3.216473506518330826e-04
2.217420507145182026e-04
1.402417752515651612e-04
8.606304724925902244e-05
4.421247241870391095e-05
1.976495732636985531e-05
3.270399248229877417e-06
-1.713539125599632888e-05
-5.798048328070866869e-05
-1.020930646389713671e-04
-1.512486561664808094e-04
-1.947491496743933238e-04
-2.257361392911214515e-04
-2.357463035823066752e-04
-2.234491791812047261e-04
-1.960653946572438568e-04
-1.646296009750341811e-04
-1.371268899524066647e-04
-1.255010723110381828e-04
-1.152930270165867442e-04
-1.069127528534383046e-04
-1.042946986321891022e-04
-9.237072359585747931e-05
-8.151388959875004213e-05
-7.178521986411316713e-05
-7.939580985808786663e-05
-8.726054185786807883e-05
-9.812276933651979010e-05
-1.108763684815128808e-04
-1.162334223089604083e-04
-1.133365539038700911e-04
-1.084461944653637320e-04
-8.936890468726729536e-05
-7.207989284334816312e-05
-5.877477829444481208e-05
-4.697055921556091504e-05
-3.795535645842217163e-05
-2.113358258493974824e-05
-1.373090053728892532e-05
-6.056017186996486403e-06
-9.793216332939249904e-07
-7.950994832500378229e-07
-2.509544142522466969e-06
-1.369513433083005437e-05
-2.847942783364679868e-05
-3.260798443598239956e-05
-3.416596429428530674e-05
-3.394679089042121144e-05
-3.222502687231482930e-05
-2.099440894287640100e-05
-6.192900389327596836e-06
-2.055564787260460215e-06
-3.298765743391699912e-07
-1.473712683511768384e-07
-6.125859597868890583e-06
-2.064134074738230044e-05
-3.389049439480022757e-05
-4.129460082177410221e-05
-4.752836260235287070e-05
-6.587336745412642315e-05
-9.835909492296269010e-05
-1.295958299209541795e-04
-1.613940863587963145e-04
-2.017194881488552655e-04
-2.300932177213942792e-04
-2.244292683605595253e-04
-1.868659638923723389e-04
-1.411137477497252592e-04
-9.607169086605004619e-05
-4.834222308046154582e-05
-1.272475169737149862e-05
9.608810022749583025e-06
4.214491881159745896e-05
7.725328013219443283e-05
1.147406415297825194e-04
1.450668833001400452e-04
1.786817367963349412e-04
