2.615436936646978790e-03
2.600506099938884250e-03
2.588524192261609444e-03
2.609866259522101474e-03
3.306537010451198952e-03
4.695615723419015869e-03
4.957109479676153306e-03
4.855825821846126121e-03
5.636419377742295928e-03
5.378544609354727127e-03
4.535384989539455527e-03
4.132705133208216565e-03
3.068208209648162765e-03
2.866806977955323448e-03
2.833012755728989140e-03
2.183780435122529770e-03
2.249559379844833472e-03
2.434544195338284901e-03
1.975033488129166598e-03
1.781034738944205220e-03
1.474362255977364200e-03
1.006749049743477058e-03
1.021215426324214659e-03
8.826882054605580345e-04
9.665801157954988189e-04
8.385586607640324553e-04
1.400282396116346410e-03
9.620324939050220589e-04
1.025930146621819705e-03
1.418204444251691156e-03
1.252418508182055181e-03
1.332560808536158593e-03
2.198839363114086284e-03
1.619193619420631865e-03
1.672498362135262876e-03
1.872001498606786375e-03
2.588676585782751990e-03
2.758624740809504337e-03
3.341010037458813121e-03
2.712291378247560798e-03
3.284992506690667322e-03
2.580378260138250709e-03
2.407564276830230672e-03
2.751896684272873810e-03
3.141398348157930110e-03
2.997072734908831637e-03
4.027216674106791350e-03
5.567681728919975266e-03
5.425504797964238353e-03
5.294130861135910165e-03
4.676094201043082786e-03
3.526975624581808917e-03
2.329819155180456926e-03
1.898719811731153749e-03
1.993816477626073492e-03
1.760870971874552941e-03
2.228905755786911996e-03
2.272361312195997872e-03
2.482651891225708032e-03
1.645272655388730840e-03
1.065342717609867517e-03
1.155285984656330683e-03
7.974394574055360205e-04
9.421258635234891878e-04
7.792654111688258889e-04
5.663513088575863018e-04
7.502596868605681786e-04
7.887273055619766805e-04
6.784161803638217962e-04
7.411466716717523238e-04
6.499213259327919594e-04
4.914155753743037949e-04
7.151836567820098406e-04
8.984628832889070141e-04
1.154569323531178665e-03
8.301824901751516089e-04
6.795429717486255704e-04
1.044188791118816871e-03
8.272981788854856001e-04
6.803883553862628223e-04
6.909419582871362047e-04
6.720121306243809298e-04
7.995366692950582827e-04
7.861491517675870885e-04
6.852571978735813325e-04
4.892803302604959576e-04
6.667687331752699363e-04
7.750276675199102962e-04
7.960402364713503424e-04
7.484513714862186520e-04
6.834398320315730746e-04
9.186452249175902467e-04
1.109470664112957757e-03
1.043999750274208745e-03
1.113713016786985980e-03
1.130052913347847753e-03
1.353328694891184954e-03
8.674509814643005350e-04
6.885068635807779303e-04
4.770514980648001067e-04
5.025068740906863361e-04
4.930664445027556873e-04
6.885217470944113901e-04
6.280311459373364661e-04
7.430107675102451403e-04
8.876204343980417235e-04
7.931853605290366000e-04
1.093897905472597651e-03
8.614163821552546464e-04
6.526406365450498643e-04
9.241954449963875546e-04
9.135336681389250556e-04
1.486808363916618681e-03
1.632478646970175274e-03
2.063248381709012653e-03
3.522742700260395390e-03
4.093750057271248674e-03
3.816065210876896235e-03
2.938110240414738318e-03
1.831330403708745624e-03
1.732358709007866338e-03
1.976715936084985116e-03
1.733124880919147039e-03
1.499550127652295953e-03
1.624222995786182063e-03
1.549149971344671896e-03
1.170807329262687048e-03
1.565729162386889171e-03
1.744859624233744202e-03
2.245061144407858519e-03
2.345381661716589190e-03
2.218027292061007343e-03
2.396130582486060909e-03
2.619190709757340980e-03
2.781296118286920999e-03
2.609887067718937199e-03
2.654365133585767124e-03
2.105234241932880945e-03
1.905726188077841877e-03
1.732757815788788869e-03
1.809158300614877122e-03
1.397528294841614543e-03
9.124330930085401432e-04
8.834736772662223417e-04
6.077171460231976796e-04
3.397389610018341187e-04
2.388059501084736956e-04
5.247258182336763722e-05
1.446284828093744807e-22
-1.625087715207471068e-05
-5.447391048790458200e-06
-1.046134774557728987e-04
-2.038187544164615176e-04
-4.677602752262068498e-04
-8.852748861371526100e-04
-6.369229004064565864e-04
-4.892102414427022166e-04
-3.392526603935298022e-04
-3.395374133573536611e-04
-3.553246378156935050e-04
-5.926385275222165964e-04
-6.134889474020727325e-04
-5.588386959759024299e-04
-4.046372467739867249e-04
-4.972818417933919620e-04
-6.956825697417031275e-04
-8.752676715888416071e-04
-1.214016607281545633e-03
-1.520534265522094364e-03
-1.515812137568759614e-03
-1.645731777112941592e-03
-1.899382885251399335e-03
-1.563713061408938260e-03
-1.824357549780112903e-03
-1.565918306959482482e-03
-1.571627566262842092e-03
-1.989576495594574338e-03
-1.369652274837101927e-03
-1.694354707525979557e-03
-1.813521809512037711e-03
-1.921683639202415592e-03
-1.530521578761279752e-03
-1.785860222123051514e-03
-2.134433761007737112e-03
-3.048575219003099059e-03
-2.186727162620359308e-03
-2.551289336907374382e-03
-3.267921610095693603e-03
-2.606537004056416577e-03
-2.338567619254989897e-03
-2.541985517378084897e-03
-2.274908907699200490e-03
-2.097779634929877474e-03
-2.322828014645684711e-03
-1.894777433322430071e-03
-2.266314174913661855e-03
-2.251776521185014455e-03
-2.318927903808766684e-03
-2.350539192249735676e-03
-2.100639865058531383e-03
-1.637982135346376751e-03
-1.835291631095284500e-03
-1.490038161659829573e-03
-1.017161125298614516e-03
-8.978245610651291184e-04
-9.293837580022378973e-04
-7.010678810224925785e-04
-6.178902783960747019e-04
-7.635190141481509049e-04
-1.025778676444127468e-03
-8.868209283891349609e-04
-1.101520254106752496e-03
-9.490443371737472718e-04
-7.504287652134840813e-04
-9.984800273673706799e-04
-8.501039436695805767e-04
-7.694669547498279253e-04
-8.750336849506412315e-04
-1.354116019698264981e-03
-8.866500417075404194e-04
-9.987074336711904751e-04
-1.226779237090767048e-03
-1.552306145867983099e-03
-1.540900975262007215e-03
-1.149200124048649569e-03
-6.417248202210644459e-04
-5.370460020980541600e-04
-3.007911866859153301e-04
-6.008425883661852314e-05
-8.050041455718663552e-06
-8.405686304124732507e-07
-4.428534677880490023e-08
-6.120891522766995866e-19
1.401623046903979460e-07
7.333426689766732632e-07
-3.205800276675467481e-09
-6.347418216645743406e-08
-1.418562285572426767e-07
-6.061662363656228161e-08
