6.620588233505723705e-12
3.393484968260674237e-12
4.252224752706199473e-12
3.290066437385403071e-12
2.632537662168033470e-12
2.193781635966908082e-12
1.090350263830496836e-12
1.062619979994559307e-12
6.766871257706611130e-14
-3.859407598322438942e-11
-2.963312371219277403e-08
-3.002697089678160084e-07
-4.857040366295697017e-06
-4.990329240109831031e-06
-5.080100566039385771e-06
-5.083311433639259542e-06
-5.053828432276950566e-06
-4.783191847940945152e-06
-2.264211907167872989e-07
-9.313303596304713132e-08
-3.689234521402224127e-09
-2.127820761620882614e-09
-2.063466546382669125e-09
-1.127438842234026764e-08
-1.127550077655037018e-08
-1.132997364333735654e-08
-1.100747360683877129e-08
-9.319425287461340361e-09
-9.272251632559583568e-09
-6.132883723482251758e-11
-6.021637930137598944e-11
-5.023779334922783342e-12
7.024483210032127663e-16
3.906661175258729857e-15
1.342110989193978560e-09
5.249686892986829589e-07
1.190604069845353411e-06
7.778129570340064185e-04
7.916601226663827137e-04
7.940149050668456922e-04
7.948960304052116741e-04
7.976676808827250437e-04
8.051288086421284169e-04
2.907032933449207876e-05
1.876328857058842472e-05
1.690588347748424989e-05
1.937939957989267761e-05
2.762825645860921876e-05
2.063224670687434576e-05
2.021232835689823986e-05
1.705304838346059608e-05
1.728534077597743845e-05
1.401635162770494416e-05
2.846194210596668983e-06
3.746416648481506542e-06
1.027571126679268466e-04
1.024052744553495802e-04
1.016759014037926502e-04
1.015889370032593830e-04
1.012149604858288485e-04
9.918398465972879622e-05
2.933333306153395811e-08
3.250022973083932404e-10
-1.444211781221701830e-08
-4.971467312403801965e-08
-8.980117591150942353e-08
-8.980398763058048742e-08
-8.980400041030261539e-08
-8.980235213359336684e-08
-7.533188354680313978e-08
-4.008932728632963861e-08
-2.824499478291518498e-12
-1.278040722552588017e-14
-1.330558442999193948e-19
-1.330558442553516666e-19
