2.131785538426880859e-09
1.735194536857524435e-08
2.169726567391629999e-07
2.299198394211291885e-10
1.601244724698312549e-09
1.753891123130141823e-08
6.236814386673847621e-09
6.602194412256944235e-10
3.974255301164954228e-08
1.454131042749088760e-06
4.375825890227276935e-07
1.538458892766269127e-07
1.355518299393064238e-07
9.496073292425760914e-08
7.510788055218464131e-11
1.114697860863948491e-12
1.815452767135979584e-15
7.510192149413038293e-24
2.789514105033959426e-34
3.641808654856274579e-45
-2.148636987826542225e-30
-1.855202511278928917e-33
-2.317623549667189129e-42
-1.085631617206829965e-39
-2.564236772040787506e-25
-8.769206575255098727e-30
-7.354982145263053814e-21
-9.100711321004440179e-18
-1.940795023204460934e-17
-1.596175012354374424e-17
-1.307136934208300457e-13
-1.644933005775642570e-07
-3.216256980209524435e-20
-2.497114005522200391e-24
-1.166331656167390753e-31
-7.129487092159351610e-40
8.199752687038871967e-66
3.726752546045170050e-60
7.345859251254419193e-26
3.925014923005166232e-21
1.043726151261151987e-21
4.942856622673454768e-16
4.569202817116600634e-19
1.417797870115363682e-15
3.028627972801260352e-20
1.266280810807634997e-16
4.278025177075893576e-11
1.590970325282517541e-11
1.619462684246701383e-06
4.967761153266783412e-08
2.499598779801361441e-06
5.985474581516569413e-12
4.010456771367296526e-11
9.575774979458676111e-13
9.587435190141694019e-12
1.017916705193990359e-17
3.394362090769509809e-13
2.731399805497969375e-13
6.387375572064631317e-12
2.272162366819811035e-12
4.042502487710438073e-11
4.134422951487365441e-10
3.752139119267520118e-12
2.173412340729449974e-09
2.903409959358348796e-09
2.691184657891569404e-07
6.696471836001652176e-09
2.309221489794298621e-10
8.722098296663739649e-10
1.324507775570530287e-07
7.872411209725345288e-12
2.187022281722498813e-13
7.186330932315993060e-15
7.423960272684825407e-21
7.966613641281815862e-24
3.947081813790910891e-21
8.690645096548103637e-22
1.410307007176902670e-15
3.781791161329289621e-18
2.566018141142358324e-15
1.599848127012906884e-12
2.142322891922157349e-26
4.810261618585088703e-24
4.627945646476394787e-46
6.074304011071855253e-37
6.185059437191091011e-48
-1.806807594161371821e-59
-8.814347712057467862e-28
-1.356620448116023224e-21
-3.448161889004376663e-35
-3.798622469409865166e-34
-2.925129959529769358e-28
-7.974206071817412356e-29
-1.311517983849833709e-22
-8.341526212195548644e-22
-1.243401943137758193e-16
-2.040695642572919896e-11
-1.494771451085487883e-13
-3.076197340924595249e-14
-1.411398627086088498e-15
-8.073913352514602328e-18
-7.575393460899218745e-21
-1.143152566970334841e-21
-4.652436789435772331e-18
-8.478127283435546675e-13
-8.610128378859815840e-11
-5.887292282585919693e-08
-9.225758606747904688e-09
-8.382510824509088171e-08
-2.031518763107923362e-06
-8.636770169271395180e-05
-1.382887268811045171e-06
-9.720490867760574124e-06
-7.599627785794346614e-09
-4.579385534050681110e-09
-2.090794851712332337e-10
-7.856554577219266995e-11
-2.551248021914560528e-09
