2.752587259969205258e-04
7.239682302724171566e-09
5.739258354685905007e-06
1.108206267402813062e-10
3.200895539963071467e-11
3.927755368199513786e-08
1.201555961047902726e-09
9.205721817197719265e-10
3.998188744014983913e-03
3.119919976584904168e-03
1.053405918734358869e-04
4.903865081373472937e-04
4.310080138384148746e-04
1.331412112103486946e-04
-2.300525387642426772e-04
2.549238322545883777e-03
7.693126096362593180e-11
3.911094249112635063e-02
3.606187113716354323e-03
-2.798925350564772374e-02
-4.702999923777492763e-02
-5.426259659291941817e-02
-1.723881732105964071e-02
3.827891052533369948e-03
8.883730461610756944e-05
2.732084066602450142e-06
8.120002631364422042e-07
1.204010354972394042e-07
8.857888582292401558e-08
2.817769369105229549e-06
2.045073953331425332e-06
3.814288604407058421e-06
1.380839529832566300e-03
3.447144731379367579e-06
2.671080128831525946e-06
7.676893163934070673e-06
2.212929612688264323e-07
2.070707417047774450e-07
2.001118751553397631e-07
2.300743012611300558e-05
2.542487714694214139e-06
9.326780791517730353e-07
2.921716178708902142e-06
1.640026287116039841e-06
2.489224286269136495e-07
7.866412848766845605e-07
2.118518436245002677e-06
2.719324019538759229e-05
1.013875269802237137e-05
6.366939722820996912e-04
9.467097663697922848e-04
2.286500176786893446e-05
1.669744467912521253e-04
4.599979732643479330e-05
1.939875046385966450e-07
8.342890725844044496e-11
1.393092329115527651e-09
6.327589140079274218e-08
8.312655200341782122e-11
1.147733736874913237e-10
1.263902117697350014e-10
1.213114821670668137e-10
1.712264986948925097e-08
4.975324574220453772e-09
1.784271558581502454e-10
1.705813507573538994e-07
1.809602454465466363e-11
1.001193988117162725e-09
1.819389715296180725e-11
9.997203896399393601e-16
-2.280423097194169574e-49
1.745178672111692779e-22
1.351394692028966553e-37
1.282421014546559411e-26
8.844877407277447694e-44
1.277158472230284774e-37
-9.680884069410856594e-27
2.389358155255832239e-26
1.574135260766998404e-23
1.698801263832319017e-21
6.005294176512928115e-23
2.363970272887397137e-23
1.036836757017685948e-21
1.060084967169201586e-16
1.042651902470466999e-11
4.241234879311533925e-09
1.125549343599729049e-10
4.058963116299237810e-12
1.247918295919650058e-11
2.120341983483150448e-11
1.586558258877370173e-10
1.586069813844039069e-09
5.783835259354234768e-12
1.046772624208967448e-14
6.924846383912970308e-12
3.244924154390630912e-12
1.389101723191215700e-12
2.581087023708913039e-09
5.025836956710419532e-10
1.232997893753033512e-09
4.584355925216575345e-09
1.902729317054247354e-08
7.369333225411668374e-08
9.775921640549313160e-05
1.576729035419230756e-06
4.281980855586817170e-06
1.706901632205333352e-05
7.399327434738489513e-07
5.310979877428422712e-07
2.760436989077227485e-06
8.177807461740760526e-06
1.610211931853694641e-05
2.245639164286679216e-04
6.468909435033382882e-07
3.426575351642596244e-07
8.168323585464794617e-06
2.127443308366000534e-06
4.661025406592421037e-08
1.228704517055658033e-09
4.957206712167673079e-13
7.933527024859178897e-23
-1.490183639292908603e-24
-6.637130859838976505e-23
4.196436414380803712e-26
5.632596333025936406e-21
7.293047613613016854e-17
2.733074796831643021e-14
1.241424482531277769e-10
8.689348104120221165e-10
1.870177855901364969e-10
1.293332137898483950e-10
6.727587242008223697e-06
5.607235875123004834e-13
2.665305532602405177e-18
8.153395081846850948e-38
6.667648203111552198e-42
3.374779567529893415e-31
-3.392396679405237327e-34
-1.006570659417270408e-21
-6.636800442113486887e-22
-4.082691208944028872e-25
-8.990994659337984571e-19
-2.082926286806445981e-12
-1.729620650512140341e-11
-9.804266644481630253e-10
-5.712510484381687604e-09
-1.074118337408352044e-08
-1.149465162893620138e-07
-7.973210489978593250e-07
-2.932823822981605751e-07
-2.998295067889963396e-04
-4.877992841738968939e-04
-1.391310514198529878e-04
-1.434274134536474635e-02
-8.098081918011504517e-05
-6.099297357995514260e-06
-1.864968519101992274e-06
-5.007470706682380071e-06
-1.511605968474235648e-05
-8.952470380238488018e-06
-3.680418525651818593e-04
-5.500191659262060095e-05
-1.587424830076725416e-06
-2.338329574340557105e-07
-8.385614843762737470e-06
-4.540786763728463742e-06
-2.349824574703977582e-07
-3.007654175790520432e-05
-3.009637873195277102e-07
-7.155074582907892076e-06
-6.600327066363971613e-06
-3.324829588864780076e-06
-2.735019056595764430e-05
-1.773527766559523380e-05
-1.077772585416368519e-04
-1.117083385491224944e-06
-1.130024119406093551e-06
-1.919660490905377479e-06
-2.269267270964468229e-06
-1.736176878779375956e-05
-3.790150368708196729e-06
-6.973135546865564308e-07
-2.346356282368514138e-07
-2.992594243280016729e-07
-1.224842455418162868e-07
-6.087093990840385256e-08
-1.210924419855405744e-06
-1.742698011872534058e-08
-1.522497276555053173e-07
-3.762887628289306663e-06
-1.165367704340669764e-07
-7.871285764093934557e-10
-7.742436563485285676e-11
-4.539770687600282012e-14
-6.130648274430435584e-20
-7.903079667762410451e-24
3.912531748458900540e-29
7.362094129695421422e-13
5.765028804018218345e-09
2.642821030411370585e-09
2.284041157232144174e-08
1.957004783940881863e-03
8.929234349506625982e-09
7.491475172313164731e-09
4.485262179895130321e-11
1.650038076147769778e-15
1.072252758283103091e-12
2.478749097897512467e-13
2.268930759128623205e-12
4.289054329825586566e-12
8.676947412222349133e-11
2.761673715341516967e-09
1.897851958857482278e-10
5.264945788699758118e-11
5.151381766349864744e-08
2.812450569518438399e-10
3.387400745682274716e-10
1.003804200372808113e-09
1.780143252840797913e-11
2.831491308602089119e-09
1.005766255153169816e-13
2.570665721162076128e-14
1.425984431946621666e-12
9.201911359144900884e-11
4.392328246793357459e-11
8.289180509356453594e-09
1.148976784213720750e-10
9.926016290398251464e-12
3.540410399105656285e-13
4.117946054411106370e-15
8.712861920736581467e-14
7.867600092295250394e-13
2.079190648771008449e-13
5.705157188825445166e-09
4.550699422474803948e-09
5.109576256679865452e-08
7.200057092973242597e-08
1.982797287189725774e-10
4.648579768709230664e-10
