9.408246811035110424e-07
5.094412463417119981e-07
3.629836566459841310e-07
3.415912093365927036e-07
7.421764961564587783e-07
9.818210518339999563e-07
1.544116257550107837e-06
2.133449317248353283e-06
3.825473249897121284e-06
4.400022645665091218e-06
4.715832009802746873e-06
4.557546313892121103e-06
4.537532347005912175e-06
4.696968716005548601e-06
5.222294037859770873e-06
5.537015893227386462e-06
5.499688136693940421e-06
5.741376076280350784e-06
6.165446224347957161e-06
7.179984188200216248e-06
9.188527303498339799e-06
8.789241511752103400e-06
9.421429579457694207e-06
1.037249028295680790e-05
1.142738314536469111e-05
1.196478613207775368e-05
1.215927285176975440e-05
1.694860796491796636e-05
2.089064322916413418e-05
2.437874742644899261e-05
2.422436990449741733e-05
2.300813912270815282e-05
2.149773238527185869e-05
2.160949306344176610e-05
2.149206997270179003e-05
2.085952675574467632e-05
1.998245876243953537e-05
2.002897186791722712e-05
2.009672462014484788e-05
1.701589467610025626e-05
1.399565580876276788e-05
1.117097569506417957e-05
1.063605280122671335e-05
1.106481889324077352e-05
9.899711294399893518e-06
1.122370263843448665e-05
1.064454881079935868e-05
1.078458960083689864e-05
1.102428582027952794e-05
1.041117594514866936e-05
9.720372559530091237e-06
7.698012421710712189e-06
6.654369820073544884e-06
5.841981765916908886e-06
5.714844046432179727e-06
5.033425392339893729e-06
4.313287432403183449e-06
2.506698243625358653e-06
1.922896437457187660e-06
1.230156021263649081e-06
7.543014157955942997e-07
6.175776277753197199e-07
5.150388386517419889e-07
4.910635428307709093e-07
4.548628114008708003e-07
1.805701625706250137e-07
1.631509893896287660e-07
9.593902613475644161e-08
3.625485557657879423e-08
8.799593212840609607e-09
8.298460896427947063e-10
3.126260190628058010e-10
2.646248219367471186e-10
9.827048073606408395e-10
1.307016945425249871e-09
5.516701029307603529e-09
6.656676027202778028e-09
8.001341392995687309e-09
1.454015705825880890e-08
2.843821486654663256e-08
3.519994510953198427e-08
7.563869616051171342e-08
1.154549966823294645e-07
4.540385558844515348e-07
7.559745983926730549e-07
2.495327340543670351e-06
2.987903870177090102e-06
5.287368234380419593e-06
8.274548010584745406e-06
1.040266499931872847e-05
1.341708877789539015e-05
1.586706490218604490e-05
1.761311780248334661e-05
1.914671773842002052e-05
2.187161374250359415e-05
6.298650079546031367e-05
7.366650333109745928e-05
8.389371694602627382e-05
8.891517287077571662e-05
9.240003446595931186e-05
9.029115312387697462e-05
8.910829652721473056e-05
8.718849928261131405e-05
8.698185644471043848e-05
8.647938436304505037e-05
8.579559042493259239e-05
9.058193431578159469e-05
5.401162268225606020e-05
4.517822580028490982e-05
3.798770546189060592e-05
5.808222644722245464e-05
1.289783184005788492e-04
1.946509207308232776e-04
2.181909534778024866e-04
2.370094476113755570e-04
2.444323780358739198e-04
2.550043668754344646e-04
2.554127487784453891e-04
2.482711403708481868e-04
2.434553700171672214e-04
2.413068222172181894e-04
2.365300345034123482e-04
2.109210950929821628e-04
1.342364580830400402e-04
6.768441556613027899e-05
4.319767613533741571e-05
2.327813744266341741e-05
1.359798707503168146e-05
1.776388673742546077e-06
4.787305270583212412e-07
6.943671663869282302e-08
5.179920055537610295e-09
5.593135350421520641e-09
5.642299804234228972e-09
5.652349812940457928e-09
5.864980578542253656e-09
6.383190224919890689e-09
6.599311273532585342e-09
6.450373445444300907e-09
6.433084925076385784e-09
5.688066829849325254e-09
4.717278201051113619e-09
4.563235874540728210e-09
1.430481060974852590e-09
1.016797789251338807e-09
9.677477293871908048e-10
1.105094773927574014e-09
9.137723617032766611e-10
4.156627983875765249e-10
1.406010030390766446e-09
1.397360084726542658e-09
1.395529556609724927e-09
1.395519388949129409e-09
1.395422867706633573e-09
1.395420786202630456e-09
1.395402070200976845e-09
1.395402069235637838e-09
1.395287139276750625e-09
1.247889860557325466e-09
1.226581507172029155e-09
1.206481375057929918e-09
9.966112577947351801e-17
6.908950926269614102e-17
6.166361401401355461e-17
6.161357480432029295e-17
1.415848373372350424e-17
-1.088992517801744367e-11
-6.947126184796962771e-10
-7.921752361733226316e-10
-1.235402945401924456e-09
-2.487795726048165546e-09
-5.897652246381742524e-09
-2.594988729282448238e-08
-5.297273621942928729e-08
-5.864423654777966264e-08
-5.953711123178660680e-08
-6.162001307259317143e-08
-6.258924306595906460e-08
-6.395573486140087100e-08
-6.338912522368623701e-08
-6.334150938162168606e-08
-6.567264876209731616e-08
-7.677066594223104185e-08
-7.561740891825517572e-08
-5.557567849682551828e-08
-2.866550772098148947e-08
-2.316579331207138324e-08
-2.404850709818396387e-08
-2.273936906846049944e-08
-2.239853421161244915e-08
-3.473629337472339704e-08
-3.467071390645102247e-08
-3.462157801832589703e-08
-3.194266802003265042e-08
-1.961797993725858971e-08
-1.965073558660327744e-08
-1.975945854986222633e-08
-1.983206188928222416e-08
-1.966281803048765425e-08
-1.788739195095930948e-08
-1.711362825983931508e-08
-1.648523312602454623e-08
-2.770393894799734265e-09
-2.728695667848710272e-09
-2.770780935598068073e-09
-2.877239618014081878e-09
-2.862416119565443364e-09
-5.730776711967483787e-10
-4.538500829675932007e-10
-2.685685927868096988e-10
-2.660259040496397535e-10
-2.658635130824462343e-10
-2.658633713487499066e-10
-2.658631636206041941e-10
-2.652665594010418629e-10
-2.535210568635885628e-10
-1.760422839141880188e-10
3.656123785340516956e-11
3.362997306554445311e-10
3.350928778338460989e-09
4.758998932537284501e-09
1.612692363161909295e-08
2.258753381702474396e-08
8.366283318582842996e-08
1.456345066199393657e-07
1.557716664376127492e-07
1.634734785819370831e-07
1.725143817322735730e-07
2.829101150106701572e-07
3.576141262643163358e-07
3.889765557387037629e-07
5.323058992582330086e-07
1.788691620820265023e-06
2.023238273643624112e-06
3.127863683970131634e-06
3.721663629419475250e-06
4.147007977488333859e-06
4.392410487627333037e-06
4.403296447304755862e-06
