beta2
1.021946338126421272e-02
1.037883972239994103e-02
1.060299390357558394e-02
1.074006880390906624e-02
1.082480714425528012e-02
1.095499203528471979e-02
1.129971236483525918e-02
1.137254066029431965e-02
1.113204552235535008e-02
1.088366653722505802e-02
1.117730747196615804e-02
1.129784965687116380e-02
1.131444136488631708e-02
1.137503030503413462e-02
1.103587193150967760e-02
1.103676048577310713e-02
1.124769768820563405e-02
1.151824639000950667e-02
1.136566415702440144e-02
1.125350444178730910e-02
1.118268936683674934e-02
1.127533667231413878e-02
1.163643579064166378e-02
1.201274307510908149e-02
1.239449853546954056e-02
1.206065430491094249e-02
1.199428802354981019e-02
1.199480278516357884e-02
1.204575525024012203e-02
1.201648856245896013e-02
1.199988899700683148e-02
1.204282638659545483e-02
1.153465795050091953e-02
1.144163037204986265e-02
1.184272905452874933e-02
1.170367372156134317e-02
1.190252033333990059e-02
1.208128363550650154e-02
1.191930355372258429e-02
1.174617509316353003e-02
1.157392359012882066e-02
1.152293855801577588e-02
1.150358769512233210e-02
1.142498777578736940e-02
1.129541257119556948e-02
1.153621417681444453e-02
1.151543174494002245e-02
1.142413663006951359e-02
1.087342110705263182e-02
1.035270894546380313e-02
1.001459216156050033e-02
1.015363648430086564e-02
1.012741441355165077e-02
1.026167788786077478e-02
1.049039041634765648e-02
1.025956838789262790e-02
1.016009454693992189e-02
9.832131540485055179e-03
1.015927309427776259e-02
1.043365574522100644e-02
1.075204829332708500e-02
1.043538175963130629e-02
1.026257425678863550e-02
1.052350274328046550e-02
1.076081982514659821e-02
1.094267747003337468e-02
1.103196988747304208e-02
1.054998655729008118e-02
1.052515569622366337e-02
1.039424201147858863e-02
1.004112363561003585e-02
9.765207921185219825e-03
9.581573793042552981e-03
9.312629076646747328e-03
9.226535028729544036e-03
9.286008875742188945e-03
9.444541610837787343e-03
9.767092691685698089e-03
9.323379863952216753e-03
8.823131889381292253e-03
8.980025622993000056e-03
9.140494329314484412e-03
9.703860135247285509e-03
9.768250291639747965e-03
9.841714362294119722e-03
9.893263108940786310e-03
9.855739362319150890e-03
1.012586741741415379e-02
1.013522660769566180e-02
1.009373146389594411e-02
9.949678588974778665e-03
9.839611246912096515e-03
9.741714882022075445e-03
9.290313650503128490e-03
9.021023066821658859e-03
8.915803338251562099e-03
9.023186607017228897e-03
9.115140661866891897e-03
9.249823504277717573e-03
9.364811660558249387e-03
9.488394826419496025e-03
9.714218089890341856e-03
9.925180250533651577e-03
1.011720044629903573e-02
1.014935865009021845e-02
1.040257248135924642e-02
1.058307187105647293e-02
1.032019484444665798e-02
9.919535039524999750e-03
9.708069287331444822e-03
9.532765053929354374e-03
9.683524776496855307e-03
9.590143570685777039e-03
9.489982504626574139e-03
9.570941683130333028e-03
9.501283480418107330e-03
9.451579898635296267e-03
9.549229350870949706e-03
9.430794456625851002e-03
9.315575546792929928e-03
9.306502469508395187e-03
9.277614990436831507e-03
9.342489097381553170e-03
9.548255763302249816e-03
9.621910748383925155e-03
9.809749102807048884e-03
9.879640552831660955e-03
1.010247539255667952e-02
1.021342973914057123e-02
1.043357042634173240e-02
1.056413653781169276e-02
1.062801672325672589e-02
1.048281874897478289e-02
1.019207671744587138e-02
1.003018652385602796e-02
9.997753448468061147e-03
beta3
5.764091800754504854e-04
5.806449374179344612e-04
7.790945593238200392e-04
7.189542236126170854e-04
7.161320677803013034e-04
6.473317427685259520e-04
7.549007237007499069e-04
7.340526491130006667e-04
7.699585886861383052e-04
7.906229032235573013e-04
7.022825274152508322e-04
7.588590079769853575e-04
8.038079535377851050e-04
8.694621493619092249e-04
9.520516075812003945e-04
7.805312961857662326e-04
7.191312801079834897e-04
6.287922389880477555e-04
6.333785693144187209e-04
7.205284302859691920e-04
8.099872719228675463e-04
9.909907306973548061e-04
8.149452540653634447e-04
7.606846624932378639e-04
6.702779383625067765e-04
5.752929733053649408e-04
5.101814493272836728e-04
4.413406906018240176e-04
3.573696220088851670e-04
3.894727047828241430e-04
3.780194596894755586e-04
3.753993453525735803e-04
4.077583573422873604e-04
3.270078471317596326e-04
2.995558852973289493e-04
2.915982653961469084e-04
2.953625355555228576e-04
2.598999469034511157e-04
4.159700013367317135e-04
5.324320703039913619e-04
7.049352255106202270e-04
9.299885041055022152e-04
1.163515765421775389e-03
1.490398012578920527e-03
1.834764025379950758e-03
1.963108184575729567e-03
1.708960805916134862e-03
1.458245018997285890e-03
1.618414289193337123e-03
1.787861878577459013e-03
1.211133214052855607e-03
1.100317769673259984e-03
8.989336652136351328e-04
8.586133875718653758e-04
7.876171626808536018e-04
7.899319809003020739e-04
8.246946971456655794e-04
7.961135788909912267e-04
7.485051617656824502e-04
6.424386765698900147e-04
5.653550759212369863e-04
5.714027129282469707e-04
5.475391846158270646e-04
4.754761519432583895e-04
4.189184805091219696e-04
4.788239735534352624e-04
4.625268731306404302e-04
6.183004722150019228e-04
8.676966228122251273e-04
9.779344600117454572e-04
1.134241918984347196e-03
1.484361612041592985e-03
1.719391740511011686e-03
1.975315195957306862e-03
2.516334153837124742e-03
2.741710237158886780e-03
3.212654131627257388e-03
3.855024647855863004e-03
3.463410403571141015e-03
3.159834623471094450e-03
2.662201154928613232e-03
2.196259978666098133e-03
2.176030864533283742e-03
2.015929269527817671e-03
2.035319062830662391e-03
1.976486581814171015e-03
2.022524619441487190e-03
2.077858491607915969e-03
1.885377825362683727e-03
1.727393286148981057e-03
1.462089794227008129e-03
1.234468329128938363e-03
1.077003340130416442e-03
7.908974106692640439e-04
7.418662013333549238e-04
5.621624111982569246e-04
6.708450502986162836e-04
7.289606755710590150e-04
6.678654116725802649e-04
5.656913666001112725e-04
5.059963976661093366e-04
5.176004875406362308e-04
5.427217514177625629e-04
5.672761207124619662e-04
4.999357265850809095e-04
4.218820074129842317e-04
3.289421376203556860e-04
2.713538867349092436e-04
2.177599480147863966e-04
1.407959705054299092e-04
8.866039205883435338e-05
1.056790649853461947e-04
6.957667756519577622e-05
4.373977653852592813e-05
3.017438940281873250e-05
2.034528196194465682e-05
1.715239720675771726e-05
1.840166499612284011e-05
9.347556461250413869e-06
6.071419322092099172e-06
1.277850597576415405e-05
1.106234745714251545e-05
3.028248844407014552e-05
6.009604727680844659e-05
8.409513877293881934e-05
1.421516616841214230e-04
8.099275386148275971e-05
6.304900583363579232e-05
4.005799947468823333e-05
4.866921360687871055e-05
3.638679366827389722e-05
3.360622071082922763e-05
3.006037551414887632e-05
3.003631251216484655e-05
4.026202053106634398e-05
2.253578648955615325e-05
beta4
-5.509592734819711811e-04
-5.516931702550748138e-04
-6.578369262439027251e-04
-4.929169810366417154e-04
-5.394245064726391550e-04
-5.079468939372183082e-04
-5.772831280519629630e-04
-5.742040715363917530e-04
-5.416306455669736607e-04
-5.974308443742223744e-04
-5.767984305636443109e-04
-5.775700041230661611e-04
-4.765263992614031385e-04
-4.237350203456106751e-04
-2.324228183107573498e-04
-1.800488162380489742e-04
-1.696787884194162171e-04
-1.007988797449993625e-04
-1.014138578793697960e-04
-7.675733844602025701e-05
-6.241266925765761881e-05
-6.856561848842524756e-05
-4.979115993835967347e-05
-3.306871176280147778e-05
-4.498116981043776030e-05
-5.401021234645882305e-05
-5.145141873156196266e-05
-3.260803775145515698e-05
-2.782716704251386421e-05
-4.985028110965633726e-05
-4.383279404219082810e-05
-6.217148917465905688e-05
-3.999250551297251838e-05
-3.149665836102376982e-05
-6.548403015827443580e-05
-3.121692162854154391e-05
-2.170917284799738119e-05
-6.271642637422250957e-05
-4.944113786686609282e-05
-3.777742774700472829e-05
-3.335848383118478059e-05
-3.578446157075844294e-05
-5.409940179106871659e-05
-6.467043088230305234e-05
-5.928513774708436780e-05
-8.849264541113059223e-05
-5.796180592483470386e-05
-3.374709345323974238e-05
-2.476654316864819520e-05
-1.988306040593818523e-05
-1.143508702222749287e-06
-8.938514423850746939e-07
-1.169633953833728725e-07
-1.209831350203253419e-08
-1.080871737697766463e-08
-9.532376030364256442e-09
-5.653914099058522501e-09
-5.923693251919302362e-11
-3.926596844470646153e-10
-1.262941197771180147e-07
-2.286093000971514215e-06
-7.907115328592870950e-07
-9.378554315504513004e-07
-1.253625894488020221e-06
-2.679688275715486903e-06
-8.164844707049340327e-06
-6.629774307048532983e-06
-2.498870935319556347e-06
-1.417860232513707443e-06
-5.318033767405307318e-07
-4.917601003711781718e-08
-4.145449736250222024e-09
-2.089482070050443153e-09
-8.565379227600463225e-11
-3.598005415441922891e-12
-4.574464047069597846e-11
-1.417622576520901655e-12
-6.844416861819465260e-12
-1.506890264350259758e-09
-4.160119493792645344e-09
-4.473600047822838082e-08
-7.659191648790789601e-07
-3.616138209109091486e-06
-4.430268188300717842e-06
-9.263218444399246525e-06
-1.170850875121771869e-05
-1.561216856417664035e-05
-2.379898517329533055e-05
-2.949836879596706336e-05
-3.153447438629433235e-05
-3.644266904578215564e-05
-3.610321744628821922e-05
-4.246462246808240079e-05
-5.420752333899830834e-05
-6.434331487381106992e-05
-5.918370007046656878e-05
-4.650798072125899126e-05
-6.015698021818239775e-05
-2.716219177145428882e-05
-3.679480504629214881e-05
-4.017438982236630702e-05
-4.258971333978325396e-05
-3.660094011030620720e-05
-4.371789113651364960e-05
-3.286006878899622820e-05
-5.619704222882424211e-05
-7.242602630481652078e-05
-7.820431992329901928e-05
-9.412777900960118569e-05
-8.226635164876094702e-05
-8.971009040815410083e-05
-7.796059327939261941e-05
-7.400062831459293671e-05
-8.159119251799563021e-05
-7.657567300281237861e-05
-5.854382095388510474e-05
-5.673538925010962084e-05
-8.360824095158454782e-05
-6.552363130539739242e-05
-9.615582507234530108e-05
-6.699827250396254888e-05
-7.520588253466649017e-05
-9.008629844995606458e-05
-8.256670722981795767e-05
-8.596049417460853892e-05
-9.756503057750171752e-05
-5.744694369003050966e-05
-3.470419914403475035e-05
-2.687403218413746960e-05
-1.770511530539279124e-05
-6.242584135190262132e-06
-7.544829505387669134e-06
-5.384014981817831973e-06
-5.179556697895236185e-06
-3.160575332724896464e-06
-1.891479541423946154e-06
beta5
1.341788184168227985e-03
1.421029193793869275e-03
1.395941258747231475e-03
1.438318519643714839e-03
1.503829299289403520e-03
1.551062878076702465e-03
1.606832595167236553e-03
1.712469826483874928e-03
1.718326180434056856e-03
1.761876894455234599e-03
1.657951086157813912e-03
1.662955248861269948e-03
1.627153562787930731e-03
1.573799455069550476e-03
1.504296932495935738e-03
1.678996846429089453e-03
1.819309426384777169e-03
1.957802647798774064e-03
1.994032466805631225e-03
2.046161744254058022e-03
2.148973798178715599e-03
2.225168673898874662e-03
2.347968807017116952e-03
2.351764613247044403e-03
2.501872119488361516e-03
2.673397615769343601e-03
2.888428316736284078e-03
3.102797948699643170e-03
3.337924462818265842e-03
3.484814895181913980e-03
3.642538124640493959e-03
3.761672050420470509e-03
4.042681562521247690e-03
3.983866017444742669e-03
4.076803475358884571e-03
3.558964788733528107e-03
3.278219921475883630e-03
2.974429706224233395e-03
2.870808091763384952e-03
2.742521205009675403e-03
2.641239932159891897e-03
2.596748846763046684e-03
2.591893434508287485e-03
2.621330463303231991e-03
2.624956484619131621e-03
2.807682881871803593e-03
2.705959878424918710e-03
2.563677212920048229e-03
2.589861385245374389e-03
2.556105073485640672e-03
2.201971215809921632e-03
2.280830202971985323e-03
2.192405926180539082e-03
2.319387943831473491e-03
2.457144804653903919e-03
2.397057478693175123e-03
2.403097822533772302e-03
2.171135158666609617e-03
2.070265911296217259e-03
1.828882717861086537e-03
1.518546663135084563e-03
1.637662454188612733e-03
1.654924456475723215e-03
1.538161160893068962e-03
1.428032920620261968e-03
1.318224681058701841e-03
1.281024924497720964e-03
1.479350568296535200e-03
1.438518385639910805e-03
1.585061854206678070e-03
1.883674872941808577e-03
2.138761946078895221e-03
2.163065168206162146e-03
2.463506312044509879e-03
2.739326596908108272e-03
2.735839859793564796e-03
2.729309545895632159e-03
2.690999267852189989e-03
2.937310931590110877e-03
3.260982336713643456e-03
3.153881655714891978e-03
3.171745056157729628e-03
2.349218404235104730e-03
2.170729094604927339e-03
2.093592975609593568e-03
1.986124356416950343e-03
1.779176779524358192e-03
1.396174997336883895e-03
1.362736077554720700e-03
1.351664855657807012e-03
1.308583820175169199e-03
1.275217745979827753e-03
1.239522186584924007e-03
1.114696262430900451e-03
1.065706342498878032e-03
9.342782654660845279e-04
9.003628538770984055e-04
9.313512659464629525e-04
9.516089950296498755e-04
9.201990110664454115e-04
8.889169839911667710e-04
9.057677857615756278e-04
9.289554181439859878e-04
1.030893772093764748e-03
8.579356796783546048e-04
6.638252185350714896e-04
4.326881625138895271e-04
3.909497991695710961e-04
3.685770485373759736e-04
4.205379074361093429e-04
4.561691832981417229e-04
5.010869603030200254e-04
5.248725195663047054e-04
5.609383189539569707e-04
5.964847464548148331e-04
7.246701145097488635e-04
6.846449801640264263e-04
7.315671755934152667e-04
7.505148220768113323e-04
7.454065128519914499e-04
7.924005424106311292e-04
8.187503341735575656e-04
9.062416241888003772e-04
9.923070010163011906e-04
1.086907678706934641e-03
1.213096505663725181e-03
1.199257621607180239e-03
1.087164046127051670e-03
1.011309124062734210e-03
9.093006757883487137e-04
8.448937360648492521e-04
7.671571259594246132e-04
7.320985040931943071e-04
6.567346299689131531e-04
5.962219570013517229e-04
5.916337653013881712e-04
