2.525816605702889926e-03
2.518584130951535133e-03
2.418279650557891586e-03
2.588955769377174372e-03
2.768064456729060589e-03
2.828236907007475667e-03
2.924711236832322394e-03
3.030691816268656254e-03
3.122757896268874966e-03
3.174938782193289285e-03
3.207689848757410821e-03
3.182052420890668556e-03
3.168437960603538630e-03
3.093264506857628434e-03
3.028942492083604512e-03
2.845104998860884405e-03
2.608812764780904254e-03
2.373676344324261289e-03
2.100953350068940437e-03
1.806097725274239535e-03
1.505141055854684580e-03
1.219150189932188908e-03
9.340185438233734871e-04
7.090458789363050839e-04
5.187926936230135341e-04
3.903675078943673218e-04
2.753934147642749246e-04
2.091187320308008843e-04
1.584376225866874599e-04
1.375120142620976681e-04
1.181863382234786802e-04
9.518930864572819686e-05
6.369048989393879200e-05
3.314663935101723512e-05
1.168394476774990318e-05
-2.018115986755779259e-05
-3.382481025341850452e-05
-3.968996798895483294e-05
-4.425146075516121812e-05
-2.785772866010064562e-05
1.242461800161275463e-05
5.124011316143606341e-05
1.024449620021493785e-04
1.450620576498638065e-04
1.975775372928936845e-04
2.496992653233303457e-04
2.991884072557048362e-04
3.584698816448549812e-04
4.360351844103414168e-04
5.348061796576027887e-04
6.419669214633886645e-04
7.254910700567027181e-04
7.801960569077931841e-04
7.892809568610343685e-04
7.788093921694319013e-04
7.661570257938959396e-04
7.481288843308337442e-04
7.265587542146078465e-04
6.920547575581253866e-04
6.490002048840150814e-04
5.784689120049019964e-04
4.782250667597803579e-04
3.551508071579368288e-04
1.980450458873403874e-04
-1.106299054261170813e-05
-2.198132147699337075e-04
-4.422152817607787512e-04
-7.112342200438575256e-04
-1.014215378536627776e-03
-1.338645095562980775e-03
-1.626456106962231689e-03
-1.905899650925609165e-03
-2.090686658949048992e-03
-2.256289869861856021e-03
-2.413094331701119873e-03
-2.506777877286187669e-03
-2.556631176099307626e-03
-2.585107181199622264e-03
-2.588782062919610903e-03
-2.482999424330911177e-03
-2.326924186088716231e-03
-2.126751340290634722e-03
-1.927959259652134135e-03
-1.709882762183329062e-03
-1.583917074234538662e-03
-1.480023771971051769e-03
-1.360947278934041384e-03
-1.282824967673015836e-03
-1.196093289746994045e-03
-1.066229928218097355e-03
-9.579155268120958383e-04
-8.885602231713191426e-04
-8.112677673586596435e-04
-7.348062646251665719e-04
-6.560957277468533249e-04
-5.984100048784910149e-04
-5.389189868458756257e-04
-4.648558690158721414e-04
-3.997215853308272275e-04
-3.040442159376400069e-04
-1.737277631385467796e-04
7.667463032056274762e-06
2.544236046421237906e-04
5.319980727456185545e-04
7.899433486035857587e-04
1.011407970649128973e-03
1.226158188858519947e-03
1.419120810843177384e-03
1.568125073767707295e-03
1.668677598553453901e-03
1.761857616763202496e-03
1.868024034538963299e-03
1.988070302509565776e-03
2.052913014702957995e-03
2.190257198651062755e-03
2.349264365858667360e-03
2.552717940934344249e-03
2.751688158713169741e-03
2.893330714503242976e-03
2.954916088765454762e-03
3.052914878643883233e-03
3.250622923371923947e-03
3.425493326774326289e-03
3.554872241395061212e-03
3.628881481840246555e-03
3.666631522785715382e-03
3.633369079188443138e-03
3.557077945166756128e-03
3.354305401419786867e-03
3.176117586152075664e-03
3.092940783641137410e-03
3.128591533167781203e-03
3.131598860733819049e-03
3.040652336022900068e-03
2.949658256374555667e-03
2.888982636112594898e-03
2.834285081318204096e-03
2.833545239854820281e-03
2.816744624601430404e-03
2.788919420281207786e-03
2.827068778821630740e-03
2.920894294534512933e-03
2.994196810312702971e-03
3.036888266664076411e-03
3.126243964469645979e-03
3.200330961462519771e-03
3.269044742111758359e-03
3.300694187722340561e-03
3.315192935032261045e-03
3.276066946145410070e-03
3.165661073974612629e-03
3.018336159571217720e-03
2.864003193506067888e-03
2.654710250890110566e-03
2.432253534012960693e-03
2.195969671956529354e-03
1.929626055538467963e-03
1.680171973837271508e-03
1.458587993687566814e-03
1.240918596296116793e-03
1.038191877814384056e-03
8.524053282518868077e-04
7.060253098799331188e-04
5.872036679177807710e-04
4.804702451710399225e-04
3.628981586043691747e-04
2.255184089518404275e-04
1.101414404453133063e-04
1.065079650629471874e-05
-7.512118144614448754e-05
-1.721551629302063352e-04
-2.630707520978243000e-04
-3.659570146682840364e-04
-4.816307627829544027e-04
-6.185250312058268541e-04
-7.634233187438400773e-04
-9.168980448337507279e-04
-1.068614252618139797e-03
-1.233299831673607136e-03
-1.382348787515403840e-03
-1.553727602030590066e-03
-1.711175555096806087e-03
-1.828803190885017367e-03
-1.907228175347953567e-03
-1.947963374528828779e-03
-1.961445584739100485e-03
-1.979012252874739423e-03
-1.966690872255980656e-03
-1.917835205315040906e-03
-1.865388974641067664e-03
-1.819604108363163985e-03
-1.783724644050482420e-03
-1.700475335324263702e-03
-1.616886158197115451e-03
-1.546979935280845151e-03
-1.545895514694942303e-03
-1.552841234291324089e-03
-1.533633317414588061e-03
-1.459960391847127392e-03
-1.412741299266668865e-03
-1.366955443211839184e-03
-1.304208173650990565e-03
-1.233486393029135280e-03
-1.165248987391184028e-03
-1.109189760012257346e-03
-1.063853804719618653e-03
-1.033420357665601952e-03
-9.462590784342532002e-04
-8.701566364826121341e-04
-8.058763035887959959e-04
-7.674840224390728702e-04
-7.299202121841616301e-04
-7.071187464084993136e-04
-7.045621123823163920e-04
-6.659855685466034743e-04
-6.236047900543000184e-04
-5.894361409121586090e-04
-5.466040703206743187e-04
-5.106544742645893319e-04
-4.829003559805652036e-04
-4.672553809801381955e-04
-4.699001828480579672e-04
-4.799232289306233114e-04
-4.907757641550744392e-04
-5.084763280472082148e-04
-5.082952386324522025e-04
-5.386625158305724569e-04
-5.986195304264701035e-04
-6.446454884771363495e-04
-6.856665337501673596e-04
-7.323062471443663379e-04
-7.809975950888538082e-04
-7.884687269946737305e-04
-8.107551905317928430e-04
-8.380275952830123143e-04
-8.676267445831173071e-04
-9.033048804896652920e-04
-9.503858402712233580e-04
-9.750880391654485934e-04
