4.847651562153380332e-08
1.297978133260220469e-06
1.379061471025688724e-05
8.664710605021772212e-04
6.954280042785630691e-04
5.803898370478005955e-04
5.815591250155059157e-04
5.812772469503604952e-04
5.749651982317195405e-04
4.642891406926369022e-06
3.795013270225077562e-06
2.948856759625282897e-06
1.927921923438644703e-06
1.792105120140614144e-06
1.659160627810902267e-06
1.239312543115010356e-06
2.370036764986168882e-07
9.834740405417338188e-06
1.191423916899917700e-05
1.223649063858928060e-05
1.226016329458193873e-05
1.237479987526200016e-05
1.234914490157119857e-05
2.731064534254325329e-06
4.951332198835790748e-07
1.659966602362811756e-07
1.246685362119112062e-07
1.205520478671938580e-10
-7.011015731047886725e-13
-4.162355733183140914e-10
-3.920390886764980395e-07
-5.666400009038239306e-06
-5.666399307411042853e-06
-5.666399307427743801e-06
-5.666414924698941098e-06
-1.251302134995670547e-04
1.941021517333066599e-03
7.458039325448848067e-03
9.922879842698744887e-03
1.107691500269405473e-02
9.390808123625974529e-03
1.713879134610000327e-02
2.442656021498334010e-02
2.673434551098126735e-02
4.235506843446276010e-02
5.753928537106739460e-02
6.976186371747961079e-02
6.612761025862731734e-02
5.790635173073854780e-02
4.947578749574396001e-02
2.996976995508304417e-02
9.344125509743056793e-03
-4.751099135878732692e-03
-1.086022455863727178e-02
-1.199510439557973686e-02
-1.138408059249562850e-02
-9.963629708373172508e-03
-5.676237362115386063e-03
-2.117484168241701159e-03
-2.624337045660160572e-06
-1.517078735889297066e-08
-8.424568512474895209e-09
-5.358069387179970746e-09
-1.403122323883637631e-08
-1.875163290448822430e-08
-3.779405412154188735e-08
-3.847582797380449164e-08
-1.099598714915771173e-06
-3.050851192551103632e-06
-2.473855947662649156e-05
-1.289460514773477294e-04
-5.831249614593767092e-04
-6.175180119821929671e-04
-6.511123054948803925e-04
-8.756588810974670926e-04
-9.991710792152969523e-04
-9.284021899325593102e-04
-4.841987383125958763e-04
-4.510652529979891005e-04
-4.207973308611298244e-04
-3.213865612022330162e-04
-1.897638414084637558e-04
-2.863678716650062787e-04
-6.170832636094315251e-04
-6.211333030607854013e-04
-6.175379518239472757e-04
-4.920869261915434677e-04
-4.809308814986183126e-04
-3.531995731946802552e-04
-1.331598823926017154e-05
-8.391812100199790630e-06
-2.109652000959326654e-05
-2.184467990136468673e-05
-2.169376498417657732e-05
-3.313930792657918909e-05
-3.572377915333594951e-05
-1.233900959305741900e-04
-1.762890369608867901e-04
-1.897393523679132433e-04
-1.889970548184981226e-04
-4.150750925015934544e-04
-4.484429761814569173e-04
-3.692840660060239398e-04
-3.051834409495393554e-04
-2.895555295543715329e-04
-2.881494369370569790e-04
-4.830986536157373413e-05
-1.153116063448949182e-05
-2.637422028265010152e-06
-3.373126207614044500e-07
-1.305665956436222668e-07
8.101929221566613544e-11
7.016623130937988277e-09
4.820401165522299106e-08
2.875379561777663389e-06
1.580840645846046114e-05
2.510726760627773253e-05
6.231225118683689679e-05
8.174779569005898190e-05
1.238111614326847494e-04
7.218532516992903726e-04
7.257615663447273061e-04
1.329391713612817355e-03
1.303829363311387974e-03
1.286563596702013654e-03
1.244578519292928410e-03
6.439347821679489853e-04
6.271801215321350185e-04
1.426755708873042422e-05
2.671583443084523876e-06
5.515821742779088280e-07
7.172035489160760282e-07
1.560358786303502408e-06
1.520258056771344596e-06
1.618007524423546106e-06
4.221528992724991037e-06
5.627331431426314734e-06
9.272243367650332636e-06
8.226266485036071524e-06
8.181264721343619407e-06
8.067071256645533275e-06
5.416755007324688388e-06
3.954294490731574425e-06
2.428545973003038653e-08
1.578413208188337934e-09
6.533356388388190115e-16
1.031871297291692546e-14
2.256373202429765740e-12
2.288045647469745103e-11
2.318677305092226065e-11
3.224812129438915925e-11
6.761024889149961857e-11
6.944973800301898360e-11
9.159292158585833644e-11
7.720776100475288039e-11
1.999631387217535066e-09
4.949084631199141093e-08
8.179707468503606133e-08
8.184635891172661601e-08
8.198138493372190030e-08
8.197775663633201558e-08
8.005657969124059422e-08
3.256004263200489382e-08
2.184515623487024230e-10
1.673181123024590233e-10
7.902852234873706881e-12
5.292094383035726862e-12
-9.127114538697899522e-11
-1.007655155866180280e-10
-1.140686590984985814e-10
-1.196851078730156486e-10
-1.200637647142493901e-10
-1.200725988264387535e-10
-2.506235675402118062e-11
-1.929947352154357691e-11
-5.684209042012470897e-12
-6.656452794478612453e-14
3.019874673648101332e-12
3.176301512794540610e-11
5.673419180532910185e-10
2.153549843075314977e-08
3.047879226702351459e-08
3.256257613015423795e-08
3.256438597406350399e-08
3.253566035674759787e-08
3.200040521556535418e-08
1.103224097679143275e-08
2.088635019553418506e-09
4.849960683144066146e-12
3.323344135207690792e-13
3.237779378870314983e-13
1.619493118866232424e-17
1.545451120785693190e-17
-7.402018324314971610e-17
-5.357952786617389399e-14
-1.300222752985497644e-06
-1.895699480420996479e-06
-1.895718609545848963e-06
-1.895718618345641006e-06
-1.895718619408589216e-06
-1.895718565903155676e-06
-5.954958664971859907e-07
-1.913905268531334084e-11
3.756276303393276737e-12
2.177618271633816995e-08
3.394669751535285667e-08
4.812131622219057853e-08
1.031915476791392113e-07
4.759491901896948253e-07
6.828231072582379160e-07
1.110971522131587062e-06
1.363936281074879174e-06
1.564467551578078535e-06
1.517957436504317578e-06
4.912207397189039753e-06
3.679671656150981286e-05
3.682579082416429943e-05
3.664606853146810597e-05
3.643254335305789278e-05
3.642599205426675616e-05
3.266295736547645255e-05
5.731194621868700200e-07
1.182122640636111203e-07
3.957719622693919861e-08
3.873811297202663648e-08
3.905412631930529608e-08
4.793964578023179359e-08
5.048299116846194580e-08
3.894229822689889245e-08
3.259146515625540682e-08
4.334647047851035318e-08
4.297212212332157333e-08
3.018004628762360733e-08
2.608775659552514172e-08
1.296479322365085317e-08
-7.949621603641337926e-08
-6.295641500163078936e-06
-1.180848823517362173e-05
-1.410692531776503574e-05
