beta2
1.002463283458323098e-02
1.002191115920712632e-02
1.013595443667851884e-02
1.024963761403639359e-02
1.032318425564189915e-02
1.044279148987784650e-02
1.086525328556195956e-02
1.119641621763912617e-02
1.140125704242247323e-02
1.160019614020359191e-02
1.155075342702640076e-02
1.156341586829945020e-02
1.148365664617337703e-02
1.139870794750771563e-02
1.147095854137944806e-02
1.150482598395206543e-02
1.147414554510452558e-02
1.154858717688366301e-02
1.105755364494260054e-02
1.072485191551417888e-02
1.065773134235711676e-02
1.058012199460566828e-02
1.057805181408332483e-02
1.058015859206292916e-02
1.057395810162331529e-02
1.035660288939368665e-02
1.036246308460847879e-02
1.037873272121570857e-02
1.051173606858866322e-02
1.064018670558162377e-02
1.079570718607509791e-02
1.068679544366778547e-02
1.080644045313443151e-02
1.072400291695583402e-02
1.089551589351678111e-02
1.095088533538721501e-02
1.092550684599362734e-02
1.087824060904561338e-02
1.074624872278283003e-02
1.081052209121681311e-02
1.095218977597632246e-02
1.094622702325400918e-02
1.095038855366887824e-02
1.097318126869775701e-02
1.089259390121029118e-02
1.102223149180470325e-02
1.118006453258673857e-02
1.126472485345024824e-02
1.135419128535368471e-02
1.144242788631841604e-02
1.138608541778153224e-02
1.163685787745976502e-02
1.182503042498476639e-02
1.202413781928070649e-02
1.234699537826355192e-02
1.254944102178788198e-02
1.276984240814069485e-02
1.285297515739374646e-02
1.289863180711047809e-02
1.296886378824493521e-02
1.313912950915384174e-02
1.326425013314626138e-02
1.328976113626590891e-02
1.303984910072828601e-02
1.288964150056798839e-02
1.270565799837127322e-02
1.261010107239573207e-02
1.249001861536059438e-02
1.257643454182556797e-02
1.271387362337721844e-02
1.252982476147782021e-02
1.240755746682649374e-02
1.234894338626509047e-02
1.201534878019167724e-02
1.163932184314694571e-02
1.126012072797108986e-02
1.091666248200906866e-02
1.078301520498923735e-02
1.040519753599810152e-02
1.001127605391506983e-02
9.999141923725040487e-03
1.012384287839981911e-02
1.029527234990191761e-02
1.029146276628535236e-02
1.015357740844596152e-02
1.001738744756826976e-02
9.802374538163884099e-03
9.702979919693131144e-03
9.768760508994495453e-03
9.826703091377977234e-03
9.934060803037414109e-03
9.989381609414271085e-03
9.911800444663432935e-03
9.846471487797586047e-03
9.861391199793389031e-03
9.706620395628091924e-03
9.676405567780429345e-03
9.674883998070591892e-03
9.747821029103806434e-03
9.807555873099775556e-03
9.894469388195062387e-03
9.964756436965380507e-03
9.923474050719995748e-03
9.870365858649367621e-03
9.785193808653116013e-03
9.834626315235158248e-03
9.891593498084504804e-03
9.904247146191591522e-03
9.872466431624236233e-03
9.967915903899062305e-03
1.015623154377563904e-02
1.036280772646617360e-02
1.040368435123767941e-02
1.045245046854306054e-02
1.023951575711724502e-02
1.007078291072321594e-02
9.912904046588927320e-03
9.876547319203265660e-03
9.832401976439326258e-03
9.781241182602448334e-03
9.763917919302242399e-03
9.740680181915480768e-03
9.714142808192258172e-03
9.715492105434816311e-03
9.797409689743748207e-03
9.896354615039012342e-03
9.960987807095852964e-03
9.999704569167742335e-03
1.006756379728872622e-02
1.012219462393575478e-02
1.008861932640553634e-02
1.001584877616011962e-02
9.841386697939895692e-03
9.758535281635966757e-03
9.712112898332368738e-03
9.731412207012936355e-03
9.604229963677355514e-03
9.508389793336981949e-03
9.591368804938403547e-03
9.663555987795977714e-03
9.730909823212778587e-03
9.736116873724722301e-03
9.959100154141264233e-03
1.014686989607886669e-02
1.023038073014154517e-02
1.043465575577244564e-02
1.065683492882476928e-02
1.080324637764436789e-02
1.084273036927411657e-02
1.099693747500726446e-02
1.125418490223255644e-02
1.154256587544043311e-02
1.131856392319928635e-02
1.148684646013257461e-02
1.102004297418888307e-02
1.060338450676544773e-02
1.035410922907704055e-02
1.052123509978174741e-02
1.060169512630771381e-02
1.060509902562670366e-02
1.053333753844950746e-02
1.048641601595008514e-02
1.071049892793834828e-02
1.084609483930455524e-02
1.081203933008358271e-02
1.085063988285612027e-02
1.087064789552923127e-02
1.082274331556588864e-02
1.057109394066938456e-02
1.015466197653951477e-02
1.010816630719792164e-02
1.010716081733413658e-02
1.006548208566752922e-02
9.785525494920562645e-03
9.737313852871659625e-03
9.805195978538683299e-03
9.689951901540282131e-03
9.681376986556963077e-03
9.648084004870889629e-03
9.842263197460017488e-03
9.893299163024385154e-03
9.891817510371755939e-03
9.934357455090921107e-03
9.955053426774732039e-03
9.951548483287657454e-03
9.914573672704034280e-03
1.004989926572030443e-02
1.025584882644535803e-02
1.006455857557264633e-02
1.017964924600201979e-02
1.029827139561484417e-02
1.044029955627547718e-02
1.071635250881929589e-02
1.066413875389136956e-02
1.056698969988743506e-02
1.049839549171972461e-02
1.023159262345960802e-02
1.019802534026152674e-02
1.019331004588882629e-02
1.003181793609285097e-02
9.909204292874580072e-03
9.802517039730593990e-03
9.673506606583018308e-03
9.528430914287955300e-03
9.391989838456911432e-03
9.293537964284084157e-03
9.223370651780006535e-03
9.262210800310012593e-03
9.319423055651985047e-03
9.405583316683962386e-03
9.556539137662113659e-03
9.859913682048214445e-03
1.000358173218611826e-02
1.001976050903270743e-02
1.018089881367573515e-02
1.038536866726730810e-02
1.033970520554176528e-02
1.011753095054863244e-02
9.919832851776959684e-03
9.716284303521434060e-03
9.451312314421370792e-03
9.311406148208637573e-03
9.255463843561042431e-03
9.508671474844222760e-03
9.688477855109137171e-03
9.738260595684765722e-03
9.913160041182575433e-03
1.010837251946994017e-02
1.029261797468370224e-02
1.022534665135032064e-02
1.020713306112797092e-02
1.019491526123019604e-02
1.017761553419415689e-02
1.013827417913292644e-02
1.012633167779396562e-02
1.018577988071483337e-02
1.018459906563826123e-02
9.978831011288602504e-03
9.857670334009464852e-03
beta3
-1.146236105659932322e-03
-1.300502684276733404e-03
-1.361058923356711680e-03
-1.404367231454600609e-03
-1.457123958537485334e-03
-1.556223017683297776e-03
-1.494509334030583777e-03
-1.512554589496343388e-03
-1.481179413361750213e-03
-1.462045630813991462e-03
-1.326394054208968531e-03
-1.336322552431776570e-03
-1.279864003660053512e-03
-1.294740604812234536e-03
-1.298073914678427032e-03
-1.285025721988445994e-03
-1.356215080921143942e-03
-1.367499781558939847e-03
-1.217390251270105903e-03
-1.316745018912932443e-03
-1.303185086092145239e-03
-1.266086181590828346e-03
-1.375789994879186070e-03
-1.444024658728467738e-03
-1.512681383039993048e-03
-1.576792652298859496e-03
-1.688648148195983321e-03
-1.831318612834707425e-03
-1.834348087094519715e-03
-1.873039928798448913e-03
-1.742654987134009247e-03
-1.714439459189265064e-03
-1.812945953701223297e-03
-1.790203756890709156e-03
-1.718315427414597845e-03
-1.674905041165814651e-03
-1.626456954616604597e-03
-1.690396386438721126e-03
-1.595709271336669989e-03
-1.358078847596878077e-03
-1.336599214757926016e-03
-1.338435024041069715e-03
-1.354081239162958786e-03
-1.292462784790302703e-03
-1.202958824258962799e-03
-1.267092581358535575e-03
-1.195616330361893480e-03
-1.193782730668049071e-03
-1.259914359505075881e-03
-1.633396523195075004e-03
-1.707681064103567896e-03
-1.559868382257418706e-03
-1.435249780255882460e-03
-1.368832851756231249e-03
-1.270019592034186268e-03
-1.210013847141996543e-03
-1.136119456093944184e-03
-1.195439063268946469e-03
-1.272440868365596776e-03
-1.343211236585721037e-03
-1.394181488630270990e-03
-1.415365230980197451e-03
-1.430834873052766118e-03
-1.485382183202482416e-03
-1.418920922659743476e-03
-1.344711275353089458e-03
-1.308195386379366497e-03
-1.319350467490158080e-03
-1.257569079195476613e-03
-1.119474783642797865e-03
-1.048719228625828812e-03
-8.814217424794460517e-04
-7.312810810956852552e-04
-6.046826149808538341e-04
-5.214680704226169316e-04
-4.682921465909927437e-04
-3.705000035797009414e-04
-3.329210446752417160e-04
-3.335207055423676037e-04
-3.139781321114440394e-04
-3.334486253093097807e-04
-3.771476371998870245e-04
-4.129891002573327086e-04
-4.416678279281257679e-04
-4.374297912587885549e-04
-4.321858833348128171e-04
-4.719780750545291741e-04
-5.062000134112242238e-04
-4.555612727090233840e-04
-4.675661288099672384e-04
-4.622916545344468069e-04
-5.083131486577461980e-04
-5.107501635306548656e-04
-5.367500479279288875e-04
-4.896989987604571503e-04
-4.654139907792646455e-04
-3.527347003611358946e-04
-2.783828862199754211e-04
-2.549262943339812787e-04
-2.222967327975390399e-04
-2.099636971948473413e-04
-1.721338347454061933e-04
-1.553383791504906082e-04
-1.370492749682508140e-04
-1.057012127798762481e-04
-7.572192625890941881e-05
-5.193393892503926564e-05
-3.525761054947373560e-05
-2.449575910084274996e-05
-8.642139693772853731e-06
4.634051840114170961e-07
1.489444101742519370e-05
2.440788395466597345e-05
4.013917510862459795e-05
3.352653154004436463e-05
2.330103598847149991e-05
1.170489369506917130e-05
2.014407540332842665e-05
2.120376015282993013e-05
1.544110429114427667e-05
2.712889057347276381e-05
3.755424087441625166e-05
3.269954182767377180e-05
3.341214283874447208e-05
6.265051640965964112e-05
8.587449761177441590e-05
8.683187957263133216e-05
9.029493946799871558e-05
8.307935701195554327e-05
6.853762067111489765e-05
8.389517551818950975e-05
7.841272676796427158e-05
8.573202557583223552e-05
7.253709246154199024e-05
7.439489969319955875e-05
5.981804646246476433e-05
4.472747952229249994e-05
3.623279229212019077e-05
3.820950827084197910e-05
3.642664182919484674e-05
3.268003302814007007e-05
4.776375077627845037e-05
6.274040182877568329e-05
1.045844741520548181e-04
1.149212176339899105e-04
1.773850770728062636e-04
2.019338148212512221e-04
2.592250088037101200e-04
2.587200873123206117e-04
2.536876893226204131e-04
2.090546750153307620e-04
1.763789626383897207e-04
1.550116126406596490e-04
1.423149798367853236e-04
8.855201325263785351e-05
6.275006275659583937e-05
2.114339857139752938e-05
1.059603494420877455e-05
6.063452352698970322e-06
5.842770684347445826e-10
-6.611234615560016051e-06
-1.533860044229486117e-05
-1.323358556099818677e-05
-1.038222037513796832e-05
-1.992070865945123550e-05
-2.467924034589630072e-05
-1.564761883962592024e-05
-3.621085010230555324e-05
-5.031977543114449713e-05
-7.177619590600510763e-05
-9.102295532733373034e-05
-8.300425723306359199e-05
-8.034788805000276464e-05
-8.383343979322894286e-05
-1.009647954861932922e-04
-9.230239564182408311e-05
-1.141563803544965247e-04
-1.347136083257140574e-04
-1.802581861728636459e-04
-2.041609740943316415e-04
-2.152164304212787586e-04
-2.453551391511228598e-04
-2.409624170654378779e-04
-2.275161981450180340e-04
-2.406005243235672503e-04
-2.412638774535934511e-04
-2.102230033060806659e-04
-1.833107640028973557e-04
-2.255646610507115496e-04
-2.275901406288505322e-04
-2.427095315382708329e-04
-2.515659659718363548e-04
-2.428864934339571241e-04
-2.180547811952519019e-04
-2.113068391927847879e-04
-1.798157930880946533e-04
-1.404126264684047365e-04
-1.061057905848152526e-04
-7.985344827919017212e-05
-8.231441827887285350e-05
-5.455906679935704505e-05
-5.214102104893040841e-05
-4.052276528170188955e-05
-3.167170989742690306e-05
-1.498218595716368243e-05
-6.350068157098958848e-06
-2.951976836976424117e-06
-1.473114424061087322e-05
-1.187308727167147348e-05
-7.951877358304170666e-06
-1.341912693363904333e-05
-4.993992596953291318e-06
-1.094249942557092115e-05
-8.255760677055676519e-06
-1.312569377154643442e-05
-8.170762730352125030e-06
-2.833548471175865451e-06
-2.101146693948407504e-06
-7.118772083728726145e-07
-4.149957848185255907e-06
-4.795893156212645351e-06
4.323252087069206632e-08
4.040776694804354045e-05
1.259038457696296420e-04
1.653741330866719786e-04
1.871391845626747797e-04
1.678318448045452885e-04
1.359670979782002815e-04
1.248673010814157624e-04
9.343565673020087651e-05
5.761702243938508121e-05
1.844755614935030176e-05
-5.360803722762005387e-06
-5.255700342191827151e-05
-8.764851983795691277e-05
-1.444661517752610829e-04
-2.203467031936760931e-04
-3.465817392235174621e-04
-3.530387357740074933e-04
beta4
-1.652204480756106365e-03
-1.671863397801879756e-03
-1.606069305625759842e-03
-1.592598637858835386e-03
-1.586400161425439818e-03
-1.533910768145733527e-03
-1.584003211116430171e-03
-1.641096718341913171e-03
-1.637602288928681916e-03
-1.694015537379797232e-03
-1.727449738813086489e-03
-1.756772004308783343e-03
-1.805738787851079823e-03
-1.782036109708537690e-03
-1.845055266949912438e-03
-1.887863935076720305e-03
-1.913249567343736990e-03
-1.917087696007117436e-03
-1.916198410567559584e-03
-1.980332163555319908e-03
-1.984326194435866077e-03
-2.022364286885886160e-03
-2.047365884105312173e-03
-2.117110925686511123e-03
-2.114113968403111971e-03
-2.119279062461916670e-03
-2.065355864183419324e-03
-2.002705643802094992e-03
-2.050012476281788676e-03
-2.067706219064607918e-03
-2.081120247365142797e-03
-2.059795264257697437e-03
-2.130506736991923111e-03
-2.135278626347835579e-03
-2.245983655045054664e-03
-2.297894365713998993e-03
-2.270715052061196473e-03
-2.238646286717490413e-03
-2.129718034265956021e-03
-2.025464798860173582e-03
-1.989834832233604300e-03
-1.857226249171218830e-03
-1.721310588131632572e-03
-1.562301420437280791e-03
-1.436911700279088541e-03
-1.365894118363547138e-03
-1.410788703329455499e-03
-1.366983230224133594e-03
-1.309291689135759929e-03
-1.143831422752882281e-03
-1.068204089196500995e-03
-1.229820311221212822e-03
-1.332242222138123409e-03
-1.408863002572351185e-03
-1.702840903998926667e-03
-1.999017698137240361e-03
-2.326078309625642920e-03
-2.431870405732684468e-03
-2.545570111502770596e-03
-2.622367400903755086e-03
-2.762056630546980661e-03
-2.884963544220387442e-03
-2.982712753430906416e-03
-2.947306093312554963e-03
-2.862638055428242539e-03
-2.792818827334333717e-03
-2.732791524340221889e-03
-2.683521625015678012e-03
-2.658706490763967489e-03
-2.704538310376088800e-03
-2.758300124579201543e-03
-2.843532286979038801e-03
-2.961244165723529546e-03
-2.810404771469141895e-03
-2.703397473037506479e-03
-2.558873989778264260e-03
-2.465838066002502653e-03
-2.392143248245700692e-03
-2.412667991379598923e-03
-2.422367699564469644e-03
-2.496016905155906164e-03
-2.638012274208684747e-03
-2.829599909399030822e-03
-2.897312299551441789e-03
-2.988744751750798540e-03
-3.112049602564372075e-03
-3.093180193891021789e-03
-3.086183521305682805e-03
-3.066422680456947804e-03
-3.054161315215433298e-03
-3.094971336513833472e-03
-3.217505072541789260e-03
-3.294882801060921435e-03
-3.363311617374207217e-03
-3.365624137115365289e-03
-3.473368457546332534e-03
-3.469168448028001322e-03
-3.470673673420016439e-03
-3.479755644517687659e-03
-3.517066179437340970e-03
-3.545804429113619261e-03
-3.540233449640399835e-03
-3.400308814243855823e-03
-3.419436374293556742e-03
-3.417876051574443748e-03
-3.480661649818208268e-03
-3.545268185250850107e-03
-3.626405889115294490e-03
-3.687029168231860388e-03
-3.626217855322697373e-03
-3.638414457610109932e-03
-3.632170373442820607e-03
-3.645834502000708070e-03
-3.661991783426424285e-03
-3.628624605187548077e-03
-3.681315866269484205e-03
-3.688487201787070836e-03
-3.679202785694814671e-03
-3.646539401359222624e-03
-3.638470902844166167e-03
-3.603967586626849115e-03
-3.623623853896266057e-03
-3.641867221557077393e-03
-3.624365026674973914e-03
-3.677882724243165379e-03
-3.843068022164349180e-03
-3.826735021192658685e-03
-3.825155000653785841e-03
-3.843992766167101185e-03
-3.830972533010882156e-03
-3.835520116239925486e-03
-3.975452115339990142e-03
-4.078355590514034026e-03
-4.194181379622390765e-03
-4.260180666173108560e-03
-4.399013906019709139e-03
-4.583844035986009424e-03
-4.778258872735455590e-03
-4.777955925849359381e-03
-4.842883878667632661e-03
-4.881165606401575464e-03
-4.869420940168681794e-03
-4.823819463247459513e-03
-4.747290081981065529e-03
-4.600023453023053058e-03
-4.463681060543751161e-03
-4.395702318473349718e-03
-4.280710997867306217e-03
-4.169000942488013811e-03
-4.050712048034827567e-03
-4.059062252252389549e-03
-4.103880084230993562e-03
-3.878370782469114583e-03
-3.623490140740550335e-03
-3.740918400650211986e-03
-3.901853551213175196e-03
-3.918701651043876057e-03
-3.665779112748444781e-03
-3.451250734652024435e-03
-3.308512238865982981e-03
-3.189357134641422446e-03
-3.111241640323547056e-03
-2.950119341568289023e-03
-2.938582068837864141e-03
-2.996228558105406593e-03
-2.924692842703982120e-03
-2.888704807773556996e-03
-2.870469791138153311e-03
-2.829082346093583170e-03
-2.865677477784097076e-03
-2.848852635800164929e-03
-2.763471421589611295e-03
-2.666345644360249706e-03
-2.672567367354695966e-03
-2.705033254896665757e-03
-2.721977566693699335e-03
-2.685525026480523741e-03
-2.685194627909792860e-03
-2.725355796607671806e-03
-2.630330938738840735e-03
-2.575018761526326905e-03
-2.509825030975373992e-03
-2.541638152898202056e-03
-2.527481049993952379e-03
-2.587551344369841237e-03
-2.694603699399353378e-03
-2.703227636414565031e-03
-2.694138301815516591e-03
-2.749496997832711134e-03
-2.816252878115885552e-03
-2.863538366067347116e-03
-2.895300802163257650e-03
-2.924630520956224451e-03
-2.973977776103628456e-03
-3.030493645334250002e-03
-3.034117456091767022e-03
-3.122286116179646791e-03
-3.151825539187824189e-03
-3.168664291337736777e-03
-3.226953168576504605e-03
-3.247860978754153229e-03
-3.349578028622803103e-03
-3.377140594331598522e-03
-3.431813354472486657e-03
-3.496484421653912530e-03
-3.521401002408485262e-03
-3.591623653573156483e-03
-3.638528059620336694e-03
-3.644982400252173155e-03
-3.704420966120103124e-03
-3.739826757611723704e-03
-3.620811037087503029e-03
-3.457928884528092134e-03
-3.312530453801103628e-03
-3.222518742258634501e-03
-3.121335162822183942e-03
-3.184149469617245098e-03
-3.242458883460511924e-03
-3.152007774830872279e-03
-3.034766149788351366e-03
-2.900427929221243914e-03
-2.829889955476898918e-03
-2.750766026892525508e-03
-2.696879323957777387e-03
-2.706622117476423228e-03
-2.636343510187811028e-03
-2.707010678780123834e-03
-2.806932482414073362e-03
-2.942591673800796451e-03
-3.009059211093457510e-03
-3.086686992247190606e-03
-3.083395741416835104e-03
-3.018326076324941154e-03
-2.981920744085944652e-03
-2.923884940407224173e-03
-2.922087043657837190e-03
-2.891692124012032808e-03
-2.876739046030199302e-03
-2.925073252748677279e-03
beta5
1.911293738762792800e-03
2.083954949926361804e-03
2.125948565887368982e-03
2.103054242302095957e-03
2.066074990688021411e-03
2.047919056484759619e-03
2.088197261106343548e-03
2.151213208697791597e-03
2.150305438340138417e-03
2.083610996606181757e-03
2.097704775035697661e-03
2.136493745442533815e-03
2.134691158627030974e-03
2.129351591254216407e-03
2.091373674575081228e-03
2.012196911208845307e-03
2.050450559541079805e-03
2.173651107784942398e-03
1.982371615616624217e-03
1.896632320004275774e-03
1.870746689157998634e-03
1.844616731450565792e-03
1.852251467042958198e-03
1.872486556950587674e-03
1.875919762408299451e-03
1.937332589868702437e-03
2.096703524969842011e-03
2.314793598259061967e-03
2.449663134638117856e-03
2.574687959193123783e-03
2.493769130497714911e-03
2.492684164706461796e-03
2.441901370297817810e-03
2.725526968578838912e-03
3.070441840225072820e-03
3.138984804232225131e-03
3.088263755096257168e-03
3.132174297006745309e-03
3.231523813804298290e-03
2.746146925208373113e-03
2.592323152016061741e-03
2.228150909060021626e-03
1.921039667674850557e-03
1.479395370768482425e-03
1.283646174377561702e-03
1.262818334039521708e-03
1.416917987173930233e-03
1.332228302179150163e-03
1.226551430554594785e-03
8.794501131563868665e-04
7.064948082426491345e-04
8.936465169885542906e-04
9.446149376898268059e-04
9.852743287131313261e-04
1.044934426983507979e-03
1.048886622230632646e-03
1.070214006032614183e-03
8.347228480656962088e-04
6.147929022387141514e-04
4.269202301131966846e-04
1.473444125260357286e-04
-1.970633115724373453e-06
-1.706241467432774938e-04
-1.890908675302413499e-04
-1.440804370674564621e-04
-1.197216300820922829e-04
-1.398687211684784739e-04
-1.280201140876518530e-04
-3.084671464311066467e-04
-6.962436941003672785e-04
-7.542677223456239425e-04
-8.765583925279226470e-04
-9.704339388829998124e-04
-5.884822705310630269e-04
-2.519505457829286426e-04
3.736693521423183599e-05
2.770290407503003035e-04
4.128801876786744856e-04
6.351169082035473291e-04
8.418977908785487199e-04
7.730474511456926490e-04
6.817511902744673776e-04
4.556758054082948569e-04
5.498623679466750017e-04
6.663729460166321460e-04
8.262195250722497841e-04
8.842017207148402790e-04
8.725371733745883925e-04
6.309305667621679372e-04
4.512973329559745580e-04
3.101139061932146955e-04
1.678217898751276711e-04
5.562324272688075571e-05
-1.529638840651034780e-05
-8.559017612608589597e-05
-8.405191560098814667e-05
-4.175699176846169221e-05
-1.535595201848961324e-05
-2.102977183415139265e-06
2.512488816563810713e-06
9.369287817737983787e-06
1.480529464743120764e-05
8.606779407913065796e-06
3.160419066214399555e-05
3.627741025080018087e-05
9.476199835847284029e-06
9.535278006269574603e-14
-1.364249808923102695e-06
-6.617552399944644794e-06
6.125201231043675713e-06
1.910820547403539033e-05
3.174637461394472714e-05
5.397422784754518827e-05
7.411283579322213203e-05
8.601509844933015881e-05
7.260797490037091241e-05
7.872985024990613733e-05
9.597409383589052771e-05
1.206646671473652607e-04
1.531260685057536251e-04
2.360401859202691940e-04
2.393594498794784746e-04
2.496351406987496390e-04
2.445183056100279449e-04
3.188944114241887848e-04
3.509816390604167738e-04
3.367499132506051414e-04
3.256018082833113370e-04
3.210742573066561480e-04
3.116470510932599055e-04
3.332606423527018362e-04
3.271152714912346597e-04
3.113455720012090746e-04
3.168960630445083037e-04
4.062966851054706195e-04
4.966910741018820252e-04
5.710108329554900060e-04
7.129918068573847835e-04
7.766634384742068407e-04
8.345103163126093562e-04
9.065985419327447694e-04
9.328450942445050669e-04
9.199600869583072485e-04
1.027601755093310960e-03
1.101782187980135733e-03
9.958606530805136012e-04
8.724087053112508910e-04
8.369108572505523994e-04
6.691081136540101039e-04
4.026956621824208816e-04
3.097824531222495570e-04
1.931649325528200496e-04
1.131081586508990878e-04
1.436192032631460997e-05
2.640984256491943626e-05
1.262726882352448225e-05
3.851256017459318745e-06
-3.853157277675465641e-05
-8.279795061655496956e-05
-8.955714188066903449e-05
-9.689861634507078523e-05
-4.945920531319960331e-05
-4.959453178279860932e-05
-6.722235290032120013e-06
4.548898762030324940e-05
1.354012031486378316e-04
2.181196759572108762e-04
3.201523376170971823e-04
2.801457589810775126e-04
1.810224542440392497e-04
1.612332176657986808e-04
1.749657686327043215e-04
2.175600292991722437e-04
2.016129697721921223e-04
2.205576186948615875e-04
2.246873636310403165e-04
2.374902462924900423e-04
2.351635143121306288e-04
2.230454031790910549e-04
1.771635397025522459e-04
1.659852287576525816e-04
1.278031082379372043e-04
1.343969673956219209e-04
1.778375650822779791e-04
1.868556087278249681e-04
2.089220745762616731e-04
2.288815914064376090e-04
2.654822383936671559e-04
2.650151293211997546e-04
2.355634917946111326e-04
2.151034204193313373e-04
2.302890460484342751e-04
1.741930591246870839e-04
1.322870243323249486e-04
9.759168172424878334e-05
3.780187578903225064e-05
2.160911842604626161e-05
4.931697068457381586e-08
-4.401713904787496027e-06
2.398181453813040378e-07
7.775206815100668548e-07
5.836535381488324087e-06
7.233437521002434491e-06
1.583837897739469631e-05
1.689894484419653424e-05
3.349021071354801610e-05
5.132853568153914587e-05
8.344713310716682494e-05
9.534636259011513714e-05
1.323613914308069861e-04
1.572605603399993034e-04
1.938705489684402713e-04
1.797499406578792697e-04
1.751508234633710338e-04
1.703354497273941882e-04
1.807251730785583638e-04
2.119163612369909309e-04
2.312801926615081069e-04
2.199756315308394714e-04
1.825836416116446699e-04
1.393840629521777511e-04
1.264523695360293145e-04
1.068860871603395803e-04
9.559000480684776168e-05
1.132615281910494905e-04
1.088598092652414578e-04
1.189973152764741299e-04
1.251025260536778143e-04
1.332606861684792218e-04
1.885974277250884853e-04
2.205291748929802409e-04
1.532241847563316618e-04
9.972433630396991121e-05
7.981335009252382164e-05
3.553366011596701540e-05
5.162233911521336261e-06
4.449024876578959001e-06
1.096469572747247634e-05
3.478959365483622887e-05
