1.145512628705981023e-09
7.503468555649162262e-10
2.694838550008497756e-08
4.161174178695065283e-07
3.828153061153205202e-07
1.257714095926114943e-06
2.495595628189983245e-06
2.805938357339468161e-06
2.834426075767302325e-06
2.577065695471024469e-06
2.535472001293868007e-06
1.596770877379489212e-06
3.586984263452341754e-07
4.829650035298771119e-08
6.584704793632986613e-09
7.665926948873966956e-12
2.169210087385912743e-13
1.061029580166418456e-17
4.816131933496141201e-13
4.816607904191684854e-13
4.816638624914318322e-13
4.816638624910943764e-13
4.816638624802061269e-13
4.816592594514580307e-13
3.793504917385650149e-13
7.051016562970805208e-10
1.991374255327723119e-09
2.412698618264059624e-08
5.194850387838111507e-07
1.078686485265775157e-06
3.502062986230595494e-06
6.450288313756454796e-06
3.631879094897751760e-05
9.237437520914262552e-05
1.641275639303610629e-04
2.030241913214810370e-04
2.826336465600430971e-04
4.261691779803946419e-04
4.808614586573122331e-04
4.994939119786023871e-04
5.203932567696847953e-04
6.049609866314640096e-04
5.868916100249423192e-04
5.315859328852936454e-04
5.382263508000481285e-04
5.870949148067725705e-04
6.024323266883877892e-04
5.973455189821412189e-04
7.388819729980950065e-04
8.891784250657890076e-04
1.068427088177202351e-03
1.063921407083847541e-03
1.091640826553256453e-03
1.117415006460943184e-03
1.212803666031314230e-03
1.278391290923157559e-03
1.180345735413492435e-03
1.215723359638815624e-03
1.131213973942811436e-03
1.004582534553645446e-03
7.133317038504897100e-04
4.073858516645968817e-04
2.366503290378350974e-04
8.220164657926302542e-05
3.050633837464948635e-05
1.242684686299349270e-05
2.789108467524836030e-06
1.672099363293738284e-06
2.026888812259416640e-09
2.901530878540834335e-11
3.905179857868871760e-19
3.845521804812038386e-19
3.845518037595476924e-19
0.000000000000000000e+00
-6.112190269602320285e-20
-8.745985065197170656e-17
-4.163402974794144144e-09
-8.493941043049071340e-08
-4.503245998293623365e-07
-5.226234019653755792e-07
-8.086159650970041965e-07
-3.869500607167866841e-06
-6.102912616062648747e-06
-9.065196499614616580e-06
-1.287803284870048092e-05
-1.433357136194119850e-05
-1.428125735648971026e-05
-1.122956915575470894e-05
-9.001295874584861609e-06
-5.959227952738000552e-06
-1.781006473577376887e-06
-2.531691582006493462e-07
-1.949060051977818193e-08
-1.029375773976047920e-08
-9.916213392485828319e-10
4.681073807146123553e-11
8.394092659741182810e-08
1.678369923555591990e-07
2.075920787074001635e-07
4.030574648866377954e-07
1.479893365973055121e-06
8.280649320058916375e-06
1.324938641642604783e-05
3.736703096867462231e-05
5.003576195933330680e-05
6.811892198310599172e-05
9.804577714709419606e-05
1.434171805238741010e-04
2.984928979277923157e-04
5.319727227744109818e-04
6.171626910634111238e-04
6.652153977917294944e-04
6.959709134554055735e-04
6.872170682902184816e-04
5.662350708212048056e-04
3.191490519741741676e-04
2.263468020385369479e-04
1.750426708289755211e-04
1.321722436523163754e-04
9.114949027225834229e-05
5.231591419267147755e-05
4.182907002313380503e-05
3.689610602376778897e-05
2.195238924250307640e-05
3.351505848861659140e-06
2.214857717900969039e-06
2.571599759500160830e-06
8.535362366126632815e-06
1.844397587192393186e-05
1.176914969172654824e-04
2.243855214686329373e-04
3.768368515180645236e-04
5.752732502319231334e-04
7.760536081148645265e-04
8.649552667626438096e-04
8.259896386666130399e-04
7.602757096806189935e-04
6.207587784272267659e-04
4.305518365881041217e-04
2.475256713952667608e-04
1.762587884096033554e-04
1.802624050316809000e-04
1.986878501954527938e-04
2.407187734782179794e-04
3.735171380887452133e-04
4.106090813625352920e-04
4.506743901386747048e-04
4.227658308226258884e-04
3.935364425650497602e-04
3.455735474504673978e-04
2.140509409198825886e-04
1.572206441799766567e-04
9.151580590101276037e-05
5.828781090288701321e-05
3.462628912387443576e-05
3.810683081346579170e-05
2.924472738234747932e-05
2.574943434876909997e-05
2.529088403692152068e-05
2.532000424796794234e-05
1.871655065850758368e-05
7.888525950165009909e-06
7.210382074564878241e-06
7.199017262006871303e-06
6.744648744315515939e-06
3.550524656690916947e-06
3.761705360668635403e-06
2.948177164011597743e-06
2.473985926781769831e-06
1.950250220432255776e-06
8.102762192158942153e-07
7.664629230792733480e-07
3.997039766658930813e-07
3.267521182889289646e-07
7.635636355135979976e-07
3.245025541868000466e-06
1.332679212264648354e-05
2.314988295669652838e-05
2.832133382757820268e-05
3.468398953607365251e-05
3.724216339505487852e-05
3.662413021163989205e-05
4.031122567562502523e-05
3.795236413135696913e-05
4.339809031212361093e-05
3.836102601473362171e-05
3.555860793404150771e-05
3.376388356089517244e-05
2.002296773533397486e-05
1.253697485555211423e-05
1.876396854789102845e-06
5.234564372895413742e-07
1.710117445190426201e-07
4.460134322351501802e-08
2.468605945524967124e-09
6.108015302982830781e-10
5.176756018838785732e-10
2.234577061048307998e-09
5.107375385618039383e-09
7.824330948935946190e-09
5.880874516039533894e-08
3.891544957491594159e-07
3.918074844276363273e-07
4.100147649435880593e-07
4.224667029954498995e-07
4.245246264821632792e-07
3.755129648850796132e-07
8.583486857527465345e-08
9.502036658714992876e-08
1.240290536407898069e-07
1.088780558127096948e-07
1.040985314696891568e-07
1.021050315896658443e-07
6.143613842578798372e-08
4.959670187977679055e-08
5.608072895029066117e-10
-2.901762471285759123e-11
-2.909660443325224981e-11
-2.909660487655320348e-11
-2.913306938497804630e-11
-2.913317375821452921e-11
-6.962451954106542795e-13
-1.193971572717033466e-09
-7.615070244588285743e-09
-3.778745203089895919e-08
-6.883148425910438566e-08
-7.268873351174728423e-08
-7.269310426776947620e-08
-7.150136475257267641e-08
-6.508045361299868351e-08
-3.599776450052201235e-08
-7.480630116068089770e-09
-8.170588850423684200e-08
-4.063214520703091091e-07
-4.289911372992989070e-07
-1.061171589034894223e-06
-1.542276649651789455e-06
-1.859060652770715604e-06
-2.212142745714197336e-06
