4.868288218437074114e-03
4.222358891203082526e-03
3.820301696461476503e-03
3.429738115554250948e-03
3.213430102195596796e-03
3.128476169406240598e-03
3.086808456710519576e-03
3.242653587970106051e-03
3.788215168731887128e-03
3.998754891919233112e-03
3.908119887359625712e-03
3.829167146086647627e-03
3.632872273445868477e-03
3.615541237022420248e-03
3.519641317478412485e-03
3.474009651886571324e-03
3.412761341996545933e-03
3.381747667181695793e-03
3.282029789629524203e-03
3.063114797882866142e-03
2.498132706468962020e-03
2.186523463421823164e-03
2.125734219632141250e-03
2.046739546011766293e-03
2.009113521516331293e-03
1.917928222321981088e-03
2.078268308202551023e-03
2.162222400033061466e-03
2.309622559560361912e-03
2.569491759201105330e-03
3.055329774292986356e-03
3.669158682467652324e-03
3.988739889642650173e-03
4.060391688642864087e-03
4.142447201152723441e-03
4.270620917288783271e-03
4.463383759878471364e-03
4.660680759828309157e-03
4.800946563164106007e-03
4.942858830814036986e-03
5.053179131903301306e-03
5.019708384990044514e-03
4.763802226972600577e-03
4.303882935174234252e-03
4.223381939185920884e-03
4.526629866211276214e-03
4.951856415700920007e-03
5.520115665292994224e-03
5.987224254113972244e-03
6.468370627120869319e-03
6.620789265694221153e-03
7.030229316709456222e-03
7.370488531174438328e-03
7.903334764518200189e-03
8.816391504500495011e-03
1.003025593054971201e-02
1.182657037375461039e-02
1.307489840001155833e-02
1.413301761274425757e-02
1.503649199409490440e-02
1.595917573421604466e-02
1.633636843141471340e-02
1.661007051322826653e-02
1.660374100184099089e-02
1.639848874806097354e-02
1.609192533954100640e-02
1.522913991626782988e-02
1.405788414302994171e-02
1.222569697838447704e-02
1.068320440031485241e-02
9.095741331976364002e-03
7.532958991185245180e-03
5.969679372989628204e-03
4.818827515037794017e-03
4.030774487817429669e-03
3.321648203715117219e-03
2.842371097384281415e-03
2.257361194282120603e-03
1.881095033699175774e-03
1.603425172770217956e-03
1.337516092879927456e-03
1.137784335332274943e-03
1.015824637990696971e-03
8.733261622997260743e-04
7.522610982709319188e-04
6.482472175228837273e-04
5.835604597127569057e-04
5.291957618338464326e-04
4.823207124811645648e-04
4.571068548447072659e-04
4.402977183098071728e-04
3.817726106545601245e-04
3.594505366332616269e-04
3.345932370312127454e-04
3.771740066357430932e-04
3.463572542221491821e-04
3.004046587247246073e-04
3.340812629540283046e-04
3.753239747892927396e-04
4.754785868214021706e-04
5.876737540242649377e-04
6.478794896071535074e-04
6.864007578063314541e-04
7.473811560408549120e-04
7.613341167897247136e-04
7.597416797227213347e-04
6.913105034182662678e-04
7.280988298966738909e-04
7.856578125074767079e-04
8.537138874245148168e-04
8.460722758811247074e-04
8.069481986377717445e-04
8.079378229614788028e-04
8.640485707934364608e-04
9.458402397186689440e-04
9.777352826094095912e-04
1.056385851353286226e-03
1.218122365049469471e-03
1.423270326201354257e-03
1.473692836595169196e-03
1.478962123685409469e-03
1.493441811753567008e-03
1.560985127926482969e-03
1.610553886795082273e-03
1.599791659288266705e-03
1.545306753270434506e-03
1.579158247304247170e-03
1.680225563988471194e-03
1.735468863131849624e-03
1.774884182855270649e-03
1.668414923249767661e-03
1.660269744063211893e-03
1.751168949403330470e-03
1.803287788270695668e-03
1.996380366927131764e-03
2.243015937407192347e-03
2.535576486519651711e-03
2.817641071790864121e-03
2.884349179783931693e-03
2.907652330157802726e-03
2.937032468603268179e-03
2.879826555357590037e-03
2.865371752044638173e-03
2.852692837220325173e-03
2.805202043149215233e-03
2.755951262034339513e-03
2.568537099828793312e-03
2.354823050333429944e-03
2.165012034126560531e-03
1.917411686775307789e-03
1.686894708269164002e-03
1.400168657228173172e-03
1.128418812754410821e-03
8.649581543171245982e-04
6.811509397748153087e-04
5.491407332401701232e-04
5.340801429570872852e-04
5.010517712315923399e-04
3.692056720939465228e-04
1.668995520177337722e-04
-1.307658166698789654e-04
-3.631240195861069214e-04
-4.982538519441758384e-04
-5.531032995144810269e-04
-6.468731178211783355e-04
-7.129666476480229836e-04
-7.251284739074777275e-04
-8.127334638670197188e-04
-1.102212465577808928e-03
-1.415131786389627923e-03
-1.621299842022553119e-03
-1.801929149236931697e-03
-1.881610490720774485e-03
-1.893967804601980184e-03
-1.841120179421149071e-03
-1.824324835315286122e-03
-1.778230487628236836e-03
-1.730652378861697064e-03
-1.750658728239594267e-03
-1.775298427402725865e-03
-1.853052751485609198e-03
-1.900323258324608869e-03
-1.942362978428008964e-03
-1.932982051671967676e-03
-1.969165773910555150e-03
-1.985344675265992859e-03
-2.143566559599828242e-03
-2.272985103552729261e-03
-2.328739003083111266e-03
-2.337979006788066649e-03
-2.321845376577825245e-03
-2.292175443462251324e-03
-2.163683645161424297e-03
-2.008451758465075107e-03
-1.890436677078384574e-03
-1.791917093792054277e-03
-1.648109305303900899e-03
-1.541256520129442517e-03
-1.344038994120029008e-03
-1.190513008129680120e-03
-1.071757035725952366e-03
-9.913845358704186702e-04
-9.393326981130886840e-04
-8.865728552856503219e-04
-8.504052714213018163e-04
-8.300086581984607130e-04
-7.446323140891255394e-04
-6.245411437110491874e-04
-5.855947377777669842e-04
-5.673732359884409507e-04
-5.615150039236743804e-04
-5.473018750603576539e-04
-6.061876168648373158e-04
-6.605708617398474208e-04
-7.323918752964275573e-04
-8.036885310703907820e-04
-7.964994387128789509e-04
-7.383994968704316693e-04
-7.430403116371868009e-04
-7.818826327107794051e-04
-7.954416021174335249e-04
-8.220590699012276939e-04
-8.966040677794022721e-04
-9.217803123468381460e-04
-9.790481693510242472e-04
-9.538697460652421217e-04
-9.077425907772993787e-04
-8.765597569621664045e-04
-9.134313841741892358e-04
-1.021038968549225134e-03
-1.104624688113352770e-03
-1.131404860054378543e-03
-1.126853198906643252e-03
-1.080581577148856864e-03
-9.908338681466647910e-04
-9.643422385359002105e-04
-8.884507986040803733e-04
-9.835851374725946509e-04
-1.138015345304574898e-03
