8.395022767423899755e-15
1.064740562019250335e-16
3.994036818454048851e-10
3.482974234281506967e-16
1.400634265035688036e-13
2.877143259657518086e-12
2.799458893074102397e-12
8.559467840509488776e-11
3.014170797931946613e-11
5.204151344268049366e-11
2.931568965079431963e-11
1.761674379252650747e-13
8.578871810516786431e-12
4.689320656152756024e-11
9.521011118461676530e-16
4.257269587709163864e-12
6.292437388734259599e-13
2.833428407754532370e-07
4.117260467842709464e-16
2.054462619240786149e-13
3.121993949604385617e-16
9.059127901549556842e-15
6.255428332496022434e-16
5.987715783894862047e-16
5.774254630556014540e-18
6.142198749346876592e-23
5.622742116511058512e-44
-1.347206987144202834e-31
-3.334978355970752055e-18
-6.630896022907608725e-17
-4.046559278425233887e-17
-8.814670322325437034e-06
-1.755045630506641078e-13
-4.279678341301789794e-13
-2.441722385433939574e-14
-3.272614740005154083e-12
-2.242254909047132837e-11
-5.465627766890071455e-10
-9.140476431659770941e-08
-1.976420991439549841e-14
-4.800064819650304389e-11
-4.132942167915130402e-13
-3.318226904386144500e-12
-3.691632688304221117e-15
-2.230991798201682395e-17
-1.917335480123226347e-17
-1.351018320365136965e-19
-7.666014751365804133e-20
-1.192074824669983905e-33
-7.836739972055768726e-62
1.140500007659057796e-50
5.540060507766890684e-25
2.118988780474169530e-26
3.999511110596434442e-23
2.757874057896102203e-17
7.060013957732733957e-14
1.639606998402519966e-14
1.690751116885065715e-14
2.583071121728155080e-14
1.412287216979680942e-14
8.764764226655473477e-13
1.830938629956220142e-12
1.111262986996218523e-07
1.459379123920629917e-09
1.828082063595192776e-04
7.835310811396541224e-10
7.669120606450801817e-14
2.417528777523836658e-14
1.134386298052112857e-16
4.771576601387047466e-18
3.647000051919311623e-19
1.409991232814199067e-25
1.249595952685179417e-20
1.275974736824112977e-25
2.816813642949274192e-19
8.398106600227709924e-30
1.687626122387719257e-27
2.215043775127621480e-24
4.603126902861687920e-29
1.411354579166386969e-32
1.395649943262226175e-38
3.608773963340633561e-38
3.960421107608218767e-37
1.183587476435351612e-30
3.094057965152417327e-35
2.196154427925769787e-24
4.612902877374456977e-21
1.144022994364730441e-22
3.770209726470295909e-14
8.099236262341123493e-23
1.016569746185014737e-41
4.319478638124622156e-24
7.240081441329503751e-23
1.193510719931427227e-32
4.717971057803520462e-53
-2.196735179133597854e-44
-1.196541754955390494e-28
-3.117591436855630081e-32
-6.213230594353049618e-25
-1.023907145660251771e-25
-9.623692307303927309e-21
-6.749032946812072689e-30
-5.263532495362029895e-21
-2.248712257631450243e-21
-2.465533142316669987e-21
-4.145258430468551874e-24
-5.533207825009741350e-20
-1.588813203760227648e-19
-1.260942588450135581e-18
-1.638247816140268800e-11
-2.756714254785074358e-18
-1.398316354710589886e-15
-2.354132185410011497e-15
-6.946934076996483263e-17
-7.724564800580992861e-16
-2.082093555953440507e-19
-1.581895870046708821e-22
-3.177241572724254151e-22
-1.035172576972252972e-22
-2.008403968607635928e-21
-2.331820948787104408e-22
-2.560968628646114449e-20
-2.179651182694602508e-21
-3.334150404787864355e-18
-6.727332745874495718e-19
-1.344335470648458106e-16
-4.584776029293837403e-17
-1.714694822360588274e-11
-5.036047238050171360e-20
-6.304953775551726459e-27
-2.062496414669188071e-25
-2.220120209702555500e-36
-3.501490303593501850e-39
-1.227301706223445683e-60
-1.381854496099895416e-41
-2.339864710584699694e-36
-4.134843082489570471e-29
-1.732020417707402904e-26
-3.479346448237945324e-20
-1.206248554638464576e-18
-2.537424856307212172e-16
-4.315027829348869303e-15
-3.772312001977137462e-15
-1.987699601875226706e-16
-1.443034261653204088e-14
-8.153095861149936628e-09
-2.729943720443227005e-14
-4.544782457871827694e-13
-3.148192610636338282e-13
-9.328594880699433211e-06
-1.142617480756562802e-05
-2.020460933786038003e-10
-1.092432186683991956e-10
-1.002548993887678843e-09
-5.345301800886995588e-13
-1.940567254773424709e-13
-2.965321756588136869e-12
-7.000953218122190526e-12
-7.576560156550254353e-11
-1.340868697970365124e-12
-5.299696211871259492e-12
-1.004632708495575319e-12
-6.990290756348144664e-11
-3.268796914152240717e-15
-5.661569894495234617e-12
-1.068355048891226421e-11
-5.580361472129261360e-14
-1.781646457429175020e-10
-8.333525666956439200e-11
-1.887359203453331962e-09
-3.551305101037768370e-08
-1.212774050917980838e-08
-1.722772752197327672e-08
-7.334570198880482849e-07
-6.802992431743028408e-06
-4.759341449721567319e-08
-3.404780800164248859e-09
-1.210322685551762185e-08
-7.644975519962266916e-11
-6.872010304182682840e-09
-4.575631871213920330e-09
-2.204081308404436437e-11
-8.147940692803658234e-09
-2.149636689397762441e-08
-4.366969241002019909e-09
-2.193547360073628810e-10
-8.329063817016361948e-02
-7.333621224620519362e-05
-3.333311257741066785e-07
-3.502753060014422090e-08
-1.389600967914019466e-09
-5.346257610439859707e-11
-9.671481285398843351e-09
-9.982074558327851951e-11
-2.770460710736651923e-10
-5.907450624059231771e-11
-1.426346356101532576e-09
-8.329928594685751729e-12
-4.054634542526811556e-15
-3.538275576090225183e-16
-8.852491018979145573e-15
-1.712951025272141933e-21
-1.632804272145026913e-18
-2.970383709544505251e-20
-4.049815973125934626e-24
-1.497063506831431840e-33
-1.663752680844466334e-39
-2.753906186265623342e-66
5.740889987843391192e-46
7.411524280718054053e-19
1.839582519703049832e-40
-1.160348548244563281e-40
-4.405714110708976491e-54
1.851201502826051637e-75
-2.286369597321675899e-45
-1.532232696105953026e-38
-2.168158708203509640e-27
-2.207942926047850021e-24
-1.179326359812219373e-30
-1.183242854753218692e-20
-7.472027533770304940e-19
-1.570097342700935345e-21
-9.850012873484481059e-23
-2.661036627089786968e-15
-4.750646844598731475e-15
-4.458188370249967567e-14
-1.582460501183857005e-12
-2.529927370333044726e-17
-5.618813142887404873e-13
-1.123499581901617151e-13
-2.029651310270607582e-12
-1.705917165932878022e-11
-3.699507915486621896e-11
-4.153788568833055182e-10
-4.228897597362860591e-07
-2.300087303865901170e-08
-5.181129995197138185e-08
-3.987639458133873065e-06
-2.872446451700514736e-06
