1.811014128272304133e-03
1.711142175967185833e-03
1.396459431698382622e-03
1.256505496283031589e-03
1.589438643370921084e-03
1.313573459855275558e-03
1.238180266475441505e-03
1.238309917836698726e-03
8.898805223073237049e-04
5.907094677170483853e-04
4.932686435688552655e-04
3.691315825497532011e-04
-4.235477639662877216e-05
-3.906175870509289230e-04
-9.757783657038105038e-04
-1.229620391908413770e-03
-1.508051531818419000e-03
-1.503626943383791536e-03
-1.552913863337046551e-03
-1.431121649946929218e-03
-1.128045754152663541e-03
-1.007692016624273058e-03
-8.673759662818804469e-04
-7.115178383193715471e-04
-3.295526017417740763e-04
-1.531310120817661513e-04
3.157571737467095171e-04
5.329639437119636225e-04
7.422391770659566299e-04
7.734859922840557839e-04
8.514332667886814971e-04
6.880690390064116277e-04
5.887901791453831581e-04
7.003305093151416952e-04
1.277490835201753943e-03
1.263356847028768290e-03
1.192839159463257061e-03
1.406333468267799381e-03
1.453824302583005138e-03
1.569841890504860595e-03
1.452288094260035687e-03
1.479857635041830323e-03
1.277684683148092417e-03
1.447171593303995694e-03
1.437282221513311612e-03
1.464003483082874880e-03
9.457408722032485714e-04
9.811436075555365552e-04
9.894990626013520744e-04
9.543716626043834443e-04
1.160622346783490855e-03
8.967557084144410972e-04
8.719802223874532432e-04
9.356283675755620909e-04
1.024080673905052334e-03
7.333491886619313482e-04
5.628400188946971116e-04
3.952422509490946425e-04
8.873345268181895621e-05
1.297635787062160257e-05
