1.770443477256289142e-10
1.823492886264744274e-09
1.934071939863120303e-09
1.969488002558970258e-08
5.761650940711130959e-08
5.126913297523265744e-08
5.125727834180928955e-08
5.067906911093661205e-08
5.031986410311064376e-08
3.815698005598240171e-08
3.273142233782783317e-09
1.776709780954764380e-11
1.143399547954370933e-13
8.349967478339029647e-18
1.730927596677667041e-12
1.012290981886953833e-11
3.880016301014302068e-10
3.757196896452181879e-09
2.990351323131217892e-08
2.361131790642361043e-06
4.471489926563811781e-06
5.180946336206528838e-06
2.418399147229512535e-05
4.776787938126317193e-04
9.175820051502506800e-04
1.596515253781702857e-03
6.892553058059697722e-03
8.320075234044849166e-03
8.618969953616542265e-03
8.374803371473692193e-03
7.988329862541715745e-03
7.625703100610873968e-03
2.332978197176212298e-03
9.071331807642846884e-04
7.023477386078518306e-04
6.980410246116593295e-04
7.778565055440417970e-04
5.118450636055525173e-03
5.201833267795161371e-03
5.249803150869366414e-03
5.146664630887282099e-03
4.946557530475848008e-03
4.819893576339392451e-03
1.829265098386474860e-04
9.983466796876681263e-05
5.762779920780609764e-05
4.908097321597070715e-05
4.752998462205265846e-05
4.371103134780333612e-05
2.271950203253186604e-05
1.713793771188988599e-05
8.995042649319105559e-06
7.577952017868057174e-06
4.253973003108113442e-06
1.673814939257679123e-06
4.157425142612051646e-07
2.833653253085265209e-07
2.769926694914078993e-07
2.667549523505585017e-07
2.240344399683266464e-07
1.673607006048711337e-08
1.156594849243191573e-07
1.228680161338288405e-07
1.224978339410183657e-07
1.224717304483804505e-07
1.223848665494021767e-07
1.214258065754955215e-07
7.333123908263353175e-09
2.262148657695280340e-11
4.327031699255356112e-09
4.351900115861469763e-09
4.390179337809267764e-09
4.808684801258575841e-09
5.184068963391447736e-09
6.245670531877870064e-09
3.804616204277760638e-08
5.442948630611684682e-08
1.029156361532383944e-07
5.769806798642867408e-07
2.668144509798169641e-06
3.084090904543354563e-06
4.210339758790625386e-06
5.302470562578216236e-06
2.178817736138662011e-05
2.189844482308032320e-05
2.590093502031475071e-05
2.588060956510871571e-05
2.646228989924934256e-05
2.548477985155423928e-05
8.975885467034445245e-06
8.418931232256522007e-06
2.334259324433766077e-06
1.948265341214486108e-06
3.068829589463123446e-07
1.051988641630432043e-06
1.576904925047044068e-06
1.725815522456309182e-06
4.094726750450723295e-05
4.192277771012503494e-05
4.960053057528936442e-05
5.047895375630935614e-05
5.111142928635875198e-05
5.190131568794749997e-05
1.583612643353197094e-05
1.570162473669089480e-05
1.946246131989988397e-05
3.222443007943362296e-05
3.273308284972213878e-05
3.310027670302686999e-05
3.379442261008265536e-04
3.454889013154889554e-04
3.702214529904490300e-04
3.608481611745133905e-04
3.640433556559446201e-04
3.719771299697891150e-04
6.828060706719117038e-05
8.066594522971886510e-05
5.513942171958658117e-05
5.409086310872782529e-05
4.926172093503345431e-05
3.999734082601625072e-05
3.568602621435713174e-05
1.491173524591942011e-05
4.215141255202934625e-06
2.097863402594948556e-07
1.525501343914033991e-07
1.507983031709628657e-07
1.491271670996562382e-07
