1.878258932074523824e-02
2.479328924746933283e-02
2.189451893175843947e-02
1.883342436369815631e-02
1.548781552700125887e-02
1.387206170776254799e-02
1.223742154831973863e-02
1.227537570832439029e-02
1.151796482477668478e-02
1.066909097774702136e-02
9.816889871292429348e-03
9.111655269737495982e-03
7.672834676163750763e-03
5.461383557675655864e-03
4.295103003209023960e-03
3.765617725472725479e-03
3.909151260291721802e-03
3.587512450158697810e-03
3.555336835523488590e-03
2.807336141358313195e-03
2.566921678401017440e-03
2.597332153404968789e-03
2.680127331076971858e-03
4.275215098141326407e-03
4.342121401593022727e-03
4.185820310723256839e-03
4.589200143972353013e-03
4.576438434496289155e-03
4.465377890074826751e-03
4.540615472810260143e-03
4.715918649413476486e-03
4.830495750012557023e-03
4.977293683289848135e-03
5.889049070478293707e-03
8.413777312689314433e-03
7.399904253429540925e-03
8.318146864741533808e-03
1.082510742195566533e-02
1.191659635056461358e-02
1.236900852987156581e-02
1.282015717504426076e-02
1.364822205591045313e-02
1.501893359071629526e-02
1.531135295147676399e-02
1.691842182322260760e-02
1.786780295446781588e-02
1.634421247905185060e-02
1.609004349606165882e-02
1.568677303753918117e-02
1.359101769519107002e-02
1.893797658682371682e-02
2.025156521444420807e-02
2.017365795074617732e-02
1.999297544034551316e-02
2.069663028003344493e-02
2.090955652233226700e-02
1.942774187738205080e-02
1.778208600112114388e-02
1.941559503399420752e-02
2.028258854951607917e-02
2.063772618297541814e-02
2.060704773364183465e-02
1.426944534833565238e-02
1.233710286477331802e-02
1.198184748798057121e-02
1.193853394240588194e-02
9.597905436984714364e-03
8.812967008734174518e-03
8.473860287285736592e-03
8.081728738018057953e-03
5.456624510344012906e-03
4.232217011755675350e-03
3.188584955079318533e-03
2.520853770973658162e-03
2.112827031822130715e-03
2.064158837398091806e-03
1.896657835542781825e-03
1.136446008953561574e-03
1.244476882135517846e-03
1.263757229268924927e-03
1.182105370763666648e-03
1.109663739474469387e-03
9.242502321425823337e-04
9.105102677086628635e-04
9.899065915166575195e-04
1.239058382958335529e-03
1.155455585938567524e-03
1.551623190396068724e-03
1.739681996500023857e-03
1.689819601567660876e-03
1.620947403277363729e-03
1.592899313290077308e-03
1.569556795384791613e-03
1.523731978094634539e-03
1.391067277997547246e-03
1.208330041467846382e-03
1.052993356722889623e-03
8.328316608575628147e-04
6.103087786703771450e-04
3.726721144505971105e-04
6.104602429822265225e-05
-3.283470527601674429e-05
-1.738142331480139156e-04
-2.566452843210745034e-04
-7.444525060801980428e-06
2.892684583041225875e-05
1.156080207758905786e-04
2.874806971762968962e-04
5.086731426810869568e-04
5.464446833233153455e-04
5.833903776458066988e-04
3.860057731058621805e-04
4.367183436417346448e-04
6.518342578283288979e-04
7.146772294398814158e-04
5.684356199887359703e-04
2.104340771836375041e-04
9.245588380419959265e-05
1.726739323358205585e-04
1.762710311853989966e-04
-5.891301913752559259e-05
-4.028562661662586094e-05
3.186268259617299143e-04
6.096260134675638093e-04
6.496980315271951197e-04
3.699752065654247392e-04
-2.243373276604563273e-05
1.256020571452415768e-04
2.690662504077603791e-04
4.912560300402267358e-04
3.250583564886173568e-04
3.375333350349647189e-04
4.950854379650000215e-04
6.160886451149465842e-04
3.630034412703756343e-04
2.295738822186373692e-04
2.435104604768255929e-04
4.452585384832109003e-04
8.350239567284376344e-04
7.339991093725105505e-04
7.421515009049905846e-04
6.225035966393261061e-04
7.359558784719801060e-04
6.017631369102813483e-04
4.241754592321266069e-04
3.535017540721139846e-06
-2.482593054936432634e-04
-5.568094534266270976e-04
-7.891502950409058420e-04
-2.503517857389752754e-03
-6.089588543766907315e-03
-1.295172581214588427e-02
-1.758612051580536392e-02
-2.099172125337818440e-02
-2.081740349137935556e-02
-2.056923070123438044e-02
-2.054224756564682064e-02
-2.065360375318753619e-02
-2.092922123594735673e-02
-2.123025340120940005e-02
-2.165416163451076501e-02
-2.045607439404031891e-02
-1.712216737041000886e-02
-1.037148631436484066e-02
-6.049622848647723435e-03
-2.823883904550216536e-03
-3.163106261290066570e-03
-3.802547465162218945e-03
-3.918598784610759743e-03
-3.688915754023903287e-03
-3.683108024797680444e-03
-3.338016313629183895e-03
-2.906319218786697616e-03
-2.579967734156522318e-03
-2.494764836422424820e-03
-2.459389830097210780e-03
-2.435903205561960796e-03
-2.278728885749714290e-03
-2.392155688866527165e-03
-2.008021311144354663e-03
-1.919578144848463211e-03
-1.884641744160154772e-03
-1.571759633563802163e-03
-1.731450317609816748e-03
-1.661628348118395935e-03
-1.658044585231829371e-03
-1.682473570415196065e-03
-2.267688286393250170e-03
-2.333661985396669539e-03
-2.843239860884263625e-03
-3.169995054306432285e-03
-3.395149970108189610e-03
-3.476022312222643625e-03
-3.769163960732548491e-03
-3.718999659662041313e-03
-3.676268818570314293e-03
-3.725357177999813561e-03
-3.581010868863452028e-03
-3.409602890823688545e-03
-2.828855462364323389e-03
-2.564134438826707642e-03
-2.069315066854630729e-03
-1.461674217848587089e-03
-1.202109612604804157e-03
-1.102680324058445205e-03
-6.798556934562953588e-04
-6.784469015472948013e-04
-4.779953766272967801e-04
-4.556096589115883719e-04
-7.229956595548540227e-04
-7.950171974917761555e-04
-6.088813042459582069e-04
-6.210307629804280322e-04
-5.779463148489612191e-04
-6.435799712310499290e-04
-5.897950590257025659e-04
-4.997954062450552090e-04
-4.365689871117951065e-04
-3.650213513198358943e-04
-3.766521294705518449e-04
-2.960492060854608685e-04
-6.744334333140186710e-05
-1.591083120401312847e-05
-2.220928345700973162e-04
-3.420063281096200991e-04
-3.989404209393915507e-04
-3.902947327062957698e-04
-5.127237400751135819e-04
-6.595263366444198199e-04
-7.966730322097156014e-04
-9.927537140064647114e-04
-1.110215211430179471e-03
-1.251584528541176784e-03
-1.393233042130327453e-03
-1.655861024084635119e-03
-1.747937225207027261e-03
-2.143787901005798479e-03
-2.303989751343105997e-03
-2.566862644932729667e-03
