-2.850850312281715926e+00
-2.837444145175732846e+00
-2.851078917473024887e+00
-2.869219439914000525e+00
-2.681549990509865644e+00
-2.577131692343685554e+00
-2.516213277274584659e+00
-2.473931997027782437e+00
-2.334080055706178047e+00
-2.102963112101995158e+00
-1.914786440684138613e+00
-1.755348681956622192e+00
-1.517216766031393105e+00
-1.279543303294865320e+00
-1.039718468926016604e+00
-7.960535408944490188e-01
-6.350744305273369195e-01
-4.638001747663285101e-01
-2.845825640608243834e-01
-1.031543655757253680e-01
-2.666943184571649809e-03
-1.575168955875510526e-03
2.897531624620564646e-04
-4.023597912058848544e-04
-1.926478910921198195e-03
-5.320450575816691209e-03
-6.696874636424089873e-03
-8.591605030043910490e-03
-1.253746538659557784e-02
-1.399712274411185099e-02
-1.406373678876869648e-02
-1.393113104128856222e-02
-1.320841437021550054e-02
-1.292906453433158992e-02
-1.267499586311346578e-02
-1.283184274612179758e-02
-1.310956537517824795e-02
-1.362317657494504543e-02
-1.456980444378210698e-02
-1.147174454669323829e-02
-5.952318156864294836e-03
-2.589300922622222220e-03
4.112963896575067956e-04
4.266300972639118332e-03
8.323050583800601851e-03
1.385404098069660354e-02
2.069833093821709519e-02
1.659694605940338977e-02
1.121538396322262036e-02
8.912857634530426190e-03
6.029712911715219385e-03
-1.636625045223685749e-03
-1.073068327538449773e-02
-2.252602044705089013e-02
-3.611276664741919912e-02
-5.492516133332675521e-02
-7.892608654862862116e-02
-1.126976612337253075e-01
-1.526228833706475274e-01
-1.852672722592606236e-01
-1.826265029451759059e-01
-1.836099272083997203e-01
-1.828317952369750976e-01
-1.818390655446383564e-01
-1.816351133039443566e-01
-1.732645311154265289e-01
-1.658849804289881658e-01
-1.501091665680620024e-01
-1.289729762032058580e-01
-9.920177418121943480e-02
-6.443825145927178921e-02
-2.564030181972165243e-02
-2.045243826493812686e-02
-1.412578865611644439e-02
-8.210001735263322206e-03
-1.677221913345656708e-03
6.905243120454596963e-03
1.018710509516570703e-02
1.483478747724163715e-02
1.534568217541829212e-02
1.565029488996693557e-02
1.634863990610397125e-02
1.713560190463915903e-02
1.840051115619143265e-02
1.948917854831839006e-02
1.821082559588359587e-02
1.687407631762475810e-02
1.592293596047469548e-02
1.481444881522919234e-02
1.312678878793159358e-02
1.183215827050141354e-02
1.076062073778977050e-02
9.506513706221219814e-03
8.333878856440260149e-03
6.704906505089116425e-03
4.786767788369626457e-03
2.690347509626142553e-03
2.532327437048316390e-03
2.082416440824724508e-03
1.270245902199467836e-03
2.539536503074427284e-04
-1.059433799115977850e-03
4.807028018667349107e-04
7.224020835669783423e-04
1.354912636285319355e-03
2.075527393894197829e-03
3.373006643789934131e-03
3.235363832330846387e-03
-1.873664739343391559e-04
-8.358544336597009466e-04
-1.474107216643754477e-03
-1.609637025682047334e-03
-1.785628816555563008e-03
-1.737321614409253513e-03
-4.735357220392981577e-03
-6.534700236225858376e-03
-7.631071462570936971e-03
-8.725944386472493999e-03
-1.025755090118923678e-02
-1.050311948880384288e-02
-6.869584973645453084e-03
-5.422181359797113853e-03
-3.466029381331456240e-03
-1.290700633701584573e-03
1.238546079150182160e-03
3.210869950881255555e-03
5.190777843993151126e-03
4.931508130759224874e-03
5.074817031247865103e-03
4.213504836380351122e-03
2.969012876244361832e-03
1.091448402221139712e-03
-1.400617600665635121e-03
-4.312994030376012151e-03
-7.731559753126910489e-03
-1.098970529301245697e-02
-1.578393719024697231e-02
-2.304736615524647161e-02
-2.456357215370484626e-02
-2.438246397977648916e-02
-2.622085539566165746e-02
-2.977881642099563034e-02
-3.035450242583331501e-02
-3.044127408693813111e-02
-3.110129712474468677e-02
-3.242661837963630583e-02
-3.319260957586090549e-02
-3.473335352844133389e-02
-3.490549370568232779e-02
-3.157132643289033147e-02
-3.272058023986221947e-02
-3.387675672538559973e-02
-3.427840401746052451e-02
-3.374614455043552230e-02
-3.610555145581705733e-02
-3.835970013047340643e-02
-3.960454833260298318e-02
-3.992767572268091786e-02
-4.118226544586382071e-02
-4.469902473435685003e-02
-4.966654151838231779e-02
-5.312743394740806341e-02
-5.948322082379765147e-02
-6.415263745228047543e-02
-7.029376846821519531e-02
-7.295167811345597275e-02
-7.602447060622556652e-02
-8.044299246797971537e-02
-8.606094176769567283e-02
-9.142950407770965293e-02
-9.660423639283377550e-02
-9.885661077022854515e-02
-9.513915985314186363e-02
-9.199010000327489944e-02
-8.659149670676508093e-02
-9.847522607449364640e-02
-1.186901910226393908e-01
-1.686437021261884273e-01
-1.649029954170845025e-01
-1.587349107480015009e-01
-1.490493880872079679e-01
-1.411102212383938681e-01
-1.315382148881034385e-01
-1.221675156724943423e-01
-1.176265068171711975e-01
-1.145417613339541479e-01
-1.132630510532495610e-01
-9.632124830056006115e-02
-7.078983398247398751e-02
-1.763585297374798896e-02
-1.745562963452399960e-02
-1.775591066616910574e-02
-2.060193262031840417e-02
-2.217016596479458312e-02
-2.515173048961008226e-02
-2.848742325207721457e-02
-3.207609899699753048e-02
-3.522675991424115832e-02
-3.887444644417957507e-02
-4.192362370499379959e-02
-4.426810005506323642e-02
-4.695488569095897929e-02
-5.082081346002265132e-02
-5.908145736368044382e-02
-6.874509732619113467e-02
-7.951526162331902514e-02
-9.290674610225226060e-02
-1.050760753990112734e-01
-1.182030795346794561e-01
-1.190988691008130623e-01
-1.199210926483981893e-01
-1.223502791712540866e-01
-1.194793153793427126e-01
-1.164566376488791327e-01
-1.128630111232075267e-01
-1.061083548330926524e-01
-1.000398930047728258e-01
-9.757714025595613794e-02
-9.346979542721563228e-02
-7.895640132500768293e-02
-6.350908311450226273e-02
-6.081553521726346806e-02
-5.631247776111988207e-02
-5.066810874663921216e-02
-5.006757099919140891e-02
-4.882766493777538491e-02
-4.586888331899739019e-02
-4.256842390856769437e-02
-3.729680084745087137e-02
-2.748285412923684445e-02
-1.596302837624922685e-02
-1.649840997500184522e-02
-1.645327347662791165e-02
-1.628906668667186308e-02
-1.550754717302263962e-02
-1.366938350302277817e-02
-1.162025060302465662e-02
-9.992150998668880221e-03
-9.320885304141907080e-03
