-3.762409239486040904e-11
-1.927896240327362771e-11
-3.826169296496882844e-08
-8.441046274260636578e-07
-1.246503342278719472e-06
-1.772527443898942105e-05
-2.450422636985484534e-05
-5.518236887670084666e-05
-2.517725758372884844e-04
-6.882185899194076919e-04
-1.166354384496446272e-03
-1.269043199928008474e-03
-1.752736921495615672e-03
-1.981241828645029669e-03
-2.617096476310204131e-03
-3.042852048554511510e-03
-3.420461397434857668e-03
-3.502345023002644085e-03
-3.601557448900216934e-03
-3.635904243569390917e-03
-3.678383018287803910e-03
-3.454212766502862391e-03
-3.076347863360028110e-03
-2.973062001519052085e-03
-2.551650511758767233e-03
-2.361962154468566413e-03
-1.802738052187242285e-03
-1.430019069045212294e-03
-1.084967758648908718e-03
-1.069322463484199308e-03
-1.011278135554862260e-03
-9.986610144611031848e-04
-8.330107051553293325e-04
-7.172460976707250744e-04
-6.111886696415927498e-04
-6.853465657998277600e-04
-6.572338889300938279e-04
-6.297171285965366466e-04
-5.687383540031793654e-04
-5.194192049793453685e-04
-5.001354588198186945e-04
-4.314648585787243394e-04
-3.908975525456286852e-04
-3.468649154270526339e-04
-3.180074698470572903e-04
-2.733635756982026968e-04
-2.616859919737204499e-04
-9.093465200064204147e-05
-5.676517496794971138e-05
-4.546564538790063247e-05
-2.980431243758114882e-05
-2.581527609820244627e-05
-1.230299009206323169e-05
-6.392638253251014994e-06
-3.603520982478795940e-07
-1.692133976991024335e-07
-1.980970820822960105e-07
-2.739779848497397087e-07
-3.370478994453465434e-07
-2.002171580179932987e-06
-2.649171379066161767e-06
-6.680189562840092409e-06
-1.302439109137166043e-05
-4.134617615190320415e-05
-5.594465519538919309e-05
-7.133774623810555464e-05
-7.824912077180263593e-05
-8.527761714592154189e-05
-9.277199891793602206e-05
-1.032714327721236873e-04
-1.127355068265276024e-04
-1.308960653282540386e-04
-1.574158825871056094e-04
-1.683353087582029311e-04
-1.661136186332225976e-04
-1.424527015683504764e-04
-2.097323350491385159e-04
-2.152730110188547574e-04
-2.274018779435666284e-04
-2.211594876571843697e-04
-2.144085762680881775e-04
-2.046228670501248740e-04
-1.954009894456612063e-04
-1.755903344359139575e-04
-1.484236654654624778e-04
-1.334729710553461712e-04
-1.293506693967078774e-04
-1.246908401469804689e-04
-4.281406579685248422e-05
-2.193213933026374974e-05
-2.892156980225434677e-06
-2.111062247954865274e-06
-1.328474926632151447e-06
-4.324745754316344704e-07
-1.385198312974406434e-07
-1.227404252514921081e-07
-1.225112986110465241e-07
-1.225013304297973277e-07
-1.222915352626260872e-07
-1.210462643649296818e-07
-1.196935883677660627e-07
-6.721389247514828099e-08
-6.695417438064738285e-08
-6.193037630375178539e-08
-5.995664136974265995e-08
-5.904515043720956043e-08
-4.954236166682801994e-09
