beta2
7.375559666833856644e-03
7.547556423591357706e-03
7.741162908844932689e-03
7.808714079269238328e-03
7.957876899074430369e-03
7.871795412239149942e-03
8.241972691679276541e-03
8.263129714284420807e-03
8.368035384545105190e-03
8.475236999654281803e-03
8.056757707957346720e-03
7.790644438250235795e-03
7.603456213612076568e-03
7.551597098627072825e-03
7.766434232953291217e-03
8.412929675727870774e-03
8.796388599344930059e-03
8.869237337801351428e-03
8.962749968630823877e-03
9.546753522545040060e-03
9.946414663511727108e-03
1.014157772887996391e-02
9.887097287481225530e-03
9.796342622445237264e-03
9.711044362316977041e-03
1.008996814542813085e-02
1.037269914114838029e-02
1.071962716295495402e-02
1.087184994420246215e-02
1.065949192506973620e-02
1.041975721614791725e-02
9.764723564141243595e-03
8.960851382326270181e-03
8.709567990048294739e-03
8.600536821450068328e-03
7.978491270478976771e-03
7.516092656090613520e-03
7.388973774161183145e-03
7.602906165969922254e-03
7.541389093666668944e-03
7.533233282557089128e-03
7.897186817428930583e-03
8.170850077120249758e-03
8.290667232876192116e-03
8.605182110627426773e-03
8.996762083721597525e-03
9.399798306704025899e-03
1.005044574770713739e-02
1.015787524241829227e-02
1.013923751345875875e-02
9.836433491169287863e-03
1.038426437419488757e-02
1.092969326111925717e-02
1.131065053791887112e-02
1.189654296662364698e-02
1.127944198795994592e-02
1.047298939085800421e-02
9.647314584876526267e-03
9.737834547501704463e-03
1.003145409883873448e-02
1.070554028846773705e-02
1.027097638686108941e-02
1.027232237670562022e-02
1.031952714841878962e-02
1.042396927068794943e-02
1.059391538294580243e-02
1.081523844703181567e-02
1.122749148059381738e-02
1.133123948727059356e-02
1.110029531688384342e-02
1.170709547376516148e-02
1.205689574937951827e-02
1.218625809510599095e-02
1.188919348573558299e-02
1.195690801803643566e-02
1.141196859817253904e-02
1.115441341538566181e-02
1.001926696499836136e-02
9.490644201987568501e-03
8.860345627812906202e-03
8.375338190516645395e-03
8.413105008909609744e-03
8.843755121884521592e-03
8.643463377098958497e-03
8.408402620321268894e-03
8.480796851048104032e-03
8.392192287446500337e-03
9.362613540042169502e-03
9.697626457390093671e-03
9.868871501643724370e-03
1.031891587471871728e-02
1.032410492092002315e-02
1.021098301739499850e-02
9.334864348787020108e-03
8.441130559968711838e-03
8.263793819267169910e-03
7.988337681765107778e-03
7.647662800535626887e-03
beta3
1.945963324058775719e-12
2.861741192158081181e-12
3.037895777215540460e-12
1.176020139291205242e-11
1.859896558192795159e-11
2.360067022740862350e-11
8.144196519510256311e-12
2.724835217327024816e-11
2.909288980092804245e-11
2.602882607324426838e-11
2.624293034428412839e-11
4.398156151165781131e-11
2.326792242574590311e-11
4.800882474852025397e-12
4.960051200788010238e-12
6.089147686836327748e-12
2.688023012613516618e-12
5.706175310121525297e-12
8.646771155011673446e-12
1.154320230514708940e-12
5.353003177423573487e-12
2.133207450274091726e-12
4.131842960115438612e-12
1.294652052273992764e-11
9.174573423172249229e-12
4.228963521791969625e-12
1.517184508954812365e-11
5.884108082293705195e-12
5.827580188989143410e-12
5.508271934869906765e-12
1.539739037475601393e-11
8.185626094284097854e-12
1.473665112865795792e-11
5.009856183379416380e-12
5.644985451926802490e-12
5.961307833436672882e-12
1.396631377492090110e-11
3.429741884663990352e-11
6.717151538452888062e-11
3.356816499460934541e-12
1.243469372713277770e-12
1.981541696807997488e-12
8.277364982013935253e-12
1.143019645398631855e-12
3.249125753882460336e-13
8.317920871235166771e-14
1.759436202096606848e-14
1.749526355498799312e-14
2.982959900773596800e-14
5.286231330269759671e-18
6.020273662549769668e-19
1.431607497709955234e-18
5.197371824136016291e-18
4.454573769536384600e-19
3.818916098803811291e-23
4.734850177770184670e-20
3.106103434508610757e-22
1.514927529123173696e-30
2.860754656477693006e-23
-5.124287209159359600e-131
4.714297379950205221e-40
1.828568376766225537e-35
1.175843452322168846e-33
1.178931855142204969e-60
9.720361947021369612e-24
1.292496598737385646e-21
2.693278038560193067e-20
-1.576873878500377851e-130
1.654924898719472894e-23
-5.480510735564435226e-24
-2.800781778925953287e-28
-9.786618098168558143e-20
-2.382144589796929382e-21
-1.363268478743070328e-19
-8.451053415045114731e-18
-6.032238407001904173e-18
-1.093117549930132776e-18
-1.959625874391024262e-18
-5.716219795951615019e-21
-8.534936125909189236e-21
-9.129918689242656150e-21
-8.447173340842926807e-53
-9.466210320740297077e-131
2.617843007340344175e-23
7.002789012980667586e-21
5.655140871804098690e-18
2.483065295304516057e-17
2.155921129181156887e-17
4.012617311151849731e-16
2.093874065402618336e-15
4.916288122381309569e-15
4.487885595713060489e-15
9.027475781401375588e-15
3.074524101784568086e-14
2.333411522970506293e-14
5.254465432002717862e-14
9.950024206951544480e-14
1.005104707992511465e-14
beta4
-6.086769806707538088e-19
-9.912537966982800124e-20
-2.122864505846112663e-19
-2.935623842657314368e-20
-5.452022050196442750e-20
-2.015778868257480275e-19
-3.145118972871519604e-19
-4.255788187094232469e-20
-4.177282848948145834e-19
-1.073556284087505930e-19
-5.970922265579597530e-20
-1.085747237762939532e-19
-2.689586961016322939e-20
-1.151860757968309247e-25
6.107509810523551903e-27
-3.949339038276951955e-21
-2.964016630574624257e-20
-4.620911096528134388e-21
-1.718996054947188066e-29
4.496020465254567688e-21
6.094668232416400592e-21
7.880261752882297267e-21
4.732488607581729855e-21
2.027252027592360260e-22
5.069760745181887265e-20
4.945344465731217640e-21
6.313065420995102307e-21
1.971958046124020153e-20
3.970065219603167079e-19
1.640166636819070441e-18
2.284156576674559996e-18
7.813428769906776856e-19
1.922320993182522957e-19
9.579717640047416821e-20
4.975756303296348056e-19
4.613357599787953591e-18
1.706184273725255620e-17
5.659093564318868998e-18
5.387378145410514455e-18
4.915286068058076584e-18
3.430138645143427021e-18
4.055775574670943895e-17
4.027802141066119385e-16
3.292697821035902596e-16
7.008699140894702207e-16
1.107911189487334217e-17
5.214047097260771363e-19
2.820773373620536637e-19
1.414634991686060404e-20
4.807425039760887506e-20
2.414361608287783956e-20
3.746311232373185421e-22
2.485173216956402273e-21
1.632554722169424039e-19
-1.755373648875693980e-30
1.115317530241777101e-29
1.014980089845035303e-25
-6.730394380229545060e-20
-4.923889283647528493e-19
-4.118394350288154676e-18
-1.182958684565701966e-17
-2.508008116932711779e-17
-6.868626621737900625e-17
-2.250025154767141656e-16
-2.702726040256024376e-15
-1.448343492921211832e-15
-4.196974059990889542e-16
-8.645926049160092278e-16
-3.431163664940151151e-15
-7.381037163757106497e-15
-7.112038945208583981e-16
-8.541371767691077757e-16
-1.274831448811645324e-15
-1.649373206060374239e-15
-2.451906610076107779e-16
-4.887405038205948053e-16
-7.787973776197082076e-18
-2.161943938049207588e-16
-8.890106749889064469e-17
-1.051547472282349292e-16
-1.173226092268755137e-16
-4.214639236901686119e-18
-4.931546960485699678e-16
-3.547899550118394224e-16
-1.421769397624007245e-16
-1.036392027513621601e-16
-9.511179200682843582e-17
-4.299781241758392504e-17
-7.340865167056695758e-17
-8.256989629927506009e-17
-8.220522305706763107e-17
-6.462691943848529662e-17
-3.051332875117397934e-17
-6.635071208686602834e-17
-2.281266111877882745e-17
-8.566187714022772875e-18
-5.897867672019712441e-19
-8.248361197563045141e-18
beta5
-9.776865216457726051e-14
-1.639713402795548546e-13
-1.551529607534408966e-13
-2.025217209342641488e-14
-9.339433775596117904e-14
-3.546062002122667233e-15
-4.300664233876923165e-13
-8.699658500202696348e-15
-6.277039824079617962e-14
-9.198963845951493248e-15
-1.060378351729875514e-15
-4.839250670806690121e-16
-1.288863712216767307e-15
-7.814321166793722552e-17
-3.669879846840649954e-16
-3.525568440113423999e-18
-1.737944176345944093e-18
-4.852804028628931695e-16
-3.528238255062117112e-15
-6.898078062546290967e-16
-8.766917711061937428e-16
-6.846155584060642190e-16
-1.049455122282380086e-15
-2.857615631672577479e-16
-4.311676491461113106e-16
-1.098402102147219297e-17
-1.542795619751480372e-18
-9.436710935372672074e-19
-1.313681058056288637e-18
-3.310079340546227199e-20
-9.302160995507566166e-22
1.390272869319911775e-28
-4.014678983043591962e-21
3.777943181416321506e-40
-1.191442844971254051e-30
-5.166872123824641578e-20
-1.530406520116825322e-17
-7.327212069848367777e-18
-1.785759949112731912e-15
-6.725248383542274454e-17
-5.099188027849780033e-18
-1.308849806928045669e-17
-4.450424563155587585e-19
-5.701128889427255436e-21
-1.389649288909063501e-19
-2.944717215703458244e-20
-1.205539239606063304e-20
-7.418287592005728347e-21
-4.277730988256219391e-21
-3.618858929764510252e-20
-2.310264223470743061e-20
-1.615227269358177547e-20
3.528945410256714967e-23
9.223736080168217600e-21
4.470487674448638185e-20
3.957510705814818646e-20
3.863205123502974204e-20
1.856604872419797039e-22
3.227538426718484708e-21
3.331622124071160116e-17
1.134502343611302203e-18
5.883867132465055082e-19
5.262600240734067250e-22
7.212891299147601183e-21
-1.912124683341653502e-21
-3.097873659093799625e-22
-2.751256935100808768e-20
-3.929532134561329168e-19
-3.111435069006050378e-19
-4.480232504521085469e-19
-4.037385409070119703e-19
-6.209555248336105110e-19
-6.461351510090001617e-19
-4.489287276947888085e-19
-3.236552659221327252e-19
-4.873094312611407138e-21
-4.446587252052710651e-26
-1.997851239405522101e-38
2.785838657816825486e-21
6.868110718982990905e-19
8.792895645438217830e-18
2.999730637340280435e-17
1.498797890486284669e-20
3.593276040352739727e-19
4.586769497854329527e-18
5.910301942873194179e-17
1.614189344276111518e-14
1.962012604402835923e-16
1.272388668332500835e-17
7.818786646910353691e-16
3.523716672370270051e-15
1.007659055439141177e-14
1.740429138589179463e-14
3.113718483796536596e-14
3.720971916040066566e-14
7.234189508851462113e-15
4.214431072597173005e-15
1.081504273703511186e-15
