-3.362144538011895695e-02
-1.705320228092985571e-02
-4.736088080508028125e-02
-1.652966693004032095e-02
-1.757832217337250771e-02
-7.961927145030449349e-02
-1.410617402785499519e-01
-3.739089385127807308e-01
-3.655858661205211857e-01
-5.853967570821798638e+00
-3.595076248429671106e-02
-6.202372372496356423e-02
-3.121041456757531196e-01
-1.152402282699660052e+00
-1.147646990438062342e-01
-3.496304515750867092e-02
-9.301987926220164904e-02
-7.945535114362965723e-02
-1.247965747581677998e-01
-1.596814721050286712e-01
-1.917412718099585286e-02
-4.047839917175088259e-02
-2.721974197253138605e-01
-4.431827910280836808e-02
-4.288228269374574908e-01
-1.159091692407472785e+00
-1.145730003813082210e+00
-1.510914342374777952e+00
-2.201762394693660863e+00
-3.477962592994380930e+00
-5.688001486363744696e+00
-1.834840385217448500e+01
-2.537314466529359547e-01
-2.818042997994601312e-02
-5.705982836401560926e-02
-7.635714346352533155e-02
-9.149520867597835116e-02
-3.723713552934929810e-02
-4.491435963631469977e-03
-2.062397561756114939e-01
-1.123860725544693212e-01
-4.417613641326904039e-01
-4.272953192095083064e-02
-7.683053953165178140e-02
-1.017814334204025922e-01
-2.086028469111176620e-01
-2.033331603536652765e-01
-1.331368526522298534e-01
-9.724086678341051226e-02
-1.129127706459303188e-01
-3.594104377007489304e-01
-2.822690805405024539e-02
-6.587757984387879739e-01
-6.164500125737741240e-03
-3.574202614685921802e-03
3.778793231278507485e-05
-2.245718657810497326e-03
-5.055414471962668861e-03
-3.291133136213023752e-02
-7.942469754276527960e-02
6.285309883808048656e-03
-1.638636682772387195e-03
2.103354667381850725e-03
1.221527883846913742e-02
4.453567638121753969e-04
-9.470492214662194329e-04
1.492877487653849686e-02
9.127115686048417609e-03
-3.616735656556035496e-03
1.962495927240462401e-02
-1.338760946684513370e-03
-1.920494743068401047e-04
-2.105723107155000468e-03
8.728814747477829303e-03
2.608318267493097212e-03
-4.794927786054770102e-02
-1.982665833217673451e-02
-5.805733000391050461e-03
-5.139969901052629520e-03
-5.972862052832222761e-03
-3.591707954768370674e-03
8.985441461501179547e-03
-1.106082024534384492e-02
-2.299014908474781085e-02
-1.249192795615034629e-02
-4.058793457144212191e-02
-2.096088453412306082e-02
-7.359431686221314106e-02
-1.394034915365402749e-01
-7.407359081610040419e-02
-6.349431266878746705e-02
