1.308491908241083855e-03
8.288841672033882887e-04
1.033216155668299644e-03
9.117890400144842197e-04
8.456598614402730798e-04
8.408140188590878519e-04
8.691629626421749953e-04
8.123439762375155070e-04
7.152266580674640321e-04
5.456625067739499877e-04
2.592327133491454066e-04
6.011646248215633641e-05
-4.753473860017283438e-04
-6.394981723715440760e-04
-9.475350460797357308e-04
-1.095030219418395654e-03
-1.241377837390441816e-03
-1.133796095222180467e-03
-1.214389930033349775e-03
-1.323360086851087941e-03
-1.412814366702493107e-03
-1.445634384459690757e-03
-1.205778937588792427e-03
-1.250588134553051170e-03
-8.490261564905276885e-04
-8.568554207125629943e-04
-8.611135611553850109e-04
-8.504389352042277710e-04
-7.646438830344939050e-04
-1.011504491550075041e-03
-1.019649088487183369e-03
-8.431048637243789218e-04
-8.823800593800811389e-04
-8.423779529558978428e-04
-7.476229384318142232e-04
-2.901726546995866984e-04
-1.084733828919203213e-04
2.386192517992053851e-03
3.050299491541820507e-03
3.335719858730197204e-03
3.460225170621620064e-03
3.729246877385745517e-03
3.952697301554964834e-03
3.934039475189829611e-03
4.277453261979138541e-03
4.481903416221824990e-03
4.615598517421196437e-03
4.618334784404819725e-03
4.727054102455230562e-03
2.488482906313340542e-03
2.202557490344371829e-03
2.118603917158206739e-03
1.994753708935401420e-03
1.865300675706376560e-03
1.938777106269638090e-03
2.369531861185391469e-03
2.118637666507353252e-03
1.920793413991916986e-03
1.915441989509497926e-03
1.691580601760038537e-03
1.262206378724800961e-03
9.146622911607155517e-04
4.059986551759287260e-04
-6.723703850249366717e-04
-1.349199478369571747e-03
-2.019839965271171857e-03
-2.553894649889787080e-03
-3.289791196479065899e-03
-3.403983112296502574e-03
-3.601237244201214993e-03
-4.046615054664794327e-03
-4.219032912992032834e-03
-4.292647074258634961e-03
-4.099635749223454022e-03
-3.838006784708812829e-03
-3.002926172425091512e-03
-2.569160560990467208e-03
-2.100070621282504931e-03
-1.929057918995504342e-03
-1.759301384542130567e-03
-1.745049798929607619e-03
-1.670076531048213589e-03
-1.790405097512048904e-03
-1.728611253371556931e-03
-1.588323720351974460e-03
-1.648159645608371837e-03
-1.798140762704988948e-03
-1.777362100285153441e-03
-1.737860060212943931e-03
-1.773521844541427585e-03
-1.656284296546048189e-03
-1.867832601218025494e-03
-1.801261184084789260e-03
-1.702351733806909719e-03
-1.786658964811752189e-03
-1.828991127312875600e-03
-1.758661912325831973e-03
-1.695932020021961991e-03
-1.539262673572950246e-03
-1.376006140105467740e-03
-1.173467751537713008e-03
-9.723072761558468335e-04
-1.089953188874632356e-03
-7.655842570683076475e-04
-5.823007600374393482e-04
-4.398989375420888671e-04
-5.702696576130912454e-07
1.649431440766537611e-04
2.164759057699248198e-04
