8.744905644585400871e-05
5.240862533400215267e-03
7.479117605861348474e-03
8.101738209963191620e-03
8.179822421320096654e-03
8.035018042049778264e-03
9.106299025419387072e-03
8.859509808794470420e-03
8.582435494247704633e-03
8.897606084499711659e-03
9.567041942098166926e-03
9.961178212644325111e-03
1.039483236971490247e-02
1.018732884265381895e-02
9.546606424471325292e-03
8.626502539716153148e-03
7.590373921842916323e-03
6.969640225085589093e-03
6.305626554980867625e-03
5.847078044385262303e-03
5.415443006284179593e-03
4.688991871892055074e-03
3.875578785731544681e-03
3.017793492954800195e-03
2.225440048808407806e-03
1.518149394310996285e-03
7.473753414288424393e-04
2.672698474344139207e-04
-2.572559835750255872e-04
-7.429748387587200090e-04
-1.208995938135748157e-03
-1.773241028948261376e-03
-2.019720679188690120e-03
-2.371478394703645850e-03
-2.640755641380099477e-03
-3.029061347531863957e-03
-3.604375475645205020e-03
-4.323990469130567504e-03
-5.295884067227446534e-03
-5.613016292498309613e-03
-5.828071689871954474e-03
-6.119365377227591919e-03
-6.716743945059056031e-03
-6.334980706691521746e-03
-5.313932351645490014e-03
-5.231012766777498428e-03
-4.856092029481233648e-03
-4.724939227782847320e-03
-3.360142686240578241e-03
-2.920219229510287017e-03
-2.841120677112941601e-03
-2.718247895426149918e-03
-2.160541358478790253e-03
-8.948364707596378510e-04
-1.497312679807299421e-03
-1.895184029912721233e-03
-6.475662628937354538e-03
-1.274845463053003551e-02
-1.267053210220092825e-02
-1.296267529078913398e-02
-1.218168157267419775e-02
-1.158564945484980881e-02
-6.951099325633130349e-03
-2.066343923035803551e-04
-5.831867189012405897e-04
-7.757531673938701522e-04
-8.966694458965827896e-04
-1.025983375168019324e-03
-1.186026173184282851e-03
-1.343302301626608233e-03
-1.472500786598396295e-03
-1.825147457400351806e-03
-2.108231383199001517e-03
-2.297816054413385524e-03
-2.589317686469061550e-03
-3.441025068682651480e-03
-3.230811767731484388e-03
-2.816066513305473529e-03
-2.348587434314430844e-03
-1.851743744982870844e-03
-1.234486311800504386e-03
-2.096392923476615852e-04
-2.786668235960359933e-04
-3.522939313897541637e-04
-5.778230400358585128e-04
-7.983345246352051153e-04
-9.743911316890571358e-04
-1.129858088175359236e-03
-1.347366095230296103e-03
-1.706845871341189759e-03
-1.774047309296568559e-03
-1.871557559316617582e-03
-2.010357323212621106e-03
-2.120829930411576199e-03
-2.162599269373563244e-03
-1.998870433896534401e-03
-1.950031256733642448e-03
-1.736045255346959368e-03
-1.393885955735152567e-03
-8.834740570786552569e-04
-4.012002953659035503e-04
1.590883035441975887e-05
2.845707369953840945e-04
4.990729226049706469e-04
7.265547691955603514e-04
8.158661283819341505e-04
9.220055108439994184e-04
1.044935245783558094e-03
1.139011210842207295e-03
1.238308273050769308e-03
1.202269808980841034e-03
1.289032947473738857e-03
1.370538026661795522e-03
1.326288076267625798e-03
1.257194948045211235e-03
1.110627314044210657e-03
1.085464527663972372e-03
9.503828650078136910e-04
7.733261478158254048e-04
6.628473229471832555e-04
6.286053492317580579e-04
5.645562814224425532e-04
4.455885208941867963e-04
3.062377279597692354e-04
1.684822749667069190e-04
-1.233745776444108890e-04
-3.937715584544488711e-04
-4.730396567375163880e-04
-5.879353384505121242e-04
-6.263697533259728837e-04
-6.695108387465660213e-04
-4.832067477453562692e-04
-3.507392037152791062e-04
-4.791168789708070801e-04
-6.585019976480145773e-04
-9.652745957544989165e-04
-1.429627927106645081e-03
-2.292073821768910672e-03
-3.374923503893883809e-03
-4.085796272271484918e-03
-4.716756089665176226e-03
-4.923223416871561585e-03
-4.709201514848011978e-03
-4.076688644524314314e-03
-3.205827928913182554e-03
-2.597841988247452227e-03
-1.819265947650253873e-03
-1.357625952224689398e-03
-1.176742962251391350e-03
-1.128039785986034022e-03
-9.951177577710392831e-04
-8.433380422263234664e-04
-8.963645154379003407e-04
-1.000171586856781272e-03
