1.581947250304178640e-03
2.541250357536729929e-03
1.567457683374601229e-03
1.425759203150366288e-03
9.988064185257896320e-04
1.112617263366049228e-03
9.189466800480940297e-04
2.503252952221854399e-03
2.666571602474790068e-03
2.436113992761174650e-03
2.286035485744021458e-03
2.128776880232378065e-03
1.403000439508307086e-03
-7.636064907092466811e-04
-2.170756943803094953e-03
-1.861829286013406927e-03
-1.833244101732334512e-03
-1.632051872781092004e-03
-9.658303778765493742e-04
-9.957001046187524337e-04
5.635499547710511687e-04
1.950208023381024914e-04
5.233376875172166811e-04
-9.843756785276164517e-05
1.008304902159276199e-04
3.682247722630218180e-04
9.235175259182101326e-04
1.238570793210017019e-03
1.774442607095441616e-03
2.178820422833313650e-03
2.715356392433210860e-03
1.719808006646953227e-02
1.672364638865137323e-02
1.664233776029291553e-02
1.675706802354050978e-02
1.686188193181772932e-02
1.632816022754442209e-02
1.523201034437917517e-02
1.506574295536637111e-02
1.515799832823824106e-02
1.475577891045517197e-02
1.505398934578967667e-02
1.499120931586266775e-02
1.506803182316611813e-03
1.768842269053914852e-03
1.867583680810812807e-03
1.761598374953926701e-03
1.503733181455222528e-03
1.370993645758115768e-02
1.412427301675400586e-02
1.462622339021526358e-02
1.462191742267218708e-02
1.450819271681512944e-02
1.438902951695460695e-02
2.728274203484851949e-03
6.140976300047946805e-03
4.884184819359268549e-03
4.378282638396206392e-03
4.292804447965392969e-03
4.154797291994818086e-03
3.445360162592158229e-03
-1.705346478518647015e-04
4.255928325617476526e-04
6.369621972322380603e-04
6.690246798869977718e-04
6.255828519181475325e-04
1.005923077759430335e-03
5.317906969772480267e-04
1.533091781572868209e-04
2.158766511817000516e-04
1.796947955125820413e-04
1.809415852870446611e-04
-4.267518887517071646e-04
-7.027812766421793035e-04
-5.607749058833506406e-04
-6.023188353703215437e-04
-1.082250124266954895e-03
-1.132887469878620995e-03
-8.973415317253496904e-04
-4.350671557896716095e-04
-6.009677389325589073e-04
-8.626947004164664751e-04
-1.424081560264868354e-03
-1.357687436542138158e-03
-1.347047219494344012e-03
-1.408534296617892706e-03
-1.364512444929695751e-03
-1.088897626091694026e-03
-8.840480777439609441e-05
-1.914302565878350738e-04
1.859825103265372025e-05
-1.143297853056741362e-04
-2.019256279783364141e-05
2.898759351660108578e-05
-3.605293058473345497e-04
-6.338157822710954780e-04
-9.426091865333046044e-04
-8.768165996719997626e-04
-1.097543745841256897e-03
-1.381813358139666109e-03
-1.441210644640765091e-03
-1.206256589475825742e-03
-1.346315206846019968e-03
-1.344102995426246436e-03
-1.565389434985540789e-03
-1.532010537090418463e-03
-1.234140096519738055e-03
-1.447991678441847008e-03
-1.249778167927057242e-03
-1.276326192113910437e-03
-1.042692120729803336e-03
-9.233547434304999234e-04
-1.148963086900449100e-03
-9.017933014760209226e-04
-8.276310376434055415e-04
-7.791059849569566959e-04
-6.395518669099283134e-04
-6.465015830561900894e-04
-3.194897613424791901e-04
-2.658491804775918780e-04
-5.083405535486668937e-04
-6.299597044231837690e-04
-7.692441210978137253e-04
-9.433015147571813383e-04
-1.201203737768346278e-03
-1.343206084614429613e-03
