4.487903722579634388e-06
2.306976530524757122e-06
1.542996212998110495e-06
1.157247159748582924e-06
9.257977277988441891e-07
7.714981064818467141e-07
2.351415271857427980e-08
-9.818291162385074519e-08
-6.879791854766900987e-05
-3.433419767585374331e-04
-5.672006340915485998e-04
-6.074164060700813685e-04
-6.131608998265089495e-04
-6.225390373593307682e-04
-5.539148392830912362e-04
-2.793708563856123032e-04
-5.551220080831803944e-05
-1.529642882978758485e-05
-9.551935073359934411e-06
-7.310869927406649961e-08
-7.706892325983197438e-11
-1.752687876880631536e-12
1.873220268220976773e-13
1.873442877953354507e-13
1.873955783246914531e-13
1.879230578094883125e-13
1.970481732551217799e-13
2.676307047412034234e-13
1.554412552256169395e-10
1.561714550200980932e-10
1.631569667167356916e-10
3.154658982721196687e-10
6.152674791675413850e-10
1.220495142621726137e-09
1.154786046026821228e-06
1.169353324468856943e-06
7.391248940741874369e-06
4.214070722406071585e-04
4.222348843454864446e-04
4.565517079104820515e-04
4.595854132413768663e-04
4.620104483870273262e-04
4.639682278077089900e-04
6.287804423929662344e-05
6.813760902827556670e-05
4.054704107344249522e-05
5.129213105212313586e-05
7.860512736917051903e-05
8.586691274041923676e-05
7.581666935760335518e-05
7.269737115844151782e-05
6.739930287271597123e-05
5.321328956734098500e-05
2.434731552000922100e-05
8.938999970840399815e-06
6.079380986610935255e-06
3.112299000603626186e-06
1.683516323670688608e-06
9.370739542892524962e-07
5.046008068084559476e-08
1.730824368555674008e-08
1.378569828115595912e-09
8.205023033662982986e-11
7.210163446315575850e-11
1.155801369640280039e-11
7.611447359081535499e-15
9.239056344847212394e-18
9.066887884471899181e-20
6.740469740635861878e-20
6.740211883698052798e-20
4.916239312371927081e-20
4.453552692367072664e-20
-1.386861473548369267e-20
-1.386861473548369568e-20
-1.386861473548369568e-20
-1.386861473548977740e-20
0.000000000000000000e+00
0.000000000000000000e+00
0.000000000000000000e+00
6.740209117669647393e-20
6.740209117693292998e-20
6.740209129782361278e-20
6.740209527770165385e-20
6.744237354009467014e-20
3.243039645230641645e-19
1.955330183924997263e-18
1.966623440559626695e-18
1.722493327609588461e-16
1.760524966048541050e-16
2.170281082567524608e-16
3.034008431236280100e-08
3.034008524516521923e-08
3.034043962637908772e-08
3.035715761394677043e-08
3.036092925935575465e-08
3.060341294616480480e-08
1.084690205027474688e-09
4.491344762643850421e-09
5.966486914554695330e-09
2.419631725380758163e-08
1.707594689577853945e-07
3.453063589160535694e-07
4.980110513585859965e-07
7.590136747843139106e-06
2.911250627513806589e-05
3.735104185618688059e-05
4.421940176305348783e-05
8.088899756789722667e-05
8.824983648129330427e-05
1.293828403020384711e-04
1.130024978585227724e-04
1.314444538981092132e-04
1.439624753747602824e-04
1.396465752234731536e-04
1.396638662554516689e-04
1.087398297209761196e-04
1.585640797528577010e-04
1.449220271813054031e-04
1.532294013994220893e-04
1.256307581810709600e-04
1.199489030563639924e-04
1.043764335796589160e-04
5.235974219905679586e-05
3.971040724098970733e-05
1.284141095658229780e-05
8.205295978830256238e-06
7.216904194126632337e-06
6.841654525167912601e-06
4.006265570785044870e-06
7.375361084805849792e-06
6.470086108877194208e-06
8.031596413474982948e-06
7.485922597138615563e-06
6.142179669424600759e-06
6.039147046888873941e-06
2.262702348937136923e-06
2.196657112587411350e-06
3.414209632580051193e-07
2.568568984606887418e-08
1.264812498145322793e-08
8.640213601759027900e-12
1.287958886076229205e-11
3.869289285742937958e-11
3.782236958479498196e-11
4.607081020454368834e-11
4.634582993474839076e-11
2.159718420848664257e-10
7.171273774817610971e-09
7.756945541570731366e-09
7.760694158517424264e-09
7.752445705223859310e-09
7.752170682365009305e-09
7.582374764874107843e-09
6.213778748338561455e-10
3.864502329464281317e-12
7.538557208355477337e-19
7.534081899657933588e-19
8.298900504682415199e-20
4.263326275330925102e-20
4.263326275176930753e-20
3.806457689868081164e-20
-1.056412069879285314e-15
-2.279452552742118615e-14
-6.227897824987206575e-14
-8.293815949384110844e-10
-3.149956709341828613e-08
-3.263498485066425254e-08
-1.132289058164950277e-07
-1.261961548311293247e-07
-1.533898510441908615e-07
-7.902366894441100358e-07
-1.023374692569428604e-06
-1.258265308006178924e-06
-1.588380580582352912e-06
-1.610341167311344328e-06
-1.589652046713257124e-06
-9.590805014673664695e-07
-7.179939352880801068e-07
-5.752388519665712352e-07
-3.364442463553909477e-07
-5.099442878033824929e-07
-4.331933581661640867e-06
-4.638082220234387560e-06
-9.433551427676199814e-06
-9.714682719865925194e-06
-1.157402937209559094e-05
-5.860421801288360116e-05
-6.268498076652686917e-05
-7.064493161228805565e-05
-7.397030493174688393e-05
-2.618740678916890090e-04
-2.684821657273871718e-04
-2.217007761044929501e-04
-2.145324832276936436e-04
-2.094178407708325305e-04
-2.117162134559823043e-04
-2.030831154227826126e-04
-1.963360222378381429e-04
-1.961022743914615383e-04
-1.953972041338384539e-04
-1.922497010961325605e-04
-1.818131063256644617e-04
-2.207702656167897549e-06
-3.301443368941285840e-07
-2.071842028374306136e-07
-2.095579488976200837e-07
-3.152783344157774444e-07
-3.102313240338181919e-07
-2.708268150437951348e-07
-2.561193984324113583e-07
-1.556004651851781937e-07
-1.173331940606569143e-07
-5.542063166752306983e-10
-2.591526717942695537e-10
-1.623537814520191712e-13
-6.268333600714195200e-15
-3.125348924162933371e-15
-1.109046634680946745e-17
-2.405129938322010721e-19
-2.405240993181647582e-19
-3.303822630788136840e-14
-4.798841506835324075e-10
-5.731207427935251756e-09
-4.118525854883845650e-08
-5.280761472129069728e-07
-1.635739095073382177e-06
-2.371383358271622557e-06
-3.139093888853630912e-06
-3.762972067441035457e-06
-4.833536294798417616e-06
-5.633317209916586192e-06
-4.907360421766862248e-06
-8.642503193735815708e-06
-8.106524489717521203e-06
-7.752996708346547916e-06
-9.959888449695170160e-06
-9.417148971117525705e-06
-9.710712630972004523e-06
-5.616550403254851372e-06
