1.583198706346281449e-03
9.730128317103275493e-04
1.247536426533183817e-03
1.062998873009689390e-03
9.302649642208869274e-04
9.073325461870854203e-04
9.101094524521972191e-04
8.091742260655202142e-04
6.811794965546291930e-04
4.342755859056154455e-04
8.525621408607309980e-05
-1.739427111809504296e-04
-9.028456525786930078e-04
-1.106689234267796028e-03
-1.607218308930758247e-03
-1.780391024543250336e-03
-1.978811068775775898e-03
-1.908580394698918730e-03
-1.969806533730918564e-03
-2.086670698222610910e-03
-2.225455194519806827e-03
-2.319165416260592170e-03
-2.055588470032947146e-03
-2.148391447383292668e-03
-1.650446605478928137e-03
-1.670345410927295176e-03
-1.619575564892824409e-03
-1.650565966724410480e-03
-1.560643473143646237e-03
-1.860816588866257568e-03
-1.912697838062670788e-03
-1.722717387714269672e-03
-1.877907196808829707e-03
-1.829133820205910933e-03
-1.652629662012410463e-03
-1.025081728963734813e-03
-7.622391079510369488e-04
1.600650090434508959e-03
2.406146223265246634e-03
2.790821277286840377e-03
3.013820191828690473e-03
3.434286159032787309e-03
3.795798544384992781e-03
3.805228713820961884e-03
4.432141774186063900e-03
4.836661198245314174e-03
5.088607791532494262e-03
5.161409487961354965e-03
5.287430386702126998e-03
3.224645539743543638e-03
2.861194891596191472e-03
2.908205498182245535e-03
2.828121769211541531e-03
2.702904800801402083e-03
2.885427224239977152e-03
4.299629821339803586e-03
4.137458883949449336e-03
4.025440448892999082e-03
3.918461532503286077e-03
3.550270504837122528e-03
3.092562412044357490e-03
2.784947735835281019e-03
2.357496035646313316e-03
1.561750249421931013e-03
8.687472061718127039e-04
2.650876644150096145e-04
-3.221005359004640019e-04
-1.952548019935465519e-03
-2.081639947357322943e-03
-2.233768220712770234e-03
-2.500564906718687804e-03
-2.426547986917171936e-03
-2.324580482431835935e-03
-2.102512106278254383e-03
-1.736407813773481251e-03
