1.209391267745955206e-02
6.218317444030861674e-03
2.071251619129223231e-03
2.163616223487425331e-03
4.991174262835955389e-03
7.421832119683947383e-03
1.058953787822551271e-02
1.867324098797889381e-02
1.703670858787850739e-02
1.194617437447495836e-02
4.014766810785322035e-03
5.969326627293100119e-04
1.329008288858222944e-03
4.493929449514100227e-03
1.739932984799262995e-03
1.695971590031615257e-03
1.476341404968801486e-03
1.120510304361787852e-03
3.586489951860425546e-04
1.536692282909764772e-04
1.296413464872900187e-05
2.860967531694439059e-05
6.207826834032258894e-05
1.194710345575924598e-04
8.171089322841796352e-05
2.699825875412488257e-04
1.429602242157063585e-04
4.987881296961075954e-04
2.605960318480612806e-04
1.858496207703664552e-04
3.663121079616276331e-04
5.068705143663700032e-04
9.231604889225360471e-04
8.959747580061291211e-04
9.788504826928130960e-04
2.994396602591742861e-03
7.620200496191887208e-04
5.851564485009457797e-04
2.125878976606669114e-03
1.405679510827554258e-03
2.513229926047732925e-03
8.565101398489401510e-03
1.747149364138073351e-03
3.527277305306104720e-03
5.133918147109925272e-03
1.766373634922383884e-03
1.783151772222822760e-03
5.939996825920938750e-03
4.658944937750887291e-03
3.133103948944689250e-03
1.543224981303721165e-03
5.294830222898493435e-03
2.922370262078030807e-03
6.074316001181263164e-03
1.024897499406582195e-02
1.518046621600312174e-02
2.702680846314958751e-02
1.740784174599298642e-02
1.889108407481229074e-02
1.287025703868695768e-02
9.100140062453786552e-03
8.824571927975095875e-03
2.040623123800172026e-03
7.011615555530784256e-04
2.594311914541680203e-04
1.871880027779475471e-04
1.895624502876309112e-04
2.093445207610714520e-04
1.388850629691509939e-04
8.097497832010919683e-05
5.096075184699815216e-06
2.183196294482566546e-06
6.574958357173999384e-06
8.759090850736386911e-06
1.691524354701110370e-05
9.539308125345670778e-06
1.493698868609282986e-06
-1.037537558692354429e-07
-1.628746826936786673e-05
-6.743056724496852253e-05
-4.536305259744628825e-05
-3.941030162275768495e-05
-4.403158066185804565e-05
-3.482629090512885162e-05
-2.758216076490631070e-04
-2.871394491638720606e-04
-1.724348360527701827e-04
-9.623632565815984038e-05
-1.003733513993705894e-04
-1.268476418511316792e-04
-2.493692642594767589e-04
-7.465065758064415064e-05
-4.318750967959333507e-05
-1.376701691497680870e-04
-6.787670293261302166e-05
-1.873039763081129868e-04
-1.817418837533566758e-05
-1.130998595517936527e-05
-5.873329017707191056e-06
-1.863186322888482871e-06
-1.820370260757607435e-08
-6.028582281156629386e-09
-7.514879846027578639e-08
2.028016980445334005e-08
3.073568015763833254e-07
2.575775614174918470e-07
3.690916182499971268e-08
1.707856959702587414e-08
1.885114280436034335e-07
3.000994731132434012e-09
8.698180075609728870e-07
5.951178364809545550e-07
7.951996345832453001e-06
8.615975103081549970e-06
1.116766376304258147e-04
2.895672014361613854e-04
1.380037407291615338e-04
1.839440890112872319e-04
1.143636157059072140e-04
5.415069239764949000e-04
1.734812036621463747e-03
7.486972021125221305e-04
1.083050372572532402e-03
1.489733528302846540e-04
1.449118392434679153e-04
4.003130221883624898e-04
1.821595683932448128e-04
2.584103729085470737e-04
6.946267920674815629e-05
2.460016799549230530e-05
1.092314786409300301e-04
5.697653405841004905e-05
2.125482123892176347e-04
3.870154665339655331e-04
1.921105883376956862e-03
3.081085936807149983e-03
3.170744270383914556e-03
3.833733620170481785e-04
4.395971820220092945e-04
6.140861148633613509e-04
5.181323264349950615e-04
1.082639366098636473e-03
2.948863350984530854e-03
8.592030748866819317e-04
4.159250100336542592e-05
1.499156613206952037e-05
1.208831750390875372e-07
-1.056219756178855317e-05
-4.666090050878020509e-05
-9.987356059471585502e-05
-1.023127714212037278e-06
-5.594331747389268204e-07
-7.079003264393632610e-06
-6.656049101012034237e-06
-1.372491576220831780e-04
-3.234116785868772388e-04
-2.079983766283049151e-04
-2.470583141644346254e-04
-1.609049083203466072e-04
-4.346096324121090891e-04
-3.916793005709889169e-04
-2.349961394513154695e-04
-5.119679228157570771e-04
-5.630629854401819536e-04
-3.703783855072104473e-04
-6.222748560271334269e-04
-1.245289221108377385e-03
-1.350724657264063466e-03
-1.413920943955974951e-03
-6.474469095068336507e-04
-2.868080482436000719e-03
-2.432135855599309483e-03
-1.243410798415252446e-03
-1.883071699278597751e-03
-6.128766605440388914e-04
-6.085614663453448037e-04
-4.771454454148039439e-04
-2.131374670466780409e-04
-3.261450935157031179e-04
-2.585604467742104733e-04
-5.050744754678088925e-04
-4.537078491466884278e-04
-4.127680985978641505e-03
-6.163430849849440944e-04
-9.498572088911594932e-04
-2.886634762558119849e-03
-3.200755843798827258e-03
-5.320763559543278953e-04
-2.912062059868437015e-04
-1.278084011688883717e-04
-7.318883729029460267e-04
-1.387640671985747960e-03
-1.792664738172700719e-03
-7.630459784859770951e-04
-4.601973167942524775e-04
-1.956857812256373487e-03
-9.944401945883780437e-04
-2.317684925430370713e-04
-3.582267962799926897e-04
-7.196307663444510795e-04
