beta2
1.023294613058815458e-02
1.021627914952491847e-02
1.021443942713585150e-02
1.015203872704084631e-02
1.018340351881292724e-02
1.018948070578230489e-02
1.021453028274161429e-02
1.007851137437644137e-02
9.866801833738501545e-03
9.704455086783390222e-03
9.932149457620310928e-03
1.004275019932096211e-02
1.032246135081179433e-02
1.061870815322167767e-02
1.068150718683292914e-02
1.073582715419754349e-02
1.083241577725152505e-02
1.085568382493560212e-02
1.088850294840147843e-02
1.096863886430336082e-02
1.096101970278037449e-02
1.127892605816718449e-02
1.164631365602378232e-02
1.192035082831614280e-02
1.221089475730244116e-02
1.219460552525998553e-02
1.224017490088845535e-02
1.237974987166143986e-02
1.247514857206578377e-02
1.245255835150104427e-02
1.227150246149767004e-02
1.193341082786939129e-02
1.190035242731298654e-02
1.181995190481988089e-02
1.194812143363637932e-02
1.184013361813339785e-02
1.190828607172749257e-02
1.193233251456905092e-02
1.172210146556362451e-02
1.157674075766250421e-02
1.154708866493138475e-02
1.157495368473885136e-02
1.158349657324733890e-02
1.158401600017674830e-02
1.168390019475659680e-02
1.174854748453961310e-02
1.187409060712838610e-02
1.175388099031676563e-02
1.192574844102335316e-02
1.208696002835304636e-02
1.222998894702971920e-02
1.247994014030849932e-02
1.284507348808818818e-02
1.316383354391815336e-02
1.363497176757680861e-02
1.412081361053901113e-02
1.479897803437168514e-02
1.535067595804295512e-02
1.532920118627739345e-02
1.533824321848679603e-02
1.531498006422838884e-02
1.541592802588959837e-02
1.541332194251581258e-02
1.514776408308936284e-02
1.491404072038757245e-02
1.455426558192427638e-02
1.417593573903480446e-02
1.410642139020072336e-02
1.400399691545615999e-02
1.395981927894587513e-02
1.359890326784160899e-02
1.335764140418341933e-02
1.311600601757397476e-02
1.283124134668101567e-02
1.234572660313885614e-02
1.210323671728736478e-02
1.192779540028137547e-02
1.130659420940879900e-02
1.069052108369548948e-02
1.014608699429057730e-02
1.007894240447741382e-02
1.016215881909746446e-02
1.024135847832787979e-02
1.018854242900635310e-02
1.023246686033729355e-02
1.027965336587853551e-02
1.037311222837130134e-02
1.057882398224045672e-02
1.059498312248727606e-02
1.063780213008291842e-02
1.079417423619563263e-02
1.075318026702965293e-02
1.066109882815011872e-02
1.049523976854353433e-02
1.029841232752259916e-02
1.030252367278198036e-02
1.033324123073261352e-02
1.035664160975240111e-02
1.036743499254776102e-02
1.033694509057562182e-02
1.029356774652646217e-02
1.038184607521658309e-02
1.041175573236641748e-02
1.043910811255805218e-02
1.047494558358810952e-02
1.037753492574994274e-02
1.040750249121386722e-02
1.030557632711702476e-02
1.035795421689241977e-02
1.048259470621833167e-02
1.073844371289883401e-02
1.094613731183098279e-02
1.102678808804225322e-02
1.110067360543404158e-02
1.100551946422266211e-02
1.088134954369486367e-02
1.082375724507344053e-02
1.084828500844095892e-02
1.096220366570125823e-02
1.114806566048197681e-02
1.131695900332373508e-02
1.150831467109221171e-02
1.168360021306354829e-02
1.180270360621644629e-02
1.173116341850428956e-02
1.162512062000161522e-02
1.158431065817615985e-02
1.165413773088545130e-02
1.159795381083587873e-02
1.164010611608794210e-02
1.152440547282093143e-02
1.146485986051388670e-02
1.129324737692558728e-02
1.124262371358349111e-02
1.126716123938075950e-02
1.128912508544583672e-02
1.130907904170795272e-02
1.127198101049188550e-02
1.122933411298510792e-02
1.124606115664433109e-02
1.126585906126674128e-02
1.128111693654367843e-02
1.123035593342359278e-02
1.123536993350788757e-02
1.128392758716978070e-02
1.143820387255074789e-02
1.155792719432835458e-02
1.145138579040832875e-02
1.120823771156108026e-02
1.125382646623607034e-02
1.134923108117680442e-02
1.146572789527121675e-02
1.118446451771969510e-02
1.146152803994059111e-02
1.118097381089530086e-02
1.077219262956843199e-02
1.055779078656688894e-02
1.043258465266329836e-02
1.047979853110990629e-02
1.071004239588029504e-02
1.060814740521091870e-02
1.050300559509314419e-02
1.071811591463110030e-02
1.081290251175493974e-02
1.083473861283952566e-02
1.083890219688952647e-02
1.094374647448102984e-02
1.106560086570046106e-02
1.098059957843552578e-02
1.063756451991453716e-02
1.048675484025692745e-02
1.042164461838876802e-02
1.043900769980724702e-02
1.014807783054463147e-02
1.024199973870881103e-02
1.052198095284412674e-02
1.065938102413419020e-02
1.079787657889975765e-02
1.087740262752081785e-02
1.105944423584939718e-02
1.118696596437110044e-02
1.129063312365388705e-02
1.144184249525663152e-02
1.167475178095345872e-02
1.187170664156383428e-02
1.213926710211248386e-02
1.255611721310101285e-02
1.242630083551525891e-02
1.218990365497408732e-02
1.204431151705964015e-02
1.190856440933753257e-02
1.188582201677383654e-02
1.176634477074114601e-02
1.150568568661209864e-02
1.124876210868634013e-02
1.104540036594816102e-02
1.067045982915289584e-02
1.064352091140973594e-02
1.060930097333015465e-02
1.044531885478973757e-02
1.038422959257095587e-02
1.035865588476973798e-02
1.030009893549825410e-02
1.021629956072785811e-02
1.020374171405735372e-02
1.026334584294207042e-02
1.041265932100878151e-02
1.068370219764411960e-02
1.081401799901631627e-02
1.087800239240068259e-02
1.076811803572313639e-02
1.071491246599121441e-02
1.071862889303195655e-02
1.081671469912395822e-02
1.091920574910769902e-02
1.079563631357817292e-02
1.107972106471047900e-02
1.109538319934813035e-02
1.112754223436688249e-02
1.114451365929926621e-02
1.099414921704819359e-02
1.068305470569001075e-02
1.031652510630265765e-02
1.006409221433569173e-02
9.888854338100893510e-03
9.851701514120117173e-03
9.955307883216833048e-03
1.007649516241120556e-02
1.024721206184271705e-02
1.032100685805449961e-02
1.037533857891617672e-02
1.044956962148459872e-02
1.047478845206338029e-02
1.039788159572561932e-02
1.029538600915012869e-02
1.044525826074258444e-02
1.036931563321339192e-02
1.028986703063686572e-02
1.024998099458836881e-02
beta3
2.558913954646858859e-03
2.649469051231765140e-03
2.694562733625400185e-03
2.695324279231448537e-03
2.782884998702641645e-03
2.804962884237984302e-03
2.899296642321200559e-03
2.907146388087601327e-03
2.928408200173167504e-03
2.914588024484201199e-03
2.753627151412005140e-03
2.752973776189805710e-03
2.714041124608170506e-03
2.650720031578907964e-03
2.581650712874876321e-03
2.496920048569515292e-03
2.446991290176941426e-03
2.406966684739651231e-03
2.364940981310935560e-03
2.334351682122497076e-03
2.266628916653813317e-03
2.234023701495368650e-03
2.175620396933905520e-03
2.143620924841555496e-03
2.116164899393505223e-03
2.083636500719620102e-03
2.030272937974799026e-03
1.996348745862424126e-03
1.984396976577917308e-03
2.001251143992477562e-03
1.923197172060201344e-03
1.843472016836254909e-03
1.728716945705789220e-03
1.616281282511487739e-03
1.559481976698664802e-03
1.511453211768030037e-03
1.454636112020649304e-03
1.379502867561009476e-03
1.387453567231807395e-03
1.439459025926984655e-03
1.419711708802431829e-03
1.439468687736119960e-03
1.433005540719906566e-03
1.458005529725530866e-03
1.437481492092451858e-03
1.431334367597390279e-03
1.465613922755448165e-03
1.471187197730782371e-03
1.403841910200887607e-03
1.328796131161279898e-03
1.276426942112446859e-03
1.277260266208161098e-03
1.279261638497627019e-03
1.274879790812761225e-03
1.284571110476946144e-03
1.310754457863698257e-03
1.326368850661486859e-03
1.309821354948082720e-03
1.277308180663285116e-03
1.226055196071354231e-03
1.155637934313763233e-03
1.055850432074463118e-03
9.853516407359089700e-04
9.154759937724381595e-04
8.971276016898328907e-04
9.409072531169450967e-04
9.442558971341812523e-04
9.347194633735876352e-04
9.375735589986602166e-04
9.660392872866013260e-04
9.912375444308348972e-04
1.100572240391082222e-03
1.215217422097556550e-03
1.333584959992812962e-03
1.409528494049000664e-03
1.384759381772221638e-03
1.365792617732542857e-03
1.404979663480203280e-03
1.490654456855809804e-03
1.546396806714035645e-03
1.534814898405244959e-03
1.526083701521204102e-03
1.524148113253246534e-03
1.527009882433460683e-03
1.527199864417235192e-03
1.524540005425612226e-03
1.514849436747632821e-03
1.544130765416319630e-03
1.530371324851829886e-03
1.501655249865660674e-03
1.563652143576535437e-03
1.546902756845620203e-03
1.555120814096653484e-03
1.556316082515603804e-03
1.550627601545940832e-03
1.479201493327671766e-03
1.419200522088317692e-03
1.373347717789084703e-03
1.333814781911732417e-03
1.287181153658060106e-03
1.236761091779697624e-03
1.256600939823544370e-03
1.250005941929709140e-03
1.274295311847781047e-03
1.222696349259244902e-03
1.161014224747423940e-03
1.150437940896099562e-03
1.154716185550707687e-03
1.147991127453472371e-03
1.159269442465566020e-03
1.193353180936697127e-03
1.216207717623163983e-03
1.179234256387067534e-03
1.175473684566541704e-03
1.143211392189621587e-03
1.089692812835440193e-03
1.031728996367088213e-03
1.044401121512665738e-03
1.031155848510216478e-03
1.057703697988527335e-03
1.116290161530905005e-03
1.142287694136989717e-03
1.157772976642614275e-03
1.202396167647072547e-03
1.179174736248560446e-03
1.165291691768010219e-03
1.181252103591937802e-03
1.179194046316673966e-03
1.166132275949324434e-03
1.197184519067879616e-03
1.223421583784414617e-03
1.229831520225523273e-03
1.235197616153512704e-03
1.248532769373606605e-03
1.252562584753912859e-03
1.222043072069746352e-03
1.215967472714908973e-03
1.203774689889696272e-03
1.194390766523103272e-03
1.175123809780759298e-03
1.168616541347272490e-03
1.172092936010268871e-03
1.173998246546492739e-03
1.185216881099923928e-03
1.166892591961554530e-03
1.187349426963831348e-03
1.207585477004037133e-03
1.269336250033992024e-03
1.254611746120897799e-03
1.247451354188354108e-03
1.191736361492704357e-03
1.165840744112563903e-03
1.175319756642298269e-03
1.214534619189658283e-03
1.147085641254084283e-03
1.051921109640001871e-03
9.647656241884565876e-04
8.797126713676842614e-04
8.069886791743073086e-04
7.644179146267325153e-04
7.465645732325303617e-04
7.353214683488398969e-04
7.213313577945847273e-04
7.182196291214983618e-04
7.151611104600206527e-04
6.906071241838669487e-04
6.652966521573358463e-04
6.236481219925684751e-04
6.143809407522097307e-04
5.897652941261948781e-04
5.608853240089853396e-04
5.777374417948724292e-04
6.145656270175654410e-04
6.147092911124880238e-04
6.029920230967380666e-04
6.532458620478471655e-04
6.776792620980676835e-04
6.993062309565379817e-04
6.478498538437197241e-04
5.979244201633918208e-04
5.908961824432068521e-04
5.876359575488073698e-04
6.458548223943671920e-04
6.818354584051135574e-04
7.118221441711155596e-04
7.527049375563458003e-04
7.962901165811391187e-04
7.749735503501356711e-04
7.527660237142670772e-04
7.263095888927571103e-04
7.086786502055516385e-04
6.916053501126670239e-04
6.703245856738077654e-04
6.439736249717730593e-04
6.422498598886243991e-04
6.171639710438583861e-04
5.962261594785628902e-04
5.935272190352757545e-04
5.978824766770275950e-04
6.188938248088591502e-04
6.209439022256263430e-04
6.478072527400945049e-04
6.501906197551657329e-04
6.332448610663434820e-04
6.158028660288677970e-04
6.341194349351387313e-04
6.433558279731107230e-04
6.105327932222812636e-04
5.761260610579237379e-04
5.482510306197808329e-04
5.084233925426943478e-04
4.629676708898002035e-04
4.348459752784232350e-04
3.981498002361661629e-04
3.622858229556354462e-04
3.448057942603389254e-04
2.968648694859750631e-04
2.607481703823831065e-04
2.205501018224141282e-04
1.764709795573436550e-04
1.706618863836323568e-04
1.398072917704164871e-04
9.553105069905408985e-05
5.796548265607867650e-05
3.138912787124905127e-05
2.710760010266863768e-05
8.021653449067862385e-06
3.550544694708936781e-06
-3.298526803593716078e-06
-1.440014892250373452e-05
-5.183209719820463200e-06
-4.103297906550354559e-05
-6.185951749598022297e-05
-6.391135254589101799e-05
-6.632228349366978918e-05
-5.239511429682925308e-05
-7.540133407949196746e-05
-1.039048515765712491e-04
-9.258754417854551369e-05
beta4
-8.156700510117419894e-03
-8.105727267156501853e-03
-8.275063745102473681e-03
-7.938178768521961942e-03
-7.864532398809638558e-03
-7.851737786375743294e-03
-7.792717944945935088e-03
-7.640106020199740125e-03
-7.465077623425797615e-03
-7.103876112296610666e-03
-6.775636759122632621e-03
-6.370959932050292672e-03
-6.132233095605947593e-03
-5.831583434607538752e-03
-5.200141365527072290e-03
-4.638015284586409666e-03
-4.115468148000778897e-03
-3.592970292269590925e-03
-3.130277345343358830e-03
-2.649589584684485660e-03
-2.169245529181012579e-03
-1.945663587496129256e-03
-1.740647268863274640e-03
-1.759552694646260599e-03
-1.931248456417475855e-03
-1.963242168746596149e-03
-2.010381550122990885e-03
-2.002244399650047676e-03
-1.954020874690281032e-03
-1.733027236062671846e-03
-1.625994190113900281e-03
-1.495977102240353233e-03
-1.480485030377650399e-03
-1.507724609744591406e-03
-1.748729664104117267e-03
-1.708196711246047234e-03
-2.017554128699861060e-03
-2.308087496333590879e-03
-2.240248748378912899e-03
-2.111430433371237411e-03
-2.162881467989980280e-03
-2.302661446848112449e-03
-2.426990297366348089e-03
-2.485802753976197946e-03
-2.459498648373007260e-03
-2.432663595597583245e-03
-2.582327740559592095e-03
-2.341323632435386801e-03
-2.010900814250655543e-03
-1.789125677507853989e-03
-1.579588783834799844e-03
-1.626358865239920350e-03
-1.751414488098668870e-03
-1.737368549115828747e-03
-2.376507465737014851e-03
-2.917893402020810267e-03
-3.797605027057706674e-03
-4.422403862039264721e-03
-4.137124841904644794e-03
-4.282526550819912292e-03
-4.227050374040500387e-03
-4.479005118141420570e-03
-4.600553539832547001e-03
-4.501115173245900242e-03
-4.216637003582343265e-03
-4.108034342337097897e-03
-3.655293120462177990e-03
-3.422668515598244893e-03
-3.198434519416416127e-03
-3.293990461651167059e-03
-3.396183263218398134e-03
-3.421999935546783927e-03
-3.536112886340658529e-03
-3.325941285572528525e-03
-3.176282287755199767e-03
-3.287062592617238585e-03
-3.471933521496632299e-03
-3.542849116024458095e-03
-3.569854049292406437e-03
-3.383590946497703686e-03
-3.322948871223640153e-03
-3.403640073326085966e-03
-3.519607128119115261e-03
-3.470762414411009480e-03
-3.325195598319375789e-03
-3.219090139424275483e-03
-3.132690000662526932e-03
-3.113588852641471783e-03
-3.071200904509381949e-03
-2.989253418724752663e-03
-3.097866800792035448e-03
-3.506706420599902188e-03
-3.684476745191240209e-03
-3.921200952542541057e-03
-4.275766663058058401e-03
-4.319861110937201626e-03
-4.376091302205438981e-03
-4.398422149881055405e-03
-4.519534386983275684e-03
-4.625937756049817474e-03
-4.785356076818922909e-03
-4.795233360840332748e-03
-4.757989830756795616e-03
-4.607099230327009118e-03
-4.550981830704120025e-03
-4.302061226116806955e-03
-3.973173015606419785e-03
-3.605971967345031250e-03
-3.547849144968957900e-03
-3.283849171074272079e-03
-3.280689410436167519e-03
-3.315803234663817871e-03
-3.213795988668633266e-03
-3.102506855676319397e-03
-2.929388434455215944e-03
-2.789773478737676404e-03
-2.669457727201210353e-03
-2.525867170168978083e-03
-2.438721862836933877e-03
-2.416469494837032543e-03
-2.338947951453458629e-03
-2.301223016813488346e-03
-2.209622655248437602e-03
-2.262179448063020726e-03
-2.128765043925686350e-03
-2.040862915393282500e-03
-1.971472957641319263e-03
-2.025103255232425358e-03
-1.994986864482631121e-03
-1.981189821264231921e-03
-2.012920966202428469e-03
-1.891885971853197795e-03
-1.783805989515599303e-03
-1.729530351555810894e-03
-1.599104262297505611e-03
-1.539149113262393894e-03
-1.424621237212518121e-03
-1.336489557551541127e-03
-1.333018375897681521e-03
-1.564778869086676065e-03
-1.761167165773865019e-03
-1.931903817563072369e-03
-2.124508575874133748e-03
-2.290839940646921709e-03
-2.534735933038519476e-03
-2.794685394097651092e-03
-2.998466109100555391e-03
-3.211614462253135731e-03
-3.388298519756231201e-03
-3.501883833428066917e-03
-3.841424898486180822e-03
-4.110198072422459326e-03
-3.997663422704342273e-03
-3.764359266275336523e-03
-4.275304692090793265e-03
-4.708973977563110300e-03
-4.739072283300092142e-03
-4.659061857482781760e-03
-4.486290285577267979e-03
-4.186111342859279334e-03
-3.996249147913754490e-03
-3.707258249355504728e-03
-3.020621612568690460e-03
-2.813799488430520062e-03
-2.678617238338429178e-03
-2.646531278146979117e-03
-2.556717736618631560e-03
-2.508557677534090265e-03
-2.371785263775331824e-03
-2.556067273356724817e-03
-2.649201525893626723e-03
-2.435591672837916864e-03
-2.170786108532469540e-03
-2.329029207051872864e-03
-2.524790563458295493e-03
-2.593023091691817623e-03
-2.582821502919753487e-03
-2.506179447015299648e-03
-2.361590411522763999e-03
-2.123498756974028304e-03
-1.978848089355800602e-03
-1.839750704433728602e-03
-1.824255064482896991e-03
-1.904733343155402131e-03
-2.062765670122247447e-03
-2.199276659936570677e-03
-2.262448051344812319e-03
-2.474549451342285093e-03
-2.758980287669262829e-03
-3.042141419371721320e-03
-3.309557404069293947e-03
-3.374928654851745008e-03
-3.309363755802647092e-03
-3.292250271313012025e-03
-3.328984033546632162e-03
-3.367770909249771360e-03
-3.366807357266651899e-03
-3.274142504764526469e-03
-3.198877997494562787e-03
-3.150467782793469479e-03
-3.007499569898769518e-03
-3.162946574984379366e-03
-3.152160790838482579e-03
-3.282406748727445360e-03
-3.414140701695954350e-03
-3.493223119821867000e-03
-3.590945655247634698e-03
-3.666658243185408166e-03
-3.900831726489475786e-03
-4.178141932081652979e-03
-4.571155408172146613e-03
-4.760516524222066156e-03
-4.951728386952070939e-03
-5.091679624592435061e-03
-5.252936944413357997e-03
-5.320394975989828877e-03
-5.057374687008156858e-03
-4.801829172058567560e-03
-4.519951804121072163e-03
-4.258075294018295875e-03
-3.959080141545735440e-03
-3.590748665702778002e-03
-3.228749102905564654e-03
-2.881060399626472496e-03
-2.530500337687346599e-03
-2.362193304417366593e-03
-2.568689625465866034e-03
-2.647698475874573232e-03
-2.706572376883767221e-03
-2.754014411273876008e-03
-2.820081651128012075e-03
-2.642749529553555313e-03
-2.396208920492882803e-03
-2.278674135613924234e-03
-2.058279201066751454e-03
-2.024607129172856321e-03
-1.894177607512240961e-03
-1.812168156371320258e-03
-1.801207672498834813e-03
beta5
6.404442298869765569e-06
-1.071588596545114159e-07
9.639072718867196666e-06
1.617074486314811963e-05
7.960907533138848258e-05
1.395344093362262876e-04
2.546100395502167834e-04
3.159240101946988511e-04
3.744027463840159239e-04
5.134457848236741086e-04
5.290581786323216105e-04
5.561420620692463651e-04
6.140861535352426948e-04
6.811100963211367924e-04
8.076220970386789860e-04
9.752049850531147295e-04
1.113286435932352072e-03
1.296705399189531033e-03
1.430846243470646362e-03
1.576573535106137085e-03
1.729163783286503074e-03
2.028798612478380572e-03
2.311217405901995134e-03
2.400169960939392035e-03
2.503775228657179313e-03
2.674708736820292747e-03
2.971304755360144358e-03
3.310441819411698121e-03
3.799757004481680613e-03
3.552865739629174416e-03
3.757815922704583166e-03
4.080426428208370516e-03
4.305606445408682176e-03
4.590783894750864735e-03
4.990625675588264420e-03
4.511213876020247690e-03
4.452526695098822304e-03
4.404056769430411689e-03
4.698530507787634231e-03
4.273643698004075259e-03
4.663757229121393011e-03
5.172901336833140087e-03
5.807807865093628577e-03
6.556768601056518070e-03
6.527594105298508038e-03
6.388507190829109325e-03
6.695145302151626204e-03
5.752638554025123543e-03
4.663877981728277965e-03
3.646192219223263163e-03
2.759382022927470580e-03
2.320511643033771124e-03
2.328945270176673368e-03
2.114476987759932557e-03
1.994665745049254129e-03
1.907307196516490159e-03
1.782444953818626294e-03
1.366325697149698044e-03
8.450138380004786152e-04
6.388858075212199288e-05
-1.794881907173561330e-04
-6.277318066359575434e-04
-9.983073603407506547e-04
-1.056507338542542890e-03
-1.046665824929791152e-03
-1.077193749026457989e-03
-8.114292560018148120e-04
-8.168247353612883123e-04
-8.285855705918937844e-04
-1.128008029517011020e-03
-1.023193159939175334e-03
-9.775339540236814995e-04
-1.046965444117338570e-03
-5.958207802081961699e-04
-1.730998270725917193e-04
-1.423406385089920399e-04
-1.401541587587738411e-04
1.067476230563520624e-04
4.166545313779402649e-04
8.810753656344082110e-04
8.026098505146955905e-04
6.199688829545041456e-04
4.145100620854479351e-04
4.981990587042803200e-04
4.945199750064743337e-04
4.791722069821733026e-04
5.571358924126463283e-04
4.557866181230884836e-04
7.558891248651127557e-04
9.770596499976162350e-04
1.197741588147654274e-03
1.566526638158354445e-03
1.881429755104623578e-03
2.243057490310663288e-03
2.610582324272258531e-03
2.439735644762811018e-03
2.340776321431661811e-03
2.318212194302345965e-03
2.344226883904441429e-03
2.224299884313711995e-03
2.081734468547506364e-03
2.112028882451823589e-03
2.158002673551743470e-03
2.060101701875815226e-03
1.694727699349455555e-03
1.533259770054920578e-03
1.528059079961588147e-03
1.686179482032152364e-03
1.567516256331582180e-03
1.686642876091233980e-03
1.690763328148597346e-03
1.698725577631177370e-03
1.718320687416529692e-03
1.751121444812771700e-03
1.863237662325390939e-03
1.970183899218265738e-03
1.915021696284626134e-03
2.029800664279361559e-03
2.169535228160880593e-03
2.195909342247705665e-03
2.354939218450982467e-03
2.546745967527707689e-03
2.714932417880305641e-03
2.919922272471102247e-03
2.751890425422284531e-03
2.521772790074599743e-03
2.276291803138543249e-03
1.790376581516296695e-03
1.434951792464584687e-03
1.104140299821286270e-03
9.767837459729394010e-04
8.653375928578113316e-04
7.644733387577994782e-04
6.848737338754971697e-04
7.298646761064757002e-04
8.099609648802459910e-04
8.593270287822278022e-04
9.266274293855197245e-04
1.075838363862914376e-03
1.226644861218503888e-03
1.416061220945376287e-03
1.458740078536962994e-03
1.572732243900944876e-03
1.499650976456468358e-03
1.609859014924291780e-03
1.377789063768115061e-03
1.679581111122930388e-03
2.011702114439330603e-03
2.086106651295248533e-03
1.560846858175393226e-03
1.318014491897916661e-03
9.601763588690816718e-04
6.963757926381633837e-04
2.402060948384399683e-04
2.266866796688803446e-04
3.465469496484393521e-04
5.091352089308682355e-04
6.830348673635104487e-04
5.915197548812453892e-04
1.765929675507224225e-04
3.809631669431503892e-04
4.161588302752623021e-04
2.556220991788734471e-04
3.717592650024383310e-04
6.334792365753135358e-04
9.451306549631878235e-04
1.275055683763298784e-03
1.681572239991991225e-03
1.548981593634555197e-03
1.167023470759911627e-03
9.590350044225547793e-04
9.807357583395013775e-04
1.018048540827844878e-03
8.614981906990425327e-04
8.078734305490142690e-04
7.933554718384320777e-04
7.563440858251757907e-04
7.420702862294822292e-04
5.420416680264237251e-04
2.750148653510234428e-04
6.438103604932741519e-05
-1.247812978107853065e-04
-1.233158639795105553e-04
-1.253499821766646200e-04
-1.498999722814413349e-04
-2.161579145054132612e-04
-3.167420429541168911e-04
-4.457356544612654553e-04
-6.170909223949885575e-04
-7.896212636550619833e-04
-1.041958518914787388e-03
-1.180337369770933110e-03
-1.059874839297084452e-03
-9.838963123010970382e-04
-9.262040433765186560e-04
-9.505784128352520864e-04
-8.470827750491972171e-04
-8.551563024728141933e-04
-9.133179581942534042e-04
-8.318790872934792979e-04
-8.083948681965979870e-04
-8.108205609960666234e-04
-8.413402893589080282e-04
-7.902798528216835663e-04
-8.077962803628779354e-04
-7.568174644566946904e-04
-6.651401688226024275e-04
-5.217508143899503032e-04
-3.276412874735922832e-04
-1.424392428952058571e-04
-2.228610241279005031e-05
6.959119372427843169e-05
2.040372124575394745e-04
4.111284911750396308e-04
6.048314520694659645e-04
8.422388681756185630e-04
9.341785672572112823e-04
9.375612233022568437e-04
9.762001054441781130e-04
8.783753426549664994e-04
7.699687432384476728e-04
6.408458240619631114e-04
5.273153618051379214e-04
4.228554376373028917e-04
3.250302572732791475e-04
2.271793627954931793e-04
2.279464599859190946e-04
2.172339437366845017e-04
1.956798211297968966e-04
2.049051854583025414e-04
3.800980138315542206e-04
1.104742791782109714e-04
-1.428430106638594449e-04
-3.077157841435797844e-04
-6.365061460181288024e-04
-9.704881802972343185e-04
-9.647369747662086145e-04
-9.870867703536960643e-04
-8.548559014990007345e-04
