beta2
8.849104077067525970e-03
8.908174552024174242e-03
8.961634529285496947e-03
9.023581937071648712e-03
9.020099311025608219e-03
9.015752810825863189e-03
9.051226796399157448e-03
9.122383194724820871e-03
9.099715723166397832e-03
9.094944239438646633e-03
9.123553432576108138e-03
9.228678157220816802e-03
9.274077552326809651e-03
9.302675009858072525e-03
9.478449239207070720e-03
9.669944227975088222e-03
9.791279400859609350e-03
9.802857500269868823e-03
9.988383690473882914e-03
1.012696637121196855e-02
1.024777576115815450e-02
1.028331577440522171e-02
1.040107393367921060e-02
1.049936546377841506e-02
1.063489726120953917e-02
1.078208768907296285e-02
1.076489227299484361e-02
1.073843230520817038e-02
1.074462666398297121e-02
1.078213027048663397e-02
1.088353990256085528e-02
1.074312130954495521e-02
1.062672539811265401e-02
1.042158165824744881e-02
1.018412988374200849e-02
1.007974024946393238e-02
1.004838324136265136e-02
1.008920103127775372e-02
1.018845688376868175e-02
1.019956836855659930e-02
1.021410098747642034e-02
1.008460687971843295e-02
9.962749609240970083e-03
9.820219990025604723e-03
9.663445442249373948e-03
9.638622836268921634e-03
9.552822654601691305e-03
9.413967302163952361e-03
9.202923696823520766e-03
8.996773850037260642e-03
8.862571388303425515e-03
8.905768315094849188e-03
9.025334405094103535e-03
9.118998705236705526e-03
9.171135325103677016e-03
9.120755616540035526e-03
9.076192207521049243e-03
9.085338630291005246e-03
9.111270824692631332e-03
9.105737804553402231e-03
9.188874434323611451e-03
9.211748551219516717e-03
9.139607715866662069e-03
9.154860764061191827e-03
9.151081584492799792e-03
9.111567001109498881e-03
9.121421077701061947e-03
9.244855629804964864e-03
9.341012211366465229e-03
9.416511086710047801e-03
9.424910650362675058e-03
9.428222445373571348e-03
9.352110773038508490e-03
9.359731925057223137e-03
9.362356431622359879e-03
9.416495422233849000e-03
9.509649147620615611e-03
9.261098089706050474e-03
9.132555530388676221e-03
9.011079220654784339e-03
8.991833541948886233e-03
9.069207263382950135e-03
9.149667230673844825e-03
9.052216281793017821e-03
8.957221975486163654e-03
8.907026900826918447e-03
8.929157309422463412e-03
8.983710549812888579e-03
8.921868276544168974e-03
8.929990005612713916e-03
8.976928765541515934e-03
9.047137364838600537e-03
9.045416450095405958e-03
9.201396219149849884e-03
9.402147422179218256e-03
9.461946749247239496e-03
9.456321885665986901e-03
9.393623166851982134e-03
9.328814240761908183e-03
9.316695931275811512e-03
9.363181394549807690e-03
9.296421124535724639e-03
9.264600173674458067e-03
9.186482585034991960e-03
9.091237274113244532e-03
9.016920770815627789e-03
9.043017348984824094e-03
8.974025893366805937e-03
8.867451259317163381e-03
8.745719513625484914e-03
8.606283338106934105e-03
8.540960782675771634e-03
8.568509197997526555e-03
8.554384289126193419e-03
8.484521505405982766e-03
8.498477689317041756e-03
8.472771230625808850e-03
8.460818820042924349e-03
8.689540071902368545e-03
8.889166598612757014e-03
9.005085511192806313e-03
9.086995906809194196e-03
9.183901150348606351e-03
9.234666159893094306e-03
9.322536808266921465e-03
9.388428067939921795e-03
9.429686061122637825e-03
9.428421762933923700e-03
9.364899101662547617e-03
9.236511138190916376e-03
9.081245597195461428e-03
8.948517154230272233e-03
8.864094888340555076e-03
8.804086593252203469e-03
8.738930644566652445e-03
8.649243134762599552e-03
8.517662513443626654e-03
8.492848708009932690e-03
8.467441986998964359e-03
8.428666085854297219e-03
8.310248591395612283e-03
8.252305528027163370e-03
8.371630151715766383e-03
8.468517799404131491e-03
8.551782763688207251e-03
8.650548081271330902e-03
8.739292178374933814e-03
8.912662500485408340e-03
9.093369889002961975e-03
9.149680443149140960e-03
9.226075299934969470e-03
9.278023143505152032e-03
9.560556604437261963e-03
9.184621190354579773e-03
9.065568654584941349e-03
9.011688460624601299e-03
8.878822492343538958e-03
9.114585863785707592e-03
9.350260509901798731e-03
9.350403594352981948e-03
9.500907003277679619e-03
9.659547337012608023e-03
9.749839936530314832e-03
9.916413091645547712e-03
9.949338321071986985e-03
1.002205932232974953e-02
1.018134163834370949e-02
1.023336812048879912e-02
1.021014991783474567e-02
1.015385805505350514e-02
1.040115972127685431e-02
1.067709923238385240e-02
1.060411536092413336e-02
1.077933174279651143e-02
1.076788762668339471e-02
1.073848929686897422e-02
1.092411562408620099e-02
1.090827796055190632e-02
1.089669716835948120e-02
1.084296766055830794e-02
1.075238996505416440e-02
1.083689853831461616e-02
1.093785830693022945e-02
1.092583486009121932e-02
1.091204028764138079e-02
1.080650683170266205e-02
1.072417203101212226e-02
1.031016815664696426e-02
9.985002436918325938e-03
9.976216560986777421e-03
9.961490858214919197e-03
1.001068358850109793e-02
1.010434042875917558e-02
1.014135217847275498e-02
1.031302925506653173e-02
1.050630474355533639e-02
1.063565771991323121e-02
1.070570244836953691e-02
1.078923602078972824e-02
1.087350322805210809e-02
1.087398553816903979e-02
1.087701110326431617e-02
1.081972464436746495e-02
1.078078029260788259e-02
1.061046028973911676e-02
1.051818765094097302e-02
1.036343217524265253e-02
1.023457377453575699e-02
1.020824546736054036e-02
1.020245998869685755e-02
1.006011706398048447e-02
1.001858190265928102e-02
9.812910315972492303e-03
9.731464545867367366e-03
9.796347445385411232e-03
9.868044129404292264e-03
9.987163324069549264e-03
1.000029934255469016e-02
9.982142760677336496e-03
9.984000940310979941e-03
9.931109392400074704e-03
9.861467248256211224e-03
9.800670924866706699e-03
9.782600138853021765e-03
9.691581140745503253e-03
9.797500429377804798e-03
9.859684158461331366e-03
9.913294713736010844e-03
1.003488345636186808e-02
1.009595850284622162e-02
1.014184205348426897e-02
1.014347843273026573e-02
1.025028752940031901e-02
1.040019425135625328e-02
1.055952206207493027e-02
1.052605579961229942e-02
1.045599898270602700e-02
1.039019286323174945e-02
1.032373698417951915e-02
beta3
5.184370099499907656e-04
6.104372278863399223e-04
7.138288090047695440e-04
8.041303147638429339e-04
6.740119957311770582e-04
6.056709074373511654e-04
6.294958198840574452e-04
6.602922794247319824e-04
7.561023380277760502e-04
7.882065386938346113e-04
8.510627294071389411e-04
7.781174900430636813e-04
7.469806997062937264e-04
7.518784075955656839e-04
8.519896894176961534e-04
8.591451327448072946e-04
8.157056531007649946e-04
7.868071841860476432e-04
7.254483203234481700e-04
8.037421523214184757e-04
8.692220515432922106e-04
9.760074310187545231e-04
9.748778594796804302e-04
9.865421160979879686e-04
8.940637007531931652e-04
8.684465116708226136e-04
9.761359343762622803e-04
9.732259520732584272e-04
1.011121978142038094e-03
8.133177930838767075e-04
8.290308910506704460e-04
7.887750592942223329e-04
7.775874311097456066e-04
8.429026032415827454e-04
8.295636131590590750e-04
8.246966116205674312e-04
8.067760253481154678e-04
1.098923009176194007e-03
1.321141420777638496e-03
1.432232636063868539e-03
1.618247071972087753e-03
1.648930698661372953e-03
1.736870725400807515e-03
1.738661286619808902e-03
1.827510458025930406e-03
1.700380576975011639e-03
1.343901514187589852e-03
1.045670314902446846e-03
8.149192515846618440e-04
6.772488130445684972e-04
4.050091581695145523e-04
3.712669852974941802e-04
3.951996865133633506e-04
3.345186338691227834e-04
2.305853213934237582e-04
1.922264613409133734e-04
1.698446060378057637e-04
1.222933951604225752e-04
1.123412101281387124e-04
5.523614961028642395e-05
5.379519915129619848e-05
4.724890362609888631e-05
4.112478149894412507e-05
3.151973989104523571e-05
3.154266344443969601e-05
2.522153389635127725e-05
2.394139014050790238e-05
2.373987879687942102e-05
1.494469528005309972e-05
1.378244498876240725e-05
9.609191367697723872e-06
8.101588524248629528e-07
2.969869825899417969e-07
4.351973060720357061e-09
4.595960098026422089e-15
-3.968794297693940505e-08
-2.375792947406866470e-06
-2.267852889721881731e-06
-3.706048975462312975e-07
-1.233264822674934052e-07
-2.073965625136349759e-08
-1.586931729584213985e-07
-5.305507076900299574e-07
-7.385387725236836651e-07
-2.398473909264470899e-06
-2.679629927426248122e-06
-5.569318246275991810e-06
-2.768443859807777631e-06
-6.520471149660894843e-06
-1.035505916533206589e-05
-1.139743471246181428e-05
-1.545863948507655280e-05
-2.220660047619661895e-05
-1.207279687738072125e-05
-5.384310374317140144e-06
-2.236180961134652558e-06
-1.670425913057208189e-06
-9.506666702742646818e-07
-1.915009682342561781e-07
-1.763710806270953737e-08
-1.254962888595896611e-10
-3.082439960074804913e-12
-3.217114887107335692e-13
1.214910105422721423e-12
3.944895222289342414e-13
1.125716783952125240e-14
5.868186502391832180e-12
5.869705657660792879e-10
1.382864877646901676e-09
7.126586354446070119e-10
5.139956806795234464e-09
2.549914162832334018e-07
2.842847491407814309e-06
7.714659778871396591e-06
1.457755804807975435e-05
3.458172441412271587e-05
5.105294510410133532e-05
8.484285412451876411e-05
1.185388736966340657e-04
2.276180119478488941e-04
2.037567550131905094e-04
2.154782855291433648e-04
2.076643951524243274e-04
2.398560346477927614e-04
2.469061309878787169e-04
2.978535344024936613e-04
2.162645633388107682e-04
2.204207269034393307e-04
2.601787547106710350e-04
2.495092600503754114e-04
2.396903795996390525e-04
1.930707924101861804e-04
1.771790999225396086e-04
1.578194252232983734e-04
1.255983151108290444e-04
9.966809126891895839e-05
8.810608265635368511e-05
5.951115241262027133e-05
5.522626017800268030e-05
3.128409120548575074e-05
3.377392580256429388e-05
2.133174128675509630e-05
5.020318169895669595e-05
6.855708663967410095e-05
9.424207213271316985e-05
1.112257802359305583e-04
1.604462838338593174e-04
1.593661836722686973e-04
1.801384481427149560e-04
2.821276585157132767e-04
2.989731138049161324e-04
2.831536989129703223e-04
3.039301348362988091e-04
2.134724785260039563e-04
1.985292727046940819e-04
3.221246439502534393e-04
3.588556015307467549e-04
5.232401393884308222e-04
7.919249410244870143e-04
7.782248698809015718e-04
6.931127656444808268e-04
7.375945089210221312e-04
6.948203994623760107e-04
7.024573276357551962e-04
6.390454687354590619e-04
6.552295906453515411e-04
6.713218017255741720e-04
4.175198179150196604e-04
2.120700698091509127e-04
8.290447452485330776e-05
3.263683577302523383e-05
2.912177492822664580e-06
3.185961398318048227e-09
-2.304114951829210156e-12
-8.175546833019952564e-08
-7.401434840198851305e-06
-1.352099737356756916e-05
-4.193110315408786032e-05
-5.851794518424290753e-05
-1.047809230305294336e-04
-1.195928618716943638e-04
-1.125930637516612962e-04
-9.208215174149212367e-05
-7.029304184599575696e-05
-5.486963147405885379e-05
-5.025238636044585341e-05
-4.495813685966097272e-05
-7.033583720157017831e-05
-8.314232496590845552e-05
-8.131130856079293206e-05
-7.944414669060597192e-05
-8.507527101297479219e-05
-9.512316859977627457e-05
-9.127418933603882506e-05
-9.311188688277666063e-05
-9.686792069823605452e-05
-1.032723042839254725e-04
-1.335679541823038248e-04
-8.409437358978639695e-05
-5.846419554194067316e-05
-4.076574126787102590e-05
-2.463611574818633736e-05
-2.079383516798599977e-05
-2.008004993433224708e-05
-1.683038899552672133e-05
-1.953100369839643380e-05
-1.297952122504736969e-05
-2.549838353953409175e-05
-3.178271410730782728e-05
-2.625660082429525781e-05
-3.943332355316281844e-05
-3.641526074495100374e-05
-4.523777316314346716e-05
-8.910220520634497374e-05
-9.300624879175959747e-05
-1.111047235834715949e-04
-1.461250550065687861e-04
-1.740072647602343013e-04
-2.346789535954966663e-04
-2.607210055558778061e-04
-2.315256683045512423e-04
-2.712304062780315794e-04
-3.044049360506088583e-04
-2.847806024526687465e-04
-4.380338882099203256e-04
-4.250978062261683314e-04
-4.253071336214381184e-04
-4.027530037300417723e-04
-3.286824470958533495e-04
-3.093021915211738261e-04
-2.863985705117891691e-04
-1.969590298077923251e-04
-1.116257977412211607e-04
-7.944055842378214868e-05
-5.384191552459754136e-05
-4.034650009378772041e-05
-3.615056640622388209e-05
-2.056993874145639407e-05
-1.981622931384882869e-05
beta4
-1.633923378023327501e-03
-1.878341749565661228e-03
-2.163579193708183718e-03
-1.886586994374685232e-03
-1.570335923861112572e-03
-1.201549271212249814e-03
-1.313525087237692613e-03
-1.511281047967361806e-03
-1.576752009766504287e-03
-9.878259429806795534e-04
-6.918067294286445439e-04
-5.256801755573182978e-04
-2.872677013185392795e-04
-1.954443932292521330e-04
-2.860048837760938872e-04
-5.921043643136934516e-04
-4.946386462003353642e-04
-5.268646588290925616e-04
-6.309250073797834785e-04
-7.320852186260832150e-04
-7.892188229833023341e-04
-7.624442871081099984e-04
-7.481973673395401125e-04
-4.787386704984114951e-04
-3.457744052226655626e-04
-2.393763064601929632e-04
-2.187166379106029600e-04
-2.128002498572012762e-04
-8.853716931901027890e-05
-6.783533772238673517e-05
-7.815091719685956151e-05
-2.611961565084226372e-06
3.995685651748916106e-07
7.883087260383644002e-05
3.832851459849203062e-04
4.742770661619927675e-04
4.042654420741734981e-04
2.691129821487819071e-04
1.550842095148669301e-04
3.767784271496704826e-05
7.342687633150070360e-08
7.635156128574631666e-06
8.635416611192928604e-05
6.568819016908905204e-05
7.927196535434613708e-05
4.906432704413330766e-05
9.393677919099073124e-05
6.592695127100711011e-04
1.280769248316776391e-03
1.781245727778465624e-03
3.359041899465719898e-03
2.800963807418213516e-03
1.582707592983739840e-03
1.115485772783421066e-03
1.669948310895656533e-03
2.296500602993943770e-03
3.174085775683924311e-03
4.037051360023501297e-03
4.902685492878760751e-03
4.444053459331515424e-03
3.081030080626979712e-03
2.417341936567576465e-03
2.812473780604168340e-03
2.984385115905225077e-03
2.927781909254171915e-03
3.000971893187300010e-03
2.703273179245130851e-03
2.275591608300174106e-03
1.906419167736604463e-03
1.647076508263965559e-03
1.481374896445856928e-03
1.380584919582137022e-03
1.668756985686269557e-03
1.292906871393705373e-03
1.249862241126627801e-03
1.019843650321388198e-03
6.577995388965657535e-04
5.011517377042390853e-04
5.364714369282795343e-04
6.192356052242625145e-04
6.600734486061406864e-04
4.161231395325348998e-04
2.690900911338552776e-04
4.314722716626064915e-04
4.624656615529308830e-04
6.539179361872934394e-04
7.125905696060111545e-04
7.069007667567699452e-04
7.525273889682557301e-04
9.200293342025763627e-04
8.697070797414421274e-04
7.982855907517905081e-04
9.526200167488370688e-04
1.334284541304516002e-03
1.739498745417797278e-03
1.811129517096292081e-03
1.605843331872699488e-03
1.369951855010147646e-03
1.344830197713191072e-03
1.485043272108992150e-03
1.540495447958780762e-03
1.364530455403107235e-03
1.124610088242899378e-03
1.098201350223891376e-03
1.015955086846533247e-03
8.394632845731037248e-04
8.670628307191688422e-04
8.985179039804787327e-04
1.181484626405225006e-03
1.283086066017658259e-03
1.494214540645865969e-03
1.894146382001865884e-03
2.117355198333187132e-03
2.265502583971767611e-03
2.601033475083936591e-03
2.574068819804892910e-03
2.947960979030184083e-03
3.249661307693379499e-03
3.014853003945494169e-03
2.832981316397112110e-03
2.335273456487334601e-03
1.944334863464752426e-03
1.641296299705954269e-03
9.699113713802216645e-04
3.792788675121021758e-04
1.044296343557135870e-04
2.803692977562673676e-05
2.018032880962309050e-05
1.413081327695497519e-05
2.782631858655846169e-06
-2.988335166373520907e-07
-9.713018080458566183e-15
4.928983989368841146e-11
2.329212461006967233e-07
1.839580119177804200e-07
1.673659395515684824e-06
1.842308660227965995e-06
5.298292978091889835e-06
7.502986425237231253e-06
1.960249653306342409e-05
5.464361115176911022e-05
8.457695103715981595e-05
1.185418195268284140e-04
1.647085972608327057e-04
2.015442358435631646e-04
2.295452507559447614e-04
3.012744554640949630e-04
3.961117002347159578e-04
4.117942402950078989e-04
5.329877986777209215e-04
5.479919025711852765e-04
5.304767821079680104e-04
3.380527168241208216e-04
4.746215794167596701e-05
1.878669353193499180e-05
-5.884579446883281257e-08
-1.458632227509438389e-04
-4.069291668393344144e-05
-1.370050722571600606e-05
-3.280182548331183278e-05
-7.280209495978085476e-05
-1.264032999235186134e-04
-2.894264354812127937e-04
-1.738115662933236555e-04
-2.079539945142944634e-04
-1.804201280926093654e-04
-1.712408093090855615e-04
-1.985587096819992482e-04
-1.982940443495351214e-04
-2.670654180269155784e-04
-2.334490759608875846e-04
-2.028557916081530463e-04
-3.139970129713967389e-04
-2.402417510580687708e-04
-2.090420913596457010e-04
-1.895421336148462742e-04
-2.543794115587731707e-04
-2.002280564201642436e-04
-1.454139152478652606e-04
-1.819962823798690777e-04
-2.074348634929459759e-04
-1.993971453293762208e-04
-2.164861101446787785e-04
-1.370252165820725720e-04
-8.892086007865348889e-05
-6.872454469420217875e-05
-2.694418545522300149e-05
-5.379773547792750254e-05
-4.565087979860805621e-05
-4.311387441274380989e-05
-5.219898583078606770e-05
-4.527297640813672639e-05
-4.550599810369233909e-05
-4.329833499341871074e-05
-2.021361526816164926e-05
-2.440538657263671566e-05
-3.137385348129277326e-05
-1.769543256355025175e-05
-2.436777237898165384e-05
-2.995012004374790102e-05
-3.132182944612870411e-05
-5.806145809669352529e-05
-3.638709630777343804e-05
-7.870780509109108784e-05
-1.117882842066219217e-04
-1.427640588175388967e-04
-2.191045688830973082e-04
-2.707049992082212388e-04
-2.750792714687281528e-04
-2.662594266187127143e-04
-3.173249113466025803e-04
-3.515439160893929884e-04
-3.230411369795698710e-04
-2.547458251806448038e-04
-2.507593085407576429e-04
-3.034373488221015630e-04
-2.241581345532715915e-04
-1.606506484073350147e-04
-7.949687048091755770e-05
-4.095435266621930831e-05
-4.741636728193684633e-05
-1.770117196690974577e-05
-4.059076167849225353e-06
-1.074694406897632464e-06
-4.067982986343981523e-06
-2.393197879262497213e-05
-8.095691511020000803e-05
-8.490727947422707774e-05
-5.037082978953685386e-05
-1.436343890029350079e-05
-5.638850155460877454e-06
-3.028252272519035067e-06
-6.496594798196355534e-06
-2.817317262206266000e-05
-8.543677488821632324e-05
-6.499713886331116418e-05
-5.733860427163281167e-05
-7.077097685719784903e-05
-5.861508775864643990e-05
beta5
-1.340754558258184422e-05
-1.858972978195091858e-05
-1.959425846163484160e-05
-2.340023972906962995e-05
-2.348735951729229011e-05
-3.258183539938769259e-05
-4.513751443990233721e-05
-4.263436682681691348e-05
-5.644809796760341604e-05
-6.877585708713427487e-05
-7.402456574337085995e-05
-9.452390717987557505e-05
-1.020716348861540177e-04
-1.195714589109030232e-04
-1.405391022185985934e-04
-1.548934676754129590e-04
-1.764618722619902742e-04
-1.727694813003108571e-04
-1.886799151184002476e-04
-1.950860495175366321e-04
-2.277110009176746435e-04
-2.283072281350024201e-04
-2.324801521918177659e-04
-2.123175891096651911e-04
-2.307729356465094538e-04
-2.356585714982051770e-04
-2.656091645761218660e-04
-2.954341862360254254e-04
-3.629834655119975381e-04
-3.590314772287128719e-04
-3.967632722082039035e-04
-4.069840502622235198e-04
-4.234116346704071060e-04
-4.416096316954235424e-04
-4.445196006532271794e-04
-4.014297591851233174e-04
-3.624651825432276243e-04
-2.723623011501442696e-04
-2.540912834188045017e-04
-1.883087505072063631e-04
-1.528952193394821839e-04
-1.387947654564042072e-04
-1.278503986773749850e-04
-1.009065664761513864e-04
-9.198439335644057889e-05
-6.432980903429559821e-05
-5.892544569708979232e-05
-5.757813297584787242e-05
-6.522422437617382053e-05
-6.329738865203972387e-05
-8.770859551934299361e-05
-5.927770763913712897e-05
-2.268236075537025581e-05
-8.575399788710622273e-06
-4.234948633236368374e-06
-2.897232530425905877e-07
-8.242362203436459339e-10
8.988089139311468531e-09
6.964973730941819337e-07
3.276785835475721743e-06
8.207368989622079344e-08
9.862629130796235752e-12
7.286201830014427475e-12
-9.149887318366693641e-13
-3.091986852824655135e-08
-1.468088910196952064e-08
-2.638892391864895051e-07
-1.565407644306037732e-06
-5.074212001660544528e-06
-1.030424095811591231e-05
-1.614101361385660724e-05
-2.448988399003118149e-05
-1.548404462377899257e-05
-2.817160740995693533e-05
-3.861321311618922422e-05
-6.172839690276505124e-05
-9.958376927104448724e-05
-9.103916601576587952e-05
-1.029787084502526340e-04
-1.003037516410265650e-04
-1.244029255204845712e-04
-1.624304295502939635e-04
-2.140552544618794066e-04
-2.160528640521116770e-04
-2.160072248432953973e-04
-2.189872024336897069e-04
-2.497279938090678523e-04
-2.896523711078776071e-04
-2.828425856063492743e-04
-2.760314610688530059e-04
-2.656831594196906211e-04
-2.897401133342463126e-04
-3.112380892743265692e-04
-3.011266613219847803e-04
-2.984755511316318998e-04
-2.558491300399708666e-04
-2.621396255191719331e-04
-2.558278961680164523e-04
-2.656489685673216715e-04
-2.518854119468446695e-04
-2.235802382641805994e-04
-2.146707603038493955e-04
-1.847338551893015573e-04
-1.895960072237840087e-04
-2.078153592921908629e-04
-2.088090571611867668e-04
-2.302583285791521715e-04
-2.185169341201880812e-04
-2.015865817473142115e-04
-1.909905606059934704e-04
-1.979599513926030927e-04
-1.827468404421116990e-04
-2.028839148528921747e-04
-1.829854630779515108e-04
-1.838054664024364130e-04
-1.940078097356209494e-04
-2.019921677411996874e-04
-1.980847244417894984e-04
-1.777174558884095216e-04
-1.845783158096355164e-04
-1.985466140941676266e-04
-2.029776913056071514e-04
-2.065092184401087858e-04
-2.390450775298353205e-04
-2.686683361137140198e-04
-2.780809612016975482e-04
-3.208982150773051034e-04
-3.346444891103925851e-04
-3.253289738095839685e-04
-3.390379426636336074e-04
-3.433710482318602132e-04
-3.513079425342323868e-04
-3.359094197598274951e-04
-3.446831503470870815e-04
-3.558660081010298678e-04
-3.702381360367835647e-04
-3.853822478209298244e-04
-3.812660978586058266e-04
-4.053056697590034217e-04
-4.026706773700517513e-04
-4.867112601577629769e-04
-4.929809413842779981e-04
-5.768693746604066849e-04
-5.568702233530611976e-04
-5.449565653008750987e-04
-5.311048417211075437e-04
-5.550221155249685651e-04
-6.243443335631983140e-04
-6.929651946885662973e-04
-6.910427653897807448e-04
-6.791072111206792900e-04
-6.291254919207017824e-04
-6.203851643895139274e-04
-4.860774024426932263e-04
-3.818491953293119928e-04
-3.864560353345070499e-04
-4.028433421909643174e-04
-4.482630812476187275e-04
-6.041089655023180799e-04
-3.977360389787848146e-04
-3.606457479642349688e-04
-3.339260285427647374e-04
-2.583965634383569897e-04
-2.796766045133450046e-04
-2.579475768766123587e-04
-2.329815562880973440e-04
-2.126637829178762884e-04
-2.235569351394742102e-04
-2.790023783620941339e-04
-3.203062659533283899e-04
-3.207382462523564420e-04
-3.183291644335905037e-04
-3.300146423232760040e-04
-3.314977750116688150e-04
-3.327269470690618854e-04
-3.405222514230155486e-04
-3.536317535064657487e-04
-3.610429527566959697e-04
-3.695535922996210287e-04
-3.914942620657702781e-04
-4.120600543462696265e-04
-4.158274197846157749e-04
-3.585907966862255021e-04
-3.335208882198971740e-04
-3.479163281939079031e-04
-2.997230025542020246e-04
-2.689856122116169191e-04
-2.411814764959096852e-04
-2.089454728963432723e-04
-1.810270926112903813e-04
-1.886442203230522202e-04
-1.421192199212050389e-04
-1.553178114721018928e-04
-1.512984301856160117e-04
-1.439085738448988910e-04
-1.253770098751051578e-04
-1.102198985695601726e-04
-9.231352698463635739e-05
-9.219134152767290819e-05
-9.095871734544552843e-05
-1.031273319570951574e-04
-1.093274815494617292e-04
-1.267103740302810157e-04
-1.349163634915522404e-04
-1.317937917563714336e-04
-1.175643621290680665e-04
-1.104213424128037914e-04
-8.981864111690309610e-05
-8.434663237167665186e-05
-8.907084258731072708e-05
-8.297979643105500959e-05
-7.531987065989849514e-05
-9.736871156102465451e-05
-1.116490821857930979e-04
-1.258622336089397508e-04
-1.314759549387944189e-04
-1.243338026916639681e-04
-1.193519855114060191e-04
-1.379353679530146283e-04
-1.528100576461915538e-04
-1.628782557981879511e-04
-1.802242195965862367e-04
-2.054260402011908002e-04
-2.151329233835310546e-04
-2.312758254781588883e-04
-2.498574974863654471e-04
-2.853271486649206932e-04
-3.099501436346976946e-04
-3.559678043846694435e-04
-4.135669400117894675e-04
-4.466057796782052286e-04
-4.391586475790370918e-04
-3.587864817042837103e-04
-3.312894029743485708e-04
-2.911874447779534973e-04
-2.559554657568966851e-04
-2.319448756736407907e-04
-2.015348150325642644e-04
-1.932236387894505514e-04
