1.124002907514004080e-03
1.099196525138160154e-03
1.013088016647775485e-03
9.301241001112112595e-04
9.123400053470062405e-04
8.545332784769838624e-04
7.157837104053207250e-04
8.653683432960811639e-04
8.278476087036460178e-04
6.944415361166362882e-04
4.489690297699549647e-04
2.989835313366053632e-04
1.946294863700155067e-04
-7.148603291068735856e-05
-1.422346893054093084e-04
1.244787350519749585e-04
4.174263350734911814e-04
8.168593909258528530e-04
1.100713148836189809e-03
1.126656156073943451e-03
1.173678757387792071e-03
6.422634267566362277e-04
5.293316603130353336e-04
3.255923726369731809e-04
2.531484619658517176e-04
3.238438134148683757e-04
3.649224679938324893e-04
8.586095430823123889e-04
9.844547727912808955e-04
9.467514984052368028e-04
9.166152019698801294e-04
9.194279628569329696e-04
8.981862529673038248e-04
7.700409705281522493e-04
7.485180817463515414e-04
7.803770035305230548e-04
8.185239511549459663e-04
9.618879419878483212e-04
9.976188027530214202e-04
1.096432300161469730e-03
1.002380451790100538e-03
9.944644689424892488e-04
7.646082941603063107e-04
4.706649871696457561e-04
3.916318582252609095e-04
2.701833469313135502e-04
4.392251546059587966e-04
3.978854892402222850e-04
5.558826896999532379e-04
5.598846536983098600e-04
5.847158036968307408e-04
7.560883958825850978e-04
6.104471081411823883e-04
7.598185269644458159e-04
1.034115024666942698e-03
1.607561701159694731e-03
1.900031379993560648e-03
2.164069566814637562e-03
2.769611147557801429e-03
3.119260696949937867e-03
3.317592914076208238e-03
3.165660853000316476e-03
3.358327434100468606e-03
3.019826900905008774e-03
2.376261491804440226e-03
1.864895577835108198e-03
1.355949183228124686e-03
1.086819584726899214e-03
6.291755013687413836e-04
5.942118513311932379e-04
5.319531266427393124e-04
4.464800874127857443e-04
4.245982606139636129e-04
2.082339774658426923e-04
6.706833744799505913e-05
-1.297688804451203189e-05
2.006875290930389445e-05
2.458017313584702859e-04
5.631347875596733662e-04
1.035073671467146711e-03
1.374589412189105610e-03
1.565596572668107424e-03
1.730090294539544547e-03
1.710161146408472992e-03
1.576480792835003924e-03
1.612565441267366879e-03
1.662289805466916426e-03
1.699284122414304078e-03
1.829994110187888913e-03
1.791088638999018120e-03
1.797535634427763207e-03
1.698675635819710435e-03
1.702610210582645089e-03
1.662367192213016652e-03
1.553820508679625576e-03
1.747885521030055275e-03
1.814396934535922844e-03
1.850342816053671081e-03
2.062434539905068712e-03
2.576618383096492600e-03
2.670318627305335365e-03
2.494523983034860337e-03
2.312832051132295355e-03
2.171323798987692590e-03
1.714466567388931622e-03
1.109033734221106376e-03
1.004288927324714078e-03
9.473327422008229930e-04
8.743853022678311918e-04
7.816678955537876986e-04
9.876040177887160289e-04
1.353725632461115881e-03
1.391125593565630675e-03
1.307319375459005178e-03
1.370026171833192740e-03
1.321271007201351442e-03
1.091791652966014534e-03
6.790743687003967079e-04
5.282820446693551643e-04
5.174277087315992240e-04
3.426117812219708382e-04
1.972188025783350163e-04
3.001667042093851263e-04
1.494935663442388399e-04
4.524811122567272631e-05
-2.978534347466585686e-06
1.230912942120513732e-04
2.100626938006546320e-04
-1.904388143736874923e-05
1.435661913760102545e-04
1.469529133439694912e-04
1.140023505999447845e-04
