-2.367526316713574053e-01
-3.846366498325795580e-01
-4.949392576604429994e-01
-4.651203656452969071e-01
-3.880102360592171951e-01
-4.262048528577196405e-01
-3.777939060205038890e-01
-3.429611314249381704e-01
-3.089200494264236485e-01
-2.806157765871129528e-01
-2.581015992445669927e-01
-2.402637061204225544e-01
-2.251786709209378790e-01
-1.879712613007372413e-01
-1.321108314945300399e-01
-1.043953681202489797e-01
-1.013720610038683079e-01
-5.344779561969776466e-02
-5.076602127806453812e-02
-6.388718714564976808e-02
-7.109519902173018491e-02
-6.909839811331856818e-02
-7.065359097880478945e-02
-6.703953199140082198e-02
-6.605149745796519423e-02
-6.074405827320001477e-02
-5.916205271068553095e-02
-5.805418318522140297e-02
-5.495590778683701050e-02
-5.154497543637864138e-02
-4.735095980548720968e-02
-2.686483988086228389e-02
-1.692397385502366486e-02
-1.721584326513726781e-02
-1.355712189888888357e-02
-1.449155697954082438e-02
-1.131520021534695997e-02
-9.988102321209403264e-03
-8.008469028040454338e-03
-6.588316497582738344e-03
-8.454219750972987585e-03
-9.945892801690857377e-03
-1.066718123275340463e-02
-1.058146770107599305e-02
-1.001644688977763875e-02
-1.124419150873263128e-02
-1.398816478151660055e-02
-1.808578346488249472e-02
-2.596534513249640699e-02
-2.819126682998720698e-02
-3.015887643737159493e-02
-3.130321259059160033e-02
-3.043480911537355116e-02
-3.650388898520062764e-02
-4.190869102465517165e-02
-4.288590972854444683e-02
-4.472495178691004297e-02
-4.659861900350176916e-02
-4.837235314418839027e-02
-4.548282658869919753e-02
-3.850376013182162799e-02
-3.771437329183726511e-02
-3.631072759175842796e-02
-3.469625431971695012e-02
-3.437011666451177117e-02
-2.675411066191709861e-02
-2.008510406141102156e-02
-1.841213185828983676e-02
-1.729997306488620726e-02
-1.398992306992512431e-02
-8.305618906931454271e-03
-5.880617520778311409e-03
-4.489098680005255623e-03
-2.735748365161213853e-03
-2.190703434077882154e-03
-9.725009709359366339e-04
1.276484735910867927e-04
4.359610398699655874e-05
-2.880595787293068421e-04
-1.018044954366370070e-03
-2.406247040277621763e-03
-3.507191831225866998e-03
-5.036205740167667803e-03
-5.898192488050153261e-03
-6.920932733462562686e-03
-9.397568772561409184e-03
-1.167589776329718866e-02
-1.743091464280509956e-02
-1.947039581295836874e-02
-2.265694941154608108e-02
-2.545954049383227294e-02
-2.838563683428618409e-02
-3.057835985880914473e-02
-3.314100985728418020e-02
-3.711069661469666020e-02
-4.356739402476298567e-02
-4.392269612760976022e-02
-4.218050320575583018e-02
-4.060664206835332829e-02
-3.682918130474005514e-02
-3.728660806185210563e-02
-3.548752048860400604e-02
-3.391934947077863277e-02
-3.067275219103977532e-02
-2.704551624402655452e-02
-2.520517860557941817e-02
-2.599790450583645482e-02
-2.143322408342014651e-02
-2.248131844772876045e-02
-2.635850171170548220e-02
-2.702299146902635910e-02
-2.709124224077499865e-02
-2.797292560730970171e-02
-2.807599576802519148e-02
-3.259835202554402928e-02
-3.235271898836514920e-02
-3.649313759017522307e-02
-4.114379638295196512e-02
-3.692829998417646725e-02
-3.462521557012457341e-02
-3.574827617482039671e-02
-3.156410753789722773e-02
-3.203727470715368036e-02
-3.144375971882359261e-02
-2.930512408190738202e-02
-3.056373465423531041e-02
-4.360585589226265157e-02
-4.521990264416184124e-02
-4.788825715550461964e-02
-4.170621794253640685e-02
-4.150425883034307428e-02
-4.220237840554274394e-02
-5.358649965773384927e-02
-5.419347392424873205e-02
-5.290486946523051404e-02
-5.261809653929815783e-02
-5.273519231194068180e-02
-5.173478860167824572e-02
-3.527069268586292133e-02
-3.613613364309022774e-02
-3.092679340784513023e-02
-3.236467944588369144e-02
-3.232139964234707202e-02
-3.371394186977110657e-02
-2.040175571208333732e-02
-2.309582748949408001e-02
-2.585815329127889514e-02
-2.614300207223584083e-02
-2.713973769373347403e-02
-2.504166537397369344e-02
-2.289227979987430370e-02
-2.070947935210697491e-02
-1.865373474289873379e-02
-1.803239524638413846e-02
-1.634327561868809814e-02
-1.338469475245830827e-02
-1.086867956680967473e-02
-7.404287989066736346e-03
-1.780580400211729348e-03
7.926762578753799833e-04
6.479618128547516738e-03
6.269078855321688452e-03
6.455916328860569764e-03
1.504721728261163537e-02
2.104879752648108546e-02
2.598835281546461873e-02
2.388200172032234336e-02
2.493291686468758483e-02
2.274050903589553904e-02
2.082487112910719543e-02
1.701937529588875772e-02
1.252656052949602770e-02
7.964307031230237477e-03
3.503171402213139333e-03
4.981123517567441657e-04
-1.055715933487604702e-02
-1.874537594552345629e-02
-2.212078997853846041e-02
-1.870969187997466657e-02
-2.597080207008218081e-02
-3.019703728782400023e-02
-3.344386264750225796e-02
-3.750043264611403054e-02
-3.896276181758486640e-02
-3.794270691694977271e-02
-3.344197627269061140e-02
-3.044172049907120647e-02
-2.749681255504451971e-02
-2.990878781883450285e-02
-3.239169797657968225e-02
-3.796746467823945009e-02
-3.754661647551697790e-02
-4.092169376309468670e-02
-3.807243184187437263e-02
-3.537959390591530889e-02
-3.551174692240341435e-02
-4.520478140323467425e-02
-5.490368531881742453e-02
-6.930062461200829638e-02
-1.014607579932727682e-01
-9.695528681726255094e-02
-9.377749937829225890e-02
-9.135037403369622444e-02
-1.015529110261125662e-01
-9.370628731064206685e-02
-9.300003121315371379e-02
-8.984205628313106373e-02
-8.559594425411774787e-02
-7.469932875655846405e-02
-6.540818876939424875e-02
-5.011394959204474447e-02
-1.725047279067553133e-02
-1.649939252216137478e-02
-2.087415057213953470e-02
-2.381015796114580030e-02
-1.383628927467023956e-02
-1.744423006288015748e-02
-2.068863539930314646e-02
-2.026637467174273108e-02
-1.883204487823738477e-02
-1.927519831724103586e-02
-1.846628444257210691e-02
-2.101050008702709873e-02
-2.242540392093450574e-02
-3.428613672979053534e-02
-3.089863326313654901e-02
-2.652359061684818331e-02
-2.870111595006243424e-02
-3.267647290460033022e-02
-3.733387300893124816e-02
-4.802643580575908372e-02
-6.065299347391727575e-02
-6.190978868028540472e-02
-6.270359372610459503e-02
-6.318131082020660150e-02
-8.015230753040446243e-02
-6.897110376275424060e-02
-7.356976993373125218e-02
-7.346029042916109308e-02
