1.898053906889247532e-03
1.790759876413617517e-03
2.154921533569886371e-03
1.922570978639522466e-03
2.274342708963261305e-03
2.021392028098904607e-03
1.830114950227816444e-03
1.220730695002417545e-03
-5.598846143858784031e-04
-2.759020856762663901e-03
-4.172558264223902996e-03
-3.834124167456340413e-03
-4.849218862367699577e-03
-5.114537992542514920e-03
-4.691469929627239965e-03
-2.987095114782314671e-03
-3.112708746480711934e-03
-5.934890593880465595e-04
-6.980228257822849655e-04
-1.567590992814520915e-03
-7.586584547047543715e-04
-9.623543786270832541e-04
-6.478864345442586188e-04
-1.773948677910077701e-03
3.776956284045920019e-05
-3.081471654673178964e-04
-6.776542855655405886e-04
-2.402719368078220076e-04
1.464770040809952806e-04
-1.554732370104061189e-03
-2.441746713637992405e-04
2.408775688208233880e-04
-2.039226498472535270e-03
-1.154433901664425914e-03
-4.400813585238537700e-04
-1.507355105350936027e-03
-1.194999187814140516e-03
3.773720486161060133e-03
1.120552265927542710e-03
2.466662166833524100e-03
1.169514519972813908e-03
1.088564736461606524e-03
1.698847679387291941e-03
1.262930045339609886e-03
1.637208652449970809e-03
1.769831604162935747e-03
1.235153509927709985e-03
1.485703783380955701e-03
1.170275612334439799e-03
3.868040389977366587e-04
6.444784226211260070e-04
6.080044237419952565e-04
1.580157445565730906e-04
1.453787909031988143e-03
2.669233369207144480e-03
1.941340182345896578e-03
-1.423538470020665201e-03
-5.975562449718853971e-04
-3.292195059696851017e-05
-6.262033989284075414e-04
-1.134653041824894466e-03
-1.128993548080744645e-03
-1.459188931263540392e-03
-2.843039895434894531e-03
-2.601428437657623931e-03
-2.526990620255652187e-03
-2.000490222420873987e-03
-2.259120732238669316e-03
-2.591273382983652011e-03
-3.090839058841399374e-03
-2.899910122946471915e-03
-2.811147545254002924e-03
-2.892430375179169937e-03
-8.394107983465886680e-04
-1.080389965050428201e-03
-1.898069362936432485e-03
-2.935139643795030978e-03
-2.003798180130066890e-03
-2.458143134435385006e-03
-1.051219891421025475e-03
-1.537828665535666056e-03
-1.635401877165851758e-03
-1.394288646648278365e-03
-1.349791611615833642e-03
-8.241652294344630402e-04
-1.127481546515896830e-03
-1.989998019636160520e-03
-1.215244931667195955e-03
-1.647767599995479800e-03
-1.616930489747221656e-03
-1.021126674390917697e-03
-8.126190835256466571e-03
-2.638808244327519887e-03
-2.386175483659321288e-03
-3.141246934778651936e-03
-5.539625004806532187e-03
-1.137412112975017117e-03
-6.303566649644788732e-04
-6.699818242723504019e-04
-3.046877415615502219e-04
1.570175744603644682e-04
-1.468427542657796642e-04
-8.403190100139028632e-04
1.799182789325927834e-04
3.171598005508358717e-04
-2.909691726931360961e-05
6.248114564427366532e-04
2.342890453848965712e-04
5.498095810746377954e-04
8.901120570371588280e-04
6.314892417552425046e-04
7.883507836195057092e-04
4.049447539420352859e-04
7.120497764373182742e-04
1.296594527460991205e-03
1.583027293245457302e-03
1.735823187656538365e-03
1.186707644136852534e-03
1.009625631596040981e-03
1.998020800957595478e-03
7.414687291912719358e-04
