2.940878690232559978e-03
2.547968243493334284e-03
2.265969390232206847e-03
1.760562153416475074e-03
1.424002532447632592e-03
1.205508368764327551e-03
1.094233212972914922e-03
8.671947528408141623e-04
4.780773432480590283e-04
-1.437860295880991643e-04
-4.899373787976463212e-04
-6.301277409038507152e-04
-9.914703963282429488e-04
-1.265015078524790596e-03
-1.461718228640448460e-03
-1.513259074711716936e-03
-1.519847661959336906e-03
-1.509934541733911305e-03
-1.518932304464758491e-03
-1.411993963739517502e-03
-1.082866589088105373e-03
-5.670835009557940098e-04
-1.912979519583884959e-04
1.525778459084036093e-05
1.749674886662830504e-04
2.947373260524909899e-04
3.646128556932813126e-04
4.088799395351868596e-04
4.965741883677095118e-04
4.750299271383266915e-04
4.537834121796352331e-04
4.187424885522729608e-04
3.315635322411010152e-04
3.229386998192913198e-04
4.470907758189720843e-04
4.827458424159600963e-04
5.581158576669723601e-04
1.421600978957887054e-03
1.591623454938924549e-03
1.824538412088965063e-03
1.884298206090686796e-03
2.035164226877358377e-03
2.208923233309195103e-03
2.430794785717423859e-03
2.629141902899955960e-03
2.824427524279097147e-03
2.979855114823490997e-03
3.223495071252907920e-03
3.354815927854783164e-03
2.677958352071839812e-03
2.701118686538763521e-03
2.641156986496753182e-03
2.672146552698185639e-03
2.708666790346184964e-03
2.656814937237665045e-03
2.525320020581581747e-03
2.366576138691822793e-03
2.175576304284541386e-03
1.913933985265993615e-03
1.674455143804545786e-03
1.472256941866709537e-03
1.279992037980168902e-03
1.095588129018956747e-03
9.037762655608721357e-04
7.015879424736365041e-04
4.946174818240098737e-04
3.739025290899865707e-04
2.639381718519834556e-04
1.834712155027848259e-04
1.534807439959666149e-04
3.563576447163112657e-05
-5.211981945659386299e-05
-1.492063453765470852e-04
-1.686352940354730672e-04
-1.663999397270101734e-04
-1.664545882985809817e-04
-1.747190433505624166e-04
-1.594669129109488835e-04
-1.786323969008864448e-04
-1.068067464757352088e-04
-8.709880379641145483e-05
-9.187267762079483386e-05
-3.970346946845650337e-05
8.140903940498150828e-06
7.114234501131453867e-05
7.896552512071485625e-05
5.728407726510463581e-05
1.028365116467647671e-04
1.390020040656515105e-04
1.489636830804856517e-04
3.060149566959438888e-04
2.509335542142476869e-04
2.710242358669113691e-04
2.945627649315242665e-04
2.735301712548727691e-04
2.741300897685251120e-04
2.992602589220770071e-04
3.374632047453316147e-04
3.800218955681556308e-04
4.034831019853482256e-04
4.458292752736633100e-04
5.113009484373615392e-04
4.508239883416909760e-04
6.066804905717432337e-04
8.302399006242317447e-04
9.794937531670459916e-04
1.229888613812497953e-03
1.450648994239110874e-03
1.605484077876737298e-03
1.842228537278857263e-03
1.978881824454766219e-03
2.123812164327327449e-03
2.251896167627950342e-03
2.379685912828511871e-03
2.477775425024658033e-03
2.523509588508303023e-03
2.525113829326368266e-03
2.530987283526639833e-03
2.528290712739373908e-03
2.431312870223631580e-03
2.364264254763219237e-03
2.198212559620214487e-03
2.128338721260156653e-03
1.990909175239099615e-03
1.909380565862240546e-03
1.795058727729478658e-03
1.683818803004051611e-03
1.567957887610755977e-03
1.413282402395513041e-03
1.376248795041589042e-03
1.240487976409401869e-03
1.192635863203341104e-03
1.177176895460547339e-03
1.113335890269403139e-03
1.046233172160883134e-03
1.010551401168890582e-03
9.435805665016991362e-04
8.756792526087571298e-04
8.001297775404647488e-04
7.309591557240702414e-04
6.715823248205997744e-04
5.731384393127583179e-04
5.377749463578955632e-04
4.893927484142006823e-04
4.521558846591361858e-04
4.184717063989206527e-04
4.711271971014316970e-04
5.977254375823682492e-04
7.398033177303638607e-04
8.083020626036894855e-04
8.481808231118073650e-04
8.400982444162378516e-04
8.570813345146772316e-04
7.760914173549124774e-04
7.729557292700635828e-04
7.706286355952953436e-04
7.310568652910369577e-04
7.319100125924784964e-04
6.488095803426852321e-04
5.551251766646280849e-04
4.226283680413713928e-04
3.435428328859369885e-04
3.465028836992199712e-04
3.434209808944911082e-04
2.896410344749884434e-04
3.226830042300157385e-04
2.592028761471603998e-04
1.702165593035114347e-04
1.309811174750020416e-04
7.897350359868216907e-05
1.903462239093757310e-05
-7.796666485880908535e-05
-1.717334761576493377e-04
-2.089390979670682682e-04
-2.574504337523127640e-04
-2.828734758584782729e-04
-2.885240134849385526e-04
-2.772675359108296971e-04
-2.839383032593171988e-04
-2.621394401243452182e-04
-2.931280380119259395e-04
-3.519215469374344638e-04
-3.768091728681174208e-04
-4.006636677825273500e-04
-3.858528059300698099e-04
-4.035735272804983503e-04
-5.639130526837558832e-04
-6.444057113741992601e-04
-7.151974131468381282e-04
-8.048226407907055043e-04
-1.062907020509197076e-03
-1.108512046534439795e-03
-1.132007832495609320e-03
-1.108518733099018517e-03
-1.106675858023701891e-03
-1.181274157092409563e-03
-1.632679983806782512e-03
-1.631373964540876187e-03
-1.482610233483264497e-03
-1.419110592595142347e-03
-1.334071105530905020e-03
-1.224330368114288003e-03
-9.514304772983655069e-04
-9.278998068301896147e-04
-9.222329818703891820e-04
-8.995315600853685638e-04
-8.792103825624210389e-04
-7.499982712625571056e-04
-2.659299721351622808e-04
-2.011637837056338073e-04
-1.572756142492823933e-04
-1.122775831969312815e-04
-9.660849859941408283e-05
-8.262524754506197957e-05
-1.124212777294417223e-05
1.151686559530408054e-04
2.415579799916758809e-04
3.298028783621120732e-04
4.119235371828611474e-04
4.614083413309809606e-04
4.994316215073388082e-04
4.869964587050654246e-04
4.535544437538986998e-04
4.172845715805094022e-04
3.554205467816688876e-04
2.579260730752013365e-04
1.443571668398900348e-04
1.685084649813435763e-05
-1.011081767716533810e-04
-2.004562694432796249e-04
-3.061869698859285812e-04
-4.117739423427905945e-04
-5.051402930317168980e-04
-5.677813185485818849e-04
-6.050148604225027418e-04
-6.664957052013113217e-04
-6.874885034880347809e-04
-7.011071135783821266e-04
-7.133621585076254734e-04
