beta2
8.991419335420665696e-03
9.489408187436971717e-03
9.845444171767565519e-03
9.969130517729764968e-03
1.001321531743314640e-02
1.016410511712151701e-02
1.071046874662519993e-02
1.134356003288845491e-02
1.129928877369609438e-02
1.139966862519605981e-02
1.133503299797104270e-02
1.122928285858854069e-02
1.038725072908934857e-02
9.557920929944341282e-03
9.327481118729816223e-03
9.501222610621345294e-03
1.005227891734986230e-02
1.125235668100438811e-02
1.079271973702275109e-02
1.078268976216152641e-02
1.036872095782324574e-02
9.679900365193776224e-03
9.642116978711180730e-03
9.655991552941776621e-03
9.681053481692396268e-03
9.413845544401326648e-03
9.486052278989083597e-03
9.580950547776601392e-03
9.851862267494446157e-03
1.037423972424807335e-02
1.087606862331008326e-02
1.130372645395339576e-02
1.084583327745295214e-02
1.156974478685481728e-02
1.219117593534612548e-02
1.259587891654772793e-02
1.284413741778875351e-02
1.269898992787436148e-02
1.201849182330876065e-02
1.160497270447477178e-02
1.132450080283811319e-02
1.099553353632394190e-02
1.108745031967380695e-02
1.131490740905780404e-02
1.145918921759719530e-02
1.119760156717717822e-02
1.122648423489783914e-02
1.093933506952062332e-02
1.059346715299475800e-02
1.007302564236042114e-02
9.939822526369981523e-03
9.930141807848248334e-03
1.032799659115240382e-02
1.098382970341238440e-02
1.163285092886615253e-02
1.169991246951776823e-02
1.252941367544077936e-02
1.317881310787013052e-02
1.342037217894436439e-02
1.359035675067208140e-02
1.395318683288783099e-02
1.362493668175414514e-02
1.353250732639089612e-02
1.314643162888213743e-02
1.285389457434309504e-02
1.260572575471598060e-02
1.223800245037369276e-02
1.267081920425333109e-02
1.218968728956156336e-02
1.172250440505431118e-02
1.166558264858554711e-02
1.154019670908295464e-02
1.130140869400730712e-02
1.099067750842744849e-02
1.059278891356282143e-02
1.071606217352069970e-02
1.088575784917145128e-02
1.056057220458976598e-02
9.598085224623843087e-03
8.661941850617464744e-03
9.136535696271298745e-03
9.470833162303970293e-03
9.864608367128175487e-03
9.423549455794863472e-03
9.029849597974558273e-03
8.936716385909631438e-03
9.054153357982916428e-03
9.432206285630977474e-03
9.423351716894845520e-03
9.697803530571928038e-03
9.997854296549611719e-03
9.926513296740012426e-03
9.664777549217067054e-03
9.074272602732677551e-03
8.381024048406970212e-03
8.313463937799091957e-03
8.302865430763485197e-03
8.127465721558417566e-03
beta3
1.684362510773151054e-04
2.327883304562042787e-04
2.819293956347789431e-04
2.252082094541688149e-04
1.424349260321364284e-04
1.564537206862335922e-04
2.287348458557226182e-04
2.501222252755220610e-04
3.715332469879515298e-04
3.497865732490420274e-04
3.925142389158389929e-04
5.294844670753544010e-04
6.748967690111658604e-04
7.320024584022004647e-04
8.609079893477189320e-04
7.714575828065117335e-04
8.722353295989931313e-04
1.049454549596621046e-03
1.658146875905906715e-03
2.025993775288823830e-03
2.452933159454292675e-03
3.087112962773175782e-03
2.516853467125788023e-03
2.155908701554039037e-03
2.167046567636426307e-03
2.104170347485214906e-03
2.043788175309151252e-03
1.999525707866199944e-03
2.319335754027114678e-03
2.401151341752639015e-03
2.143625220206923573e-03
1.999015730930818729e-03
1.941531170104810692e-03
1.579847811203154671e-03
1.244902872266635645e-03
1.098687042417926911e-03
8.464405075429689770e-04
5.538076588593298516e-04
5.206804084111984511e-04
5.335185999103618081e-04
4.253366264045372984e-04
4.385174160411379855e-04
3.488033284468404320e-04
2.435495734128143236e-04
1.530268884316661612e-04
2.052124394455169488e-04
4.772213570500343990e-04
6.300497922273559127e-04
8.563914542987256665e-04
9.784384538303303978e-04
5.023558949492649885e-04
3.461559567787751940e-04
2.213868778941208268e-04
2.890649807091933343e-04
3.756736733828629042e-04
5.161929324643454910e-04
6.018963152886581220e-04
6.466302102266085084e-04
6.150119184613418635e-04
6.313305755121269291e-04
7.111594103174748204e-04
7.903862762766956582e-04
8.385125951816260140e-04
9.391602497375534184e-04
1.404209329915355681e-03
1.906065340510146311e-03
2.347236622947418850e-03
2.677704460974708427e-03
2.534880454412713393e-03
2.757746726234437760e-03
2.825834299210835086e-03
2.779757350998777674e-03
3.106527346278512361e-03
3.509378242467847079e-03
3.829411242681619171e-03
3.585449976916802763e-03
3.711857567521049082e-03
4.278980239323987647e-03
4.208504274332400610e-03
4.035041114224872244e-03
3.535912889414529435e-03
3.051878990762006347e-03
2.626193480715808930e-03
2.517898571820594532e-03
2.319016664224115079e-03
2.218879253874321729e-03
2.358408789416201884e-03
2.452580088652921587e-03
2.251994701312714717e-03
2.327738792087028115e-03
2.858187441635372250e-03
2.850072691733826838e-03
3.017317356488119235e-03
3.128653854905200787e-03
2.828393341621908506e-03
2.375943899710302940e-03
2.102845623299684323e-03
2.071203019409752644e-03
beta4
-6.054062881576264328e-05
-9.392913587015093348e-05
-1.901663066264675113e-04
-2.385613185827794962e-04
-2.048201169480053780e-04
-2.582543137155395192e-04
-3.944351578945091540e-04
-5.994408219273698272e-04
-6.998411950089682664e-04
-6.112254870682736971e-04
-6.807606880186504962e-04
-8.211349189258379316e-04
-9.195796312425478288e-04
-5.350075999249425101e-04
-5.590188987267725746e-04
-5.170458634683992600e-04
-7.462821585791421354e-04
-7.875876775533623402e-04
-7.069896476996718809e-04
-9.062617824201380130e-04
-1.133878575530500483e-03
-1.328843138529291895e-03
-1.453668163070387463e-03
-1.666613706346810851e-03
-1.439170127074838965e-03
-1.264181157029468277e-03
-1.212321125184106499e-03
-1.153156185038099225e-03
-1.419123374740077293e-03
-1.797792703141630954e-03
-2.294289936843889061e-03
-2.977453864628690390e-03
-2.908998350459233127e-03
-3.540663333514210490e-03
-4.305935631574715587e-03
-4.751053344729704725e-03
-4.659933970518535112e-03
-4.670672531595897355e-03
-4.024504335734188643e-03
-3.178897725948583337e-03
-2.672345286485685451e-03
-2.284437823604861667e-03
-2.112851272979376308e-03
-1.739653703853749232e-03
-1.732707111078734099e-03
-1.313696024059140145e-03
-1.742710018087365769e-03
-1.634896667045773050e-03
-1.794927375802604945e-03
-1.483423797999040752e-03
-9.478563747284883241e-04
-7.199925466848790343e-04
-5.297575068421752752e-04
-8.131434674837837839e-04
-7.467199328157381362e-04
-7.441185608912665849e-04
-1.079922674214573580e-03
-1.399878442428330316e-03
-1.392515785404232521e-03
-1.707284850898688850e-03
-2.458236185556666314e-03
-2.476410854118286584e-03
-2.788621481713732513e-03
-3.079352038885537629e-03
-2.769520005534095893e-03
-2.844552453439507921e-03
-2.111292712272914984e-03
-2.031382659100431330e-03
-1.753628213959676496e-03
-1.741937883363690832e-03
-1.783945758848506924e-03
-1.920699452467328899e-03
-1.458472296618925973e-03
-1.085480450538637426e-03
-7.608338352053490390e-04
-7.477251180771163092e-04
-9.429607737034405735e-04
-8.965849139138202389e-04
-1.018504254949063968e-03
-1.120496193767106432e-03
-1.251554020480883040e-03
-1.283001050862449212e-03
-1.583182061514695716e-03
-1.307259564137812488e-03
-1.040596110863810288e-03
-7.818535359060978154e-04
-6.732891506206013701e-04
-6.936197885331011476e-04
-6.307714768297664493e-04
-4.238314345380436244e-04
-3.559149524390633080e-04
-4.291457408870201625e-04
-3.451907897761283327e-04
-3.126568647263997750e-04
-4.287428268029727348e-04
-3.145604348524143551e-04
-3.147054211651106837e-04
-2.681121316484335118e-04
beta5
1.331749434458955123e-07
1.546812317429296050e-06
6.086159088025860861e-06
2.235246623416962426e-05
3.415811735448440038e-05
3.893219840792158155e-05
5.276816157450173704e-05
1.002015364567836566e-04
5.248676834848028407e-05
7.123575281716200706e-05
1.216954040548878481e-04
1.497783084313746938e-04
2.690640685491060727e-04
2.546807708139502873e-04
1.902375888010547351e-04
2.340721328713505777e-04
2.279564364750008608e-04
6.376976391662473849e-04
3.545629750734342108e-04
3.410738695881719833e-04
2.863214655905351727e-04
2.016673020536675518e-04
2.108574249567525170e-04
1.988932341943412555e-04
2.450868396117772841e-04
2.401675032608605086e-04
2.591788371080701358e-04
3.267924468123356227e-04
2.335374711297867373e-04
4.423194931475840121e-04
1.143500609132110189e-03
1.983908096144868047e-03
4.277783177954748439e-03
3.415848983592004260e-03
3.605403375005968199e-03
3.344846747186183862e-03
2.978552846303960701e-03
2.314990801322836488e-03
3.056887059878741174e-03
2.283690798215257459e-03
2.944679646460504445e-03
3.456083524938207904e-03
3.298063079680597139e-03
2.399772196719992395e-03
2.642739424872440034e-03
1.790220439982854756e-03
3.209464068594982539e-03
2.745598591253705419e-03
3.444698285555792931e-03
2.621726553713496499e-03
1.010196751014654209e-03
4.686385829040807518e-04
3.629620883322957274e-04
2.515079792949096067e-03
6.287445063225433582e-03
8.014019228276964002e-03
8.438424792016688269e-03
6.199683849245760624e-03
4.997425397947116016e-03
3.087119763935153131e-03
5.132496032409868039e-04
1.887311649688592173e-04
4.044649534458659554e-05
7.183414643256603954e-06
7.097929067227706949e-06
1.327576181955728341e-07
1.624667355677169638e-07
-3.068507402950773299e-08
1.503875625428588779e-09
1.922128852954417387e-07
1.534411011682195387e-08
1.333945869789588224e-58
8.406191929533489591e-10
5.050051839614162666e-07
1.290108519779085477e-05
1.139802593766861513e-05
4.917258123270823268e-07
4.495893257297997006e-07
1.274857972978668509e-06
3.104487903669610400e-05
4.933768974661393386e-07
-2.050822330385418444e-16
-1.149776020878327500e-05
-1.463585845598562245e-06
-1.104585018072541479e-10
-8.817157259921336333e-13
1.037796492945263499e-08
4.673330168484131726e-09
1.681863203991738758e-06
5.767500207442046013e-06
2.138085336012505164e-05
6.889243601334661996e-05
1.166929919927356765e-04
1.992615912881366192e-04
2.753356627274330232e-04
7.629441668788924241e-05
2.800580406156932708e-05
4.576745661646005356e-05
