1.556465283064437081e-08
9.100366898789007503e-09
4.487934431860766276e-09
1.676719276902748418e-09
2.907831229580507198e-08
1.652442645655051346e-08
8.499345357037741865e-07
3.619356095871645661e-08
2.079238191111149018e-08
6.949679605538423329e-08
1.498163009582984269e-07
1.383405330652146911e-05
8.653483737259144659e-07
6.673863034353666022e-07
4.141447451117412036e-07
5.221535583027524614e-08
4.150606701428558065e-08
3.557169611329348883e-10
5.179877901031492835e-10
1.413951950637658504e-09
5.434455441391045630e-08
1.341914962156422521e-10
1.778665665421968877e-11
5.326847346305035538e-10
5.323786714379447682e-10
9.240017286527860116e-12
2.188341479911656583e-10
4.557429660857747203e-14
1.685721934895471206e-13
8.878325063368610944e-16
2.645851482165327213e-18
1.330355762302255058e-17
3.556933131165053236e-21
-1.321220336160224996e-39
-5.483104433899244639e-26
-4.421176218139190812e-23
-5.204557421692754048e-25
-2.059147846585413141e-15
-7.303321025317537495e-20
-3.852786293903839504e-14
-1.055509959236525246e-18
-1.097290008475821522e-13
-7.050653410600371244e-11
-9.937798550001942637e-13
-5.995704391831940927e-13
-5.133030617797110256e-15
-1.414725141265763156e-12
-9.492921989736698816e-15
-9.150572383694110633e-19
-5.500499558929856758e-15
-6.966037103997823073e-28
8.321742995546003574e-26
3.111490135766427154e-23
9.567618117710176797e-15
1.118817739476131394e-08
1.065722513880508702e-09
2.351255121465044115e-14
1.666336240835916361e-14
6.754071544758757258e-13
5.858163611874933220e-19
4.451849368047727282e-18
4.442689373141390686e-23
2.986698065387670744e-19
2.449502655442330557e-20
9.657283194105331743e-19
1.158940336822000844e-19
1.331443056041822766e-21
5.941266630574240918e-23
5.565211831788919416e-32
6.709654227902051930e-46
-9.411576341070655596e-35
-6.917848321961307653e-27
-2.204077108978591617e-27
-3.101770568598681902e-30
-1.536727391105914286e-21
-2.250068924525441856e-23
-1.720012462057430734e-18
-5.910363069431702883e-21
-5.155461927894758477e-23
-1.202053101645431595e-20
-6.508964683756740546e-21
-1.695949179770216382e-16
-2.808905534567462967e-15
-6.062977369688015218e-15
-3.892080216068236675e-15
-1.149693057759044165e-15
-2.888899363876576643e-13
-2.938055589337547216e-15
-4.718759634267226878e-14
-3.192852337910965106e-11
-4.586935783974231441e-10
-1.484009229911651735e-07
-2.630125413546549482e-07
-1.113518104074499948e-07
-4.445706392486694131e-09
-8.648008585312976611e-09
-2.138080141712484106e-11
-5.196763505655045932e-10
-5.034856177050353373e-12
-2.386325984268812582e-11
-1.186325557663508601e-12
-9.215284979137011235e-17
-3.460698710738882282e-11
-1.342898033056139717e-13
-1.204132947861762112e-16
-3.983924940004459289e-17
-1.101300923308397218e-17
-2.803420044514551855e-25
-8.191724448597087706e-21
-9.539747804011378293e-19
-6.945544102309781108e-41
2.330642311531091875e-37
1.450187000256210510e-25
1.634480196752286315e-21
4.985117392947538100e-14
1.652379220661927647e-15
4.103552168070659805e-14
1.803377211236754590e-12
6.729667567513952216e-10
1.616714289324995366e-09
6.980972277669855230e-11
4.453075997913397571e-10
6.431895796330788097e-09
1.326220633095045931e-08
1.679601787450580555e-07
2.519063054402207421e-06
8.057679292262927926e-07
2.607961644168273732e-06
2.061006526267753300e-05
9.818472324644802757e-04
3.087600990676333065e-05
8.239482479383648458e-05
2.061116371776041420e-05
1.985428970341369367e-05
3.249056607731904843e-05
2.331201135330320602e-04
2.372683671625057270e-04
1.551365234797045709e-04
2.680174958549911602e-05
9.613759666120573130e-05
9.412240567385462067e-05
2.313717687195145073e-05
6.893707269254985041e-07
7.646069897144643318e-05
1.212900056027973051e-04
3.000155042141150266e-05
2.604531190741080082e-02
2.917513881733691666e-02
1.138255109520158043e-02
-4.300822675734651546e-03
-9.473801799619232383e-03
-1.932359778637918191e-02
-9.078287643255248535e-03
-1.506059497114354065e-02
-1.013349428127006073e-04
-1.737096991312727354e-20
-6.407914728136899587e-63
-4.723634993150194572e-07
-3.898624545731779792e-28
-1.145125861568406373e-10
-1.136979918489413891e-07
-5.276154431707424561e-10
-4.146140858132441678e-09
-3.516485928938023910e-08
-1.309175745296724639e-07
-1.017413677593126474e-09
-8.919196207935820250e-09
-1.481863786793927878e-07
-4.265039747204028356e-08
-3.738198375560676331e-09
-8.401923099433010322e-10
-8.375616410082111745e-10
-3.513464924829203232e-09
-4.953071441730289481e-08
-7.751006259219097851e-10
-1.501612302686622511e-09
-1.555123773337867740e-11
-3.228382320819064619e-13
-1.370935478734296703e-13
-2.650051600864161663e-19
-1.986327916104681423e-15
-6.320820759500118456e-15
-2.078935473693240956e-16
-2.035582367303268743e-16
-1.102586910136340763e-14
-5.262103116862781143e-10
-1.056828103108108584e-09
-1.377538745058017801e-10
-5.771551472339099809e-09
-6.654279731237294007e-10
-8.694865555863631463e-07
-6.843556097517370306e-09
-5.456594558314297438e-10
-8.391302207385444921e-09
-2.659113147364715585e-09
-2.999660137653375145e-07
-7.698816888185850194e-07
-2.641381928945069081e-07
-3.506787190756469635e-09
-1.997855801630036274e-08
-8.204545048492897849e-08
-1.762303994748154643e-08
-1.768386962741012135e-08
-1.262599018893205727e-08
-9.226000791718919147e-09
-3.300635772607253547e-08
-3.308529932421219120e-08
-4.657811086016008412e-09
-3.565678783812573339e-10
-5.994694673108973888e-12
-3.090688322475271225e-15
-2.639924614209653027e-14
-3.003090726748029781e-14
-8.091594399555033419e-09
-1.940315285271374655e-13
-1.015786058464786871e-13
-9.488315361960094259e-14
-1.792013788625110923e-10
-1.536096875084856878e-11
-2.401426557479344114e-14
-6.605694015253918713e-14
-3.106975698765028231e-15
-5.782440718788491839e-17
-1.751332997016143658e-14
-3.257653236895486719e-16
-8.993774850815560809e-15
-1.395332120677785590e-16
-1.006747785251167677e-23
-1.767712091345889627e-26
