-1.196775270479290406e-03
-7.091766176837760362e-04
-4.335401292815786061e-04
-2.050407767566621124e-04
-3.154880052904276001e-04
2.680136043852352152e-04
4.210321576239003721e-04
6.754738456708556105e-04
6.124265100814289256e-04
6.925700301384572592e-04
9.181835935120124734e-04
7.074402751041257214e-04
6.705577610511077782e-04
1.027371648771265022e-03
6.860661190793748742e-04
1.055601915014997127e-03
9.584600592587556259e-04
8.342756755746226017e-04
7.996332736340478267e-04
4.703528665128688352e-04
6.924635461955542127e-05
2.193201594747564603e-04
5.576602060212807344e-04
3.333875643720543374e-04
5.751324913209141920e-04
5.148860686515880931e-04
9.782732525661923424e-04
9.636664875999827011e-04
8.151197894247714289e-04
1.896233286262119684e-03
7.596418798525222471e-04
6.614231354409206990e-04
1.390834305164756609e-03
9.883924774324174319e-04
4.786143659149029277e-03
4.121226625157346432e-03
1.278435618154006139e-03
1.062647772980842209e-03
1.617374373797850510e-03
1.386957178330967475e-03
9.591423714993558679e-04
1.399797430102594316e-03
1.279058542415333370e-03
9.451114507424272131e-04
6.468011512880039509e-04
1.155653102858471282e-03
1.823254279022419383e-03
1.412041351205232595e-03
1.362142657730856755e-03
1.106710301198138378e-03
1.534250418090459195e-03
8.356941298476441371e-04
7.161555278844198820e-04
1.010531450589149168e-03
1.618103378507985881e-03
1.001466757905087983e-03
9.924929981084561117e-04
3.218669355714891961e-03
5.114806277502486655e-03
2.470845422656198827e-03
2.821233791569826427e-03
4.357600874972529861e-03
9.935863662357371714e-03
1.310339748747774711e-03
1.524986337634820803e-03
1.375344898981570524e-03
1.568975145367099014e-03
8.657881642045328228e-04
1.349317593946216696e-03
9.767644306831514429e-04
1.116387584470721972e-03
1.462517395748708744e-03
1.472400833085458051e-03
1.279011672985254366e-03
1.736824719020167501e-03
2.258937362506248034e-03
1.185085285413757950e-03
1.280457057322387975e-03
1.107056402158718145e-03
1.981932038543521291e-03
2.101561750525007648e-03
1.666200882816742945e-03
1.598740983726097079e-03
2.532480415633257560e-03
2.661335316123034783e-03
1.721309152987762292e-03
1.621892237220754320e-03
1.936510990241287634e-03
1.678954511072746052e-03
1.831188691345431944e-03
3.641330025863807971e-03
3.296003519772345864e-03
1.726225927968273689e-03
9.133471596175251521e-04
1.030205912786020129e-03
6.833633019810827006e-04
1.091457667987247001e-03
1.069144692777478783e-03
6.971711080331420129e-04
4.674428853860082035e-04
4.333310808562248887e-04
4.507380557402587695e-04
4.694984619667964647e-04
1.327670610189124250e-03
5.927803814404631992e-04
4.739497212784891229e-04
6.082668862779474009e-04
5.854132376623557383e-04
5.281221935297214466e-04
8.561431949882043670e-04
6.737341964379643623e-04
1.119425541684122751e-03
7.556159956405241905e-04
1.190608511680743033e-03
1.643859535424848023e-03
1.489809534350826315e-03
9.900932422116728599e-04
9.796161097488493251e-04
1.329687846699018593e-03
1.729622051028737763e-03
1.013311008229124226e-03
1.156579789759137238e-03
1.273701802129789586e-03
1.145567887849027050e-03
6.601154244413004295e-04
4.284805381094304046e-04
5.033830953342636376e-04
6.573009324518107365e-04
6.541675532767758346e-04
1.189174698824415092e-03
1.293485581405538981e-03
1.520142677496045093e-03
1.130799242417890923e-03
1.146463383415495876e-03
1.013132189553596265e-03
1.314420149636020543e-03
1.355669442064257263e-03
1.230585605834279414e-03
9.417725995672338686e-04
1.166414758772474922e-03
1.385647295091766394e-03
4.862442477451407968e-04
-3.226722004102920162e-04
4.588405683925597081e-04
3.463307079129266828e-04
-3.355268508200204611e-05
2.968052593895604782e-04
3.398830645165773815e-04
6.836811118150085348e-04
1.177322208202735286e-04
-2.360720931629405365e-04
8.073184701759827874e-06
3.616721429765735627e-04
2.463324435623165279e-04
6.228221154335136399e-04
3.890755044443274663e-04
5.266624007685004241e-04
3.954784718897565426e-04
2.166296662170618802e-04
4.195302299631485567e-04
-7.304279460751251065e-04
-4.075173816903911346e-04
1.067807761301652541e-04
4.695422324127391579e-04
-2.880459776458179499e-05
4.196756572472754260e-04
7.522249548698907440e-04
4.197442833471844723e-04
4.737977157115916401e-04
1.105906582044520253e-04
9.007767360010405188e-05
3.610133666851731457e-04
5.785349067242597898e-05
7.667005893163382024e-05
-3.535278553778701161e-04
-1.595548194694339174e-04
-2.933185292522032061e-05
-1.935550935005432853e-04
-5.478525645468482197e-04
-1.118021160269170488e-04
-1.533506757886935194e-04
-2.386678899825657495e-04
-7.320581876424905518e-05
-4.509851840310250307e-05
1.166994793227617679e-04
-2.004773631783939459e-04
6.787982335648443740e-05
2.313648556289543148e-04
1.256928229197366148e-04
-3.808978949217060178e-04
1.413428535962668879e-04
5.865383967246718322e-04
5.141456156638047996e-04
5.980195641933332010e-04
7.117926153409996626e-04
7.425153768201276337e-04
-2.712336553347248643e-05
6.266059285494200476e-05
4.325784084472184617e-04
2.087117824551262054e-04
5.086774444886236644e-04
6.507615350098584902e-04
4.007808833220632755e-04
3.610220701551262968e-05
1.409177574050603341e-04
3.775725764511875747e-04
2.705962509018271559e-04
8.525951270903210871e-05
-3.455019249720545142e-05
3.163704014094426403e-04
1.080280711848270519e-04
2.087642872941367046e-04
2.681762542212985418e-04
6.326928723851684647e-04
3.202978798274730703e-04
6.813582795369988723e-04
3.272376361313608824e-04
1.866229572932460599e-04
2.111094198124409827e-04
4.534605055721568781e-04
4.424154840462084281e-04
1.045799886548576989e-03
4.796669660851979084e-04
1.636223008239312082e-04
1.519583287452598531e-04
-1.871945970584766442e-04
-1.208864644547272765e-04
2.592780786864957890e-04
6.961364377069244748e-05
8.095987717896521152e-06
-4.802338419671994059e-05
1.292767569004760794e-04
1.201823072582391787e-04
-2.502202635218390070e-04
-4.197994544015293673e-04
-7.955237010746951708e-04
-1.549288934572707374e-04
-4.495854644822470567e-04
1.049104903742331869e-04
