-8.245639196213835342e-01
-8.902704771200433687e-01
-8.783199156280617759e-01
-8.577635674868810955e-01
-6.884599578933023878e-01
-5.740780774178952939e-01
-4.350872917521769190e-01
-2.704346796506004180e-01
-1.254718827895595079e-01
8.826338993585572737e-03
1.088069852144944727e-02
1.223498323237184708e-02
1.205660357053974646e-02
2.738679775424293725e-03
-3.248241159752664892e-03
-5.821665682198312770e-03
-1.259502045671023925e-02
-2.148496316572949885e-02
-3.530249631147885925e-02
-4.342506592887582229e-02
-5.285075658822455807e-02
-5.674535449835085843e-02
-5.421269255557850664e-02
-5.386676007061230731e-02
-4.673273195864704327e-02
-4.371440768243223252e-02
-3.980074770908544751e-02
-3.959815145607079728e-02
-4.545697802691178041e-02
-6.371260758675446889e-02
-8.593500901658122915e-02
-1.006812209361719751e-01
-1.363890173178752829e-01
-1.601508768534279648e-01
-1.928032775484571637e-01
-2.441288247261987898e-01
-2.761806804121459957e-01
-2.869469512628710084e-01
-3.095122458737976645e-01
-3.680020589079964766e-01
-4.484033240918383068e-01
-5.216555365386718046e-01
-6.645450911559830365e-01
-6.605833721549757565e-01
-6.474181782211060332e-01
-7.344615957929582217e-01
-6.134778219015851741e-01
-4.637625941550161390e-01
-2.757930851740493239e-01
-2.539619602821214239e-01
-2.129321508154419229e-01
-6.147173731658672757e-02
-9.556544762415480898e-02
-1.246610898442673948e-01
-1.578524493478939139e-01
-2.102539136324778346e-01
-2.968753065563295990e-01
-4.070437599326781064e-01
-4.746663002789502372e-01
-4.807708192030593630e-01
-5.263684406511383029e-01
-4.901342467947721881e-01
-4.119547890662829670e-01
-2.950726501487743181e-01
-2.077253225630411038e-01
-1.948189195648768746e-01
-1.236861222993468207e-01
-1.257404759300797814e-01
-1.106506628630635758e-01
-1.037034717217750618e-01
-9.234994393573468796e-02
-7.412988409289912595e-02
-5.490109643045994886e-02
-3.554557781691146390e-02
-3.785683231412250577e-02
-3.444140783531055017e-02
-3.740320878027727364e-02
-3.962160061393096844e-02
-4.393460514138577966e-02
-4.644399339526939646e-02
-5.466637789364917066e-02
-6.784413676457365372e-02
-7.134580369851407922e-02
-7.479221109856866445e-02
-8.279133827683447799e-02
-8.847264597298866440e-02
-1.042163339734813038e-01
-1.109438640701235074e-01
-1.346336365123970424e-01
-1.545980985270822561e-01
-1.744427949292053359e-01
-1.930023120605279807e-01
-2.118242329353164644e-01
-2.441807003726693959e-01
-2.762616046744305609e-01
-2.931962619225193523e-01
-3.021210581279166751e-01
-3.136174713724165231e-01
-3.084601599775605441e-01
-2.787566332682895331e-01
-2.875014106647686973e-01
-2.864636940994152448e-01
-2.657934460136809895e-01
-2.447279060593645639e-01
-2.228205093516271162e-01
-2.137075373288058466e-01
-1.629980910507671521e-01
-1.463831959217258560e-01
-1.441349252249497781e-01
-1.494310219603703083e-01
-1.615058384142067094e-01
-2.073456088910642647e-01
-2.445047517418249827e-01
-2.727006192618046110e-01
-3.287096930910693993e-01
-5.811362226081348004e-01
-5.500406653051109762e-01
-4.906038044816309340e-01
-4.335959847307049309e-01
-3.881242018028785989e-01
-3.181407809741766402e-01
-3.795892671547551611e-02
-3.422756788965939517e-02
-2.961459040324878819e-02
-3.169174560509512018e-02
-2.253467969121232886e-02
-2.224786866166497332e-02
-3.445422181921144189e-02
-4.551208556932431759e-02
-4.487299908509962548e-02
-3.688903027027172488e-02
-3.677827002179115401e-02
-3.998311001627053579e-02
-2.728314723221160823e-02
-1.592683693213967425e-02
-2.570031395489265694e-02
-2.846361528682592179e-02
-3.062599501582796702e-02
-3.177845602606967079e-02
-6.358438050955309007e-02
-9.782699922052079389e-02
-1.377678334667424842e-01
-1.997516419475887373e-01
-2.478068005440641486e-01
-2.941723260554480190e-01
-3.343944291967227422e-01
-3.753334493938095817e-01
-4.121974458132995345e-01
-3.400640115173622635e-01
-2.816468230086134894e-01
-2.248651147033848829e-01
-1.550317967883640680e-01
-8.029007890930629776e-02
-5.540599981811814576e-04
-8.053489799127209331e-03
-1.585669167937746663e-02
-1.845300839676459331e-02
-2.250007392221695709e-03
-1.515084757832231739e-03
-4.249334880628571377e-03
-9.664857005635373033e-03
-5.030073471295229762e-03
-1.266649172109814148e-03
-1.301195635904800647e-02
-1.363862582715796856e-02
-3.786006447523507148e-03
2.972804635096784522e-03
9.361936458298873850e-04
1.847474023351338215e-03
5.191925938616617602e-03
8.561353778356723537e-03
8.291561198891067921e-03
5.034204976855589063e-03
4.691746813072939816e-03
1.048047602603503639e-03
-7.591740164750143682e-03
-8.304517165266325773e-03
-6.761719102274305580e-03
-1.237727573039338475e-02
-2.020979363272679824e-02
-2.728505588017028291e-02
-3.389243838959034305e-02
-6.494523393433050684e-02
-1.092404252291046540e-01
-1.729238833468085268e-01
-1.756196719115807880e-01
-4.464140912938081573e-01
-6.213578407590527597e-01
-1.230898291614459961e+00
-1.189029613821906084e+00
-1.122073930578747714e+00
-1.113122973160510121e+00
-8.365010423997331079e-01
-6.547945993408891274e-01
-2.193316748768696020e-02
-3.028432191134360421e-02
-4.137733506843738890e-02
-5.751242257457355594e-02
-6.302466018720216667e-02
-5.926346094726551300e-02
-4.862905523945774272e-02
-4.020536380909020546e-02
-3.008405662186527940e-02
-1.323998802587886443e-02
-7.452051976898004665e-03
-1.100662223690652801e-02
-1.916830535922936854e-02
-2.414898274027112157e-02
-2.465824970811448039e-02
-3.178508645515686765e-02
-4.107221795534529707e-02
-4.629423053562278095e-02
-5.843836048433129204e-02
-7.563350564618771810e-02
-9.055614179333620894e-02
-1.115679921863048235e-01
-1.299520385553808721e-01
-1.598500292106506682e-01
-2.219746075556892073e-01
-2.935549065669790236e-01
-2.791889168083434014e-01
-2.561767965348356602e-01
-2.367921090514225335e-01
-2.024572603022459505e-01
-1.290196249613765056e-01
-4.069542374999431805e-02
-3.750110778635833142e-02
-3.458122932537913835e-02
-2.975308574768541214e-02
-3.274044912636690091e-02
-3.829767352419056331e-02
-4.596932730804714068e-02
-6.152241749627460760e-02
-8.416100676593213370e-02
-9.573779007626831428e-02
-1.120335433604506686e-01
-1.240847272576406368e-01
-1.116508830317098355e-01
-9.510141729043737613e-02
