2.499513428246953608e-09
4.896676353399554497e-10
6.463980820954251125e-08
7.197263569029598029e-09
1.163161888812497707e-07
7.286948694680028848e-07
7.114710471752170142e-07
3.597392736086641703e-06
1.134773725532533428e-06
1.359343172572574751e-06
1.233498352453665213e-06
2.221051641532977453e-07
2.139326624275247977e-08
1.980400611094088650e-08
2.526303827919758874e-08
2.603438836277149059e-07
3.554919627812173083e-07
7.245526803876782915e-07
3.772567044694610622e-07
6.097402699842752045e-06
1.865054765145573691e-06
7.693201850228831696e-07
1.836256192467429425e-06
1.721017036476944436e-06
1.028775626024465799e-06
2.070906517393709567e-06
1.852185804076451701e-06
8.102969606824930718e-06
2.405207138510559318e-05
9.423708282690154245e-06
3.226218418188791175e-06
2.206831369749628352e-06
4.266042401104908707e-06
2.528926067615428571e-06
7.281190381776908782e-07
2.006032114390410366e-06
1.025658260765461532e-06
7.595980474891995461e-07
1.551811662774424083e-06
2.268232383949500632e-06
5.180697293309924733e-06
3.197248094276088524e-06
6.790858228466119848e-07
1.413015501558952034e-06
1.139546958103908642e-06
1.538915391457814772e-06
7.022739067878738722e-07
1.462315024374880090e-06
2.855207905858046896e-07
1.300262920101538633e-07
5.015343460851353682e-08
2.270886289844924417e-08
3.344320723010385895e-08
7.901262268902305322e-09
1.607844091670907653e-09
9.620120224780022521e-11
7.797103081588695863e-10
2.881843106299179020e-12
3.088466874398014421e-11
5.936030153220064112e-17
3.431537517445368815e-16
3.898066405079859629e-17
5.727331347493790571e-19
6.631100292900213277e-26
4.506974457675727940e-21
4.701643989793348109e-16
9.341170268681524152e-16
5.159967424464640218e-20
1.655214778704176202e-18
2.261229963301595570e-22
7.268774935212005263e-112
1.275103614158835715e-22
3.643491942515851497e-19
1.790459047024729689e-11
7.941178224563614648e-13
1.044091865478646156e-11
2.103663595024597072e-12
7.658469108004993690e-10
2.330790198197414249e-09
7.947239038260858774e-09
6.058909283254147778e-09
7.289951507422257206e-10
5.225111614272455174e-09
3.543972186003701936e-07
1.515106575189345357e-07
5.878649464852356546e-07
6.504742195006945478e-07
3.273805082695064555e-06
3.085673205039468401e-06
1.069760474046914160e-05
3.245167970890030726e-05
7.730623625662332948e-06
1.159825489540292420e-05
3.870845148220643762e-06
1.333176173906633814e-05
9.666802410888973346e-05
4.857658586781723575e-05
7.953099307957199170e-05
7.210928831788196284e-06
9.036612535342400637e-06
4.639521329072226479e-06
2.264014376750374948e-06
3.342834125775952071e-06
4.479336368542937360e-06
1.598721866770686431e-06
2.485413351750780992e-06
8.903797375819458315e-06
1.206585876974736322e-05
6.703791843974994465e-06
2.890792682182222040e-05
1.068772874776566565e-04
3.717063475650371571e-04
1.951988805948062181e-04
6.827795286264658463e-05
6.656587212632848174e-05
5.060440532724995254e-05
5.710774218162972582e-05
2.985037113168927231e-06
2.097944575907642685e-06
1.137315484459979877e-15
-7.062195576093906686e-07
-4.217596440433668876e-06
-3.805667202391159708e-08
-2.884267545431468545e-08
-2.234844217960029806e-08
-2.597115962247454485e-12
-4.088739684116504544e-19
-1.963874672475697911e-32
-2.474661946288785368e-34
-5.044601543898088359e-62
-2.086791325685503895e-37
-1.099932394099239054e-51
-3.542216068483990665e-23
-3.222656776378676514e-21
-1.083848216091485428e-16
-9.534787316449939448e-19
-1.279927458345169877e-18
-2.344980328011227248e-25
-1.500366926424641323e-18
-2.330981232188826439e-14
-8.434985461545629621e-15
-5.220365081125377294e-15
-2.840028019951796895e-14
-1.119064217101378947e-13
-4.387808939414571958e-14
-2.746646648270167538e-27
-7.637379174219522504e-26
-9.319586268821807911e-17
-1.876165217410604925e-24
-7.248364229269600483e-22
-4.335664050160584394e-11
-5.957360337738295117e-10
-1.249633352339501163e-10
-2.503723261116092011e-10
-7.865141480759562703e-10
-7.503307679488899698e-12
-2.328913591816578831e-10
-2.559262695740851878e-11
-1.521300955560582290e-09
-8.296988965556648037e-10
-6.434333362855669762e-11
-1.932649838680683372e-09
-7.601778065899053663e-09
-2.689343440078567022e-09
-2.032645686403248882e-07
-3.909830555876857414e-07
-1.910274038132621009e-07
-4.552171572094781309e-06
-1.864719842640062240e-06
-1.412301990979119509e-06
-5.981866404139769708e-06
-3.850151065893505246e-06
-2.476063736010769234e-06
-5.058824971600336095e-06
-1.028850896714557687e-05
-4.758750139007905935e-06
-3.318000414190642822e-06
-5.562899627276784268e-06
-6.757077239386776615e-06
-1.069592922149137140e-06
-4.145244502501544724e-06
-6.547678000284745195e-06
-1.888431842624552299e-05
-2.510312002933692511e-06
-5.306641837573197549e-06
-7.848695816580650601e-07
-6.568273807757909654e-06
-1.959715592404031195e-06
-1.016241118419734450e-06
-2.039222757368365061e-06
-1.049121076239350472e-05
-2.693078523003714042e-06
-1.875295085623249306e-06
-8.722133053914560360e-07
-2.432070573954216344e-06
-2.906497757904879636e-05
-3.740667180913493425e-05
-3.356614337282960244e-06
-8.932981516353303513e-08
-5.355331099451020051e-08
-1.356582914674721959e-07
-4.196563765457545478e-08
-1.659632427885744426e-06
-8.765054109416583108e-07
-1.161515756861174626e-05
-4.345714272905291551e-05
-1.463480955369756411e-05
-1.089115714938949698e-06
-1.004460107249037613e-07
-2.714796011744381619e-09
-9.602091079927080029e-10
-2.545129364576079183e-11
-3.696212187470001485e-12
-3.902519947325143859e-13
-1.094782289632590068e-17
-6.785181158770009920e-18
-8.155342812791668782e-32
6.308217538106408814e-103
9.546739299613314902e-16
3.877586974174143473e-12
5.487641497296214955e-14
1.995233133693823292e-11
8.829378366542599625e-13
7.072284213355792741e-11
2.732477962679262762e-11
1.388664321126258842e-11
1.241652902064698170e-10
6.146610144365700338e-11
2.358175003659169301e-08
5.101096807099443278e-08
1.228872406580832704e-08
7.330039553994203046e-08
1.883075198161551255e-06
5.847401964452365192e-07
9.297930227083116816e-07
6.726272495743795879e-07
3.922205272585259502e-07
3.080936745203939756e-08
2.979658922412301210e-08
