2.353860806527928798e-03
-1.271187849453363494e+00
-4.021792501088087852e-04
1.367614122393061467e-02
2.403583073552293184e-02
3.021910615991170879e-03
-7.304842273147805348e-03
-1.830470293026313991e-02
-2.362644258406663630e-02
-3.297001466073215536e-02
8.516111151383247771e-03
9.865489533258020929e-03
6.980395888460113989e-03
6.643719582481496383e-03
5.677529960769173156e-03
5.284686165236985580e-04
2.082436454182664144e-03
-2.452798865245219614e-03
3.505035052405025726e-03
-9.891679545160655777e-04
2.023760980483936545e-03
2.594841060203838083e-03
-2.265198704153597469e-04
-3.241020299884769633e-03
-4.214547555736279823e-03
-1.607797404670751771e-03
-5.595430727551485399e-03
2.245688346772830961e-03
-1.093530076592084434e-02
-2.642801209857846556e-02
-5.152677802490444360e-04
-1.069749008436979244e-03
-9.837236407436663905e-04
3.457961630257196974e-03
-2.479510157063947173e-01
-2.474278786177797340e-01
1.177542156747845778e-02
1.618832504873434983e-02
6.295277328329929381e-03
7.104138806781199432e-03
7.215834565668766132e-03
1.074322148350431022e-02
1.132979717451876832e-02
2.100943927096656644e-02
1.897978301871708004e-02
1.160541803539399952e-02
3.076714206521007772e-02
2.611484370584512410e-02
3.264991632625056147e-03
3.660847418857555036e-03
-1.407479743774148369e-02
-2.607358195215401728e-03
5.388762344039317066e-03
-8.268598178563105541e-03
-6.380416418410234276e-03
-3.362468879130289107e-02
-2.769647397442588643e-02
-2.676377814892637666e-02
-4.414724640432102221e-02
-1.526459179209948246e-02
-1.558398950129711441e-02
-1.913543716427638930e-02
-2.245464250347302057e-02
-2.511358514589041857e-02
-2.826095513787566307e-02
-3.673125145562486371e-02
-3.758439537447670620e-02
-3.391630678474625432e-02
-3.924508000676931591e-02
-3.913976649494609050e-02
-3.744541546200676890e-02
-4.604586065020807584e-02
-5.799554686043559282e-02
-4.523631539573335497e-02
-6.395375257775676170e-02
3.213111044004384170e-03
-6.066287012172695212e-03
1.184855638916156549e-02
-4.548994993504717511e-03
8.255449991318339689e-03
8.015675677171327576e-03
-2.965776226782506492e-02
9.002519735882374627e-03
7.098584333662530561e-03
5.395744802603089953e-03
8.130029476044008455e-03
9.709687697743146079e-03
7.203020852113368663e-03
2.622638339806953028e-03
-1.079467088787429419e-03
-1.055037814602616470e-03
-1.372896465748902521e-03
-2.204377168001575744e-03
-2.198844288183403935e-03
-1.624268661407707575e-03
-4.962611293093771928e-03
-1.779233696696469686e-03
-1.873360842126658033e-03
-2.714711157797105104e-03
-1.660487062604704611e-03
-2.742033982203678430e-02
-9.303247701777105126e-04
-2.881190893533680693e-03
-1.974815608427148064e-03
3.952551801105040082e-05
-3.045568243175867263e-03
-9.951540327715356626e-03
-1.308012144464224501e-02
-2.955281959536082068e-02
-7.474166798206197289e-03
-1.565477069495101181e-02
-2.124624734407707174e-02
-1.880954212040049020e-02
-3.371972120902699127e-02
-1.053379457585692548e-02
-4.696345740583318662e-02
-3.454062984268185810e-02
-4.949380494865783520e-02
-6.839813716108069687e-03
-2.828839351354391768e-02
6.224411601658030911e-04
4.661276443428582486e-04
