5.520160586108114505e-06
2.398884813411799348e-06
1.454305889922068154e-05
4.183031758767928349e-05
7.041652700065558282e-05
1.060569518414237295e-04
6.099447530117749775e-05
1.112583718263354660e-04
2.749904163708068324e-04
2.546176135802461870e-04
4.288136941762520462e-05
6.370601274206512355e-05
9.249461841532901550e-06
1.292119701695914800e-04
5.325117059908392734e-05
9.843097745184581284e-05
2.776813640467498852e-04
8.685795675812714445e-04
1.767235589753884863e-04
2.335701260473663124e-05
3.811358203659531772e-05
1.753807656039939165e-05
3.163983651593959277e-05
9.979637357517059926e-05
1.569672086758002892e-04
3.607058077197102723e-05
1.793229648513790654e-04
2.358724160842380082e-04
1.438610725078147043e-04
1.169511812772462510e-04
6.757755558874970988e-05
5.105317894179103215e-05
2.019175327624499585e-04
2.001166173351102973e-04
2.597966548284076074e-04
1.046638807836514605e-03
5.996060159723149742e-04
3.688801192418029876e-04
2.371546833455024164e-04
9.105960192673883107e-04
1.694872548266140649e-03
2.104435133965249470e-03
3.846248300165052130e-03
2.322873202021592635e-03
3.365692213527863783e-03
3.207487732911763149e-03
6.467128427452046788e-03
1.879912563984876411e-02
1.955914708866853674e-02
2.053977516991323943e-02
2.308753263658327309e-02
1.836653867479718857e-02
2.012988527310363360e-02
1.438783811279779196e-02
5.699100311389546439e-03
2.587173631178518209e-03
1.163429117206262820e-03
6.755879017549034499e-04
7.578338651389210259e-05
6.673976859852380251e-06
1.870816740720149634e-06
4.375213208783327286e-06
2.021848564576933035e-06
8.191976402151916242e-08
6.374603194506670470e-09
4.459050726235755092e-07
5.118465904465158921e-07
1.742736828120733358e-06
1.029116364797235548e-06
9.666755596320459879e-07
4.997464391624166797e-09
6.920760353063446630e-08
5.543695187256051318e-09
1.007996155918194228e-09
9.380037090614027095e-11
3.480357340262827274e-12
9.644747457486431069e-12
1.106748858500143363e-12
1.290992319054234815e-14
2.919781227155711383e-16
4.878136753851397367e-25
8.852367721401935522e-19
9.462866516181371787e-33
-2.270556493980447024e-22
-8.299592437969959124e-19
-4.379634681674291416e-13
-5.115379666037211517e-09
-6.742826052238511988e-10
-1.936661506633197027e-10
-5.366553100972281325e-10
-1.309679774029843763e-08
-3.096711160717283030e-07
-4.212963357592878913e-07
-1.699808023494522823e-06
-2.101497042830928334e-05
-5.923802152229985655e-06
-4.988846854515463286e-04
-3.810359218432686848e-05
-1.722856356150312244e-04
-4.708775318162219177e-05
-3.182928613119220883e-05
-6.437076710380733693e-05
-8.702888447972907562e-05
-3.869846152591830042e-04
-3.109837305424004590e-05
-1.048280060972395548e-04
-1.121983119729990416e-04
-4.645450815067908644e-05
-1.543132282781942716e-05
-1.155411176490320473e-05
-2.061369046016351146e-05
-1.114650096463114122e-06
-4.435308393070710281e-06
-7.226824495681262263e-07
-1.115139984625933115e-06
-1.294218395422578126e-06
-2.367310278235315483e-06
-2.145044959416642395e-05
-4.547827600368849877e-06
-2.088266154531366110e-05
-3.420846912198523786e-05
-8.824112156408145770e-06
-5.744150797873179922e-07
-1.309222765394696010e-07
-2.181860303348251844e-08
-1.597834993637583049e-07
-1.901901373412609739e-11
-2.912447504233878742e-48
7.902913158819814277e-15
1.460516408293663770e-13
5.450961772327274917e-10
8.156573994008982000e-09
1.857282589114947705e-06
2.601455470888638181e-07
1.492351461843998853e-05
6.702347793721098703e-08
1.572477227046633249e-06
6.492636356826771554e-06
3.084504585895977239e-07
5.122204577930162337e-08
1.619606431466768960e-08
4.297769328060473812e-08
8.959047861291674346e-08
5.943891920943352616e-08
1.787672990193351430e-07
2.709642037558785822e-07
6.807399253821529606e-05
3.554297295337030213e-06
9.435241436896332656e-06
8.469805103324319786e-06
2.249378871375949773e-06
2.123470414279683200e-06
6.976099972867110708e-07
1.084806627344299813e-06
1.294536811713283344e-06
2.034636294567021765e-06
1.718133926826591112e-04
1.052631346495001907e-06
3.356091915903150510e-07
1.051937390376907642e-08
7.895412072640909817e-10
3.600318804209775112e-08
7.519715267925452720e-11
6.978250648549207272e-09
7.281723194969062434e-10
2.015057753922926029e-13
2.958687375250313519e-17
1.190916882667700988e-20
2.709821904669025347e-29
9.169922217941907127e-61
-5.721260182979961078e-19
-1.623835464557802839e-15
-1.136116021479103682e-16
-4.832764819592745173e-20
-2.237697722347532361e-38
7.870480118705628354e-34
-2.137127280734298720e-23
-3.358734448208375535e-16
-1.299074920461685368e-10
-5.558669765343592941e-12
-1.421438588207444326e-08
-7.322403987504538920e-08
-3.654925889949727793e-06
-1.020351359111469808e-06
-2.752986122242416804e-07
-9.716139340757854470e-08
-4.979031362490779513e-06
-2.763508870285091681e-07
-2.542466036840588134e-06
-1.116886896827860523e-05
-2.138238381824972733e-06
-2.518822145225891932e-07
-4.564712827630237453e-07
-1.457064624236428499e-08
-1.057121274999929483e-06
-2.582828260490886181e-07
-8.282217665717204929e-08
-1.722582844664301795e-09
-1.355073056052922252e-10
-7.932816475341226836e-08
-1.510110236474965212e-08
-3.529744642665912377e-09
-1.262110641430839668e-08
-9.050620349716273355e-10
-2.159962786162005740e-08
-2.958619587472074798e-07
-4.664854933769353997e-06
-9.592593222696024117e-09
-5.299902486097039267e-09
-6.627709100565318165e-09
-7.579920118718257231e-08
-1.667846133913928682e-08
-2.405954550031241884e-12
-2.745042583691390721e-11
-1.039459673633671011e-12
-1.598844114238065256e-14
-6.652271850394018826e-12
-6.129581322846955625e-10
-8.184100634662114848e-08
-9.409817704718546256e-12
-1.137273051087137617e-14
-1.724490802179795297e-18
-2.849902379163781791e-15
-3.759512580566874545e-29
2.240396090467076498e-33
9.561942043153364954e-29
1.000624862747239028e-22
4.209762483185755808e-20
9.371393995453514050e-14
2.262717626134657902e-10
9.343265123742306200e-08
1.594319582378749900e-07
6.424817174980867674e-07
1.377233559709987944e-04
1.744642504267478493e-05
6.485208406058214850e-07
1.129742720479213890e-06
3.342098493157027291e-06
1.646481193865138803e-06
