3.850271732570684804e-07
2.171545346737195477e-06
1.971591221405108205e-05
3.330967131363085339e-05
3.943655351974267506e-05
4.161501671485780377e-05
4.641671427229313089e-05
6.256188347209346923e-05
8.345358190542591945e-05
9.095426712650576723e-05
8.602378308693065401e-05
8.463062366599220310e-05
1.006816281027684391e-04
9.210107659203454502e-05
6.904309313116983209e-05
5.776701312027159724e-05
5.730166268819058319e-05
6.067179471075353955e-05
5.152968853237754388e-05
5.177636301213834122e-05
6.230344228613564296e-05
6.224586588805157894e-05
6.660448834839801692e-05
6.887565181237609400e-05
6.462341488697848600e-05
6.095006784158392416e-05
4.870699194973839084e-05
5.192863840121287651e-05
5.254556249207857627e-05
6.394206201512244001e-05
6.802820089958150959e-05
6.899256188889628426e-05
8.120122066697854288e-05
7.935295445407908072e-05
8.920951202072507317e-05
7.594789363115943737e-05
7.692997639014639572e-05
8.401694312933412768e-05
7.819050419191087302e-05
8.177483989571972527e-05
7.156359658038304126e-05
6.924865002821735404e-05
6.572430266241182566e-05
5.734033917747001502e-05
5.132627719098360920e-05
4.707702466928544383e-05
4.921942490942402947e-05
5.293201661750760264e-05
5.292790413401643094e-05
6.204805440235756410e-05
7.774740960258744301e-05
9.165893876397411771e-05
1.121603867184337212e-04
1.217450162384174921e-04
1.516268280738015332e-04
1.995444291247959587e-04
2.739942425329496760e-04
2.791371389710340018e-04
2.601672180636538357e-04
2.725573078942993433e-04
3.070125373245119319e-04
3.439158220864880523e-04
3.714884903260462089e-04
3.905679929570881649e-04
4.121442864572864156e-04
3.924197813494666523e-04
3.346832045307114394e-04
2.465965344772914404e-04
1.299548487850685934e-04
8.485957169130648587e-05
5.211933249746268209e-05
4.185681604333146719e-05
2.972192789687767983e-05
2.062257893674931283e-05
1.758618821860545629e-05
2.146665077560227142e-05
2.289057214321864897e-05
1.998677734952147467e-05
2.494567181504855089e-05
2.744563297428556767e-05
2.850066801855748104e-05
2.618550392043158455e-05
2.516028564885612408e-05
2.407856898863414128e-05
1.593954328765728108e-05
1.223273932047281222e-05
7.516954569326332186e-06
3.695194161960275849e-06
9.048138956859699578e-07
3.709079333053606683e-07
2.338956694729699190e-08
1.024156368054998929e-08
7.254955803225858230e-09
1.109830771787193403e-09
4.415989170518630553e-10
3.355981627194253146e-10
2.309422194853046690e-10
2.556964327594317431e-10
9.713933674830258929e-10
1.808190433028290015e-09
7.727196889767296262e-09
2.092809983814076856e-07
3.258637118392596690e-07
7.195894213635251708e-07
7.675960014640912216e-07
8.838301118298141168e-07
1.016709136429632097e-06
8.687353187347094355e-07
9.975760073253376102e-07
1.245078057134212233e-06
6.701747217776191562e-06
1.270600421092136920e-05
2.443322404201000249e-05
3.994759772165986224e-05
7.653196164578282340e-05
1.222196953555848423e-04
1.607946604848450314e-04
1.772863777206138975e-04
1.880409972820616421e-04
2.035808001002713816e-04
1.920319959224204382e-04
1.794983338536293340e-04
1.454805042642551315e-04
1.348997019795869642e-04
1.332896204453814907e-04
1.292413424438125286e-04
1.364233580962372517e-04
1.148216448786551730e-04
1.090559992877096869e-04
1.060804312133374855e-04
1.026207694169507827e-04
8.628656827308855927e-05
6.131970580763401821e-05
5.812269135340917653e-05
7.051133152154914817e-05
8.069333548572581009e-05
8.596159319649416229e-05
9.496595924232834670e-05
9.891905656836057052e-05
9.678415580565232932e-05
8.559840483543614583e-05
6.765985250269851740e-05
4.511017139406028068e-05
2.550244806393305713e-05
1.406444417002545959e-05
7.202735573320280796e-06
1.702957523193067408e-06
4.028033830465381310e-07
1.333231082009907045e-07
1.134421457377090625e-08
8.682742002383081103e-14
-1.341630704515021924e-09
-1.406245938974151580e-09
-1.406247894475035004e-09
-1.406361728753914802e-09
-1.406378786760472287e-09
-1.405983827754593659e-09
-6.594687670995562185e-11
-1.839597682982969410e-10
-5.937896598287313330e-10
-6.224503395246906680e-10
-1.397282079564841289e-09
-3.414993647047108664e-09
-3.455239606946650406e-09
-6.558585203284190251e-09
-1.798081881382279600e-08
-2.283078570354134940e-08
-5.755734594875432300e-08
-5.675866176582778613e-08
-5.792944290948516032e-08
-5.478746460457422148e-08
-4.422170593633351243e-08
-3.967138362640530074e-08
-4.327251281374588722e-09
-3.113584159651705096e-09
-1.922517495822601137e-09
-1.779814886206865432e-09
-5.159414450300078424e-10
-4.086674809657017144e-10
-3.159923248493399376e-10
-6.679514172702259878e-10
-7.249554891798649153e-10
-1.296535693183906875e-09
-7.716243982487295467e-08
-3.057558577261075715e-07
-5.562661226714623986e-07
-2.952465231301693104e-06
-2.096102628384472423e-05
-4.232412729621751565e-05
-5.584077363622727883e-05
-6.749505008690579063e-05
-7.030723771863452067e-05
-6.851603789070673223e-05
-5.102965851889384254e-05
-3.018723055196092920e-05
-1.679427864803226256e-05
-5.021534443480167536e-06
-1.966213117856617502e-06
-1.361087972720895735e-06
-8.425826735846774356e-07
-3.221166530966588045e-07
-1.356222974436483164e-07
-1.057025138837147121e-07
-5.203904423115256735e-07
-5.774297308235427414e-07
-6.438891940844380329e-07
-6.535955046520855341e-07
-6.454045349801780876e-07
-5.694994906413410152e-07
-1.474559057093534259e-07
-9.018512099501625543e-08
-1.997063129780030231e-08
-9.484961318697747204e-09
-4.607767414864362920e-09
-8.626578558419158329e-11
-7.496971029530846362e-13
-7.483720919551796981e-13
-7.483709300172306837e-13
-7.370724212512195793e-13
-4.860610139836333779e-13
-6.431788309862554243e-15
-6.431788262346132928e-15
-1.368037857449222884e-13
-3.338843998507796695e-12
-1.635205896828804397e-11
-4.843069504318996754e-09
-8.314410407831948862e-09
-8.329462581517742643e-09
-8.348439569998643132e-09
-8.347540584192708039e-09
-8.334569680538987906e-09
-3.537661344158891380e-09
-6.956347373021260583e-11
-3.161825381576609272e-09
-5.760565618684884674e-08
-7.562116898195044614e-08
-1.219261153328285434e-07
-1.232591929475972652e-07
-1.281801407649869854e-07
