1.808188464198397509e-04
2.109090909278665913e-04
-8.253487450183754151e-05
-7.368235714287006384e-04
-8.394349236393878599e-04
-1.641223112040879968e-04
3.568201074566352263e-05
-6.634683599675989798e-04
-4.466717347510325460e-03
-8.388445414311272372e-03
-1.042678233833753930e-02
-7.196501230954812679e-03
-4.550746056206653525e-03
-1.848383035373429763e-03
-9.724844397228885485e-04
-5.462699365037654298e-04
-7.716164007556057091e-04
-1.706882145274771657e-04
-2.773267607644803773e-05
6.695402497194097454e-05
1.961452852793715504e-04
3.507142314701208247e-05
2.877512407933470570e-04
-3.894535663095391388e-04
1.017941820177574691e-04
-2.140931502442485184e-04
-3.393117281237194847e-04
-3.175057667506235001e-05
5.866671903858567370e-04
-2.433283289800623880e-04
3.398681811329693202e-05
-8.127278606391981049e-05
3.029921242695473183e-04
-1.655724272578584669e-04
1.547740289352959051e-03
4.249256591874652346e-04
1.277168231672461997e-03
9.406522826588881170e-03
2.569804082232403364e-03
4.436181761374635192e-03
1.733415920428686913e-03
1.434113510611711648e-03
2.417383306724417511e-03
2.730718425305671358e-03
3.135396297829296745e-03
2.535351703268040081e-03
2.042468978742454679e-03
1.395367042453248604e-03
7.112014592731769535e-04
3.456495556677961832e-04
4.409735264588217352e-04
4.171008429892325651e-04
4.512555898484371447e-04
3.316854878651023949e-04
3.563363397967695637e-04
1.257834885506020932e-03
2.882176408278497239e-05
-4.666519604530096062e-04
1.383080051048283295e-03
5.087095204303241454e-04
8.342803619194550594e-05
-1.399012744372430869e-05
-2.936689386817445849e-05
-1.074800720729782166e-03
-8.103437133246746546e-04
-9.855399050216111581e-04
-2.793143227195695084e-04
-4.346685924526307162e-04
-5.194895152135459116e-04
-2.470407636630734985e-04
-1.022827970415409078e-03
-3.738399022743281648e-04
-1.158689484344199803e-03
-2.694028552359965985e-05
5.665454740266662311e-04
-4.093315763604083758e-04
-1.407398662429000351e-03
-5.333338564924828239e-04
-1.310353392892845206e-03
-2.958761255547824836e-04
-8.220049823953856204e-04
-9.577795067423396785e-04
-1.056016467478632960e-03
-6.685376261383095759e-04
-8.596682697487494432e-04
-1.639241024719237990e-03
-1.200567746658954540e-03
-7.646446271089421196e-04
-1.401129588831965698e-03
-1.598034586742353184e-03
1.492695293035975089e-03
-2.110816444549817698e-03
-9.530468284316420072e-04
-1.042513455097940356e-03
-3.267580990384922040e-03
-1.332410020591373026e-03
-6.900129550917386001e-04
-5.360412835972457437e-04
-7.526938685935217858e-04
-2.437254919852404180e-04
-5.833087219737309549e-04
-7.695489826062118901e-04
-9.316417964732101728e-04
-2.573965234538082530e-04
4.913822304525144449e-04
-2.298632747566019285e-04
5.296018976520900159e-04
6.678325111007780588e-04
5.856705803290477783e-04
7.191933104892768913e-04
8.917103908831905195e-05
4.420027625880653278e-04
4.930445168895262889e-04
1.142525534827778963e-04
2.400309342674895614e-04
7.166668489953536463e-04
1.005389433276548733e-03
1.024605361675849906e-03
1.160457267264387643e-03
5.134892659197050954e-04
3.920632707139710461e-04
6.738759136832229340e-04
1.340560445061022947e-03
5.684022277128523417e-04
6.330248971823679923e-05
3.906273508738549940e-05
9.104569417990995893e-05
2.828554439903237152e-04
6.940587316066598039e-04
1.017118589873041486e-03
4.570417203259959983e-04
1.330514731150662022e-03
1.477593207102529055e-03
9.524304479012417985e-04
1.285743092388629948e-03
1.675650600608996014e-03
7.737713727350179014e-04
6.928797946407181134e-04
-1.100780207897198386e-04
-3.411198020744289801e-04
1.439618998592214654e-04
1.364777895725863505e-04
7.053903525017950812e-04
1.432435757538720253e-04
-1.438486124419729453e-04
-6.443680357195131353e-03
-9.434351637427107517e-06
-3.340258375202413249e-05
-2.680415538359058516e-04
-1.663919092547643409e-03
-2.276112552665609731e-03
-2.920291838449991500e-03
-2.576147887737796453e-03
-3.852375276339169326e-03
