-8.807804342882932140e-04
-2.164799567965971800e-03
-1.528363315046454450e-03
-1.316452986497508105e-03
-1.118903169116900256e-03
-9.595440468105078356e-04
-8.346931508401971705e-04
-3.341223971273088044e-04
-4.242291157254101373e-04
-5.018482340792136372e-04
-8.417102335437814985e-04
-1.124172146153749581e-03
-1.308740579631656768e-03
-1.418459397312443748e-03
-1.331322377224162948e-03
-1.248287092173148288e-03
-9.167780035262872640e-04
-8.383281239160829618e-04
-6.997600894329490109e-04
-5.708959194317941290e-04
-5.618634792467059160e-04
-5.130678569939236058e-04
-5.026441325667231228e-04
-3.346237610565851411e-04
-3.358543194315899709e-04
-4.153417150640995731e-04
-1.580287773569828301e-03
-1.654159305511484481e-03
-1.769418822333067342e-03
-1.781127411629130491e-03
-1.638299884147504867e-02
-4.464345762073736873e-02
-7.296497698654247355e-02
-1.017032690217566926e-01
-1.305350775620962023e-01
-1.573273762816652654e-01
-1.675846844443915629e-01
-1.658848968501503707e-01
-1.632645077358014229e-01
-1.598013469284852717e-01
-1.573004149251475414e-01
-1.556293185127890222e-01
-1.562402120425877838e-01
-1.546938434636331017e-01
-1.546661208518969877e-01
-1.548845537492115065e-01
-1.546937144702487943e-01
-1.546229890145065788e-01
-1.544852313497487029e-01
-1.569108295826943389e-01
-1.558774674328779752e-01
-1.555991520262938188e-01
-1.550057805417544010e-01
-1.567528275069046406e-01
-1.588699522479405657e-01
-1.572275108367710839e-01
-1.573071864757664140e-01
-1.573467290355120285e-01
-1.591925952773151909e-01
-1.574640918733248851e-01
-1.557163803504945654e-01
-1.548215772978891736e-01
-1.565289318321059497e-01
-1.582263201388512119e-01
-1.548846868560308232e-01
-1.562830499065545886e-01
-1.537123329327255705e-01
-1.497739834125898228e-01
-1.463047531481368735e-01
-1.507956129247826349e-01
-1.531698392338905201e-01
-1.310470191328775014e-01
-1.081194547023535124e-01
-8.705516788831067776e-02
-6.297955645391516144e-02
-3.147404474567058047e-02
-5.068618204849166704e-03
-7.445233245165135691e-04
-5.072718256667065571e-04
-6.442323241214504984e-04
-6.065204349926119586e-04
-6.968934951394017800e-04
-5.439661842755577062e-04
-4.808589494336211554e-04
-5.209559037994284476e-04
-4.548268339330444987e-04
-4.405578562407374416e-04
-3.637702396063602199e-04
-5.123379620611809076e-04
-5.958693331926174412e-04
-6.055095909221140356e-04
-5.286694923360002593e-04
-5.736411927063616700e-04
-5.602533296419134065e-04
-4.131715852415426653e-04
-5.116128558866178113e-04
-4.388741140838493143e-04
-4.336793149076758561e-04
-4.112948947448877009e-04
-4.365720255297790629e-04
-4.285026310582004173e-04
-2.208947506113594344e-04
-1.595799729600512018e-04
-1.236680342355567816e-04
-6.619221545662548785e-05
-4.325185733037937255e-06
-3.104916103743044094e-05
-7.293142204918087886e-05
-1.809947589303033085e-04
-2.275136053474838521e-04
-2.625479405271744448e-04
-3.349113980124354749e-04
-3.086719991561956596e-04
-5.799071344882866666e-04
-5.491052397133825346e-04
-5.330078259607857159e-04
-5.410678325380938051e-04
-3.915725675764962434e-04
-3.169076575469694629e-04
-3.157962115408802142e-05
2.526852430734537574e-05
3.283949383667581845e-05
1.042831952098993562e-04
-7.031422856293418179e-06
3.734840598307075853e-05
1.138719679690812264e-04
1.205296623902388616e-04
1.250793812245888431e-04
6.974888291645860996e-05
1.379202430742280710e-04
1.010383584915704311e-04
-1.749945372831663001e-05
-2.576152487275163859e-06
1.007946464776171639e-04
2.077750702916480129e-04
3.290829527686728404e-04
3.190616617185954864e-04
4.021989239499143402e-04
3.602402743979318464e-04
3.146915236940162389e-04
-1.875540971474743779e-04
-3.036551324981294985e-04
-3.399236426804922166e-04
-3.531566147523396691e-04
-3.751781673382349486e-04
-4.826128540849437668e-04
-6.819758985992835539e-05
-1.396395028624570198e-04
-1.608400001068121675e-04
-1.431348980550283206e-04
-1.184517583212827562e-04
-9.049521860853843708e-05
1.173126106286383662e-05
1.398610331019930380e-04
7.201667901356952105e-04
1.017617422386529573e-03
9.311822313304367023e-04
8.569197825154861508e-04
7.480010451899056197e-04
1.584878547160058215e-03
1.758227722670037754e-03
1.527374487564289035e-03
1.721433254882684697e-03
1.787593268317615820e-03
1.794509452680678003e-03
8.824906103271093699e-04
1.890532575507964524e-05
-1.067161458469345452e-04
-2.410504174313176252e-04
-2.077606420934460156e-04
-2.434567915538694827e-04
-2.479689096438015216e-04
-1.714726371830795071e-04
-1.543081501588466204e-04
-2.436627651607029042e-04
-3.672808015891353942e-04
-3.304470120245778827e-04
-3.457825642947894343e-04
-2.901259185813535239e-04
-2.805191540414159776e-04
-2.915925042744784801e-04
-1.683424687783076302e-04
-1.982288621354801397e-04
-1.947672941168801161e-04
-1.625311915959623684e-04
-1.999539715279682916e-04
-1.656617258004246425e-04
-1.629667636184244995e-04
-1.277837186797282974e-04
-1.324185675362780153e-04
-3.341424602502637907e-04
-3.767279945661604259e-04
-3.504113741810297648e-04
-3.905852303786696883e-04
-4.914367548085223688e-04
-5.618778218181019746e-04
-4.430569737793966308e-04
-3.749427462164710637e-04
-3.052075268141139189e-04
-3.383717555724015369e-04
-2.216819432267965210e-04
-1.891082827185147294e-04
-1.976960575531123401e-04
-1.817686595848706473e-04
-2.149938628706376999e-04
-1.224837626451409948e-04
-1.588156457057916815e-04
-5.763435526710402202e-05
-3.269593453530204711e-05
-4.732173432188138766e-05
-5.440433059730363178e-05
-1.075750894188705684e-04
