2.033522258174755946e-18
4.631835800646762754e-20
1.004154751126098572e-21
2.962449663992405333e-20
9.765543217831914623e-21
3.935675476813290481e-18
1.316334801413403756e-19
2.530861746320302785e-18
1.563312915123303873e-14
1.901442962149010028e-13
2.309529505793804273e-14
1.410377254079977366e-16
2.639807219563579569e-15
7.786652951883101587e-15
3.392830153995684760e-11
9.574444386841243390e-15
7.640158327863620050e-18
8.583766034532943553e-13
4.391130802815075104e-14
1.330835649061301021e-15
7.554765426094769469e-18
6.311362570977680678e-15
9.881195887724988713e-15
1.923563260714699630e-10
1.532521954241012487e-12
4.280549085929209866e-14
6.256132781722935376e-12
3.168790564212817653e-15
2.893763832031260635e-16
4.765158411541051854e-13
5.144177846475774649e-16
7.802862932146716740e-17
3.103143556644125383e-16
2.881347784460175408e-17
7.507409716764376469e-18
9.821209996903508838e-15
1.073499420219770511e-21
1.809454239824640412e-19
9.769249247271447363e-21
1.761428370988397336e-17
2.155432438302855649e-15
5.215598211596090906e-18
9.645906569234446740e-22
5.925205514026615985e-21
1.736985837999371767e-24
1.080393517463972638e-24
3.273077861949489691e-27
8.890219509110042027e-25
1.280706652291302836e-29
1.266465081426008109e-28
2.600074710979747110e-38
5.078753831039507270e-63
1.595805400336617162e-67
-1.484148596289521745e-54
-1.733170047195835517e-26
-1.787821153944265425e-07
-4.818945234864392541e-26
-2.706269466533445225e-35
-1.054405742441306115e-31
-8.112095584616292353e-29
-1.039083921604545456e-29
-9.362282662716813673e-27
-5.059950422417872792e-30
-3.146668754582323206e-28
-1.169250811379193109e-23
-1.318413197714934707e-23
-5.021265875188538451e-22
-3.657371792758430041e-23
-7.898106857715087953e-19
-7.205265176381100394e-23
-6.705711969169979027e-20
-1.675167186617603164e-19
-2.588082250212781564e-20
-1.326442311243428208e-27
-4.275120186923688205e-25
-1.315545524826281589e-25
-8.844293294060598260e-24
-1.027697385392044997e-22
-9.168871784467312241e-28
-6.998439904023522642e-21
-3.697214518401716057e-21
-4.511658725309781204e-16
-1.943741537329522372e-13
-7.038683050711634721e-24
-9.180531868817438183e-23
-1.885156492538864551e-23
-2.560698252709345243e-21
-2.295244790160416334e-23
-6.796151637633355804e-23
-1.988474146365415547e-31
-2.695945108907915411e-30
-3.113025142697334935e-29
-4.829659367650810316e-34
-4.030201956170906640e-41
-1.721925614566655636e-39
-1.272592281217915284e-46
-2.172315199296857826e-53
2.331420688369701896e-44
1.326761117326903770e-48
1.639717291971098858e-29
1.400509986681837729e-30
4.995424377252744893e-25
1.822509422440266129e-27
3.378845594188036691e-26
4.957096249125880423e-25
2.995761449602634036e-21
3.891550017956385143e-20
1.242123129312092046e-18
6.991858789859105106e-16
1.173171900139025043e-16
8.780776463933952023e-14
5.943868610803725205e-08
5.085187400328423194e-12
2.744445832782740268e-14
1.649198567322827345e-13
1.040171521897598600e-12
7.982017998695912429e-09
1.080674640646019908e-15
4.027499960585266704e-17
6.698529907276218291e-21
2.122467846391551731e-25
6.186724838845638903e-29
8.115097349597531129e-27
7.671074909070532941e-25
1.115862643958610219e-22
1.709339183528380191e-25
4.797664863707338568e-18
9.027308464023600629e-21
8.442453922558514809e-21
5.161865267490775937e-17
1.109628249527083647e-19
3.208051367739261794e-16
2.622450630277733621e-19
3.333104241993515002e-16
6.683016312500409320e-17
1.311851998459506589e-14
3.622198643199435206e-17
1.146592442991259558e-12
1.790523756790899113e-15
4.093050676233626185e-13
7.058914996662432420e-14
3.191355395147872845e-11
1.826568492715922553e-12
4.400548703480380322e-13
8.371335598588964409e-13
9.614829876320797806e-15
4.642894493043493109e-07
4.138471997159316150e-12
2.840522419374299704e-11
6.940044052838522594e-11
1.183775349712545823e-13
2.349391979272537893e-10
1.176701284690866761e-08
8.193300931760733306e-13
1.305403801278922082e-01
2.011129754163608015e-09
5.979641947709279881e-10
9.088460022277202378e-12
4.574179986502174406e-12
1.111237541551444217e-12
8.377580314659488792e-12
7.407595150613079459e-12
1.856574541727793851e-12
3.542221264903211456e-12
1.290270081194371987e-06
3.652172027236082185e-13
6.608511716604589093e-15
1.878795659850355130e-15
6.387134559849594788e-18
6.473350066789934208e-18
1.179345836575220892e-20
6.037075833593915356e-20
4.891059802570217704e-20
2.537621350710724083e-22
2.028750582576027498e-21
6.301772857350130108e-20
1.178015665029575762e-20
8.112200344437880198e-18
1.369627698417807371e-16
7.950056771028387792e-06
1.672479920413387414e-18
6.988458222274970378e-23
2.951383829262074474e-24
7.921641125559773243e-22
9.730721315607137465e-26
3.816325854312724309e-23
1.394869280511724462e-24
6.415192901670710572e-22
8.894894014342013406e-26
3.382473656398417949e-31
2.924134959970411941e-28
9.283174641456655470e-24
8.240381579558198858e-31
1.349552021111351943e-28
2.805038385507408433e-30
1.172419925754443699e-28
1.953334347520043715e-30
1.516667584865383488e-21
1.699380050720028301e-14
1.145670256671915062e-20
3.075935101794643946e-19
1.215963198269286414e-16
3.210171933844525667e-20
8.031845955898283131e-25
9.465289528688726953e-30
1.182564436179427781e-33
8.041925968188512353e-34
5.926850307594551894e-29
3.226896067799722065e-29
3.397605883690056657e-21
3.418154986429913624e-20
5.305474945951292126e-24
2.482791880280985412e-23
9.550778850005107575e-20
6.776970917299432019e-19
3.518447656906669977e-22
3.522059311351638920e-21
2.347309453144475719e-26
9.384042809553914885e-19
4.071100673518788028e-18
5.215822787114197895e-20
3.775699659874440581e-20
2.732263071387103419e-21
4.580120799660356600e-21
9.039728920090649523e-21
2.271376365254174764e-22
4.803395776432149679e-19
9.066132770495602066e-18
3.846327088045347488e-16
1.566031320188993089e-17
2.635739081212030229e-15
3.609634864486631466e-17
1.814836096705050356e-16
3.647484887707346780e-17
4.219331100646789936e-17
1.603823805079117747e-17
3.239511125464683350e-17
7.225220142714387276e-18
3.766894687180058503e-20
