beta2
6.841419763069653964e-03
6.916080265516517424e-03
6.972463863915911823e-03
7.072018668716885045e-03
7.147847825764617850e-03
7.189710971917144186e-03
7.172307634720754416e-03
7.170501634395729657e-03
7.083756423680634927e-03
7.055564544578747828e-03
6.967779256685629682e-03
6.997504024609198237e-03
7.202097713851111221e-03
7.388815186604570304e-03
7.772354556342427404e-03
8.066401497709742296e-03
8.143898869801984020e-03
8.128842224887279644e-03
8.290496822437312327e-03
8.379803941664111175e-03
8.292488187053585064e-03
8.362787926255034476e-03
8.475876005008972647e-03
8.607677422445140711e-03
8.690824838328142787e-03
9.126471584993196828e-03
9.443947168926871902e-03
9.819110422367216540e-03
1.017881077717584792e-02
1.052972925397200471e-02
1.080369420468541355e-02
1.081565434652008093e-02
1.084230648273516555e-02
1.082999340865280907e-02
1.070373867029711379e-02
1.047902523786407164e-02
1.043487972695604157e-02
1.034119535062927309e-02
1.016269288343369173e-02
1.024313780565732496e-02
1.041684229593282593e-02
1.046026923557003344e-02
1.061816454106528050e-02
1.075634783402160122e-02
1.097606555130470687e-02
1.124760410495572946e-02
1.149134726583192143e-02
1.156706534499869071e-02
1.152398531916620956e-02
1.155884302608033848e-02
1.167099753294422587e-02
1.192890654983249157e-02
1.228612248883537150e-02
1.250684633962340780e-02
1.274599732111770384e-02
1.294770445060814887e-02
1.323832191925357685e-02
1.361558565032771825e-02
1.359228613629997681e-02
1.369163407177282493e-02
1.376459990038179926e-02
1.371801762264151028e-02
1.378175144780108274e-02
1.357184363040126601e-02
1.332816112403147069e-02
1.318946522762772314e-02
1.307262815277187955e-02
1.286217475589998896e-02
1.296116285935873177e-02
1.312432148349948827e-02
1.315660159386142225e-02
1.319009110929334795e-02
1.309385773898764926e-02
1.310932731594005411e-02
1.303390939375968088e-02
1.307038529557406209e-02
1.310458449826321266e-02
1.288197666397213059e-02
1.285601238063883121e-02
1.289869033574035997e-02
1.252975211278828729e-02
1.248994627794007203e-02
1.240356950657980212e-02
1.227927615306317367e-02
1.208872384506734163e-02
1.181752722532810121e-02
1.157194321427990405e-02
1.139025730479426880e-02
1.119695869752031572e-02
1.098181188543832787e-02
1.077725970110142949e-02
1.063128500789863214e-02
1.050229364044938385e-02
1.042034348953212002e-02
1.042096613063838405e-02
1.056418664787478826e-02
1.074789657311248786e-02
1.090713494813680753e-02
1.104686428321774785e-02
1.107307158486862259e-02
1.108744348235912724e-02
1.116717712663413409e-02
1.129222064643682633e-02
1.139590729453527837e-02
1.159367862159321749e-02
1.176016869234093945e-02
1.188558083782183424e-02
1.174992761610263448e-02
1.172663225830953941e-02
1.162972039972889199e-02
1.152518224209241396e-02
1.156505107490986284e-02
1.163101578213819251e-02
1.163267847645303374e-02
1.171607208884589343e-02
1.179953823518798545e-02
1.186855281362385328e-02
1.178806843426136695e-02
1.156708182901792017e-02
1.139215691239903530e-02
1.128055965230258598e-02
1.121224730946872999e-02
1.105741159152618183e-02
1.086152944846235230e-02
1.091085913993899287e-02
1.094951716291401797e-02
1.098050523623153585e-02
1.104993065852241316e-02
1.103656543589860706e-02
1.118238891922555128e-02
1.143624582613088012e-02
1.169709300309990097e-02
1.173993058004372050e-02
1.185746555983321904e-02
1.196497611781709852e-02
1.182360685254712357e-02
1.182248796500205527e-02
1.182748894126501443e-02
1.165055725897128427e-02
1.153736935689667412e-02
1.149162800719645897e-02
1.137971451963962384e-02
1.133236695593218581e-02
1.136591595298719858e-02
1.168930230024155595e-02
1.193273171363847668e-02
1.203227485975466235e-02
1.208074432275501285e-02
1.219853966397865461e-02
1.230033210070998612e-02
1.235584312227984427e-02
1.242331420419252874e-02
1.231099785655309642e-02
1.211111226167897043e-02
1.174560042159435505e-02
1.128367237224184305e-02
1.090668968686783757e-02
1.072615075441150055e-02
1.096068255657017473e-02
1.077567699531993550e-02
1.036162516991551152e-02
9.954298485398527241e-03
9.732928564930421952e-03
9.435067635549004156e-03
9.292684885006209650e-03
9.248597521203306970e-03
9.220700835663947839e-03
9.120829181782922485e-03
8.865256870682526255e-03
8.826652092938265526e-03
8.469686376872342937e-03
8.035274954560724103e-03
7.886239875458606399e-03
7.699691741361688879e-03
7.917339322810489077e-03
8.181617869100548876e-03
8.361541526622329190e-03
8.382310767605125751e-03
8.421829404433903501e-03
8.250306158863244393e-03
8.206009178244239033e-03
8.215594287174656993e-03
8.128092026091668712e-03
8.021998297108281356e-03
7.956261345099772606e-03
7.868558084961552873e-03
7.647686341927202591e-03
7.885764952277631717e-03
8.053336391172515735e-03
8.072244451083458033e-03
8.112230436569192044e-03
8.158168686719164536e-03
8.242334957432631906e-03
8.005150820595358097e-03
8.052910404555134113e-03
8.158950228865063936e-03
8.162463825734536313e-03
8.047643678807411480e-03
7.936669452598093047e-03
7.852864585662991392e-03
7.759699127951136775e-03
7.756108829598340818e-03
7.786188164796436356e-03
7.778179702799656661e-03
7.668677607558758123e-03
7.672317810328512303e-03
7.857095225649457157e-03
8.065634728167368761e-03
8.097347324179545586e-03
8.111816353973509350e-03
8.338797346458421203e-03
8.580749515949670503e-03
8.549197412533080312e-03
8.591890291011653608e-03
8.850285482762607070e-03
9.052158638776855448e-03
8.924582833325304942e-03
8.781848052791748488e-03
8.691747062620044234e-03
8.550017758895933975e-03
8.420217674618658485e-03
8.341417085408643975e-03
8.330882198365901353e-03
8.471601051741852600e-03
8.619318903990313974e-03
8.572372314933685011e-03
8.526710469961205213e-03
8.486745299443626545e-03
8.446977951939736717e-03
8.091906758510056252e-03
7.810416140428303247e-03
7.546286559922653521e-03
7.283406373856821450e-03
7.140386392159071144e-03
6.989059490113636031e-03
6.750238878360235659e-03
6.593098443636201053e-03
6.643041006928694300e-03
6.621326108420580100e-03
beta3
5.686475020711312736e-03
5.812525533279217470e-03
5.871505741298462672e-03
5.884358039139421861e-03
6.043611875454381679e-03
6.196502769407287448e-03
6.306005640071693508e-03
6.470438767277538611e-03
6.705782511740459445e-03
6.877477180593971964e-03
7.139488797964331154e-03
7.181363109031488334e-03
7.202025284552784901e-03
7.255036570592208328e-03
7.254509342997001592e-03
7.414750097606417206e-03
7.358069138621247361e-03
7.293461994703189823e-03
7.101393539997719398e-03
7.174338593839268280e-03
7.129426332942799538e-03
7.143441911357608677e-03
7.011982236569324831e-03
6.906940313120847261e-03
6.925758660455650847e-03
6.855337993625800971e-03
6.813410966777400102e-03
6.800490916631839189e-03
6.838450224799554229e-03
6.909605503467580213e-03
6.828734067876983914e-03
6.666950165520123261e-03
6.517301030680299097e-03
6.337228903433581723e-03
6.179972582478687401e-03
6.088316137315627485e-03
5.972161772373666029e-03
5.769817564016937322e-03
5.730355856516702526e-03
5.951069838323502434e-03
6.041310808832240156e-03
5.983563824068173845e-03
5.899002029245517878e-03
5.804011610905798584e-03
5.627179946214045866e-03
5.414394345593197613e-03
5.211456255387748870e-03
4.939762991304929088e-03
4.722120572882904967e-03
4.806962523940302295e-03
4.907007966096808144e-03
5.111543733290844355e-03
5.343533696637651348e-03
5.437835163576465979e-03
5.531943420844573703e-03
5.628270885817237591e-03
5.729518044085293860e-03
5.887041287311644069e-03
6.042819647513376739e-03
6.025035818729386136e-03
6.104530773865385340e-03
6.174060886236765709e-03
6.237085631390662695e-03
6.286592402859324594e-03
6.373891426897709475e-03
6.198168844433084648e-03
6.000782937867262662e-03
5.869864057258493764e-03
5.919150281549261094e-03
6.051673979594229119e-03
6.199774442980251349e-03
6.200703574319879965e-03
6.178683496662604191e-03
6.279969966210113483e-03
6.247883528743112744e-03
6.108277534906286430e-03
5.975624361064232892e-03
5.906746564039994443e-03
5.940264528481807582e-03
5.967873072256422474e-03
6.088907613565440816e-03
6.076202736407213152e-03
5.976746848678713038e-03
5.822469356189272777e-03
5.747332258624236571e-03
5.641927575744784019e-03
5.539599510502870097e-03
5.447330363763418920e-03
5.375817529107327145e-03
5.246851716382381660e-03
5.209697704773547794e-03
5.161771089092907425e-03
5.117230728840891675e-03
5.123301029479701042e-03
5.198147942002466666e-03
5.183692599634056979e-03
5.136514457442308002e-03
5.187104843852933383e-03
5.086964751130976237e-03
4.912930716717452996e-03
4.728279622212026856e-03
4.569560099494839739e-03
4.456417628264677105e-03
4.407429017493033098e-03
4.411528216710015882e-03
4.425670540513381053e-03
4.403886755550825982e-03
4.433986339179660924e-03
4.384956822550200445e-03
4.378839015868550219e-03
4.341064471995070145e-03
4.498180180097858562e-03
4.600540240399924111e-03
4.596086061828631719e-03
4.643845794664149332e-03
4.686714733803360768e-03
4.705205576440156523e-03
4.678652123367360756e-03
4.603740673389153729e-03
4.523268025088419617e-03
4.554651680260602895e-03
4.575645882519595309e-03
4.528216515321698346e-03
4.485596864643880480e-03
4.532028019288869558e-03
4.551425077313821579e-03
4.538789571701746378e-03
4.511473730502424395e-03
4.493038859550613391e-03
4.580145051182511230e-03
4.693398191625942212e-03
4.788656262687436549e-03
4.826082525834886686e-03
4.915159588388365482e-03
4.962743012117266754e-03
5.141965408858324010e-03
5.342085176322436575e-03
5.492607126408527787e-03
5.558231851533871476e-03
5.639725548623240534e-03
5.645660298102423216e-03
5.621313412399239068e-03
5.641798016215136824e-03
5.709080039991145869e-03
5.737493091070544962e-03
5.763746590832911389e-03
5.813970349896580361e-03
5.920139139802100062e-03
6.069662973631174789e-03
6.233339044525131045e-03
6.516176705785518830e-03
6.789213285505330854e-03
6.989816398970460226e-03
7.224634067329083892e-03
7.418590234723826393e-03
7.323342127996400851e-03
7.253973530814200252e-03
7.234919844783159470e-03
7.301510495439660423e-03
7.099203336846835258e-03
7.022627968297201137e-03
6.831373247139475510e-03
6.730541744756199027e-03
6.601040863492097996e-03
6.644518082302951212e-03
6.724801186999067142e-03
6.844494870335988621e-03
6.814744267624166067e-03
6.865164739954424111e-03
6.960455474341920717e-03
6.951571560845182934e-03
6.907352595081264063e-03
6.889032979195906445e-03
6.909729930985398019e-03
6.821348667084966774e-03
6.773053016841230900e-03
6.782475793155944184e-03
6.782084798182541618e-03
6.793394056050292354e-03
6.794130925149802040e-03
6.669668587040530894e-03
6.625750254751124405e-03
6.384970497320398633e-03
6.055953827616585711e-03
5.893977179883868114e-03
5.690405252718104198e-03
5.409519953335228254e-03
5.394515709776577690e-03
5.310467483487168842e-03
5.173092087850253776e-03
5.037021336282719586e-03
4.913958236669452653e-03
4.781378217414462492e-03
4.768750208115173084e-03
4.766092116903859408e-03
4.799845790048058725e-03
4.785315832590157463e-03
4.762333746799053691e-03
4.887537651726885091e-03
4.971257006599635528e-03
5.039857035724120728e-03
5.173591147631001128e-03
5.267700887594565715e-03
5.413194266410369972e-03
5.534396742435655075e-03
5.644157393695979803e-03
5.813111074493818378e-03
5.949015582362096252e-03
5.896327826568209529e-03
5.821750174317184487e-03
5.868997331156530946e-03
5.918425067901160117e-03
5.820473448415948090e-03
5.693239840291952451e-03
5.629052355180221880e-03
5.598579807878589776e-03
5.586409676833175089e-03
5.595361726105099742e-03
5.659095281417447776e-03
5.718665443361825931e-03
5.788902399135278064e-03
5.996708642921099938e-03
6.238447003822561454e-03
6.463338797018417306e-03
6.746402146580344518e-03
6.662772587661352705e-03
6.566453233597750391e-03
6.665360076391346755e-03
6.757090505824265604e-03
6.821834527153756988e-03
6.838704727514617263e-03
6.819640880618276294e-03
6.881413158248177869e-03
6.636663005511577416e-03
6.486655556654381469e-03
6.355637927806053258e-03
6.440619991114936507e-03
6.437707161839889558e-03
6.420248367996034614e-03
beta4
2.121652427256348269e-03
2.431651044846278118e-03
2.344933077506048021e-03
2.088242762179339310e-03
1.784039879191662032e-03
1.399872087365948382e-03
1.635077745129363998e-03
1.623184419170591421e-03
2.178803447051142622e-03
2.469035720277478786e-03
2.915363002132944671e-03
3.235070998888881812e-03
2.979661861866921783e-03
2.639764405484693738e-03
1.818891666489583572e-03
1.236304689050506458e-03
1.277621226481987296e-03
1.458024118680203724e-03
1.380933239349880831e-03
1.513606958971193493e-03
1.636941531464580074e-03
1.488298681355613518e-03
1.720375498658399845e-03
1.601437229623010536e-03
1.886289089774450221e-03
1.934220020116498261e-03
2.037539172585077409e-03
2.109450752102202259e-03
1.850248955650946048e-03
1.573871743458798772e-03
1.346340277708014043e-03
1.349166586583522807e-03
1.312429534688488086e-03
1.357179756021613393e-03
1.651114482266713077e-03
2.641220104572229894e-03
1.865917451420474275e-03
1.398781422929655689e-03
1.410658255170419480e-03
1.899717059615954086e-03
1.907410405025306271e-03
2.705523115880954614e-03
3.088973894879623594e-03
3.390430983279306767e-03
4.299534671023911604e-03
5.243246595536664272e-03
6.170275068132798253e-03
9.413026005028395787e-03
1.341060026768207784e-02
1.352340918221613120e-02
1.410004357210214998e-02
1.178965109359519751e-02
9.015378691494529279e-03
8.530632324930922245e-03
8.426633222113014826e-03
8.422468249708124632e-03
8.392960514407372258e-03
6.776873278347013939e-03
8.977877681478205890e-03
7.346832719316688867e-03
5.682857298774580956e-03
5.168106836060146897e-03
3.751668460779721340e-03
3.838100927169183982e-03
3.925120181252883186e-03
4.828901298578783252e-03
6.474724065310858562e-03
8.909474127716520211e-03
1.120610396522712764e-02
9.420767385264259761e-03
8.061179862651621925e-03
6.586428278890298950e-03
8.255232284566080270e-03
7.885976829502787042e-03
7.378554152851261871e-03
6.066411271351918218e-03
5.244551751172457643e-03
4.871968103018616165e-03
5.114616441131007371e-03
5.982891101194593234e-03
7.724646427162114651e-03
6.820090872267261031e-03
6.357724816371286038e-03
5.827287256794513176e-03
5.282711859386127196e-03
4.251466243388553855e-03
3.651307017934864868e-03
3.230970325741435670e-03
2.806688196988810138e-03
2.371508802572720558e-03
1.700498929928848275e-03
1.343593031465489850e-03
9.665166163020056864e-04
6.616657523221751262e-04
4.968487081155935434e-04
5.501001315406811067e-04
7.059462312232634568e-04
7.778363987983960646e-04
8.569846760050726453e-04
6.926034246288511470e-04
5.089914897947456478e-04
5.316098744849533618e-04
4.954172880788515216e-04
3.637474350024343410e-04
2.773813644352186489e-04
2.490231023188309973e-04
1.832946908229065263e-04
1.762507702569206659e-04
7.739100253834909314e-05
4.678084803703826971e-06
-7.013713925586378761e-07
-2.939347321309730969e-05
-3.812468366495550172e-05
-2.393267697551442743e-04
-5.781786399591966850e-04
-6.786279364796144560e-04
-7.441832178655972399e-04
-9.439468460010231200e-04
-9.590810751470468711e-04
-1.024332696479373500e-03
-1.009146936033748169e-03
-1.061400937161652855e-03
-1.075512482979134807e-03
-9.125343952455806235e-04
-1.267060697639529453e-03
-1.175955655495464561e-03
-1.048414832612962850e-03
-1.087537999540525617e-03
-1.061802541768706865e-03
-9.500823085568067209e-04
-8.012037423667321126e-04
-6.962362849615956950e-04
-7.096724377922942291e-04
-7.041761752691680365e-04
-7.271954081277929877e-04
-5.761855893407385370e-04
-4.546893685254343271e-04
-3.026330355254918509e-04
-3.212357492354868133e-04
-3.662369389288746809e-04
-4.160901840457376165e-04
-4.195853965145190153e-04
-3.842289141763364320e-04
-3.270837404040186254e-04
-5.802490739023444428e-04
-7.902442608777975053e-04
-9.801700895727372912e-04
-1.165528907582404506e-03
-1.511943217027956988e-03
-1.899539888923311047e-03
-1.814779212572844181e-03
-1.988165619128851556e-03
-1.918459066177402063e-03
-2.026659652335512096e-03
-2.688497843942932227e-03
-3.028932361082713014e-03
-3.090362353473590385e-03
-2.694117953832849723e-03
-1.978271230519820442e-03
-2.073586504720278251e-03
-2.422883565048815271e-03
-2.385141901952897263e-03
-1.812297026826575289e-03
-2.240495491700468869e-03
-2.534973910005806214e-03
-2.560026398506263980e-03
-2.543165951861148938e-03
-2.749334464780063807e-03
-2.925205833526751693e-03
-2.338813494197009620e-03
-2.372953473290854119e-03
-2.592974952891408634e-03
-2.415768060694825463e-03
-2.461099616113160936e-03
-2.467676591284602688e-03
-2.715744645300044273e-03
-2.928454314781552860e-03
-2.601046713449299726e-03
-2.546044660991166227e-03
-3.238453562236476638e-03
-4.069635592298165641e-03
-4.759512264716049892e-03
-4.970016463317574254e-03
-4.854309285230087173e-03
-4.082952147260080801e-03
-3.511762241669459054e-03
-3.719424999135855035e-03
-2.962671288652467434e-03
-2.390552043236291065e-03
-1.722901785596579749e-03
-1.179327620474888462e-03
-5.980843398191880086e-04
-2.149078741673420500e-04
-1.462891881412874359e-05
2.009582906078456451e-04
5.084681665863818260e-04
9.487811927104585884e-04
1.408063937803677793e-03
1.889598458380559566e-03
2.533357933221322671e-03
3.616476334627531826e-03
2.881511025430943170e-03
2.656813150259951673e-03
2.556973627870567749e-03
2.375373919986166309e-03
2.394796410288179984e-03
2.471343310032458017e-03
2.684667575060138353e-03
2.225219749160655021e-03
1.779844665446040763e-03
1.533172925322914392e-03
1.270303737879426150e-03
1.518611347276094389e-03
1.923090923930651733e-03
2.285405017985841884e-03
2.655183564497889601e-03
2.028110390818480078e-03
1.463322856510239443e-03
7.177780956325775655e-04
1.808498581300578599e-04
-1.820958784278844792e-04
-7.659087586043182919e-04
-1.520511392753479260e-03
-2.690486199358514685e-03
-3.780397126006411479e-03
-3.831461703820197417e-03
-4.231910596563010982e-03
-3.991002965328966506e-03
-4.266827388699752019e-03
-3.861776579642544824e-03
-3.508381422032590818e-03
-3.278653498896589268e-03
-3.651236362443591611e-03
-3.518788247523136226e-03
-2.993675025522507180e-03
-2.321268161011999336e-03
-1.923411282212302009e-03
-1.704541603388304337e-03
-1.424405754151221188e-03
beta5
-3.227141266488561908e-19
-8.074278188496055101e-22
-2.541358819818621578e-21
-1.643022797528589613e-17
-3.309257073581387439e-21
-8.188263921076264859e-31
-7.690561764783891720e-21
-2.194705601534311544e-19
-2.548644713302287471e-24
-4.601556983108928459e-37
1.834836323827869246e-35
-5.190479385444987295e-27
-1.706458031893029280e-23
-1.630397052599899519e-21
-6.446580760167935250e-21
-5.027424464137740273e-18
2.607369660628603310e-46
-7.467760561286128043e-20
-1.313289878313231293e-15
-6.465574853886266467e-31
-1.487940037240479330e-27
1.942364194790569721e-33
8.370852404637007267e-33
7.865755842435171843e-21
3.400333286038255912e-23
3.353175807464229722e-18
3.199981642913121214e-16
1.132539569547921623e-20
1.413014897561665616e-15
1.348529368826293952e-18
2.774343521559833859e-21
2.051338572083880882e-16
2.797801951510204575e-14
5.398569204246348467e-14
2.766794754756352649e-14
7.077663225623063767e-15
6.303137770542386553e-13
4.039685782510921331e-15
1.764073525863897950e-13
2.094449108424749985e-13
3.906937128305694706e-14
5.874907692514576914e-14
5.366224166390558937e-15
3.218998872589821370e-14
6.729524257284470444e-20
2.945937528374665441e-19
3.238602765051756440e-21
1.266190662986676686e-18
1.658489406782337799e-17
2.190899301446828355e-17
3.320117624122189079e-18
7.053001803784735809e-16
2.434005635559284515e-14
9.991542395003926365e-15
2.666901180757245719e-16
6.970869030207982178e-15
3.849541397955761525e-14
1.706563594622207233e-13
7.307526759535414405e-16
3.350826111145556167e-14
7.567617642336786477e-17
5.933847611853884273e-15
6.543468867567688223e-17
8.615672864424174284e-19
5.345834186743002735e-15
3.844097776355260888e-20
4.693494490596536203e-18
1.320810064513481460e-17
5.390442784165036711e-20
8.640897224524108155e-22
6.264359910478973021e-35
2.741813399198262937e-36
-2.945735755740720465e-17
-1.039086456098730990e-18
-4.709949992161458320e-23
-1.921034943824505699e-14
-2.617524908163723235e-14
-2.414074902897729650e-14
-3.231139607145135214e-14
-1.024904733104003174e-13
-2.408894252377885126e-14
-9.882986045972615743e-13
-8.815553337635572845e-13
-1.793901135792903295e-13
-1.279516265179552890e-13
-1.791152299505160415e-13
-3.262293542730509540e-13
-3.226312945430867250e-14
-9.389882453305104062e-14
-1.124995480671889427e-13
-7.488683006686815657e-13
-9.827054200063875283e-13
-2.051963976646517494e-12
-2.524349806733314333e-13
-6.041912982095335273e-14
-1.666057054527088391e-13
-4.712481570293904165e-13
-4.680756870410120944e-14
-1.448794964371074737e-13
-5.360229232551170686e-13
-1.765433467300205795e-13
-9.330934160328401370e-12
-9.054928030780061190e-11
-5.749726157482822614e-11
-5.728214195398752636e-11
-1.195124269556464929e-10
-5.734054053161389732e-11
-1.233760406814817754e-10
-3.423524614994916732e-10
-4.910108265542980110e-10
-8.042371133675226410e-10
-7.880958234112620226e-10
-7.142969271049729886e-10
-7.888854871146415346e-10
-3.175245066511987321e-09
-3.557025903751360036e-09
-2.614837331756367004e-09
-2.395259992706264078e-09
-3.355262933405455304e-09
-3.944836920298870000e-09
-1.901356141072901136e-09
-5.298459249044469588e-09
-5.878512843260233573e-09
-7.392692136028126084e-09
-5.587664871793990655e-09
-6.403581391338301837e-09
-7.940462565490900519e-09
-6.576254888213901969e-09
-1.004736940075415962e-08
-1.207351279915106255e-08
-9.790843573316663439e-09
-1.438402662833219346e-08
-2.075392195023810810e-08
-2.502894996926395956e-08
-4.743531262127408411e-08
-3.561160407250449267e-08
-3.702616566300705201e-08
-8.967038400501729204e-08
-7.541265631143941454e-08
-7.293771849896291302e-08
-9.487175636907097497e-08
-9.652119517550563743e-08
-1.410994173331337326e-07
-2.531462531610826647e-07
-3.210835821901706865e-07
-3.000631112097422560e-07
-3.482114756790375374e-07
-4.454689021523587464e-07
-3.523308608291708507e-07
-2.305459924473259372e-07
-2.441486645557795534e-07
-2.813650400916406978e-07
-3.196326698880475576e-07
-3.150665588674025904e-07
-3.993460707197273600e-07
-4.204956052915828652e-07
-2.795399996296478409e-07
-2.571712421513228842e-07
-3.620704440176645891e-07
-3.468679939265182615e-07
-1.356142829695562927e-07
-8.568096426367395802e-08
-4.607421875937818890e-08
-3.161198318766371956e-08
-1.576539011611768322e-08
-1.284920104801812175e-08
-9.514882747985108149e-09
-6.704567515118589920e-09
-8.072854442508226501e-09
-3.227480563275826840e-09
-4.818329127689091356e-09
-4.009129982313622626e-09
-3.772306038247505286e-09
-3.663834297841428225e-09
-3.283182001803903946e-09
-4.494851548402517080e-09
-2.137554351894421516e-09
-3.170238828451359864e-09
-1.311735615339901200e-09
-5.867476358359102386e-10
-6.851125260021048103e-10
-4.639906401125040335e-10
-5.727643391705474254e-10
-3.536469804637534884e-10
-2.582755903757696046e-10
-3.636613580299615510e-10
-4.714317215402607636e-10
-4.778958928658661494e-10
-6.952240015903219746e-10
-3.392727351542385694e-10
-7.471916680353332140e-10
-2.557324350365622057e-10
-5.547058031087948044e-10
-1.194346541336481516e-09
-7.037692293203350795e-10
-1.219854543250128533e-09
-2.542222344698759369e-09
-1.850315454703542186e-09
-1.622340481102162406e-09
-3.600819664297135986e-09
-3.110196102611531482e-09
-2.441179561369080017e-09
-1.089850486555612305e-09
-2.292581665435266399e-09
-3.417975122713584192e-09
-4.100170444565586388e-09
-2.458767820675700668e-09
-3.689157118039368638e-09
-3.003824850337088475e-09
-2.894089543799945208e-09
-1.171282913539134902e-09
-9.683768134416896413e-10
-1.392389529563718229e-09
-4.734900807541358188e-09
-1.504088833820986597e-09
-9.863988549060647417e-10
-5.323040273366154032e-10
-4.508017136043239224e-10
-1.032921714704628770e-09
-4.318934055816035248e-10
-9.949835508182636629e-11
-2.828598209351811575e-10
-2.882938971782942973e-10
-5.102326727701749532e-11
-4.430937135366707323e-11
-6.324277848158506366e-11
-9.415974585277747353e-11
-3.365681922127554005e-11
-1.809604581832937829e-11
-1.137707865581353425e-11
-1.509193777187997645e-13
-2.130696131053218369e-14
-3.838915354507283837e-18
-7.652543684304803853e-20
-3.524307906749895377e-18
-6.440358653070850337e-19
-1.943919866518015821e-19
-3.645466782099694572e-25
-3.587984051681402757e-21
