beta2
9.727530149843521129e-03
9.889265203552721067e-03
1.026797084973475951e-02
1.040909146163068733e-02
1.016250248621854146e-02
1.016721833373204070e-02
1.002513075603642459e-02
9.613620464698793139e-03
9.555372777685870039e-03
9.469911304848597014e-03
9.343740198268234848e-03
8.897331423443531617e-03
8.998891535217854593e-03
9.129282216905619182e-03
9.160716730880601871e-03
9.221884235913056088e-03
9.798435671012711845e-03
1.064850686775793351e-02
1.100283006796869481e-02
1.098261018023024074e-02
1.051613207471711539e-02
1.007183797295103933e-02
1.007404372480803084e-02
1.005463072553516510e-02
1.007383974641283195e-02
9.888772565763363775e-03
9.740317231968342176e-03
9.436769245810803369e-03
9.315096020387559836e-03
9.110178216805181473e-03
9.060394914874073460e-03
8.822459679869604568e-03
8.020471345536916291e-03
7.927774805702943878e-03
8.575865349211305930e-03
8.954270725936030323e-03
9.150154654927716846e-03
9.209630317860040272e-03
8.761030361141668166e-03
8.456198877442713813e-03
8.301464472979663833e-03
8.387642189827338585e-03
8.323161392894282140e-03
8.294522599124947923e-03
8.483845338931537625e-03
8.762059422802469244e-03
8.839919508253041985e-03
9.189330725798994584e-03
9.690240014316901102e-03
1.017122515439237637e-02
1.026698939752083636e-02
1.083045945925078385e-02
1.067075399924605900e-02
1.088933630552442813e-02
1.132165453198162933e-02
1.123268288782225399e-02
1.182848002957741923e-02
1.202683135401456417e-02
1.237094767642877777e-02
1.278510417218017663e-02
1.318500599828882278e-02
1.316393374122699217e-02
1.440621412582189856e-02
1.449866981260366713e-02
1.469067540850076126e-02
1.460703075880467883e-02
1.418242568840760720e-02
1.451080587827917150e-02
1.484629731942780501e-02
1.529808179617711539e-02
1.460329800152835450e-02
1.425974054200483329e-02
1.397942556824101172e-02
1.360262661816585665e-02
1.338548653533334215e-02
1.281728424134158210e-02
1.255761405278379983e-02
1.167900121482027750e-02
1.024878178350962198e-02
8.821749811269955985e-03
8.617274153672947051e-03
8.735702470329731462e-03
8.700111667823227229e-03
8.308404965697447492e-03
8.348295146925199806e-03
8.336569383470406741e-03
8.267860323048253218e-03
9.042442442468507507e-03
9.122644051075760874e-03
9.203365726090503504e-03
9.541322260783823006e-03
9.716802148711440809e-03
9.723260632741540649e-03
9.893834178243750277e-03
9.979850075940942949e-03
9.950494975518529503e-03
9.835100119885240022e-03
9.889785469802490209e-03
1.029307576057931009e-02
1.075095632067581131e-02
1.102480966378620308e-02
1.126284837924499543e-02
1.131966171979975275e-02
1.141366504051729777e-02
1.125705267233295670e-02
1.127080350137627147e-02
1.095306462847828871e-02
1.032449316058230149e-02
9.583343478797398673e-03
9.080208754816292138e-03
9.025995847502622099e-03
9.038492731653430950e-03
8.609645129984053874e-03
8.211738225855594320e-03
7.896979877432170475e-03
7.700851079070959726e-03
7.516481663655301924e-03
7.609768309135716419e-03
7.305888809030836213e-03
7.035599668682680427e-03
6.921555066825554881e-03
6.835780147763849401e-03
6.699435177913706449e-03
6.583067956062485862e-03
6.569251734265613499e-03
6.568178509344230892e-03
6.493943777037893515e-03
6.318868152812859643e-03
beta3
-7.410584029213386435e-16
-1.085977924765426615e-15
-1.247321483825098623e-15
-2.377997253629123423e-16
-1.315551423703096489e-14
-2.877191342640832688e-14
-4.782875307259891985e-14
-4.898722197808688707e-13
-1.278392626815602545e-12
-7.560254949150104688e-13
-2.019987251435471733e-11
-2.369734073622471014e-11
-3.122857281434260913e-11
-8.169674863994737262e-11
-1.442153160145994062e-10
-1.976479421573604083e-10
-2.067787366575159197e-10
-1.572113213451885176e-10
-2.598196664994578983e-10
-8.830994704126736064e-11
-1.574010438605948400e-10
-3.528606248383487481e-11
-1.064982843057830157e-10
-4.228878487662925567e-11
-7.034078477227359112e-11
-2.511709923345136243e-10
-3.347239273459047604e-10
-6.880370681600091168e-10
-3.417861121829961276e-10
-4.178682211564367086e-10
-3.311327737943529573e-10
-4.485580486415062860e-10
-4.533053575686941009e-10
-7.689324550344213922e-10
-4.491434293791402967e-10
-2.442486050216034649e-09
-1.515537473939501248e-09
-1.334341818899118565e-09
-1.490624741716350749e-09
-1.304932850844016260e-09
-1.069159581324501912e-09
-7.356644483221289505e-10
-7.284291946301083717e-10
-7.571398174977285590e-10
-1.257168734708422207e-10
-4.060046713791778434e-10
-3.221348514466197757e-10
-2.725331406786160451e-10
-1.407811379391225330e-10
-8.043133030963050582e-10
-1.004590020321592342e-09
-5.656842523849206953e-10
-9.963334174492119222e-10
-7.175953692357232015e-10
-5.551199325080958247e-10
-2.499648789027689653e-10
-9.407406930828838653e-11
-5.864185757758625219e-11
-9.547774266573446499e-11
-7.742083453979360704e-11
-4.952098844914931676e-11
-8.233404559711479163e-11
-1.386697552319384373e-10
-8.668644197407464851e-11
-9.029547316825867448e-11
-2.647270810848544441e-11
-7.699480964949518048e-12
-4.218903259050314171e-11
-3.247202582049120745e-11
-2.700586505596571532e-11
-4.384532157255522299e-11
-2.185306533857384688e-12
-1.961756279154852874e-12
-6.660067401500809389e-13
-7.093637839210696766e-13
-1.064926434609817561e-13
-1.276286420523764130e-14
-2.051830373681739063e-17
-2.323872452638824316e-19
1.053997915106021211e-19
4.336905439905556348e-25
1.922508830395944093e-19
1.536005897235489999e-18
1.348922040329646616e-14
2.626360006360758578e-14
5.898371814832159690e-15
1.047688666983269240e-14
2.370820950995837617e-14
1.461869499818292122e-15
4.236935778493097138e-15
1.470833853045004412e-14
1.907306831345775708e-13
1.977491895865532966e-12
3.809286319230199665e-12
7.444168027115955720e-12
2.180310549450022253e-11
3.818429006790132329e-11
4.473699136781904273e-11
6.737855720881749816e-11
1.290047167025886805e-10
1.667320103276709649e-10
9.633681839498565591e-11
4.114761026981319543e-11
6.314280167165867223e-11
2.522832657985001907e-11
3.629002915172464303e-11
1.167614648450984152e-11
1.288790963178597280e-11
1.367499398389134456e-12
6.750576019646150253e-13
4.787592773929765194e-13
7.245505253889785302e-13
4.840658640710013828e-13
3.442574754074131550e-13
1.997866122709525456e-13
6.562697923937802562e-14
6.671056853655228883e-14
1.150138298819291392e-14
3.403951740213473753e-15
1.349559575887360149e-14
1.344542717916799014e-14
3.728475435945110808e-15
4.421198927277773556e-14
2.522715391052571250e-14
6.241603514669735782e-14
7.946054508612106155e-14
1.952363121501104905e-14
4.667893798048054718e-15
beta4
-6.917159936189553812e-03
-7.082196834167841376e-03
-7.311316337241798718e-03
-6.797174634498165391e-03
-6.106891460315255239e-03
-5.988508959085935696e-03
-5.698176861192706666e-03
-5.356097337241906044e-03
-5.286954676935478117e-03
-5.179625912874605970e-03
-5.153555500665023964e-03
-4.832112373751234341e-03
-4.893282488776001110e-03
-5.104011330822640427e-03
-5.142488048022714892e-03
-5.284474407310026794e-03
-5.844035453140519060e-03
-6.364608309185315269e-03
-6.982049541094118017e-03
-7.304412475087866327e-03
-7.751737473262696257e-03
-8.161968955677036119e-03
-8.441031711569596530e-03
-8.666072117384125348e-03
-8.563930888487468474e-03
-8.428876542980724695e-03
-8.233140785774728174e-03
-8.200218582223389729e-03
-8.260147449300854136e-03
-8.553306610074706134e-03
-8.703559321092834214e-03
-8.750874163819115023e-03
-8.119152440736146503e-03
-7.957273546181066470e-03
-8.774586727842311612e-03
-9.207873150772132725e-03
-9.099184756404386787e-03
-8.902083702859468414e-03
-7.979324936071150592e-03
-6.972790554393669404e-03
-6.347624875824280782e-03
-6.084313683862464968e-03
-5.902206435463892495e-03
-5.655772926782826580e-03
-5.197148351760343468e-03
-4.585715881195969248e-03
-3.784552311194293913e-03
-3.374276808195662575e-03
-2.944537841484157203e-03
-2.034660789540344763e-03
-1.722470322974360181e-03
-1.893707630491300994e-03
-1.460001799925291638e-03
-1.663283639835856816e-03
-2.141871149996731234e-03
-2.562503547597167093e-03
-3.619839828408192434e-03
-4.230662765740550446e-03
-5.045021509301897758e-03
-5.003711353630913711e-03
-4.986689467925633015e-03
-4.435000839619348580e-03
-4.881324064758168699e-03
-4.766986615688914748e-03
-4.618727172888839952e-03
-4.840838161952425514e-03
-4.090662082474390282e-03
-3.749409963991784823e-03
-3.411108226550521334e-03
-3.166083250909534994e-03
-3.032776891620082502e-03
-2.840041825986896681e-03
-2.752824380481953305e-03
-2.493089434305485654e-03
-2.208874388486012884e-03
-1.771543245783882385e-03
-1.624412400332858218e-03
-1.325753904377868211e-03
-1.243857346900886177e-03
-1.231168134138938604e-03
-1.437892340897499975e-03
-1.802780669431515350e-03
-2.138333197926476498e-03
-2.283935456668347627e-03
-2.389250215485759759e-03
-2.432572097039553075e-03
-2.314065090377726702e-03
-2.226106796815388242e-03
-2.208646637755776014e-03
-2.159525004529262195e-03
-2.230555844425914560e-03
-2.437324762799939360e-03
-2.493978647478718204e-03
-2.500547795076645680e-03
-2.570137027903427948e-03
-2.736772054083093202e-03
-2.909723318260989088e-03
-3.015574718238734145e-03
-3.162431251999791963e-03
-3.333822854749706951e-03
-3.529241248692260163e-03
-3.622241209453594228e-03
-3.617804437808134002e-03
-3.601726736709958201e-03
-3.655061528780039967e-03
-3.866463778860765484e-03
-4.174960307435181608e-03
-4.533079456882297374e-03
-4.648231191075225151e-03
-4.226971021805504825e-03
-4.228138555782311875e-03
-4.281255024240190887e-03
-4.229829817445976414e-03
-4.168573744649389963e-03
-4.009421486593142507e-03
-4.173932383373030360e-03
-4.369325412593659183e-03
-4.516527889320771753e-03
-4.395862646334815042e-03
-4.359054266108794082e-03
-4.243022856597133442e-03
-4.333057721695414768e-03
-4.468998645097229175e-03
-4.403129936378704160e-03
-4.496745382247233774e-03
-4.886359180872406303e-03
-4.753364405829550027e-03
-4.487317628891277811e-03
beta5
1.653519457981682088e-03
1.787498839857841037e-03
1.828276777350657792e-03
1.984055799085076947e-03
1.926301390539881522e-03
1.820193768869885842e-03
1.706712964371011852e-03
1.660604761031370287e-03
1.683877108998782512e-03
1.709357882316720010e-03
1.740246976806640112e-03
1.937351548296342490e-03
2.351631253103642072e-03
2.814233859030718272e-03
3.341957489701354554e-03
4.009817596754602052e-03
4.313620700105475110e-03
4.883823300243061993e-03
5.229479572702047663e-03
5.108217758304512898e-03
5.023587961129966778e-03
4.930178358993330193e-03
4.889626412240592572e-03
5.031360338047239852e-03
5.161836458913160453e-03
5.409144202317457337e-03
5.616761412424755434e-03
5.801599865669009731e-03
5.920450843598776616e-03
6.011628823699662061e-03
5.884934637191301110e-03
5.857555254737863148e-03
6.022480323762173515e-03
5.554600284166729893e-03
5.500324948469874700e-03
4.828661802525560480e-03
4.123687664740941124e-03
3.339465642505664352e-03
2.975908982367377748e-03
2.443253398248566334e-03
2.166057100664269333e-03
2.231258849843702641e-03
2.307230811625768287e-03
2.409246448372186038e-03
2.038211287531941241e-03
1.753787508445066139e-03
1.374490561600914557e-03
1.249505441126790191e-03
1.135151171065186797e-03
7.222592713756004288e-04
5.485869224486686607e-04
6.855168771671413860e-04
2.210810113439640504e-04
2.182483382432230234e-04
2.161365108572969678e-04
1.392874675890355077e-04
1.718892337814221659e-05
-1.701172853786725003e-04
-5.771468530611177910e-04
-7.754562645521673875e-04
-9.483198113528452456e-04
-9.365567278645529816e-04
-1.448610842887356615e-03
-1.604318641307755141e-03
-1.776568085695399632e-03
-1.877207442648359467e-03
-1.604854444767123915e-03
-1.594336311838517265e-03
-1.748759188651625258e-03
-1.977464306073870633e-03
-1.781269795731477926e-03
-1.616397913015627831e-03
-1.521367882855864401e-03
-1.256861373882247820e-03
-1.099877982406973018e-03
-7.652495923576968203e-04
-6.639384938066062673e-04
-3.987570330511111278e-04
-1.296726073943931651e-04
-4.895258535643487113e-06
-6.943359140186597012e-06
-5.880979798603914381e-05
-4.496984050569037929e-05
3.227683957301030601e-06
3.780050273529697260e-05
8.744530794996372043e-05
1.368927116090019793e-04
7.418775126260769890e-06
5.542622810820598358e-05
9.521821037642517875e-05
1.423283950330234875e-04
1.882391277092307618e-04
2.595893154497089001e-04
3.144989810323306446e-04
4.042990391215138622e-04
5.439084104166041957e-04
6.693508523023303626e-04
7.637750225754954669e-04
8.762325147256335442e-04
1.054118918997839788e-03
1.117416969803510917e-03
1.236121866442839966e-03
1.357335874055530089e-03
1.468325886203921370e-03
1.250938447664393886e-03
1.042281886012078745e-03
7.515489278949926072e-04
5.769765855858153929e-04
5.181873634348682775e-04
5.809461784923492010e-04
6.464692353508134839e-04
7.492203767256185682e-04
7.549777108201882921e-04
8.446124656391918199e-04
9.003666503616665311e-04
8.598931618603489375e-04
8.567300874164473362e-04
8.819356003047521203e-04
8.815305554344017580e-04
8.871415628917930004e-04
1.061008031003248583e-03
9.693287022553241910e-04
9.310705053306922094e-04
9.438799577733206214e-04
1.030257490999340279e-03
9.902725533096228862e-04
8.048764631147850698e-04
7.541190458776522981e-04
