6.815154050923088146e-04
8.178955922297489805e-04
8.371925667749130842e-04
9.484240264700389547e-04
1.017640611970912524e-03
1.123169565744048430e-03
1.499782165196721822e-03
1.671972150564653495e-03
1.874249757590760665e-03
2.053852639143879857e-03
2.211954166543800369e-03
2.253807704357555387e-03
2.085204681033610806e-03
2.336996820601313068e-03
2.436886473522877680e-03
2.571600848561441874e-03
2.605029168195034748e-03
2.677340479152093278e-03
2.715875981182388783e-03
2.393489638806611287e-03
2.269436770433996223e-03
2.167118991282006562e-03
2.179155584893703677e-03
2.287188201797336982e-03
2.418496593042291070e-03
2.651879514814171109e-03
2.849388155961546636e-03
2.928482753136143341e-03
2.985551019401492482e-03
2.924935264107233947e-03
2.829057375680881642e-03
2.679473232104120136e-03
2.547784372102622572e-03
2.378369759118096043e-03
2.254687856488324284e-03
2.298049393378890151e-03
2.321350651562976118e-03
2.383807265471392205e-03
2.401319869432677178e-03
2.561772871292011550e-03
2.817757464327861477e-03
2.932584662232888550e-03
3.020669648378514639e-03
3.076222874814595748e-03
3.082746049527507453e-03
2.947332201527288770e-03
2.687698562716266462e-03
2.432988702930334243e-03
2.289709546980051112e-03
2.228346010607694383e-03
2.179559288230042882e-03
2.140009030550628875e-03
2.053930997348640559e-03
1.908036375730682785e-03
1.619091171345100888e-03
1.246090353388102029e-03
9.084363256629260841e-04
6.084696840294570369e-04
3.490847746204181500e-04
1.548303832396434772e-04
8.010701741952842272e-05
5.202100742154729276e-05
2.452737983750024285e-05
3.639260507363936630e-06
-7.109809431953567778e-07
-6.960123137498913458e-06
-1.375272006860499753e-05
-2.927231789059278624e-05
-5.226572805667006844e-05
-1.477132515156082810e-04
-3.031580149255663575e-04
-4.855811336270365853e-04
-6.388929772055542767e-04
-7.555923043006062233e-04
-8.585488796077995685e-04
-8.413319696058061932e-04
-7.513445294665509330e-04
-6.728187703668311393e-04
-6.084873170335387479e-04
-5.539523700946274954e-04
-5.219216853614778084e-04
-5.045475319246792633e-04
-4.896370706979400302e-04
-4.162413852937822049e-04
-3.704304183529353450e-04
-3.587518165986106522e-04
-3.097929413410108689e-04
-3.200561256367585785e-04
-3.386676326375888152e-04
-3.605982133714545710e-04
-3.934219759001348726e-04
-3.842345682896777478e-04
-3.902920437051011528e-04
-3.561488580559818776e-04
-3.106001955180445859e-04
-2.920463457737843493e-04
-2.750076588074076259e-04
-3.176307896239715755e-04
-3.623149581154897522e-04
-4.530327206516557227e-04
-5.458744182204699862e-04
-6.419481826203779539e-04
-7.309413883806675045e-04
-7.703333064466045274e-04
-7.735006206879326820e-04
-7.070217197519757446e-04
-6.103034999134624881e-04
-4.829368497544056743e-04
-3.287349563035022750e-04
-1.904029959046391626e-04
-9.153434469335213007e-05
-3.031902219813235229e-05
-9.827566745108479198e-06
-1.040199948826455374e-06
-5.017918417275644060e-07
-7.347447426847898433e-10
-3.117936499307189305e-09
-3.117936509264035543e-09
-3.122591529087597512e-09
-3.122581935586098639e-09
2.165763052059976331e-07
6.413951929755414820e-06
8.344554719780579268e-06
1.240913059383034029e-05
1.820470716142776391e-05
3.101261770708968907e-05
4.665433875119015501e-05
6.291818964002561662e-05
9.858586793344869582e-05
1.801081823254010918e-04
3.026124947286136621e-04
3.950813646810471137e-04
5.286775291693123933e-04
6.248206880463838628e-04
6.750015343072466104e-04
6.376460256239873748e-04
5.276514776528546270e-04
4.378891978130637348e-04
3.031620323104374155e-04
2.002209053644090709e-04
1.248989583127151212e-04
1.028983324122422529e-04
1.040270329144808454e-04
1.039180127293261416e-04
1.140412506040658206e-04
1.025721287141799325e-04
1.042299375157587182e-04
9.707913998688136347e-05
