-2.369401363580417113e-04
3.608466151350451546e-03
-5.549447258822197693e-01
1.067047010177759291e-02
-2.398732285204001682e-03
-1.635981954230265600e-01
-3.997985642284038361e-03
-3.861940186788170165e-02
-1.510223039977495393e-02
-1.052545662549375129e-02
-7.070900103069526627e-03
-4.259007363810692059e-02
-2.785202368195942302e-02
-4.670816735077722159e-03
-1.640741539305479169e-02
-1.327787140232250702e-02
-8.029282136993037139e-03
-1.062934993346601742e-01
-3.356259943036381255e-02
-4.543031870320982275e-03
-1.995885574048790120e-02
-2.295151860506747590e-02
-3.168483422252261084e-03
-8.937291099889737092e-03
-8.880499651789131033e-02
-5.227848229720987241e-03
-2.271872325425708383e-02
-2.548325867463147043e-02
-7.889946015864343631e-02
-3.553550075339887426e-01
-1.113442375171056709e+00
-5.901389350049089655e-02
2.911334968312254395e-03
-5.565128426920801577e-03
-7.738795836834970378e-04
-1.617439629251431199e-02
7.604159524991466190e-03
-2.174967093793775570e-03
-6.955586813048543482e-02
-6.553026870772493163e-03
5.120867646108133442e-03
-2.867229798627385362e-03
2.920341119221632042e-03
-2.199192658341034279e-02
5.549134807174396604e-03
-8.027694978933332115e-02
-3.662292171322043509e-03
-1.274253447561238782e-02
-5.678678230954087823e-03
-1.206315633849387725e-02
-1.168923013417545384e-02
-2.939740034526826598e-02
-4.678034079427139530e-02
-1.013214358577257251e-02
-4.980566879532639241e-02
-4.634021927023048576e-02
-3.064924624393200459e-02
-2.624609285534141787e-02
-1.417123089822970028e-01
-1.670860780856261163e-01
-1.757096243645947173e-02
-1.016811013888556381e-01
-1.563057266122365174e-01
-3.140428575594540056e-02
-4.774900178314191862e-02
-1.892830788829210492e-02
-2.716464029483959750e-02
-9.726342883131967876e-02
-4.984712678366578359e-02
-4.699210867022402677e-02
-1.287285706496559511e-02
2.155682399683146386e-02
-1.369746680511658155e-01
-1.533157953646522957e-02
-1.013007039440225465e-01
-2.599249909552405619e-02
-1.626114924281783607e-03
-1.756952242342636403e-03
1.087467912163417663e-02
-2.569514372954749826e-01
-3.236846277948794426e-01
-5.277531196288837156e-01
-4.327307479566600001e-02
-7.744963977302302127e-02
-8.595589008646438434e-02
-1.228178650136018818e-01
-1.976688010915143845e-01
-1.991413916890079072e-01
-1.405314071465617147e-02
-5.032800586177829834e-03
-1.377667732470349736e-03
-2.145688962082388865e-02
-3.425281781794599356e-02
4.591936806606839935e-03
-2.915700579678537699e-02
-3.677582207383068495e-04
-9.249725691849999473e-04
-4.752904680215213977e-04
-2.923238209243191228e-04
9.175389209936581515e-05
-6.826254574259322735e-04
-4.077032006994897790e-04
-1.026281920440533235e-02
-2.001069327336185786e-03
-2.201934291089678412e-03
-2.442107514858673275e-03
-1.503891942582222870e-04
6.414882835929162485e-05
-6.101590190025839273e-05
