2.495373924582010728e-03
1.875876465140521431e-03
1.813495918183229789e-03
2.196505359720185135e-03
2.169131590557905453e-03
2.468407576150954356e-03
2.536875188215127145e-03
3.240027724312031284e-03
3.498506516956991289e-03
3.277030073148801039e-03
3.169042382081623237e-03
2.805456984863650277e-03
2.492514674024026190e-03
1.937771213268642137e-03
1.808065228358237894e-03
1.766328298341024146e-03
1.742131168802811417e-03
1.654855113466592240e-03
1.674399080868453670e-03
1.411757753525460374e-03
1.112647787509377833e-03
9.041618476676961322e-04
8.178910614382020258e-04
7.177492689514956793e-04
6.470009862227034435e-04
6.136386261212032874e-04
6.735828579132563214e-04
7.073604265577304118e-04
6.860808216087491791e-04
6.347353755017103331e-04
5.566024814535000141e-04
5.121903370025113330e-04
3.920308805546960794e-04
3.272110513360363825e-04
2.708137130530357357e-04
2.411898481183273287e-04
2.275589969486662995e-04
2.235274688777442781e-04
1.826677514344250913e-04
1.460746297992015304e-04
1.183132481818932667e-04
1.213582625705007280e-04
1.196460177498992467e-04
1.121506684965310009e-04
1.081328409825582648e-04
1.004685575775956949e-04
8.145349205125388921e-05
4.967277007816064396e-05
2.294217860899337380e-05
1.709816886613163694e-05
1.107300389008250444e-05
4.830369109459655788e-07
1.192818033317966714e-07
2.741068403503596435e-08
-2.439197140918878261e-07
-2.633999988513382922e-07
-2.641111729958166835e-07
-2.641122973172555765e-07
-2.641098992189343047e-07
-2.618924654909096106e-07
-6.205543440913186383e-10
2.313552148160953337e-12
2.313552148160953337e-12
2.129432521725964436e-11
3.730450338653997584e-09
9.898572284492668848e-08
1.349764826238669024e-07
6.995007996728604973e-07
9.047266826037359781e-07
9.360263146360904769e-07
9.324022203226473078e-07
8.371469478157963225e-07
8.011561880111329224e-07
2.357223566698817163e-07
-2.113190414532430198e-07
-7.052820584979124103e-06
-1.395652420592116161e-05
-2.110705188680347434e-05
-2.957791249419888246e-05
-3.772683452468404821e-05
-4.747526439097556587e-05
-5.170632749778341150e-05
-7.077631902103336014e-05
-7.550607807882380709e-05
-7.286565328765681456e-05
-6.611774112221632165e-05
-6.225183015976533645e-05
-5.527792721620613755e-05
-3.428650408802838225e-05
-2.636708833603426457e-05
-3.219735750553721513e-05
-3.268230984418145666e-05
-2.787895534530526170e-05
-2.428880404106820395e-05
-1.930689581506007531e-05
-1.534603324098521578e-05
-3.685328255228132445e-06
-1.798455819378403869e-06
-4.774758992218255520e-07
-2.841130830954405298e-10
-3.379876052107265951e-11
-7.740585115396038836e-08
-9.299426659224643350e-08
-9.295020414636867437e-07
-6.108730579597731375e-06
-6.344475392996926946e-06
-6.344449377111810520e-06
-6.267065907636308717e-06
-6.251220597302581805e-06
-5.414271156588858112e-06
-2.056902059980262449e-07
9.168409631619404395e-08
1.132136725398962183e-07
4.799033582850108713e-06
5.960992257223917763e-06
5.960974140556329522e-06
5.931621728099540910e-06
5.869992239184516841e-06
5.848433478212537808e-06
1.162009663882104408e-06
-3.029308054116466650e-10
-7.271097095241978899e-10
-7.037263918444991897e-10
8.919391039736762911e-08
5.001643602345654329e-07
9.604332594441569672e-07
1.221491022271015090e-06
8.773443382871803331e-06
3.010206009896106312e-05
4.596280562068952151e-05
5.704883681879247594e-05
6.984100570943541769e-05
1.075549256522984574e-04
2.126121432914533725e-04
3.457859429476383036e-04
1.005000852293867026e-03
1.779351761430658305e-03
2.897570970901399996e-03
4.220553250326963303e-03
5.718205417138955832e-03
7.434383358987252388e-03
8.197410706283375995e-03
