1.539085992749903063e-05
1.054209997571946878e-05
1.023077445718239196e-05
1.206679725214042706e-05
2.318728992845278718e-05
2.829621035989993461e-05
2.716754793322246521e-05
3.095819805711490886e-05
3.270840781445279996e-05
3.666128027228083419e-05
3.581069092873727627e-05
3.557611252147224859e-05
4.227661710191135273e-05
5.264337416185791351e-05
6.273305844446589819e-05
6.528810047406736865e-05
6.340548897580219781e-05
6.392970676018224299e-05
6.756519962476926447e-05
7.509137459537913294e-05
9.944458383660326802e-05
1.245884639527302588e-04
1.452135306375560515e-04
1.796653085756691080e-04
2.056282023296101961e-04
2.312343781032858250e-04
2.530137590537425069e-04
2.699227863867381932e-04
2.836722567815186868e-04
2.917509721542011782e-04
2.987287263373212382e-04
3.035139414874994993e-04
3.051583590268288639e-04
2.911544403218379218e-04
2.907190065700060336e-04
2.839342312417493909e-04
2.844008364571020699e-04
2.657521269957347962e-04
2.482124769842758492e-04
2.401301568011340274e-04
2.349259877900697422e-04
2.302878752237720909e-04
2.264081577804289314e-04
2.139186693108971048e-04
1.880535057972816725e-04
1.732706720690113634e-04
1.515765830006076157e-04
1.222581217466091666e-04
8.844550767639853064e-05
7.095325889865209280e-05
5.664799370293333524e-05
4.392364017411754630e-05
3.162349180306441742e-05
2.317293559976267328e-05
1.473977488121567294e-05
1.012681081958014021e-05
6.101840394121502175e-06
3.724939785659634441e-06
2.953116509478979984e-06
1.854383507043372298e-06
1.234334406326668907e-06
6.586328668418380240e-07
-2.620822226323154306e-07
-9.136818922073475185e-07
-1.109282959031427494e-06
-1.113537369896683837e-06
-1.118886294912029000e-06
-1.119148964074983128e-06
-1.119149664264214946e-06
-1.119137771395876004e-06
-1.118258150922552468e-06
-1.117659630773645376e-06
-1.097571670200308492e-06
-8.282880094820562884e-07
-7.323873950629876818e-07
-2.023003199061898845e-07
-8.335633715812723765e-09
-5.078093937491901903e-09
2.708342789292549952e-10
1.381325255230359960e-09
1.382027868692981485e-09
1.381006486192962079e-09
1.381003570490570286e-09
9.200567782194985421e-10
9.200530862395980112e-10
2.230427078277957296e-10
2.049936154468840487e-10
-3.049221568898264604e-08
-8.096886414172095853e-08
-8.586722194416135986e-08
-3.420479218603886961e-07
-1.532940875167868707e-06
-2.076670631845655922e-06
-2.674051098892085153e-06
-3.843290821678558689e-06
-5.607703395192009069e-06
-9.287038547736958840e-06
-1.321260555849314890e-05
-1.378547402706433670e-05
-1.379379552134844492e-05
-1.397863002542274086e-05
-1.415020563234418396e-05
-1.402124081771608996e-05
-1.287717183106833621e-05
-1.234512668493494522e-05
-1.174965288289131530e-05
-1.058041315718293681e-05
-8.815591043318390943e-06
-5.135750911294102905e-06
-1.136575619125343744e-06
-4.691578703946153948e-07
6.004642425324511579e-07
3.809328970116605044e-06
5.680065067710835620e-06
8.340192325031959615e-06
1.275564952074117454e-05
2.352164820012998543e-05
2.767460462410625770e-05
2.944369292644852915e-05
3.219028088393992212e-05
3.244178678496870193e-05
3.248555365656573491e-05
3.327772451253034668e-05
3.255708583695223808e-05
2.995509350842468060e-05
2.833036899325341735e-05
2.580165075865413656e-05
2.152031585596350256e-05
1.081789104768829435e-05
6.970777250662159203e-06
5.547750382310989271e-06
3.353922746225542335e-06
3.211182463353404883e-06
3.116829158129636335e-06
2.347678393753101080e-06
2.088196015349600800e-06
1.954574292305220504e-06
2.246002277388254779e-06
2.246085898707966509e-06
2.159382703109047090e-06
2.107493534381262012e-06
1.803875225071423320e-06
1.457813791082804660e-06
9.050521657503670457e-07
7.957815718926642307e-07
7.734757809758893230e-07
6.559119607512820312e-07
6.049744127552283007e-07
3.670247026982614273e-07
6.057207111941179239e-09
1.780476965408336739e-09
3.423465313407098587e-10
3.422561504512285524e-10
2.562489670452588692e-11
1.961425240437843150e-11
1.959649169294575487e-11
1.959607148668875370e-11
-1.168155995685277751e-12
-1.173103912185766643e-12
-1.588702305102741141e-08
-5.807130362673264618e-08
-1.477984624793412581e-07
-1.485655121462715901e-07
-1.543339847802582751e-07
-2.777962362208668757e-07
-8.067470094972308895e-07
-1.375974935996054908e-06
-6.031712674974611583e-06
-9.409281763028682946e-06
-1.611258437876127720e-05
-2.175740627408016229e-05
-2.768652191072840262e-05
-3.180637453855280743e-05
-3.567802546220054421e-05
-4.215777460958765739e-05
-5.057397442890030601e-05
-6.249300681972410623e-05
-9.261000887308772599e-05
-1.125600961505467324e-04
-1.288662407214824295e-04
-1.547214966828838658e-04
-2.006951576803585183e-04
-2.467649406343630546e-04
-2.994455518846241720e-04
-3.239670909900141719e-04
-3.299667211670306659e-04
-3.316459287827794051e-04
-3.312712673152395037e-04
-3.218274053499500646e-04
-2.913802861896484689e-04
-2.709164663298337496e-04
-2.499551656594037850e-04
-2.207223431305038470e-04
-1.680453795179836574e-04
-1.163311899316982120e-04
-5.770558339251893572e-05
-2.902203443700153356e-05
-1.909301319139876371e-05
-1.112392131546584848e-05
-3.403862241862713080e-06
-1.238907833144395449e-06
-1.173481510171203062e-06
-3.311521462925748254e-06
-6.197269272197185318e-06
-1.190198353740962389e-05
-4.056706935826861273e-05
-9.178488368912796362e-05
-1.761148628542982396e-04
-2.922699821693677032e-04
-3.653433320194152318e-04
-4.136765803382806608e-04
-4.320308677107064237e-04
-4.492263579862230201e-04
-4.939757354140808824e-04
-5.414979325054791346e-04
-5.729702891143712354e-04
-5.742853555040668394e-04
-5.477462703232338463e-04
-4.969425040907063515e-04
-4.126153263358082763e-04
-2.964622319901991272e-04
-2.233568964945368846e-04
-1.748330408797145149e-04
-1.561515105786085973e-04
-1.385223420362958514e-04
-9.363955726507406784e-05
-4.392381886613382861e-05
-9.564671594004616503e-06
-1.809952009526554762e-06
3.379977298698279411e-06
1.601502878870904854e-05
2.671651064236730164e-05
4.367207052194186078e-05
6.573466369846405757e-05
8.059116645913697594e-05
9.391096101155561231e-05
