2.648109706996651529e-05
4.885762609266665057e-01
9.550673816926336102e-01
7.163005362715023638e-01
5.730419107776021370e-01
4.789997812025606483e-01
4.118124314322909041e-01
3.603358753237150269e-01
3.198623650769337745e-01
2.872085377855493338e-01
2.610986707141357832e-01
1.298651509571672746e-01
1.298629441518782679e-01
4.797049263284688947e-02
-1.098214343002083537e-01
-1.098558094942309465e-01
-1.098950712013128106e-01
-1.106285994839083936e-01
-1.113526272199022032e-01
-1.151147278795444096e-01
-1.198199860960306035e-01
-1.192636623566260684e-01
-1.215043872569631644e-01
-1.309510070955125817e-02
-1.315999844194333697e-02
-1.277682903897572712e-02
-1.232237070796780333e-02
-1.228832582997498556e-02
-1.225312784351315770e-02
-2.442321193200139642e-02
-1.945999148024732742e-02
-9.482434128736654672e-03
-4.450032837474054113e-03
-4.450016667235457204e-03
-2.209291766898373744e-03
-1.143281116852924370e-03
-1.077016559490813355e-03
-9.948893065829091196e-04
-2.764380923468909290e-04
-2.562751627498030364e-04
-2.528288422958467033e-04
1.191835575680443710e-02
6.957732184292024676e-03
7.476712885354184221e-04
8.347012484947071006e-04
8.812550702274480480e-04
8.813077496043919155e-04
8.813125712342440238e-04
8.799767035062616878e-04
8.799615036401956967e-04
1.610801829114976574e-04
8.730439946356651675e-05
8.728780101111302222e-05
8.728779569790608942e-05
8.469091328717111300e-05
7.929738843827691510e-05
-7.732571518997017604e-06
-5.430064981897219636e-05
-6.538549901750979388e-05
-6.539032064753864070e-05
-1.184141549990762494e-02
-1.690177767419709029e-02
-1.689736544739643340e-02
-1.684342228884713397e-02
-1.684340569039533692e-02
-1.684345499509378244e-02
-1.738333679887403560e-02
-1.738520742157370971e-02
-1.738525194373322785e-02
-1.738954320470280715e-02
-1.737851103488121524e-02
-1.737851103489713653e-02
-5.602580688632408275e-03
-7.311466676083537000e-04
-7.351287940845556380e-04
-7.367836100393242551e-04
-9.137506064568560451e-04
-9.137013017411300736e-04
-3.737923376193425461e-04
-3.718461800030520726e-04
-3.698157040580844659e-04
-3.652928957368255583e-04
-3.652928948246511967e-04
-3.652928941832949794e-04
1.425019124724343454e-04
4.161309749007374649e-04
1.085551871099735667e-03
1.087216672099480244e-03
1.264183668517012034e-03
1.268659473122559682e-03
1.268632317721241683e-03
1.268555964569320453e-03
1.266570010701540848e-03
1.266338470491596953e-03
1.266338469888939272e-03
1.320650767980132388e-02
1.269877679610125626e-02
1.264728631165883826e-02
1.559051923687661614e-03
1.559041949211088796e-03
1.564544743017783112e-03
1.560069165928479155e-03
1.566085440990525610e-03
1.566086956340846529e-03
1.566086956421138638e-03
1.384254645475612756e-03
1.384254368658517685e-03
-1.059145674842267536e-02
-1.059274210076330096e-02
-2.219309705776551997e-02
-1.177428355982512720e-02
-1.177428591388837188e-02
-1.177978871549863367e-02
-1.178022433611004317e-02
-1.178628295708707314e-02
-1.791110038528498372e-02
-3.455244288607828285e-02
-3.448295239785186678e-02
-3.448345056802319675e-02
-3.444790866155245102e-02
-3.444662361984443533e-02
-2.288072551441913682e-02
-2.288072551441912295e-02
-2.335273856913767584e-02
-2.335274124423163122e-02
-2.335236659541114687e-02
-2.335232424949616400e-02
-1.722751376581174720e-02
-6.949466004844603298e-04
-5.786223001671584806e-04
-5.492878542042878981e-04
-5.492878541316596882e-04
-5.508756092797684970e-04
-5.496291823937934744e-04
-5.495720412286043141e-04
-7.794135515988926874e-05
-6.468761190748013477e-04
-8.088407620692978717e-04
-1.072039810322757787e-03
-1.072034056833335918e-03
-1.486614160054637384e-04
-1.513635391653430490e-04
8.478916373762272404e-04
5.926968549467342626e-04
1.792677045992591795e-03
-1.833849233557246702e-02
-3.459429958653007647e-02
-5.499390689129988324e-02
-8.766295759375052066e-02
-1.541784786222099024e-01
-2.411531565824430734e-01
