3.388668658580823619e-03
3.975955200815596557e-03
4.389250841994728203e-03
4.716434049277061849e-03
4.810594374085005662e-03
4.758273410789697760e-03
4.619518501840356138e-03
4.557029735372696531e-03
4.699742198564556099e-03
4.868168154969914480e-03
4.986319452385349141e-03
5.113853908420039514e-03
5.311757844745718105e-03
5.439568842296782329e-03
5.463351431812340196e-03
5.360252080045737645e-03
5.164334707382796895e-03
5.009532760002380174e-03
4.891376975748643573e-03
4.707328355272767141e-03
4.338452167841021917e-03
3.958265006665759832e-03
3.617823000655804450e-03
3.294118588586838082e-03
2.996744742865517768e-03
2.636745834739056323e-03
2.339168104521890685e-03
2.130588976765531405e-03
2.021743568829196310e-03
1.920470234262242060e-03
1.851690956612139565e-03
1.845561620785904355e-03
1.896375184621479837e-03
1.890309863464279200e-03
1.832547584785042130e-03
1.751439361117407495e-03
1.704757484731876703e-03
1.680698031345902654e-03
1.666910403864302857e-03
1.669854930439468874e-03
1.726338335504421341e-03
1.752230258716617811e-03
1.766106034592173453e-03
1.726908818239063399e-03
1.637113596602825022e-03
1.554919477599188372e-03
1.502103673920935191e-03
1.423594907230807437e-03
1.334320959695199779e-03
1.251718138079822070e-03
1.133706899053134190e-03
9.819903819149036414e-04
8.068305696924569712e-04
6.628950064022949692e-04
5.074615247219916182e-04
3.652744315553340705e-04
2.506891242834068741e-04
1.459255337693547347e-04
1.570743964921527501e-05
-1.303571298947169162e-04
-2.626324104434649164e-04
-3.751429160848236883e-04
-4.754840601984931391e-04
-5.599747076704126962e-04
-6.473383014862679318e-04
-7.388988630869647301e-04
-8.557206153709408626e-04
-9.592400695370367032e-04
-1.059717422578390416e-03
-1.203053273397446761e-03
-1.395882397150734590e-03
-1.575498305049395078e-03
-1.751040832467310729e-03
-1.913068148023967623e-03
-2.009691917770580968e-03
-2.058544268643467973e-03
-2.037712316497288997e-03
-1.951873234190250545e-03
-1.812453678843794005e-03
-1.663441519899888426e-03
-1.507152217009683761e-03
-1.301002929867809592e-03
-1.027478356395828719e-03
-7.254534516103190549e-04
-4.341129279924038479e-04
-1.647979221933816368e-04
4.798246530571338887e-05
2.215252893893887587e-04
3.794243219771130534e-04
4.674131656044703143e-04
5.610423061050132847e-04
7.050506177455032226e-04
8.365298464514891140e-04
9.581092846956631602e-04
1.122550772290209367e-03
1.310110555202798630e-03
1.512449998581610541e-03
1.716864493041529932e-03
1.810833595754550917e-03
1.878548578704654359e-03
1.902329176314180616e-03
1.976159398238302046e-03
2.026756556553649304e-03
1.993479560867248302e-03
1.922721073135741235e-03
1.889520660506317611e-03
1.793953492763065852e-03
1.661148940306865452e-03
1.492500375118228050e-03
1.298343454850288056e-03
1.218335043676033571e-03
1.144430827794499497e-03
1.054952737564964676e-03
9.155339156632345300e-04
7.748111258416450799e-04
6.765444185359239691e-04
6.138843957645629193e-04
5.284484670891636182e-04
4.691737380175286837e-04
4.207280217763239498e-04
4.302810879912473950e-04
4.382844045038219245e-04
4.280237783617722573e-04
4.405899592026004514e-04
5.123975671207928661e-04
6.256913197790362011e-04
7.346160929399720178e-04
8.804086398498236826e-04
1.028000945982139461e-03
1.154971532477186338e-03
1.277131025582013864e-03
1.355168122481095272e-03
1.449540748368026650e-03
1.595164824556774899e-03
1.704298178452533924e-03
1.723367313278911231e-03
1.666453075138384044e-03
1.582026694418730900e-03
1.493319198080754603e-03
