1.266412216924650948e-03
1.251378914079545601e-03
1.283541098403056992e-03
8.726426251498940615e-04
6.425779041139644378e-04
5.558994265112279180e-04
6.480934142485323714e-04
-1.587885049170060581e-04
-1.006162776391216407e-03
-1.817380667325543082e-03
-2.101590561422912035e-03
-2.332286248953370326e-03
-1.311185858543121663e-03
-8.668378932438148199e-04
-1.860974648100722714e-04
-3.932220373340434736e-05
-2.867850874264347028e-05
1.034172683685142088e-04
2.618369881680966032e-04
1.270406187522789092e-04
3.064149663141092664e-04
3.952643184064705034e-04
6.548935712680537284e-04
5.567824788039520221e-04
6.046703100820085414e-04
5.121577168537666232e-04
5.397131492133997073e-04
6.790220490064445644e-04
5.568409944435813701e-04
1.536432634452310360e-04
3.734207657257053491e-04
5.717893623821877986e-04
3.946561104871556223e-04
2.837907473000245606e-04
4.393703140434111927e-04
-2.968346168976317709e-04
-2.647831023458084663e-04
-2.854444284369608083e-04
-2.126546342200788124e-05
4.908052813406843387e-04
4.418276734764496811e-04
5.449658431383618733e-04
1.122674962279238868e-03
1.907101777108225014e-03
1.972910571602600350e-03
2.404509357358706415e-03
2.960715386504671198e-03
3.114133796707461987e-03
3.337665504478395332e-03
3.325837091566120462e-03
3.730895810442046937e-03
3.756165379106325003e-03
3.940324168712610112e-03
4.729606492431656130e-03
3.916158064630471426e-03
2.860084652001312466e-03
2.283183388703173208e-03
2.423901687989290978e-03
2.292272861304883464e-03
2.284549393091430368e-03
2.106884404770906303e-03
2.004968127504594324e-03
1.942566225703121728e-03
1.498638073110225826e-03
1.373053803283468986e-03
1.343533797607373214e-03
1.310553025499034199e-03
1.497137835420839225e-03
1.400706933627079770e-03
1.391123066706556697e-03
7.810322938781972483e-04
7.126824334581971423e-04
4.930091857833189409e-04
6.127399769797055263e-04
5.817344167022204561e-04
3.965163417240605303e-04
3.135972883752092774e-04
1.988274157450037978e-04
2.420423537744528862e-04
4.016641143661530311e-04
1.304843781424509385e-04
1.727665761503468383e-04
4.673048487414123127e-04
9.061714888583944066e-04
1.245853672180270103e-03
1.073217571375810388e-03
1.391119894895444546e-03
1.075274742786395954e-03
1.057326996728740484e-03
9.722182581098325060e-04
9.844105582141582898e-04
7.624013933986253152e-04
1.029006225755328772e-03
1.021064853445751265e-03
1.112825702031860608e-03
1.473438777320517290e-03
1.398257584213240040e-03
1.862858063226423234e-03
2.014770123274406237e-03
1.860373334946640970e-03
1.675053566619593391e-03
1.958416301610701408e-03
2.283939850531105202e-03
2.759488876037175572e-03
2.720500211776168912e-03
2.863495720735288914e-03
2.588347367413301996e-03
2.610660622183404080e-03
2.530853426543187498e-03
3.377566720071338742e-03
3.686892893197327072e-03
4.368179189337279174e-03
4.206862198285688664e-03
3.983521563439883575e-03
3.797091399547939273e-03
3.901490111769746749e-03
3.506830246295324256e-03
2.860274872323382688e-03
2.676735879680674189e-03
2.715736434187299674e-03
1.942425223359161906e-03
1.708762499175662782e-03
1.806829424315516130e-03
2.231667128311305703e-03
2.684614441465036933e-03
2.371727122287662325e-03
2.550247768587021562e-03
2.665630730642205588e-03
2.114950578669663826e-03
2.145242337674187118e-03
2.436402983318508488e-03
2.699616321927392898e-03
2.574674220435746799e-03
2.843799407900165620e-03
2.946829468607819417e-03
4.211258680574156768e-03
4.176839433564940793e-03
4.062235613646295214e-03
3.512822917993305583e-03
4.297291422117565686e-03
5.204649604283449228e-03
4.973298069034006071e-03
4.220993869765056125e-03
4.327540889991403003e-03
4.624415789932357149e-03
4.136084780170454223e-03
4.716555972013494746e-03
4.626671129951217924e-03
3.888750331656343727e-03
2.824357734488686447e-03
1.426067165776059376e-03
6.697246267170882872e-04
3.754813150401673937e-04
-2.354631882304125513e-05
8.286266310148981818e-06
5.839009679801680699e-04
8.344641191321222834e-04
3.903844160973650272e-04
1.241859335493795285e-04
-3.471315155677310118e-04
-3.750817677978795649e-04
-2.700843394830093830e-04
-1.577634343144985909e-04
-1.553349781141542330e-04
-3.945552597959324265e-04
-3.782741776744220539e-04
-5.370384052025885951e-04
-9.744230033664093424e-04
-5.881472857652480721e-04
-9.012975288304560023e-04
-1.074101497862115081e-03
-8.046860138420098814e-04
-7.465736120596073652e-04
-5.644447226974117805e-04
-3.504810174645486679e-04
-4.864180851188422221e-04
-8.001920100096484093e-04
-5.077362344233034199e-04
-5.379275194050943485e-04
-4.726155582604357774e-04
-3.947541541674940194e-04
-4.814462482308002386e-04
-7.891776580437799039e-04
-7.990490555460960697e-04
-6.176423361222972653e-04
-4.768788068593594605e-04
-9.058662504945548576e-04
-1.262469308957916113e-03
-1.438428907063126492e-03
-1.764803104782655977e-03
-1.952108475899361727e-03
-1.420035978422883776e-03
-1.192978457975451319e-03
-1.185907171157225479e-03
-1.415716399013091471e-03
-1.949673014910495439e-03
-2.081600214544216450e-03
-1.430294735031946473e-03
-8.161325478739843648e-04
-7.513077940199993764e-04
-5.051361521192740964e-04
-3.478851491322033657e-04
-5.746536431548897534e-04
-7.757317643824275695e-04
-1.009374239808640992e-03
-1.149511896784841678e-03
-9.882010556609853360e-04
-8.052863514642435603e-04
-9.248406719086688012e-04
-6.882416856957914060e-04
-3.815118827728753207e-04
-1.407471649296936674e-04
-1.961523309270864083e-04
-6.280544121622046085e-04
-6.527266245276130670e-04
-6.551742014353918167e-04
-6.891291369345492251e-04
-8.410175867690835184e-04
-6.784398813313098804e-04
-3.114471267287442807e-05
-3.683345133506400466e-04
-3.041644267634984519e-04
-5.534568617411350687e-04
-5.761615619026941347e-04
-6.391541845184280568e-04
-9.304000687407186932e-04
-8.588525230592935870e-04
-6.437798572627240548e-04
-6.892977384871881328e-04
-7.482374584999188167e-04
-4.604338459742136425e-04
-2.901155281340027543e-04
2.796200065785383489e-05
2.257274634875706455e-04
1.813218488778376184e-04
7.253389707908014657e-05
2.012360240972219214e-04
-4.139311864629548090e-05
1.425099289392997776e-04
