1.457957218933959680e-03
-2.715757793846451749e-04
-5.081914663134600059e-03
-1.403394424648318067e-02
-1.614714414443025464e-02
-2.976860107797628732e-02
-4.278320773861712251e-02
-6.150875480613217372e-02
-8.259393908566181608e-02
-9.540838564462439386e-02
-1.095865791950820928e-01
-1.023437786982283604e-01
-1.135996840837592975e-01
-1.174598160713218736e-01
-1.592266555165136321e-01
-1.516351398568779874e-01
-1.402330199624192419e-01
-1.335838037671103484e-01
-1.235765382254687267e-01
-1.076419552080414427e-01
-8.668591528268981827e-02
-6.903500215944617657e-02
-7.597369767204313618e-02
-1.697900126301746526e-01
-1.576181809958811242e-01
-1.474618031073197388e-01
-1.043561291377758105e-01
-1.020401688530599288e-01
-1.118298900974347698e-01
-1.113041390756750043e-01
-1.125608393441780430e-01
-1.123972278833908350e-01
-1.132024664748517290e-01
-1.140736594579414703e-01
-8.806163162042701664e-02
8.112763639695227610e-03
5.365771433621911897e-03
-2.136732370493262066e-03
-5.615801272540522394e-03
-1.310658871247450362e-02
-1.274360037694410863e-02
-1.199939950097964232e-02
-1.265858659081993583e-02
-1.360502634413553701e-02
-1.687497993006460348e-02
-2.377634224946459374e-02
-2.504312569567989852e-02
-5.194327502559567544e-02
-6.364063002448165640e-02
-8.542539712129347540e-02
-1.331820311276454283e-01
-1.712096508417010332e-01
-2.086187335258026521e-01
-3.411036912899529927e-01
-3.794234801608764585e-01
-4.308026065191665754e-01
-5.887999718793615056e-01
-8.234708649589088658e-01
-9.305014385988727987e-01
-1.134368748897133461e+00
-1.591792622239550647e+00
-1.602743438737740833e+00
-1.572989029948456574e+00
-1.552511363791318155e+00
-1.578495924598956934e+00
-1.532405802569365427e+00
-1.567726233181262252e+00
-1.517750882242207666e+00
-1.358549414336698513e+00
-1.118792235372401578e+00
-1.014212718247524236e+00
-7.838935587508527592e-01
-3.140024636070636865e-01
-2.800010034839417461e-01
-2.602393922773366119e-01
-2.469780304991472109e-01
-1.858651622229590128e-01
-9.819051581656944305e-02
-2.202798046103174312e-02
