7.195122080577386895e-16
1.451608520089295155e-14
8.153562436807097133e-13
5.700128378615333051e-15
9.150101310833943244e-14
8.157758745216474258e-10
8.159680964913877386e-13
8.052779895311761509e-13
3.845220992589688826e-10
4.267261898334630234e-10
1.077108676524629663e-10
1.876240498231639348e-08
5.670907697757468593e-10
1.112605357976725789e-07
6.389024243794308856e-08
2.136822755115488219e-11
6.396950488297416246e-11
1.996713235788824932e-09
1.148935016230405816e-10
1.696490387154566464e-11
7.181443138665118968e-12
4.898564928222990608e-13
3.851793205758176948e-11
5.187165554862963818e-11
2.758272194698006839e-15
1.272168206451008987e-17
3.053997656616224942e-19
2.886924902415405895e-16
8.969661924430509028e-16
3.534719119991906027e-15
4.959379784080312338e-20
4.092144566560472401e-21
1.703125429804835528e-17
2.791453659796012853e-19
5.759589719152489719e-20
4.233652914093071766e-20
9.749398090669321697e-21
6.481167527612608728e-18
2.239087601791425316e-15
5.870084432562300734e-13
2.770647146279301138e-09
1.298535194852224518e-12
9.387272382024378991e-14
4.838179405898506552e-13
2.299481760078290543e-14
6.655185289937196136e-13
1.934752409205590228e-12
4.896060821336722413e-15
2.568657084867689892e-11
7.424012968364174739e-09
7.526786938290980888e-11
1.473282753386877216e-11
4.737921776829734950e-11
1.151339362181413486e-10
4.047438467965664771e-11
1.023887392257913334e-07
4.380787767947636607e-03
2.597535078639858182e-08
3.079835421270331639e-08
2.601345075683869812e-10
4.291645089222052898e-13
1.447370021513396599e-16
1.031138200510404322e-14
1.650916876780358779e-18
5.944666192576876790e-18
1.093822681142973858e-17
1.834349836317882198e-19
2.718538488494647829e-23
4.136444907995292694e-30
1.604482801148599362e-55
-5.883486889645343171e-46
-1.155703284349899691e-35
-2.853325209966147137e-51
-3.665054493630265018e-45
-6.382066152082126848e-28
-1.618354465166041694e-24
-9.745065953250919449e-13
-9.166901283990546044e-19
-9.424049112912869236e-19
-2.436353312153535479e-14
-7.515195523523993302e-14
-8.840792636693024772e-13
-7.434155169101093957e-15
-6.306529423934495505e-12
-2.594271126932857248e-06
-1.206989773878181703e-09
-1.059455193664212352e-08
-8.940750710509049273e-14
-1.239980467479008919e-12
-6.264282635586002513e-10
-9.462340086574244736e-10
-1.739021875505040744e-09
-5.224245466171719318e-10
-8.021593670557856997e-13
-4.835901338911279628e-18
-1.193469105889690945e-16
-5.710610903400140251e-22
-3.188436203058437732e-19
-3.026573242468226780e-23
-2.471479818494702544e-19
-2.319082985434284136e-29
-2.128847908557205630e-24
-2.941575338753446312e-35
-3.208524818897694231e-31
-3.963058323967221829e-25
-4.132733887440116325e-25
-1.688645997999407094e-28
-3.053389238677633584e-27
-8.025308263087885287e-37
-2.473980511521852037e-26
-4.062110138064043063e-29
-2.073668572488979146e-30
-1.334064709517611148e-21
-5.280826806158034870e-24
-7.063427391793819933e-23
