1.011600798791540030e-02
1.143811214932525730e-02
1.723366889366586760e-02
1.356269519347340011e-02
1.101776913831377727e-02
9.532488508815139747e-03
8.458439701666530322e-03
6.608085543955924228e-03
2.431981882884430221e-03
2.289930685009205959e-03
2.403588890733972163e-03
2.000226784612014596e-03
1.467432881652761282e-03
1.694446234568499450e-03
1.600490518200763969e-03
1.475951156297106636e-03
1.380529765625517977e-03
2.895366790312927860e-03
3.265448914741904407e-03
2.768879522166240500e-03
2.334312147160847156e-03
1.639523213136535700e-03
1.463324661355134074e-03
3.029021283723938997e-04
7.215976960498609065e-04
7.616953450391550752e-04
6.444043440775111715e-04
1.491123025045959028e-03
1.998127275304978617e-03
1.739139690945060721e-03
1.062088803522331882e-03
1.273373764439506006e-03
1.383324003981935236e-03
1.276941810744919520e-03
1.084817026554333241e-03
1.320597562655939161e-03
1.292233565617489748e-03
1.936768640835201047e-03
1.947068062487581448e-03
2.936348413624071275e-03
3.583886092901970941e-03
3.416779449409526950e-03
5.450062874038236194e-03
4.614108906635536189e-03
4.654677964061739587e-03
3.664567605184145069e-03
3.149200954373690322e-03
3.826994953821546714e-03
2.122024727820925882e-02
3.330345711246266577e-02
6.173147496579125398e-02
6.395374863221794937e-02
5.949803277012344349e-02
5.306443469448796080e-02
4.560805074583628577e-02
4.047549254323775519e-02
1.273291824870346513e-02
1.070739859258844524e-02
1.662796002317493485e-02
2.300823486292323874e-02
1.149220581354919689e-02
4.831817570125985888e-03
4.399985096534607919e-03
3.814451768824392991e-03
1.742461325586576633e-03
1.046042518897307783e-03
5.276213094911907410e-04
2.654403385115462473e-04
-4.291255430825292871e-05
1.871643862656652854e-04
3.972021215408666549e-04
5.182185125154151759e-04
2.297780569680393705e-04
-4.033022702743622664e-05
1.213436223492660144e-04
1.633184965210207477e-04
-1.052778637774368672e-05
-9.396239628503418549e-05
1.891658803302878698e-04
4.360565752909927278e-04
-5.193527410155318510e-05
-2.032365179959680357e-04
-8.292683724141361803e-04
-8.840409394049217979e-04
-9.133458179050308982e-04
-8.411204845370478514e-04
-6.369722046728839735e-04
-3.472494393225644877e-04
4.136436603384619133e-04
4.105986867000019033e-04
6.454321882255485742e-04
5.681695546194760922e-04
6.848414354752705878e-04
3.417247715471734369e-04
3.763231093753874584e-04
3.780867253880824171e-04
1.901007123402418460e-04
4.749517435762591459e-04
4.466340679748800717e-04
2.973429844211092615e-03
3.027907541036395627e-03
3.110140269805846455e-03
3.058898847733262927e-03
2.971800606374641607e-03
2.972461264077734967e-03
5.897914042071857261e-04
5.397078272233118241e-04
4.589335084441562625e-04
3.712035981662234929e-04
1.938573372982412555e-04
1.044350342325469581e-04
3.339370490330921190e-04
2.093370115993545657e-04
1.915556022881042284e-04
2.720249304642177149e-04
2.696503630310496881e-04
4.183284846106286817e-04
2.711759607881565723e-04
5.682769530354470468e-04
7.153952204032080174e-04
4.813688489651313522e-04
2.479233796275227136e-04
2.667585782161674608e-04
2.441112952607048638e-04
3.978186787314059227e-05
-1.335488962188354075e-04
3.157668863112838854e-05
2.607029958924524603e-04
1.066091749731843877e-04
1.298548368891618053e-04
9.992280357907655421e-05
1.307926269028783408e-04
2.316773222227956847e-04
2.451389088852027730e-04
2.532629136162140699e-04
3.143366410720914287e-04
4.909232365801241863e-04
5.748303403434279436e-04
4.847100088517460634e-04
4.781423023859957770e-04
6.853814588756732343e-04
5.612524668602979650e-04
4.007447115983024427e-04
4.572329867182811538e-04
5.393858477958948750e-04
4.716374986193954040e-04
1.309021484677123362e-03
1.322680014522935278e-03
1.412087774799529244e-03
1.276195159886300314e-03
9.811459568899131168e-04
4.451990409099050930e-04
-7.341907259893406005e-04
-1.969985673994813138e-03
-2.427108489103551800e-03
-2.424967234199212635e-03
-1.929053837209709779e-03
-1.412140609040236959e-03
-1.196560027823084056e-03
-8.384920285146680110e-05
-3.144420534057365803e-06
-1.066337962377724189e-04
-4.023617172395643499e-04
2.989098029919861439e-04
3.061194266481363497e-04
2.436083095675706635e-04
4.886636215609826625e-04
-5.510062000757947340e-04
-5.035671041013085316e-04
-1.226019583289440253e-03
-1.366751580902514926e-03
-1.289233040254332075e-03
-1.253494203227110883e-03
-4.068028749417970723e-04
-3.654815819819393855e-04
-3.350243879314948798e-04
-4.016261925886409237e-04
-3.603126974791148306e-04
-3.683632791334787789e-04
-1.166986233685695181e-04
-2.230008122854617930e-04
-2.440961493893243316e-04
-2.331517161516783148e-04
-3.827275408544703918e-04
-4.900570476838398554e-04
-4.787048234268852058e-04
-7.077119714050489297e-04
-1.866653761519921143e-03
-2.096441366344535106e-03
-2.136303645419111805e-03
-4.738869210395699715e-03
-4.957069608250441912e-03
-4.705410539581056199e-03
-3.668457966873484022e-03
-3.407580726227767923e-03
-3.858259622024158477e-03
-1.566330805938086559e-03
-1.393332768130674248e-03
-1.397967773851726582e-03
-1.289164254442055511e-03
-1.274118254782503987e-03
-6.367045907538723421e-04
-2.923006590840364284e-04
-4.126914669329790676e-04
-6.437119012424528898e-04
-1.443913778650840430e-03
-1.769974686008046055e-03
-1.798410634658434816e-03
-1.846690387554919587e-03
-1.618652644103373223e-03
-1.350448915959346101e-03
-5.108463497729558460e-04
-7.190208152987492319e-05
-7.289506509776790075e-05
2.869405133113198892e-05
-3.591532051831802693e-05
-3.541570076577630455e-05
-1.192451552240316273e-04
-2.964317736371834444e-04
-2.135199506908791423e-04
-2.866258123339547018e-04
-2.559096324320848026e-04
-2.732183888872553911e-04
-3.325144061711733635e-04
-2.325573721253807651e-04
-4.431916592337008915e-04
-4.354262763170224193e-04
-4.437249759472829450e-04
-4.166547564488261844e-04
-3.034777721465493580e-04
-2.724831758959083122e-04
-1.530455892134017658e-04
-1.466411652747116488e-05
1.822602413651910579e-05
-3.154066285817707900e-05
-7.903969128748827139e-05
-1.497219643682484095e-04
-2.120761036895374863e-04
-3.101524945189696185e-04
