beta2
5.203747873669764025e-03
5.472643842863710376e-03
5.843451866596984651e-03
6.116849063561032029e-03
6.526067670312325590e-03
6.601310873534754070e-03
6.253912450569969715e-03
6.356036872642563049e-03
6.731693188440615941e-03
7.057650718375009166e-03
6.380235879231810348e-03
6.324544264806605115e-03
5.970042337659516724e-03
5.591611827272979091e-03
6.050900634465908312e-03
7.266394754452903601e-03
7.931701958365589347e-03
8.799093165782166659e-03
8.758520389094172354e-03
8.980689360215191042e-03
9.138774637008182863e-03
8.371423313767074187e-03
8.874451001002368541e-03
9.203607680916218309e-03
9.573723026249827961e-03
9.357460397472188579e-03
9.511659258663297811e-03
9.348937939496558547e-03
9.492203470857413228e-03
9.962059544308003722e-03
1.075943883606411688e-02
1.014527322432754244e-02
9.173167776508228677e-03
9.431717485000688100e-03
1.003818929339076946e-02
1.024715429823694693e-02
1.023632229859991645e-02
9.890019731080421789e-03
8.483628497672439719e-03
7.416668558152716278e-03
6.659196602325492473e-03
6.631525435704098762e-03
6.996569623111834058e-03
7.984888529190711098e-03
8.416062158920132458e-03
8.253838835651916908e-03
8.290538090286713943e-03
7.701192317451201544e-03
7.771389040558249542e-03
7.881204141743983899e-03
8.889809097466713772e-03
1.010032459733187574e-02
1.110181440650694421e-02
1.235935356748679020e-02
1.374819727581856783e-02
1.427119422883898169e-02
1.445060984083234093e-02
1.424020567131294851e-02
1.416760586991420642e-02
1.419756792832888373e-02
1.460861650215269578e-02
1.512468851736232037e-02
1.445974435817698814e-02
1.330988080046777329e-02
1.211258034133034719e-02
1.107920282299769583e-02
9.726584736318939772e-03
9.989275331063675323e-03
9.955630261945283208e-03
9.530058456277966036e-03
8.570356947790975372e-03
8.150525253346769389e-03
8.217302112007825871e-03
8.166557967140733454e-03
7.299632721623627515e-03
6.465771633985572739e-03
5.494569690338969511e-03
6.105598236928557777e-03
6.280416840188150426e-03
6.588775252548809830e-03
6.885111472017004658e-03
6.674432071281099187e-03
beta3
1.443416540773116057e-04
1.737653817481227920e-04
2.794469443338985478e-04
3.054593757245269072e-04
4.306511824083501371e-04
4.394320787092124503e-04
3.444250077381316244e-04
3.615537306796667003e-04
3.586244455510814223e-04
3.970536775084965381e-04
6.230030996270449067e-04
5.690270326514554854e-04
5.469315698913138936e-04
6.494147764737100495e-04
8.575970253269498290e-04
8.394506527313828816e-04
8.631514970511922416e-04
8.476897071929881920e-04
9.896944965928156437e-04
1.160731572619783970e-03
1.446715523534014645e-03
1.738185775472708347e-03
1.167514933377206176e-03
1.048717793729079650e-03
8.034707327659683764e-04
6.685099168585466236e-04
5.543004368839386147e-04
4.142170576343939294e-04
4.040847778163356749e-04
3.637646627927636342e-04
3.398336338787649041e-04
2.959008756473725734e-04
2.742425301870181570e-04
1.829228422622721016e-04
1.321051463051662884e-04
1.146841884145471903e-04
7.483317278667557201e-05
3.656599994734852880e-05
3.203825300351128289e-05
2.924698578396115145e-05
2.530155941446111169e-05
2.067719000927555810e-05
1.383907927580262860e-05
1.542896464151304612e-05
2.990299399849463111e-05
6.529593884079456655e-05
1.341581945207222010e-04
1.539675660482927363e-04
1.953279870023237521e-04
2.386100174821570463e-04
1.976910679289549161e-04
1.696615218626133315e-04
1.709256849633482419e-04
1.441790927260986396e-04
1.675017967411983745e-04
1.756822426147060516e-04
1.847025298974913046e-04
1.665352145233855909e-04
1.775125195419562812e-04
1.686587006590330412e-04
1.912092351263515130e-04
2.257915378409128455e-04
2.832721335694753529e-04
3.839884566745872894e-04
4.145407463794431395e-04
4.622515920433155259e-04
5.471847757503181878e-04
4.915561999336204215e-04
4.507623001142965378e-04
3.572713390747174022e-04
2.802921030358908197e-04
4.438701663168663296e-04
4.884814227720029808e-04
5.401494110103320732e-04
5.462081858099768466e-04
5.080485394354248077e-04
5.759529049967943189e-04
4.936409366699185449e-04
3.619085680038744359e-04
3.091599648148646512e-04
2.490282774729589855e-04
2.080889950211715401e-04
beta4
-8.668186651803624562e-03
-1.098077072835321709e-02
-1.193595518553111981e-02
-1.210752510878050983e-02
-1.324054608902351833e-02
-1.010467700542662210e-02
-5.231628632143266872e-03
-2.378125492876939813e-03
-7.179381722768188919e-04
-3.109847680499565770e-04
-1.359992779479309304e-04
-1.002055481655407711e-04
-6.948065126384784132e-07
-9.855223486062984483e-07
-3.977697521962350737e-05
-3.136287360221990121e-04
-4.229051449802563741e-04
-5.551733835765063378e-04
-6.338107309223712984e-04
-9.188115027129949933e-04
-1.513748744754006819e-03
-1.321863891272731344e-03
-4.240783172110531478e-04
-3.653940180094433342e-04
-7.592539441132423270e-04
-8.081312923328670249e-04
-7.451273870480717033e-04
-8.319784713105853220e-04
-1.482118716472249735e-03
-2.572320761026169501e-03
-4.187382507132889412e-03
-4.877987888158503635e-03
-4.941930967679797164e-03
-7.463369244902903592e-03
-1.111255764045397665e-02
-1.325659280805298323e-02
-1.487096901330989263e-02
-1.587823937180481149e-02
-1.048117638575949209e-02
-5.670845000465156438e-03
-2.761989961844528788e-03
-2.409296333841361680e-03
-2.439929603353045880e-03
-1.576605008229201629e-03
-2.086257208226184340e-03
-1.646597664721147561e-03
-2.422747943525593861e-03
-2.111548044400001888e-03
-2.020794182944012606e-03
-3.283106717341542982e-03
-1.685649487514639120e-03
-1.384414880345559082e-03
-1.216838546605828776e-03
-9.682264965306082785e-04
-1.639755579323489039e-03
-2.108897060683454557e-03
-2.903114710172050115e-03
-2.786255402150228117e-03
-3.541546062547340154e-03
-3.032100876291834481e-03
-3.870534892860448030e-03
-4.927642060345105088e-03
-4.501775748882394859e-03
-4.139100116802159682e-03
-5.334994852983322017e-03
-6.766020820250341801e-03
-4.143262921954799817e-03
-5.666663206188507843e-03
-6.704622782531418496e-03
-4.580536896119171558e-03
-3.686301055160797705e-03
-2.098725938581588388e-03
-3.782898874640736389e-03
-3.069536886379495289e-03
-3.407972443630134796e-03
-3.799689490270998903e-03
-3.090975937886822171e-03
-4.056036255898482802e-03
-5.620518072020882876e-03
-6.013379093748181213e-03
-6.944532406544323168e-03
-5.949966736500731171e-03
beta5
1.623616377125157689e-05
2.656049615767079884e-05
3.382892856668225738e-06
2.547085151280145730e-07
-1.646327178207433637e-06
-5.131991457241860500e-07
-2.880659418909968734e-07
-1.449605582085327118e-06
1.858337388473722079e-09
-2.930927802064953049e-06
-4.905387449293049866e-07
-2.103605309725173869e-07
-5.212084476670879370e-06
-7.803897758506271235e-06
-2.830125163898512017e-05
-3.167092318146729516e-07
5.941858468107413783e-05
1.793227064790802491e-04
2.474770609455679443e-04
3.423822387071623428e-04
3.948984967906135016e-04
4.592596767347084750e-04
5.970673630810118242e-04
5.509268675973451801e-04
5.407896430801619999e-04
5.734508672321007817e-04
6.697081809173132273e-04
6.481192981099052029e-04
6.265729069116669032e-04
8.701222738982751287e-04
1.074593739028190846e-03
1.406014796580529105e-03
1.925823151188515384e-03
2.008919146153306107e-03
2.234344417005624129e-03
2.069311647826723582e-03
1.842251007750251874e-03
1.662904341596320879e-03
1.847474396697917562e-03
1.620768253817929209e-03
1.804082312842344516e-03
2.350518411095474727e-03
2.951906162963717842e-03
2.512703938288541293e-03
3.313946998468261969e-03
3.766598024425958126e-03
4.616394631027465750e-03
4.539892913950968958e-03
4.475790637583302450e-03
5.006730167797651676e-03
4.457115007483374372e-03
4.354141667118855558e-03
4.044966090069188752e-03
4.108765928269364487e-03
4.309378604542436070e-03
3.664259940588701983e-03
3.248628850695642768e-03
2.124268831950847959e-03
9.257062636827042418e-04
4.091714096682809096e-04
-1.718564126242928987e-03
-4.133500495367318367e-03
-5.471837384182165476e-03
-6.174859370843529052e-03
-7.579929274068003542e-03
-9.273619106045141725e-03
-8.645659999218145708e-03
-1.117824424412931436e-02
-1.283415811430321102e-02
-1.241429490116256057e-02
-1.035851805590316463e-02
-8.899270976949046758e-03
-1.031385137802510142e-02
-8.993311079706592381e-03
-7.515326827769924778e-03
-6.267750007031816853e-03
-4.424644222651420017e-03
-4.879206192038652856e-03
-5.120547287891270317e-03
-5.142737621292818063e-03
-5.149425626879674048e-03
-4.663458725098331738e-03
