-6.226335050556047572e-03
-7.266735988381203132e-03
-9.581404342563708265e-03
-1.267688173655539749e-02
-1.392004111235803365e-02
-1.342345268865010287e-02
-1.339687223733232457e-02
-1.265977175443593061e-02
-1.109689560654354180e-02
-8.669719062997143302e-03
-6.627191319361600691e-03
-8.051975041656680987e-03
-1.754406995632712060e-02
-2.501230240480676811e-02
-2.417318596262657202e-02
-2.312783084957621346e-02
-2.201701652136759876e-02
-1.891321357957384888e-02
-8.388590554486556952e-03
-2.512979989579011979e-04
1.128334475177222699e-04
4.828484761290421402e-04
7.220363339982247041e-04
1.514848720331529730e-03
1.819306659714783371e-03
1.416831938541951094e-03
1.108160503140913876e-03
9.647416675977694631e-04
3.897546283492201173e-04
-2.439868277642095985e-04
-5.816654693935113460e-04
-4.904855383819063620e-04
-5.079799204088147934e-04
-3.647420302897586421e-04
5.780792111816141805e-05
8.532524437523990660e-05
6.089725077834568396e-05
3.767378538054980716e-04
-1.989004503025097270e-04
-5.327843452005603161e-04
-6.587357701570862450e-03
-1.398335910145202636e-02
-1.391285114363312835e-02
-1.367023405606423471e-02
-1.394918775744841653e-02
-1.373414658804955439e-02
-7.695227896149865916e-03
-2.835902793356331972e-03
-2.986289439841286267e-02
-1.061005766629758290e-01
-1.440456872260459653e-01
-1.440554542609766286e-01
-1.438273268621138579e-01
-1.410722927091225543e-01
-1.141769925762043253e-01
-3.844074425017260377e-02
6.985933180591689929e-05
-1.309933984918103343e-04
-1.154474922978347782e-03
-2.001292628338424695e-03
-2.590198231942602864e-03
-2.649754870631899299e-03
-2.632906981742140235e-03
-2.672856383341965306e-03
-2.025241320997628758e-03
-1.436700381316173688e-03
-1.001347665849774060e-03
-6.717372159100536665e-04
-3.857117516175323263e-04
-2.104008500345658662e-04
-9.265284731093680103e-04
-1.033164727364111260e-03
-1.044248289062201050e-03
-1.413622442008865285e-03
-2.685023681812998778e-03
-4.595101251751392175e-03
-5.325391327913883179e-03
-6.291284250094782843e-03
-8.551548873554306110e-03
-8.889588182297973942e-03
-7.828735181504512669e-03
-6.704720576198986044e-03
-7.421141013768881890e-03
-7.486071219296290720e-03
-7.711827906609417839e-03
-1.206620631929583749e-02
-1.372456786421661669e-02
-1.301488595627923149e-02
-1.083571553623675042e-02
-9.713045665269455856e-03
-7.042041597038382894e-03
-2.060142118747281589e-03
-2.317455543510351867e-05
-2.255747091841492369e-04
-4.614128426703369579e-04
