1.261580216975789108e-03
1.791820326969562494e-03
1.204240927162179581e-03
1.223861276024053573e-03
8.095655059550002728e-04
9.977725348496409904e-04
8.968384323133683257e-04
2.225181568643592404e-03
2.235981275157721427e-03
1.975512494645650843e-03
1.991811205642370769e-03
1.838064957291419025e-03
1.155515104868645422e-03
-5.810486547559366678e-04
-1.572060851282572986e-03
-1.242586475264218339e-03
-1.218225327334535859e-03
-9.149081242790974055e-04
-3.315950959210401121e-04
-2.974648529705543735e-04
9.153162057675853737e-04
5.824795843409621239e-04
7.984463464378942872e-04
2.017552676074146033e-04
4.267299219880621095e-04
6.509967512163658456e-04
1.355420796435252359e-03
1.640582989448908027e-03
2.264763702087641429e-03
2.695388651889641610e-03
3.338565890579219247e-03
1.793225186166462828e-02
1.751421937287555436e-02
1.740814041766869033e-02
1.726616934807846324e-02
1.710931127426203527e-02
1.641387571503228823e-02
1.655474842824103746e-02
1.617156054692072201e-02
1.624339497043198258e-02
1.594600213158260671e-02
1.631751113761306313e-02
1.623835755623726992e-02
1.427982472990051155e-03
1.594883443102735774e-03
1.686579803365219517e-03
1.616889213149923753e-03
1.362188800369310395e-03
1.506976626729939796e-02
1.527870455971492604e-02
1.576817442562911467e-02
1.575136680891148916e-02
1.563233842269150242e-02
1.551794919260576951e-02
2.380902786946158256e-03
6.044428480555121865e-03
5.001576547443369047e-03
4.677289204820419578e-03
4.540421117568597432e-03
4.409161935442748419e-03
3.733095314778702312e-03
1.199543206247052630e-04
6.959298808132807898e-04
7.397373518279312318e-04
8.401351981925835391e-04
8.235556285813621031e-04
1.198915411797885555e-03
6.571996117727374161e-04
2.141877878979062209e-04
2.005275103298781957e-04
1.394964406023470815e-04
4.367920145136088900e-05
-6.036256515144340857e-04
-8.558888750511316678e-04
-7.280497221244255045e-04
-7.103089607331795246e-04
-1.160576447988968156e-03
-1.169494282822907977e-03
-9.060279667223599363e-04
-4.374568323960888183e-04
-6.876610230832723826e-04
-8.500385357006276380e-04
-1.267835384940444463e-03
-1.244514859599436286e-03
-1.227701466168256653e-03
-1.337097266421992522e-03
-1.173664998039978180e-03
-9.949382345819696334e-04
-1.559194660785331312e-04
-2.830711165974413653e-04
-1.115311302671522761e-04
-2.920177493507206275e-04
-2.434044699884015117e-04
-2.026435166646497479e-04
-4.841912852853043586e-04
-8.963319143581960314e-04
-1.180123436364806204e-03
-1.033484069272331890e-03
-1.252502635141146230e-03
-1.480519023747615438e-03
-1.570973719659418026e-03
-1.094393280497585157e-03
-1.221784098226048020e-03
-1.177945635833084438e-03
-1.266024183065298523e-03
-1.281252912541000098e-03
-1.072986668991120912e-03
-1.366329838853351042e-03
-1.172840325704756215e-03
-1.234069407565682340e-03
-1.091200270983781057e-03
-9.272032347805497440e-04
-1.196525049359328623e-03
-8.528495831118306642e-04
-7.380872097443993756e-04
-7.076877703118427711e-04
-5.608107422853529948e-04
-5.597481931163987351e-04
-1.536622552469515523e-04
-1.353663583276019022e-04
-3.716662874624800778e-04
-4.565547212232300839e-04
-5.882688407749369491e-04
-7.792691397418608466e-04
-1.036794007023455338e-03
-1.177521671217677743e-03
