-8.733323224864290857e-02
-7.537016072558530566e-02
-6.613724693505051988e-02
-5.497140803306343332e-02
-5.621915391550902363e-02
-5.836044580679247695e-02
-6.109403643624173458e-02
-7.682586131755536618e-02
-8.778436348174271930e-02
-1.178985876972862418e-01
-1.216368771387675435e-01
-1.139779723447876397e-01
-9.522626144569384943e-02
-7.949774747593237045e-02
-6.924240896790824495e-02
-4.388986923774539778e-02
-3.975625816855100220e-02
-4.047829249805817015e-02
-9.000399418557018805e-02
-1.295225614639324840e-01
-1.724742294921366437e-01
-2.161784439062456598e-01
-2.629612333156287618e-01
-3.504078344628903108e-01
-3.895584826712790161e-01
-4.185849238619784862e-01
-4.435264626083697537e-01
-4.381369468261269717e-01
-4.409249011973544463e-01
-4.021955218129931731e-01
-3.682863981478805004e-01
-3.539419924736093015e-01
-3.492866865404463117e-01
-3.589915001293463859e-01
-3.888201960174177962e-01
-4.283358260733054479e-01
-5.265009366817451353e-01
-5.787387244507312678e-01
-6.161991651389476798e-01
-7.132367926327907171e-01
-7.977119257430764776e-01
-8.758420504779301785e-01
-9.499728629552687265e-01
-1.117972009346310136e+00
-1.103922712393017314e+00
-1.037080832600642433e+00
-8.850242671109521675e-01
-7.393826154088433134e-01
-5.376951982163576949e-01
-2.911930121987543751e-01
-2.264499039416609794e-01
-1.584675599549439373e-01
-1.504005179123062697e-01
-1.432657385999964450e-01
-1.351176948516114584e-01
-1.108830982250929575e-01
-9.641010910500147357e-02
-9.694744592657701665e-02
-1.015315681654526125e-01
-1.048230971372142301e-01
-1.111743682597895883e-01
-1.208720487492735557e-01
-1.369843508599320470e-01
-1.496685264201036702e-01
-1.538740441824227312e-01
-1.572022833095984284e-01
-1.588563084448301188e-01
-1.747054382786931981e-01
-1.698279236682119497e-01
-1.672109914722662294e-01
-1.742229545647345501e-01
-1.715126038073064851e-01
-1.624591991274652036e-01
-1.400946114479309501e-01
-1.398714871749532351e-01
-1.238919807598760081e-01
-1.122612584942854763e-01
-1.333265260698184018e-01
-1.294017584136794574e-01
-1.301051294516099022e-01
-1.217909130008867497e-01
-1.452263051936437399e-01
-1.614976072689622011e-01
-1.658261471609048521e-01
-1.752367875749362425e-01
-1.886328522704797950e-01
-1.864789709792959160e-01
-1.578123314529627230e-01
-1.475395580857653821e-01
-1.120091102415733814e-01
-1.031483589827768971e-01
-8.440395104823066041e-02
-8.534524953700663163e-02
-9.183359631620291452e-02
-8.162076000237016016e-02
-8.522098619359587401e-02
-8.452540645544297238e-02
-8.570636390393276960e-02
-8.326005891217735932e-02
-8.891325198630611881e-02
-1.007919757485306045e-01
-1.092001443143864048e-01
-1.198666555031388109e-01
-1.376430810250830750e-01
-1.430981219352110423e-01
-1.547582845712295596e-01
-1.716064377369589666e-01
-1.991451078527011198e-01
-2.195438971588856425e-01
-2.365945560106820500e-01
-2.510184784460561813e-01
-2.504045556204810841e-01
-2.421543986315185804e-01
-2.303202937523798066e-01
-2.274082712372102744e-01
-2.102187748406291190e-01
-2.343846745929574205e-01
-2.727929211437362111e-01
-3.157329526511533646e-01
-3.647027492045478714e-01
-4.145577108446300563e-01
-4.814519578502160502e-01
-5.147651428075857849e-01
-5.680815256296291027e-01
-6.490998843108349847e-01
-6.982521112444679545e-01
-7.684518645683083848e-01
-8.290351700892348852e-01
-8.838769354817275214e-01
-9.155282683259958754e-01
-9.550065822348922095e-01
-1.092773859719313956e+00
-1.141367191446662543e+00
-1.175391895583478341e+00
-1.087226475991301289e+00
-1.011395382321894187e+00
-8.907296504288207961e-01
-7.284772721320025290e-01
-6.231250143974110811e-01
-5.943447799962076061e-01
-6.830571274563769224e-01
-7.202693140952534101e-01
-7.374365805586043932e-01
-7.133387612430462932e-01
-7.074986630576226565e-01
-6.152781523420318699e-01
-5.784695932738252999e-01
-5.171982305320846907e-01
-6.420119311989725963e-01
-7.156340526989359851e-01
-8.767869258520208930e-01
-1.022638444804399249e+00
-1.112023596492584643e+00
-1.255071035858327688e+00
-1.319579600042871448e+00
-1.399735465372807353e+00
-1.392799596467360068e+00
-1.360139759341015830e+00
-1.271461058649969500e+00
-1.126852177491034501e+00
-9.657401610378085755e-01
-9.600473786060463866e-01
-1.188716640503982847e+00
-1.486966193652367041e+00
-1.885464859021893202e+00
-2.321322027092732387e+00
-2.778596061256102256e+00
-3.156254565895124653e+00
-2.731590662330108277e+00
-2.322978453868403736e+00
-1.845520791943906280e+00
-1.402918469223187081e+00
-8.749586926294355971e-01
-3.101273721867003896e-01
-2.899202395053461778e-01
-2.438161399551345976e-01
-2.339618554569308506e-01
-2.199556509289958550e-01
-2.190748803619197160e-01
-1.792282219172635083e-01
-1.590551250489980195e-01
-1.446663117999316406e-01
-1.392198917707135886e-01
-1.230192829472227106e-01
-8.910122444461493485e-02
-9.844700483781311517e-02
-1.007673271561944500e-01
-1.056412683250669282e-01
-1.105508825054729027e-01
-1.249306107417313266e-01
-1.420674309537045266e-01
-1.622310725064845804e-01
-1.997675038605528364e-01
-2.142874187126870000e-01
-2.368244935577119847e-01
-2.437120312050869153e-01
-2.693163023090903718e-01
-2.811633920722432789e-01
-3.017028257964390892e-01
-3.525017586095397504e-01
-3.597908956094991173e-01
-3.871657108808455039e-01
-4.286562191858480642e-01
-3.620384255046509292e-01
-3.014180166290101326e-01
-2.328899010415239890e-01
-1.909988297880071129e-01
-1.497371597173226265e-01
-7.341109659663987153e-02
-1.126488884015487829e-01
-1.159139333872188371e-01
-1.159608982320011888e-01
-1.232640438756493206e-01
-1.186642430817013566e-01
-9.787785156544266674e-02
-7.499484373097832501e-02
-5.758087326175789777e-02
-3.972904402437885119e-02
-2.279826368296444805e-02
-5.182993637951331840e-03
-3.318097275437247116e-03
-7.442294596099627464e-03
-1.373454508962809219e-02
-2.156014987345690123e-02
-2.439600183830752458e-02
-2.599097536778498252e-02
-3.008716603220380412e-02
-2.981008139668468726e-02
-2.433781683432654705e-02
-1.832276580682942746e-02
-1.446890626773516229e-02
-1.133430291822073305e-02
-5.441898620488654081e-03
