-1.318471434998180584e-03
-1.565223422271346931e-03
-1.964497311739848723e-03
-2.715912825182437585e-03
-2.781079827348222587e-03
-2.770452118190312642e-03
-2.555157046931243355e-03
-2.390449007773843854e-03
-2.302381194004800118e-03
-2.087498135089523900e-03
-1.875883406768480508e-03
-1.655989675001115838e-03
-1.512312046684452559e-03
-1.354744708888224770e-03
-1.187190975217103112e-03
-8.335630668350775671e-04
-6.459030925152813235e-04
-4.740220320690574749e-04
-4.256434345823927132e-04
-3.986559018694980114e-04
-3.501202375304683190e-04
-4.337161553029872190e-04
-4.921348531804150715e-04
-6.420943206778571615e-04
-7.324255882896173056e-04
-8.189827152033025059e-04
-8.039333918553056386e-04
-7.979464568414490087e-04
-7.507984619151315819e-04
-7.581242306377212635e-04
-7.520020611991749468e-04
-7.244123274015786288e-04
-6.919535429508174781e-04
-6.404080049112331752e-04
-6.379548542930211282e-04
-7.120880962879547584e-04
-7.025827277015523264e-04
-5.921026008940420476e-04
-5.257308786237170455e-04
-4.008158297645399051e-04
-3.054212468547206401e-04
-1.149573375124910362e-04
1.337702201803428589e-04
4.087167209262021397e-04
8.193844220371263162e-04
1.397565537219733678e-03
2.002313192114161308e-03
2.895905069127848678e-03
3.686060634990004706e-03
4.234839071054825009e-03
4.687766058732810610e-03
5.071445959411042745e-03
5.393274918415159012e-03
5.711669531950509630e-03
6.027936855744077393e-03
6.574920943020475667e-03
6.480234872345149756e-03
6.113934856031136289e-03
5.720538057458646186e-03
5.109675750481271900e-03
4.449557727444831620e-03
3.907494893617006852e-03
3.479567359498755234e-03
3.004756304752769381e-03
2.571677116446231207e-03
2.101563632175092958e-03
1.677352451497681916e-03
8.818360394405944450e-04
5.922346049746998612e-04
3.528728182137817813e-04
6.735706810067803630e-05
-1.850745798073336523e-04
-3.441420910395968404e-04
-4.290186339726692610e-04
-5.294317291936356156e-04
-5.932278280395677844e-04
-6.796124957905111960e-04
-7.579132129977611716e-04
-9.418208035774929638e-04
-9.657032471799149300e-04
-1.023237669054327323e-03
-1.048847664553554217e-03
-1.031571724523732249e-03
-9.656936831470365511e-04
-9.438851183996601864e-04
-9.632502727597464518e-04
-9.834910001639779551e-04
-9.665684054311510058e-04
-9.313812540104426767e-04
-9.330481718618492031e-04
-9.003113960631024468e-04
-9.730219231980015730e-04
-9.216014368693187979e-04
-8.664134464284395853e-04
-8.414089785414805706e-04
-8.210629678576298772e-04
-7.388441153732735458e-04
-6.106205430165115083e-04
-4.439761626649723725e-04
-2.611228147915800428e-04
-3.266871798551038711e-05
1.851516228743882062e-04
3.272903021900856638e-04
5.785006767637233165e-04
7.778128667734854644e-04
9.270070460343369156e-04
1.171951596095449329e-03
1.384351393047198765e-03
1.507374721865666544e-03
1.605578837368756883e-03
1.671020279458982271e-03
1.754344765367617286e-03
1.800145081921344231e-03
1.849627087599346352e-03
1.976320821553189788e-03
2.049198203608404347e-03
2.068351349796459116e-03
2.233678941890158542e-03
2.334996463583249686e-03
2.414015307776256562e-03
2.494221053760019031e-03
2.564575491661322693e-03
2.644387940931078058e-03
2.737898477965192926e-03
2.851445293784155618e-03
2.881888857227395823e-03
2.868801420351806131e-03
2.878460302048170549e-03
2.942581738046224065e-03
3.001108398315241194e-03
3.027885527770980256e-03
3.270478634500425131e-03
3.375661836199023505e-03
3.454124199680427831e-03
3.491016803254096915e-03
3.553609234844854609e-03
3.598191511032676395e-03
3.747159236794422952e-03
3.777399067356125312e-03
3.789535424693839250e-03
3.681904233473578310e-03
3.476515146550894584e-03
3.263985948508271989e-03
2.839529163741452613e-03
2.552655333319261109e-03
2.229650347439691722e-03
2.034531335795843401e-03
1.757336141741776920e-03
1.466547971294972523e-03
1.135754674788733674e-03
8.816427039624289037e-04
6.154578424334462708e-04
4.074474239211162726e-04
1.952927574235830408e-04
-2.731268993541401515e-05
-1.138930960819640694e-04
-1.642233194314262051e-04
-1.382239539082850792e-04
-2.030940960743035054e-04
-2.832413664881471157e-04
-3.490973004646857739e-04
-3.691768130782748241e-04
-2.982454013186357548e-04
-2.008959354703555367e-04
-9.704614533242513646e-05
2.850385505535368800e-05
2.111521655024037065e-04
2.743183429381566168e-04
3.768718509981888319e-04
4.231310793841231203e-04
4.686840050642639773e-04
5.377184588292824741e-04
6.171545644495273408e-04
6.869658079227255673e-04
7.251621652639992158e-04
7.510792510101935160e-04
7.496449447918049520e-04
8.120525322732764090e-04
8.448522920140072619e-04
8.628192132950890771e-04
8.192670664739996325e-04
8.256369026268180504e-04
8.237490650465619174e-04
8.124265673455795776e-04
7.918747480164190162e-04
7.350550413233162715e-04
7.032070947253311671e-04
6.341702639047370202e-04
6.049761158398203912e-04
4.868936034530275264e-04
3.221048893715735433e-04
2.371527079893758340e-04
1.915489246310807291e-04
1.269216207497008548e-04
6.471803113259557859e-05
-5.085187960461212724e-05
-2.792932670170150634e-04
-4.086391989014382634e-04
-4.851616671919606002e-04
-5.341953973992484951e-04
-5.648833143230197256e-04
-5.612814266796129284e-04
-4.992384708917869821e-04
-4.913871719073385465e-04
-5.485095848748933927e-04
-6.240825749567348703e-04
-6.712071402037246603e-04
-6.565568234064250545e-04
-5.105149642313164260e-04
-4.092636360897112190e-04
-3.999143056702384358e-04
-3.964618847912578631e-04
-4.188869007182125133e-04
-5.476417475939725915e-04
-5.572526188477997704e-04
-5.645836269983247994e-04
-5.396244957737145577e-04
-5.160280674926268031e-04
-5.066411840421032294e-04
-4.883145266928967622e-04
-4.879055572618502833e-04
-4.928373651014542620e-04
-5.060503013955319805e-04
-5.173763118080258521e-04
-4.969974976635403675e-04
-3.809522699988306875e-04
-3.606316613107033928e-04
-3.140010229115240822e-04
-2.319053194595810179e-04
-1.185339234793493854e-04
-3.332311182351630017e-05
3.728866981226440925e-05
5.465421120341687255e-05
3.664112828718619602e-05
-4.751171007704282548e-05
-2.993298739630185254e-04
-6.922880293104644251e-04
-1.077674734832589779e-03
-1.404299523877971731e-03
