-8.755945942420277628e-02
-3.412067346848106086e-01
-2.251761982843464294e-01
-1.670634229186786501e-01
-1.299824068532607069e-01
-1.066748423747949231e-01
-9.147310378218827254e-02
-1.195362798738589942e-04
-2.164707384399621598e-03
-7.470892473144426227e-03
-3.878018158669607057e-02
-6.976262275821300263e-02
-1.012784067906771779e-01
-1.031599778555306185e-01
-1.134314149531818333e-01
-1.488198499403830533e-01
-1.525766606215453736e-01
-1.375729665137093993e-01
-1.075699206938492553e-01
-1.160634248037677868e-01
-1.076911664162186616e-01
-7.939692341529687447e-02
-5.396865115589005030e-02
-1.162642491360778713e-01
-1.797643702579425351e-01
-2.978579900648967160e-01
-3.120606701560357243e-01
-3.119787415167871170e-01
-3.089336888091073763e-01
-2.348306617841412203e-01
-1.741420401598386680e-01
-3.799710027783207572e-02
-2.158353342722101401e-02
-8.891138950334618110e-03
-7.788080511252559561e-03
-1.423984905997148324e-02
-2.663912919062185261e-02
-2.554483893415862225e-02
-3.493340356041029632e-02
-6.234703429384868406e-02
-1.051773191584129408e-01
-1.319957335900776851e-01
-1.433465477028887103e-01
-1.490715884849425632e-01
-1.743401113428289795e-01
-1.548223134590928085e-01
-1.207661013560094448e-01
-9.720562563580392723e-02
-9.018911675383854687e-02
-7.356141975625379859e-02
-3.342252226148769573e-02
-2.267932291247640522e-02
-9.558565772766926608e-03
7.461333669881341051e-03
3.472262570256528375e-02
3.219136547059812947e-02
3.494071149662909131e-02
3.704214053465646611e-02
4.049703072437860901e-02
4.141158122309256812e-02
3.736268494008256752e-02
3.101976357324209843e-02
-9.826737474513236315e-03
-2.178630940165812713e-02
-2.373587724243030397e-02
-2.606563265351783884e-02
-2.426813313389590901e-02
-2.416791715383723171e-02
9.934460910068068640e-03
1.489423340392022864e-02
-9.406157674738925556e-02
-9.684318543075852437e-02
-1.011731307782696571e-01
-1.137560411680519218e-01
-1.171783997135781435e-01
-1.161820559621388887e-01
-7.949544625604598735e-03
-3.252901756687856527e-02
-2.977123224134903268e-02
-1.711097342596630891e-02
-1.925701560285955280e-02
-6.523119560581269738e-02
-6.740371257066564425e-02
-4.353800957615896333e-02
-4.722989297406608028e-02
-5.345723782350030734e-02
-4.692757294509931204e-02
-2.615363133535599568e-03
-1.152752048074162129e-02
-1.261921754328489999e-02
-1.386061103618291442e-02
-9.939528037800689220e-03
-3.300140792083289254e-02
-3.496217528097279176e-02
-2.621189752002851467e-02
-2.308668649338904699e-02
-1.998001763630626385e-02
-1.971111758010836087e-02
3.042557497726280317e-03
4.845895850055351867e-03
-2.905426513627261745e-02
-3.024890419752836526e-02
-2.850957466147885713e-02
-2.596903832485130889e-02
-2.054091560576361275e-02
-1.662854645983808527e-02
2.276656660878588825e-02
2.190070822216298382e-02
1.946879043512128246e-02
