8.119988243830476935e-04
9.921682811688608498e-04
7.169604411674962994e-04
6.321345907813549509e-04
6.893555207415449394e-04
4.534572997618850653e-04
1.095464427534782872e-04
1.442997352211733203e-03
5.175806653223816211e-04
-1.027653123744500739e-04
-7.791792822263838257e-04
-4.924744664312529028e-04
-3.697488535569285720e-04
1.438098522174792622e-04
1.925149718438376304e-04
9.875203573890625492e-04
5.542719907954222211e-04
1.615727105576789243e-03
1.104823053962913134e-03
3.138656017703722796e-04
3.385060090936146699e-04
-3.201463541255709835e-03
2.601665635216767933e-04
6.437220551171082524e-04
7.730981170057401155e-04
7.987788224073166061e-04
5.422637718741713181e-04
1.170252151383165649e-03
1.011209904715136033e-03
5.722541363270709563e-04
5.815590303241655349e-04
8.781533918169067256e-04
3.288240230164236411e-04
3.433190368609642293e-04
9.694867615705458647e-04
7.389061787106950083e-04
7.910485501085264730e-04
1.877988096758593248e-03
5.400085272474150228e-04
9.302352144504101887e-04
4.442873001022786634e-04
7.845024308783829590e-04
-3.189776316313296155e-04
-5.789723420095127369e-06
3.039020347090486693e-04
1.744732582384548930e-04
2.657804448726148842e-03
4.518955782314497643e-04
3.368557898883582798e-04
-1.863291027688053177e-04
3.202051032596640043e-04
1.264518809270521104e-03
5.105206241483718592e-04
8.098894607680753302e-04
1.407086871912706198e-03
2.521303396674254987e-03
1.296234122161567812e-03
1.641649711964208525e-03
2.757078731290033349e-03
2.128537149944134590e-03
2.305373560236269152e-03
1.620024556971460345e-03
3.329930834151257225e-03
8.070370538755913033e-04
3.716641398607222445e-04
4.298644274599904892e-04
3.517428857400516106e-04
1.092119938420402919e-03
5.766951440912553191e-04
7.562106676182941967e-04
1.964798272096547789e-04
1.131244981264362747e-05
3.170014520363875115e-04
-2.649140119231408515e-04
-6.579797366396422495e-06
3.430875214257483397e-04
3.026451877455263602e-04
1.005833123894970919e-03
1.469840055467053512e-03
2.809758456437530440e-03
1.567391363411462174e-03
1.231359924760813728e-03
9.932649931736728562e-04
1.034496362067783941e-03
9.643684307903809677e-04
2.434795072010542509e-03
1.828697033896733515e-03
1.308557213339657044e-03
1.674745538601253277e-03
7.782997687469355580e-04
1.091401405682813604e-03
1.744554690007142726e-03
2.076055212902123710e-03
1.233869726395742019e-03
1.187743004726016889e-03
1.801136389255289950e-03
1.460404328640519528e-03
2.100837028734914552e-03
2.744125111754109475e-03
3.590310790998884217e-03
1.616357181727484963e-03
1.006191825338336116e-03
4.269634992386002600e-04
1.100681875948458137e-03
5.118674823001898543e-04
5.511453767384452999e-04
1.271510033385030419e-03
5.555587423278121172e-04
-8.576562644833012633e-06
9.903652083868925895e-04
1.903695345638805941e-03
2.655680520780423232e-03
1.437884017900227908e-03
8.829127420661832064e-05
5.526296045612208658e-04
5.401275025815218105e-04
4.688358035040315593e-04
5.777059374645630895e-04
5.110430464247421763e-04
1.074625289899470157e-04
-4.137765745469023271e-04
-1.512532933020516559e-04
1.250284009074601691e-03
-4.140053014073357806e-04
-3.139482512939431976e-05
-1.597372288590866217e-04
4.508617625053398391e-04
2.232122557529701021e-04
-2.684850150185088993e-04
5.639509860670028100e-04
-9.114334777706504479e-05
-3.627192003152934405e-04
