1.619784509089633277e-03
1.772186870784705007e-03
1.869830389915630442e-03
1.984177870422122562e-03
2.132695556218322692e-03
2.236101960083990061e-03
2.464705483611908093e-03
2.642857398559622564e-03
2.833943705067474682e-03
3.092915948055989950e-03
3.375784131131331217e-03
3.809658719932613579e-03
4.325881666021520223e-03
4.925031927550087806e-03
5.579234030757367763e-03
6.042969723226199880e-03
6.408513167771728164e-03
6.478819210735777163e-03
6.456356762364372920e-03
6.470601311671647128e-03
6.444994958053886121e-03
6.510788623762310025e-03
6.605699874820440513e-03
6.948512661601228234e-03
7.132427810097000109e-03
7.090308214506398782e-03
6.933968058003204225e-03
6.789565228295486692e-03
6.633124446387935087e-03
6.199640309380259444e-03
5.771080759412593186e-03
5.325645007412694969e-03
4.878029985450653243e-03
4.327648691502939023e-03
3.714764210107636758e-03
3.263033414788714046e-03
2.880666490077267872e-03
2.631309027096920272e-03
2.439417771852166097e-03
2.395656827844050169e-03
2.420554486060603767e-03
2.435401402261979167e-03
2.506268246620471738e-03
2.505877254791414200e-03
2.462431484795385862e-03
2.353540454195962844e-03
2.216717221661956578e-03
2.100750380209878091e-03
2.066067383094515736e-03
2.149800379213101780e-03
2.311212019819604280e-03
2.422023458634441333e-03
2.542748000748378413e-03
2.639893123989779308e-03
2.610728183258217722e-03
2.433319292403312694e-03
2.217615408868902748e-03
2.063531217159114001e-03
1.886056854038169498e-03
1.759706131284784680e-03
1.698024063352163160e-03
1.726751491752094234e-03
1.776680990915201338e-03
1.775531698375273091e-03
1.797890854670167659e-03
1.765924329433561472e-03
1.700157328856416808e-03
1.596263308531238210e-03
1.460098906036117828e-03
1.344234603898568662e-03
1.175559865951132481e-03
1.032320669691230838e-03
8.741931769010394954e-04
7.249713109791092527e-04
5.734716990268098370e-04
4.177739203907066012e-04
3.366959482541226584e-04
2.911974161345109481e-04
2.881635535881227426e-04
3.083367556460475081e-04
3.340922162776788977e-04
3.830180633779306683e-04
4.384917301904760634e-04
5.198174332468032338e-04
6.793447414520053899e-04
9.011041209391646182e-04
1.148963289162475889e-03
1.392415158240343717e-03
1.659420298007891576e-03
1.810430236752230042e-03
1.837015143273026041e-03
1.779183897108878656e-03
1.650922346590096880e-03
1.466220000994923828e-03
1.219737057319469084e-03
1.014803577007330256e-03
8.252432573250869383e-04
6.335560044429416372e-04
5.176476364785439002e-04
4.762308355415346278e-04
4.865449198687170004e-04
4.952592104369174129e-04
5.091549611389459360e-04
5.206860252990030405e-04
5.287736382758992165e-04
5.726925431922044035e-04
5.977761512547325384e-04
6.391019765217471373e-04
6.968528995451251035e-04
8.906913660465029916e-04
1.141764484946782140e-03
1.439514991210164539e-03
1.724110775089997228e-03
1.990443547279581189e-03
2.267512785674659619e-03
2.470812373620651526e-03
2.613792882057197012e-03
2.590813136631747986e-03
2.501801047210934058e-03
2.377550861448575210e-03
2.204861480582053120e-03
1.990099730811700600e-03
1.807513641770790115e-03
1.753694348017875238e-03
1.860138092303525829e-03
1.954747737584631127e-03
2.044791542699170989e-03
2.165496464970928341e-03
2.232730150873940989e-03
2.267091179670167357e-03
2.190780154877117452e-03
2.221197103590766015e-03
2.242962462543090889e-03
2.235412216858083997e-03
2.229883411634261178e-03
2.250203901933997205e-03
2.308689178851323996e-03
2.345250936973089940e-03
2.438887611353033561e-03
2.586431459060938715e-03
2.812523067517771688e-03
2.960358452697232304e-03
3.030381832139463199e-03
3.048506334489536201e-03
3.064489094879054368e-03
3.039017774343820161e-03
3.014310472132082641e-03
2.963957950432923039e-03
2.873164730143814866e-03
2.720715554119616363e-03
2.486123944052682621e-03
2.214384505861672226e-03
1.870192989900567237e-03
1.506117060009504920e-03
1.230854284250469709e-03
1.055384465988962401e-03
9.406966753696333538e-04
8.523604621177293143e-04
7.609062087488506661e-04
7.082114177662004713e-04
6.579798669733601243e-04
6.415322919929885952e-04
6.736216421587677911e-04
7.537233251160333587e-04
8.379920475073636800e-04
9.471235063782763516e-04
1.023587488720515510e-03
1.016775675723420721e-03
9.888304067344883246e-04
9.244993683424610918e-04
8.621187636802784540e-04
8.138584675347611090e-04
7.794089395421838424e-04
7.940670033704857198e-04
8.364135363815016497e-04
8.810836817056801398e-04
8.970920278095198194e-04
8.998729726811895190e-04
8.931787952668424025e-04
8.483278858855353502e-04
7.585079353857594698e-04
6.520308887742021870e-04
5.632502212687440528e-04
4.893989820763635290e-04
4.699273305201175435e-04
4.821667026998373014e-04
4.651884723889226892e-04
4.481007593649277590e-04
4.234181683277450843e-04
3.730297541310060509e-04
2.806753052521312216e-04
2.061261734119572365e-04
1.905530814295634671e-04
1.770835585213244301e-04
1.577738919633485273e-04
9.858063977766761950e-05
2.395470661545592091e-05
-6.593935378491722163e-05
-1.430626942777599912e-04
-1.983720636706219880e-04
-2.310736395299981200e-04
-2.015903776610652889e-04
-1.693373170552332047e-04
-1.954256991474514604e-04
-2.905413393814784413e-04
-3.804034528260486544e-04
-4.216547557737785061e-04
-4.570376862710872484e-04
-4.780533635700509490e-04
-4.011934016524836173e-04
-2.882127275471413320e-04
-1.670065846417980067e-04
-9.648324822503846938e-05
-5.051126994326169111e-05
1.136970707470304730e-05
4.116779334162080510e-05
6.303145536232486002e-05
4.183161162328001022e-05
4.991552873922301046e-05
9.407649297023555407e-05
1.217356911471871426e-04
1.683848186300927698e-04
2.025760375291399721e-04
2.323173850545456540e-04
2.297431747098083871e-04
1.858656682128795702e-04
1.867891027752078355e-04
1.791746116331273538e-04
1.873330819647643251e-04
2.195997142360501142e-04
2.916730571994189725e-04
3.827643673920462660e-04
4.313356905123179818e-04
4.571660572847298636e-04
4.626370082513980007e-04
4.352963603103318646e-04
3.869553679107713175e-04
3.397370042426352721e-04
3.012799519822534442e-04
