3.143060516386064589e-03
2.686530846459521740e-03
2.655867979528500535e-03
2.643304465462588144e-03
2.965442390052101286e-03
2.908949539708164528e-03
2.858863129698473431e-03
2.784141759410886565e-03
2.698621211123066518e-03
2.597718986478054354e-03
2.487100065914227102e-03
2.438308054416716501e-03
2.405529902772831317e-03
2.452108734289490475e-03
2.501124809450673125e-03
2.615770056385393217e-03
2.716818918939092973e-03
3.096008633280007780e-03
3.368634924965110706e-03
3.424194101066888995e-03
3.537943682239845771e-03
3.792964292041050428e-03
4.051749616199038298e-03
4.589352493274079237e-03
4.923344340900742168e-03
5.135833909216892985e-03
5.367731464989114638e-03
5.549738271430639490e-03
5.572834956140877011e-03
5.237863160827366769e-03
4.964715386306329560e-03
4.867895335730004248e-03
4.728191905096817450e-03
4.484320451409019512e-03
4.256338235547178252e-03
3.714479583650669593e-03
3.260109152461452067e-03
2.944848536919118451e-03
2.544143517176454452e-03
2.253380300895846140e-03
2.004646526773967447e-03
1.941629774295873133e-03
2.017196392606477890e-03
2.016083400765528947e-03
1.994539525153612037e-03
1.957255898791306330e-03
1.981117279628654988e-03
1.970714363065005723e-03
2.040519858561265672e-03
2.150192893082113459e-03
2.370038143017331577e-03
2.307100746510155637e-03
2.216970196908368482e-03
2.100077619572824142e-03
1.769916794844458982e-03
1.356120503566134693e-03
8.839854870755602242e-04
4.699235094571253238e-04
-2.266175001854181515e-04
-8.966978349945202605e-04
-1.531264879089870622e-03
-2.090713391891806452e-03
-2.622230301911221417e-03
-3.085512774113053497e-03
-3.528674702206853735e-03
-3.870581166080440307e-03
-3.980025084227238781e-03
-3.862579675229318738e-03
-3.596984045082895435e-03
-3.358288588653583415e-03
-2.999846465546769560e-03
-2.394629267847221514e-03
-2.103280862448202171e-03
-2.005103175351764192e-03
-1.975432107100233686e-03
-1.836121819544791860e-03
-1.722235664950200933e-03
-1.596615814510531084e-03
-1.559202272071796283e-03
-1.495978991520692828e-03
-1.505323214279650048e-03
-1.564919474332354329e-03
-1.507153306651161069e-03
-1.672316644957121644e-03
-1.515439499252297208e-03
-1.255238592597445824e-03
-1.068572763993252831e-03
-8.921156560072327673e-04
-6.952424907114494431e-04
-5.486482054829277611e-04
-3.360150212596567962e-04
-1.409910941881631341e-04
3.517355536320670631e-05
2.599679879100010916e-04
4.569012072544412109e-04
6.531832085651089739e-04
7.003728532933702023e-04
7.248058177428425399e-04
7.731711196202057908e-04
8.427257208644656737e-04
8.984915087957415008e-04
9.356693083966459781e-04
8.787890137080681466e-04
8.211139711835929072e-04
8.313417489415093767e-04
8.669404211312909357e-04
9.511187765195873835e-04
1.048667481085723647e-03
1.179413504184885714e-03
1.426973262536908663e-03
1.686941109181715930e-03
2.050697843198005538e-03
2.288712656994512217e-03
2.423482193709930281e-03
2.489390602819052667e-03
2.590245419167443944e-03
2.669782913275030572e-03
2.646320113437166527e-03
2.540566278490074062e-03
2.383010376353125823e-03
2.282150188122224112e-03
2.089314586592833870e-03
1.939491464892594691e-03
1.698634239675402002e-03
1.668418021824111816e-03
1.652420932230258196e-03
1.764149708211420510e-03
2.029031603722722572e-03
