1.645528518106276683e-04
1.930152766781561831e-04
3.183508070733514139e-04
5.559935531703867357e-04
6.260890534993784591e-04
1.183400461474087709e-03
9.176603451938860007e-04
7.989547590284919090e-04
5.017253087213878211e-04
3.065987482003640179e-04
2.172734356973120826e-04
2.541781758503376871e-04
1.500543139570539820e-04
1.590394113843720766e-04
9.549840951467009867e-05
4.496325309246782388e-05
8.767393569751459994e-05
1.048345217447986164e-04
1.047800268967118641e-04
5.919630185358644501e-05
3.163515064712131477e-05
3.640812175491940720e-05
4.039821562402150159e-05
6.062591821874113674e-05
9.820950348618702214e-05
4.254333662124809714e-05
9.894540696551824637e-05
1.417987261403009646e-04
7.507694875204502327e-05
3.864615865182256414e-05
4.187193973627977229e-05
1.459248904894513093e-05
3.188686492339523355e-05
3.416582151150523452e-05
3.186246677927454896e-05
1.298796287615107807e-05
8.376412753524342997e-06
3.935272818042609686e-06
5.468928061476339457e-06
4.864625907401924797e-06
1.596618323789430902e-05
7.533915565351839287e-06
2.529875736640648483e-06
1.282941971285117989e-06
4.670205860556083336e-06
2.121755206944289873e-05
4.334853629080782911e-05
1.047540757343810402e-04
2.278432975115405029e-04
3.868917551124058103e-04
4.631836583083976896e-04
3.218332376583221601e-04
2.004050794644992878e-04
2.099513457404339728e-04
1.139918969598054072e-04
7.499315798103089092e-05
1.117695584024713503e-04
1.546271012124721957e-04
8.952461074591287402e-05
7.183691828858430049e-05
6.475589195193691037e-05
9.270752326090055671e-05
6.559256820387203337e-05
2.544067531035145579e-05
1.768738495399711384e-05
1.593848718813993372e-05
3.165300047064103307e-05
2.897351827066428821e-05
2.634623461864730963e-05
2.259542030295591465e-05
1.252337207758892725e-05
2.802862299861895093e-05
9.498190265822370433e-06
1.946364398176137469e-06
1.682279331005291900e-06
4.671765800168588278e-07
5.699995173334067300e-08
4.812855420341597986e-07
4.887910480752618565e-07
7.516238860930886738e-07
4.477183733409264359e-07
2.947523791409149584e-07
1.227087251442818441e-07
3.753144535768470631e-07
9.494300129166768327e-07
2.424951037856656746e-06
5.682961960956940260e-06
1.877752233512801254e-06
9.479734644665076661e-06
7.172333911884406379e-06
7.016316333098406504e-06
1.678446856645472084e-05
2.174527759515012317e-05
1.025831006199702350e-05
4.081868902845511566e-06
2.342596441090151655e-07
1.353049685204083832e-06
1.754491642769778311e-06
3.387554269213883863e-06
1.636399430332537641e-05
6.566394878622231870e-06
2.729780166247205238e-06
8.405326276642215977e-06
1.001206236170021035e-05
1.915975484400037610e-05
6.627783283014919381e-05
1.087014948763229464e-04
1.245085434856973180e-04
2.464459600423316867e-04
6.482570599375799209e-04
4.708533890610266948e-04
4.956259498842784106e-04
4.850161743958919395e-04
4.978208134865393618e-04
4.833220237535804337e-04
9.729266530550256808e-04
1.722258841084170575e-03
1.558077245308915702e-03
1.551943596477211229e-03
9.136860864011048374e-04
9.470886273859904997e-04
1.017761773315513027e-03
9.711078335804515429e-04
1.301385459481847057e-03
2.664295202061273647e-03
2.818854594349340555e-03
2.915924145847010544e-03
2.207633255565277786e-03
1.027382218456905855e-03
8.614815974421161657e-04
5.677607514960841643e-04
8.013056716151384894e-04
2.427856882912936168e-04
2.178270567078368584e-04
2.378526640899158561e-04
8.185112922392601999e-05
9.473897891178277011e-05
9.628625458693640447e-05
1.368451768955432661e-04
6.751575209749179508e-05
5.802058843369063896e-05
8.061696839945967736e-05
6.430432232785989138e-05
4.716370408769349182e-05
3.076685340254244359e-05
4.033068621308111084e-05
7.863076395689657457e-05
1.630877791116457965e-04
1.477939792494058061e-04
8.545082319878351631e-05
7.611848805830762738e-05
9.848183868905248687e-05
6.754187759414764401e-05
4.155957034785074154e-05
7.297564998010176273e-05
9.242982179762862375e-05
4.821035451082262868e-05
4.170155139995237613e-05
2.201076439743064822e-05
7.346280393506843126e-06
2.734741502734919916e-05
1.720954899625403323e-05
2.930991883706859864e-05
1.548574030341758216e-05
5.155371411966165130e-06
5.589178653590303357e-07
1.440501940849987453e-12
-1.503160674538350907e-20
-1.531668913332058326e-12
-4.765035221916059760e-07
-3.760654155687657431e-06
-1.819719801380979856e-05
-4.959071462466304545e-05
-1.782923808225953346e-04
-2.067887728796057598e-04
-5.542343564215619352e-05
-3.383439223584128826e-05
-4.249184713594695900e-05
-6.164662529549596345e-05
-6.821109138898711819e-05
-9.910972913756982286e-05
-1.518746053338331924e-04
-1.890454306716758020e-04
-1.095970079221303059e-04
-6.243256812267022015e-05
-5.453438155814041289e-05
-1.593274619761986840e-04
-6.401184272462816607e-05
-5.550229285741300767e-05
-4.134328682689808921e-05
-2.408761298289244013e-05
-9.407908072156423072e-06
-1.050089138145792685e-05
-1.105216748327129420e-05
-9.609448616340001586e-06
-1.914498568909036544e-05
-2.054741837624440685e-05
-1.565712786024026792e-05
-4.277287831715365184e-06
-1.894233312040376935e-06
-6.036595858328231990e-06
-3.445155413378399691e-06
-1.176384607339119335e-05
-1.982883685062452697e-05
-1.789636003474927344e-05
-2.428025211839124581e-05
-6.335256554571447270e-06
-3.208174628275358467e-05
-3.282483132995403014e-05
-2.702113833272101485e-05
-7.484940569893605572e-06
-5.559081439112924068e-07
-5.998581953991098708e-08
-5.573088992407004347e-07
-2.155867972742045380e-07
-5.000243677991354038e-08
-2.849142237329554509e-10
-1.365867972253360090e-15
-1.475555131841669491e-15
-1.120498813190281488e-19
-1.636401294607428784e-16
-1.689326777535660803e-34
5.291064417930588393e-14
1.541662723643224558e-08
1.058530659250163979e-07
4.056634501420621975e-09
2.948718582863925029e-08
1.372975500250531419e-08
1.307574909178729062e-11
1.289332904557282143e-13
1.471573901324909062e-10
5.176667864941536915e-08
7.498960932784409852e-08
3.709639100234975391e-06
2.232461394191521503e-05
4.178368680607053503e-05
3.836333797249047363e-05
5.258457183017688859e-05
2.934875491161925026e-05
