-6.104588710983369776e-02
-5.484671614603325862e-02
-5.034302255146450022e-02
-5.584530207226556797e-02
-5.313633815775919977e-02
-5.346689744969965880e-02
-1.317646921259872095e-01
-1.337592483943997879e-01
-1.438885951092795934e-01
-1.286936416250607507e-01
-1.178494772006454111e-01
-1.084646403172966206e-01
-1.028557265427641476e-01
-1.007481308360572148e-01
-9.763120033977196188e-02
-9.392985467485458206e-02
-9.147938048661395649e-02
-8.742921629557200147e-02
-7.048862991526845534e-02
-5.616296487648673313e-02
-3.864120015405463071e-02
-4.021251443786441615e-02
-6.027326332653567403e-02
-6.269065330120950075e-02
-7.198061760610441340e-02
-1.081836314814878658e-01
-1.093088041153030265e-01
-1.123741065078536633e-01
-1.151691915865310917e-01
-1.186526370256675844e-01
-1.007741219488115236e-01
-1.021862736613700640e-01
-1.019977009837713805e-01
-1.069371407750157044e-01
-9.562104595837951637e-02
-1.070755680632446000e-01
-9.708431294538057144e-02
-6.092505058695946163e-02
-5.749555205596925539e-02
-4.711560609005047834e-02
-4.576534415706910025e-02
-6.898344962524884105e-02
-6.469733103962045651e-02
-1.093553696141149195e-01
-1.141669788290445159e-01
-1.242372204783570022e-01
-1.305300797401740820e-01
-1.281738953890076971e-01
-1.452054433849712112e-01
-1.628208582971247820e-01
-1.713362530257425964e-01
-1.875816578454929939e-01
-2.025200223468779648e-01
-1.770445663157982075e-01
-2.429380732222493344e-01
-1.994714268415954395e-01
-1.946073360227517923e-01
-1.815458157087742330e-01
-1.684152376552273400e-01
-1.612317206799612490e-01
-1.455221052886123412e-01
-1.259431515768019427e-01
-1.200540393496349889e-01
