6.427205895487637021e-04
-1.355073203380846602e-04
1.517687358292959469e-04
-2.096942557705121528e-04
-1.532647627527903384e-03
-8.884759591502033871e-04
-5.225110551616710466e-04
-9.159740848766358395e-04
-1.518523636465186682e-03
-1.127799514398672822e-03
-2.476182026086422251e-04
-1.558957642632469783e-04
-1.558774020319037652e-04
-3.648371311995265748e-04
-1.431579765713754003e-03
-6.082190941044888621e-04
-4.147993075529149090e-05
-6.506271896036704139e-04
-1.097942086884209001e-03
-2.313782795429289614e-03
-1.904616218136386810e-03
-2.309706194591639155e-04
1.032317892738314740e-03
1.602371222706742212e-04
7.875863826310616593e-04
-5.962964745974904963e-04
-3.017851724704442897e-05
-4.076253930719141031e-04
-5.471811008185207322e-04
-1.240592943873817264e-04
2.523283480392222392e-04
2.432107395287686782e-04
1.326058909071482989e-03
1.296710986856279384e-03
1.520731512066143820e-03
2.926612354984767152e-03
2.395718460364367527e-03
3.122565318440337790e-03
2.020027330897337936e-03
2.114370997787869220e-03
2.287204324511095226e-03
2.314013306498238862e-03
3.164828827026922378e-03
1.638192448194507669e-03
1.751396595042159542e-03
2.687712242922332077e-03
1.658463148785062173e-03
2.973356843231994128e-03
4.186591076765594673e-03
5.467201495512037310e-03
5.604673739144552108e-03
3.355280905386677937e-03
3.857157065584777139e-03
1.234828414325474851e-03
2.126316595528879305e-03
2.930660977419593475e-03
3.690069785016854287e-03
4.567815267440191330e-04
-1.327307638324188763e-04
9.770373406176120681e-04
3.725385346625210742e-04
4.010291786560691717e-04
-1.101090874236368915e-04
-3.720984869411463275e-04
-7.125352805583014520e-04
1.828683706974231545e-03
-5.564781798910526907e-04
-5.588978869733121115e-04
-9.554264621165813260e-04
-2.104436623455799901e-03
-1.931093812430119535e-03
-3.288971035881540703e-03
-1.893566888613173668e-03
-1.765992884352274870e-03
-2.159628076238325790e-03
-1.886219936788000864e-03
-3.477990858799216017e-03
-2.603760086247418597e-03
-1.852971307400791585e-03
-1.973605575864575447e-03
-2.905571644417538017e-03
-6.642687206374704636e-04
-1.322334658580355494e-03
-1.781469812525070815e-03
-1.954834013534302497e-03
-1.767651150444802524e-03
-2.553695279682848852e-03
-1.310611399415756049e-03
-1.399871081848550304e-03
-2.329522030667813010e-03
-2.092433560091152590e-03
-4.085949211261570915e-03
-1.952388053433616469e-03
-1.661042852185509169e-03
-1.570834318834164267e-03
-1.289782478326404478e-03
-1.928846802166348439e-03
-3.747460589335085707e-03
-7.430682109266953210e-04
-5.338013554974399512e-04
-7.861467581595710848e-04
-6.186420261890677097e-04
-1.343659460445151277e-03
-5.030579594634617020e-04
-1.065555151126028940e-03
-1.084816083448503264e-03
-2.223282584044478181e-03
-1.574719718655015954e-03
-4.341869011037338189e-04
-1.161237251315236059e-03
-6.006101042138682318e-04
-6.868573037247624902e-04
-8.184334138889884326e-04
-6.161055275978442490e-04
-1.437437100938361036e-04
-1.947663463784571379e-03
-9.370207592242397890e-04
-7.963473011598223242e-04
-2.192974329332051254e-04
-1.193951482885401432e-04
-8.257939507410125149e-04
