beta2
1.021448740990147167e-02
1.030040228483923917e-02
1.038371160790135458e-02
1.049858527422273952e-02
1.054611321011606970e-02
1.062246279433671017e-02
1.069108667839066898e-02
1.047123679111280903e-02
1.017961640274962429e-02
9.881953537838350857e-03
9.410342067288060899e-03
8.965317810954939043e-03
8.987390958500858160e-03
8.987188970240794078e-03
9.132128542969696755e-03
9.512246903549501087e-03
9.451726145174140642e-03
9.580695233504400027e-03
9.759857375451581538e-03
9.862062538520427468e-03
1.012758079009889317e-02
1.006505781742693048e-02
9.920931969704418346e-03
9.630232560174634832e-03
9.323122674202967419e-03
9.376889360527079775e-03
9.392239957088592550e-03
9.495616085902717357e-03
9.514535683848614200e-03
9.604732536182616909e-03
9.642689207600099732e-03
9.931169565391296389e-03
9.790468403563627048e-03
9.456381599837353213e-03
9.247120570762337732e-03
9.325659886737705864e-03
9.485704054794959553e-03
9.699664109278678323e-03
9.735828130108878722e-03
9.756737233913136825e-03
9.672414754048955926e-03
9.641327028457305839e-03
9.648825589967401084e-03
9.573417671280205765e-03
9.552852100333566673e-03
9.238067453869593798e-03
8.941565419257190006e-03
8.953610638791305310e-03
8.999763132286160358e-03
9.033344139141944937e-03
9.103186604970826129e-03
8.926863438539565931e-03
8.915917439668278113e-03
9.076149411903221970e-03
9.156613088463577688e-03
9.143113895864399612e-03
9.043305500122963622e-03
9.127320950746614647e-03
9.037908757013353792e-03
8.902878846087742756e-03
8.796139953353579802e-03
8.745951667963401677e-03
8.664985892838986820e-03
8.598461984529820468e-03
8.516082715612011828e-03
8.374633508446652219e-03
8.060413450562464721e-03
7.888065585957180006e-03
7.679717011668281759e-03
7.432543250277589240e-03
7.694819993057675465e-03
7.888088268681228005e-03
8.096157768873894767e-03
8.219774052062398667e-03
8.200884445756492780e-03
8.056720334746416204e-03
8.018778436608937216e-03
8.238147253285338367e-03
8.224951465181630506e-03
8.259748737215940120e-03
8.131391492441162466e-03
8.025297750306321226e-03
7.987236497427583487e-03
8.027273133610917169e-03
8.263165573622447552e-03
8.430359505615358726e-03
8.677756957127004400e-03
8.822202154032360993e-03
8.478300307742946823e-03
8.230444067140709613e-03
8.129719243165720727e-03
8.220070787876813598e-03
8.292730546221375315e-03
8.431825887389721164e-03
8.533106002024126030e-03
8.633762997271560158e-03
8.863070705286461848e-03
9.051137344183095984e-03
9.316647099824632017e-03
9.454407889987338776e-03
9.602262680618315477e-03
9.826662405470936237e-03
9.787471316047962819e-03
9.804698912520785209e-03
9.671255453607609937e-03
9.607715597367092603e-03
9.503766375978526387e-03
9.513357808775189245e-03
9.520274183955393030e-03
9.287816298984870669e-03
8.903596255356879471e-03
8.573716821118588377e-03
8.542029691111723000e-03
beta3
3.474853819422393313e-19
1.311294188781443905e-17
1.087935293466578245e-18
3.427809482821471758e-18
1.915519358617670031e-18
2.623273233428362153e-20
3.906426074813356792e-19
4.667217445299066173e-19
1.001570603908921475e-19
1.017303017482321017e-20
-3.549674469099135165e-31
5.016303641025625855e-23
2.484657167646551513e-26
-3.035515951448153591e-31
-4.599261713833213365e-31
-6.710677623104564169e-24
-6.927490951130540395e-20
-1.098752745701160116e-19
-1.323343245492590337e-18
-3.895887112420405054e-19
-2.667501982691178833e-17
-3.535796549380938265e-16
-3.812155245602572065e-16
-1.865434982305169808e-15
-1.103845481814080517e-15
-1.691429152639974404e-15
-5.840735907706335712e-16
-9.298527168951286900e-16
-1.726078954139303080e-14
-4.737675958642409077e-15
-3.816080459552309004e-15
-5.343938991458715045e-15
-1.406482164763924395e-14
-4.108430841906541193e-14
-4.367854629220597499e-14
-1.922586791815848600e-14
-6.809552223241811878e-14
-1.209434968824701334e-13
-6.260565815602157575e-14
-1.055447143040786420e-14
-2.045935352257413675e-14
-1.708247368556871843e-14
-6.304242760686054539e-15
-1.511984327045505064e-14
-4.945144324316977967e-13
-6.989548047410283269e-14
-3.868141145345475213e-14
-2.272510626351362323e-14
-5.262077782514259952e-14
-2.899682858752480783e-14
-2.126436488015354920e-14
-1.158866107723022891e-13
-1.049218574991402736e-14
-1.089363397464308575e-15
-8.843936376600038641e-16
-3.950485396880907154e-15
-6.907159292561627919e-16
-1.640000637296504118e-17
-9.632321933858602216e-18
-5.598173291242339491e-18
-3.551932680071935184e-19
-1.436998034531619176e-18
-1.674203728284227868e-19
-1.006974364254100996e-21
-4.842977267957043758e-22
7.931529731211254153e-28
1.827174960672104606e-25
1.753713380324930496e-19
2.668434227720079954e-18
2.383773467127087380e-19
2.084465156562729496e-18
2.995560858608405338e-18
1.401660473023480056e-17
1.214555925282358333e-18
5.306110085374115127e-18
8.575560198942418303e-19
7.684463664241282200e-19
1.591046870691855611e-19
7.168387942092881215e-19
7.372359533253778079e-18
4.524782596422691142e-18
4.705725212738951249e-19
4.471826994110038878e-18
5.601100742707170263e-19
2.445474096460062779e-19
2.019255359450278458e-19
7.853057011513289788e-20
3.092435266454206301e-18
1.125876824693026819e-19
6.969602265334637459e-20
3.761510446837434852e-22
1.087330138190652504e-19
2.091345708249754067e-20
4.589819914439478587e-18
8.380004765354460002e-18
4.049684004239225782e-17
1.151331993914578819e-16
1.305867984091151847e-16
6.350352428097758457e-16
5.652338120411900372e-16
4.169676420873285980e-16
4.504154995372746561e-15
1.391089880233223878e-15
4.238655095927673137e-16
1.396707375410768994e-16
2.075721843686205210e-16
1.081273365953878134e-16
3.532595600465561800e-17
4.452956886324677322e-17
6.256268537152960821e-19
3.777134666956600659e-19
1.044480709363873150e-19
1.817651200016991458e-20
beta4
2.119701709140145787e-03
2.299571998325923051e-03
2.319887150051617476e-03
2.352537266571506219e-03
2.493436087676144039e-03
2.527853240456809456e-03
2.611708726663765530e-03
2.732735654519207087e-03
2.981086490158943794e-03
3.090819606174597355e-03
3.274897968568772199e-03
3.483649646351349299e-03
3.392811405446310123e-03
3.293334187052913281e-03
3.103641826202841250e-03
2.906236219727593301e-03
2.937524491286437264e-03
3.039266012611698681e-03
3.108520430036280056e-03
3.196222751962942733e-03
3.294903241852358521e-03
3.627726790016160517e-03
3.889080465199605454e-03
3.759259094401111966e-03
3.803775238146554685e-03
3.776972712698527766e-03
3.812118977987099047e-03
3.882960180775122273e-03
4.007587624609385002e-03
4.110439210935274909e-03
4.221821570517276384e-03
4.206679804755297618e-03
4.534957382298601680e-03
5.029740097254117512e-03
5.537992073816207748e-03
5.622883892766424550e-03
5.546105778530145691e-03
5.436792840852569184e-03
5.497845203523737262e-03
5.564211517350391156e-03
5.771576642655610635e-03
5.821816055719204047e-03
5.950882348316206827e-03
5.896912523435828349e-03
5.996975738130041339e-03
6.386870569070737802e-03
6.687849569561246307e-03
6.294978983846722526e-03
6.006171226201567279e-03
5.677729689464915998e-03
5.379171710512917898e-03
5.726868827587133781e-03
5.832278561636980614e-03
5.202014312724156930e-03
5.256509334829859506e-03
5.264961037464726927e-03
5.397437379636381947e-03
5.046769886826073942e-03
5.105716694229144384e-03
4.832706399628973123e-03
4.463034324957792717e-03
4.179475448561722692e-03
3.969352142265250571e-03
3.742181371356123176e-03
3.440901819595902113e-03
3.042356965793443016e-03
3.082490219832372154e-03
2.983216484439156664e-03
2.878561995786988424e-03
2.924719135744351627e-03
3.036832400596021359e-03
3.132146745741752787e-03
3.120871475484574345e-03
3.261413206660133783e-03
3.322664533048971195e-03
3.494514538859857123e-03
3.498436034730126494e-03
3.449847004269670364e-03
3.292357410129301276e-03
3.325117723794675934e-03
3.399928802726475546e-03
3.471855318441968360e-03
3.525643146855992824e-03
3.475303038366255384e-03
3.537782398110191247e-03
3.517640605201649909e-03
3.394612781830177398e-03
3.319762075596532479e-03
3.213964379837362228e-03
3.139906530553633612e-03
2.930143554904448416e-03
2.824772310300425679e-03
2.765986056359042225e-03
2.710866313091168586e-03
2.658656021147401231e-03
2.600601785150514610e-03
2.627539861120060591e-03
2.662463356695339393e-03
2.688503694046140511e-03
2.564220673869603648e-03
2.485474402110840388e-03
2.388905053605954940e-03
2.552013814328867036e-03
2.740500052051369605e-03
2.850230489400683645e-03
2.957833583848943140e-03
3.048809725307470749e-03
3.103125303329511663e-03
3.224895326375807648e-03
3.038143609693350587e-03
2.962133651295663708e-03
2.925957757779945427e-03
2.832761097001802904e-03
beta5
-2.850882173248652362e-12
-7.540022713617332354e-12
-7.629864123869735567e-12
-3.018978038523016394e-11
-3.969274161619294591e-11
-5.017082390842990779e-11
-1.655319224716947106e-10
-3.581957232945862687e-10
-3.647401509025809896e-10
-1.149878773915866262e-09
-2.207706937224886010e-09
-5.336636916176962101e-09
-1.613416140089599467e-08
-1.808796143114821439e-08
-1.801011953634565819e-08
-2.404935525010454643e-08
-2.004218228558601249e-08
-2.047250272153908109e-08
-6.230991620059451938e-09
-2.486236448161539797e-09
-3.900483447732192969e-09
-2.309257670148956314e-09
-4.770448152147683297e-10
-1.007483189268158429e-09
-3.847907016123079498e-09
-1.405859702067242731e-08
-2.298855069089742227e-08
-4.837218408731805604e-08
-1.929271721431424068e-07
-4.467063472326669718e-07
-3.665302368142062876e-07
-8.199851263830175262e-07
-9.910281793021491057e-07
-1.105641297117774041e-06
-1.803720825072788753e-06
-1.258568931058760965e-06
-1.478077237867348815e-06
-1.321433854785149513e-06
-1.725471802295573236e-06
-1.126560707953040412e-06
-1.009041990746413963e-06
-1.391882615070280339e-06
-1.209433627989779306e-06
-7.263811053162646406e-07
-1.014520519610286165e-06
-1.233487938066374985e-06
-1.171523245646256774e-06
-1.095025277749576723e-06
-1.047939383501586214e-06
-1.062242111875282921e-06
-1.227701737006481883e-06
-1.721814229819940624e-06
-1.956603140290761416e-06
-3.272234817581003797e-07
-1.133414207681255123e-07
-8.541452827791994984e-08
-3.299857173258043477e-08
-5.822001570224124711e-09
-2.761010997737105232e-10
-2.206458338651232778e-11
-1.615651755754986496e-11
-1.244505237765264617e-11
-1.653651971959755674e-12
-2.425234841111631429e-12
-1.671191697964030675e-12
-7.721528274540683863e-13
-4.363594017727073019e-14
-7.068687178149943491e-16
-1.746939272570442632e-19
-1.705853924070197558e-50
-3.107682367236400228e-24
-6.002273973081482071e-23
-3.254980877316776226e-20
-2.547047891812182364e-18
-9.578588486862887730e-19
-4.944358000082455700e-22
-7.682606834617021401e-21
-7.704404949264441955e-19
-6.884501758913404872e-16
-1.418947660615976654e-15
-7.004646023199609443e-16
-7.484080828549244632e-17
-4.581757731582311147e-16
-1.319973368920312520e-15
-1.268534665658744178e-13
-5.043486025658811874e-12
-3.711023128110602132e-11
-2.142854080336431960e-10
-3.576664740401322808e-12
-1.611795917778502674e-14
-3.431540607862051295e-16
-2.379717396242509445e-25
1.224691258751839963e-35
2.022567880822617407e-19
3.709766054695225020e-16
3.403180701783136540e-14
1.422551321497345893e-11
3.132671561457500842e-10
5.677119002016204795e-09
1.002182085851189561e-08
1.734392166812083591e-08
4.155443353770964239e-08
3.346573711585526954e-08
1.317013088916767466e-07
8.741105222254993059e-08
1.212730020757991362e-07
7.082192501562377722e-08
5.198897871614194793e-08
5.876816012532179879e-08
5.407741833049644298e-08
1.450521824776434002e-08
3.240815648313467075e-09
3.356306098700962025e-09
