-5.053282545504377943e+00
-2.683414720575798107e+00
-1.827287696429243047e+00
-1.379279905217361213e+00
-1.118296996844554858e+00
-9.451610996356282213e-01
-8.152039381012918806e-01
-7.407762265609091346e-01
-6.849905513881767716e-01
-6.495509073479593942e-01
-6.312573653695173759e-01
-1.207363037198949884e+00
-7.868955588597804640e-01
-7.648032294074540438e-01
-7.566649461229951745e-01
-7.564442042740711081e-01
-7.513431986213586766e-01
-7.463963132523608879e-01
-7.456238887228202605e-01
-7.298586859557446571e-01
-7.111036220061531798e-01
-6.841829859982103690e-01
-6.507225729781144219e-01
-2.609754830521563915e-02
-2.808866107395831604e-02
-2.663911142081100761e-02
-2.851617437018137691e-02
-2.645974767429192312e-02
-3.031674633903871929e-02
-3.592092794623513025e-02
-4.707497128079182747e-02
-5.065830660443068623e-02
-7.141957888475912453e-02
-1.081493674087942863e-01
-1.627266982294499620e-01
-2.656456357870995988e-01
-2.781467511092635125e-01
-2.819587811157140411e-01
-2.871203639744444036e-01
-2.949019594589495363e-01
-2.942908574521396758e-01
-2.921941011269693633e-01
-2.864798345404637181e-01
-2.866742864844649685e-01
-2.673126581014143022e-01
-2.346278491063331917e-01
-1.857197698999206725e-01
-8.971941556344963098e-02
-8.523675406523277542e-02
-9.090246014265662700e-02
-9.068732040143906437e-02
-9.185059945069939946e-02
-1.084068554961155201e-01
-1.382783401284433389e-01
-1.388166831441907390e-01
-1.408909446533191390e-01
-1.853846845131352505e-01
-1.844674483741024773e-01
-1.749773664885010682e-01
-1.698135175232766969e-01
-1.601784611773381106e-01
-1.830673297498915941e-01
-2.478858128915737424e-01
-3.166335012853882525e-01
-3.935426527280714293e-01
-5.892669477667386024e-01
-6.034086207072543173e-01
-6.269370732362364862e-01
-5.874732592899158945e-01
-5.900011570854875043e-01
-6.005255891453983308e-01
-6.202700336535328374e-01
-6.492280709707149988e-01
-6.287803493427650547e-01
-5.676750679004973765e-01
-4.997599819373859109e-01
-4.432672214385684484e-01
-2.275763796654340088e-01
-2.650146646676920237e-01
-2.433382683889274423e-01
-2.374234362277993782e-01
-2.332786893644702431e-01
-2.262013582669204492e-01
-2.022667187082379525e-01
-1.886979927584515604e-01
-1.933238047837637918e-01
-2.331280582739685414e-01
-2.383782224057840737e-01
-2.061024466876164862e-01
-1.890262325852825886e-01
-1.289316996960993833e-01
-1.191437201039747124e-01
-1.187597884655798713e-01
-1.181768854934259899e-01
-1.152358237949534098e-01
-1.190045094285628879e-01
-1.029058354563633787e-01
-8.612456514187231960e-02
-3.609471025473107719e-01
-3.579459549465935364e-01
-3.734886814104446118e-01
-3.804852736070661323e-01
-3.808606602536644403e-01
-3.814323861542300853e-01
-3.805211685856586534e-01
-3.818987412564882611e-01
-3.862288386227858417e-01
-3.832333384659380449e-01
-3.890609556793537815e-01
-3.919387892151443009e-01
-7.621076272968137222e-02
-7.715038417318474673e-02
-7.952371567337650216e-02
-7.709348322506025253e-02
-9.141797263943979290e-02
-1.101046216650162640e-01
-1.112096393458602700e-01
-1.191542656455555488e-01
-4.607755080580975826e-01
-4.494008693790559339e-01
-4.539304832568791248e-01
-4.564949318554549773e-01
-4.494303404610245356e-01
-4.544972400249753242e-01
-4.438057183186254195e-01
-4.760157032351905459e-01
-4.896182588425081472e-01
-4.759646479608335423e-01
-4.788299116197533567e-01
-5.050683413953510614e-01
-1.578943280297646634e-01
-1.661021494177897240e-01
-1.555566861752118168e-01
-1.462749171638712264e-01
-1.433986426269148740e-01
-1.249037819332636939e-01
-1.083338434483327867e-01
-7.247148798580567430e-02
-4.502781960426444074e-02
-3.873824744014928156e-02
