1.707631103518364923e-05
8.763650021243112767e-07
9.844830196187524639e-07
2.304543953703931185e-06
3.775079979579874708e-07
1.605085516948048053e-07
1.517168628635152922e-06
4.713869025935382023e-05
9.185305251666262621e-07
2.739746604119650890e-07
3.097505564427469421e-06
5.030417332734363932e-07
9.461453268801035940e-06
7.934959124801225196e-07
1.270501716385028811e-06
7.915483062470996145e-08
1.060266500787693909e-06
5.281705366556077087e-06
5.099288525241213086e-08
2.507867841445234497e-09
5.214618552975075979e-11
1.591164012384129937e-10
4.565043456457737727e-12
4.001440879175026749e-11
4.735555183250837531e-12
1.545035703981147980e-14
1.168411202098058732e-14
3.522539370275815708e-15
9.764320034332371501e-17
1.146941184075986852e-18
1.259439328988207294e-19
2.741416975388919348e-14
4.041794415287263446e-16
1.446030410350732722e-13
6.964292206397251741e-16
8.310832856053973856e-15
9.677265644207373431e-16
5.844803976890285745e-11
2.052094333333026824e-09
4.883232272295711288e-08
9.896404871276836847e-07
2.801193200070315877e-06
8.120515846722064775e-06
7.133699224540119589e-05
3.144385674258474658e-04
6.023034630365715382e-04
2.839246568929908632e-04
1.802340463358725452e-03
1.148993296476600277e-03
1.125862920571277020e-03
5.323508665623294996e-04
8.579725473151971014e-04
5.245018439069764433e-04
4.625349191066200358e-04
2.251515294701408182e-03
2.255668656160844145e-03
1.415243122444420111e-03
7.118166907397116203e-04
1.071180652664841795e-03
5.672147033505307249e-04
3.723925558901135442e-04
1.721344226737497353e-04
1.681548886454816664e-04
2.398030072447116065e-05
1.732460593483374029e-05
1.261025501323915929e-05
1.558345628158525707e-06
6.535983350414574699e-07
5.108715737924300897e-07
3.234217795664545556e-08
2.115956983705738446e-08
6.729249969707670465e-11
4.493905633233350994e-13
1.524703511261133620e-12
8.388887714845034524e-12
5.429614691202068622e-10
1.789140866364509087e-10
1.070982358408951389e-12
3.001761942139256802e-15
4.472250119496448179e-14
2.044930623421633459e-15
6.967340518888445491e-12
4.818416665333445062e-12
3.740733959217310358e-10
3.725733703001190199e-10
8.951355308295505495e-08
6.650696736291731522e-08
8.441315546713441805e-08
8.303278363723321614e-08
5.534043831523460586e-07
9.326766367570759679e-08
8.285773534320621413e-09
1.077611798595039279e-07
1.907823501138598824e-08
4.922411108405759446e-09
3.326523252474082993e-08
1.023456201992949901e-06
5.427009872060087784e-06
2.780609260215504059e-05
1.012788485955921398e-05
1.073172567569503390e-05
9.264944701748758767e-06
6.031025081257652867e-05
4.523815018329967793e-05
6.402420496263704097e-05
1.248307030454167908e-05
3.600085273969750549e-06
4.157912690281900728e-06
6.957930760849088378e-06
1.048723662442812859e-05
1.390120651930211508e-05
5.038206354642300283e-06
4.259799496031479278e-06
9.908552201510421656e-07
1.648303088568687268e-06
8.104406071072121855e-06
4.576606697075120374e-08
7.965163847212704718e-08
7.668561992604363487e-09
7.989935783381520089e-08
4.418369958430590785e-09
5.305859221037536734e-09
5.012379874708404333e-09
1.418257359861096779e-09
5.047073458391048232e-09
1.818733096010530302e-08
2.803805221352758213e-08
1.060788203745611079e-07
8.153658698762516117e-08
5.357997784242331252e-07
8.398283474509874554e-07
1.332705678879328893e-05
1.209156472023168756e-05
4.220602821991846281e-05
1.090489123665636096e-04
3.059499363944746765e-04
1.952467211828428490e-04
1.588080884220890152e-04
3.572392941170607567e-04
8.973486630315348554e-05
1.452300715629308101e-04
1.915624825731624130e-04
1.658378335705668516e-04
1.111324995815052530e-04
1.746955140820343139e-04
6.401320785697273467e-05
1.206314899413084480e-04
1.228287454184948167e-04
1.116771586666613880e-04
4.588428553617261057e-05
4.875101142426219267e-05
6.700062024108904119e-05
4.784898014155873543e-05
1.319917321501960783e-04
1.266490972413892842e-04
8.286324838724827893e-05
5.099041919369662551e-05
8.374137050136715881e-05
7.123472540094969233e-05
4.809307415759333018e-05
5.782075998158570465e-05
2.132215843078423556e-05
1.708378063591899684e-05
1.434026991634203898e-05
3.923100981263238182e-06
4.972142212069191186e-06
2.895927285957261861e-06
1.643466471890873727e-06
5.543490798723149535e-06
3.405894657171615088e-06
1.392508928245563317e-06
5.311705573742205100e-06
1.515300164696024468e-05
9.478508343398821495e-06
1.474557270483729121e-05
9.386974053712008145e-06
9.317044136814299276e-06
1.594976274563932473e-04
6.380662455146034521e-05
7.550843126414384502e-05
7.031615164526540515e-05
2.502995618501923172e-05
2.366168439506224528e-05
1.067212634432716703e-05
1.881006725012122747e-05
3.346504280365968380e-05
5.297878394285549948e-06
2.352866215935889144e-06
2.883253124368143167e-06
2.434571159725383390e-06
1.418928453547917728e-07
5.015103525468639411e-08
4.611135625401507217e-08
3.944878808474332695e-08
6.412218157100953310e-09
9.114431050889678422e-08
1.906737196382495732e-08
6.793812809417187606e-08
3.202781262063408277e-05
4.628301212730923538e-07
2.888219746920761861e-07
9.982752374898454499e-08
1.406395872166662945e-07
9.561070551252100124e-07
2.393478295142006634e-07
6.198466229273335866e-07
1.113526700502486665e-07
2.475495937768802927e-06
5.145659094317709965e-06
1.583400044413320595e-05
6.209023554586259657e-05
2.012210090680003926e-06
3.205312760628649013e-08
3.711988394092088633e-10
2.889092003269504178e-11
1.682029757667255389e-11
5.581235925217379825e-14
1.476629571677552225e-12
1.324624539706759904e-10
4.952460013307170785e-10
1.397474761535029091e-09
1.315361927159264504e-09
2.097556228620281557e-10
1.826724642357585168e-09
2.045305065862554170e-11
3.551949188766640322e-18
5.249617947585344581e-32
1.638198424716861349e-20
8.720995167954470764e-19
-1.433804808763806181e-24
-3.733170666308680557e-15
-8.146508111103480389e-21
-4.846846568928462935e-12
-1.119048446624030433e-08
-2.733558773807485227e-08
-8.867045939747398440e-07
-1.573796571325689700e-06
-1.130585697507187284e-08
-9.346552578771720403e-09
