2.726603370004695750e-16
1.390238149209725972e-16
9.268635837182461626e-17
7.208357893565956171e-17
5.829230895404667301e-17
4.887484208169876718e-17
3.633141241105887418e-18
2.737909179952480013e-11
2.737909180146310403e-11
2.737909008892637630e-11
2.737908956783426882e-11
2.737908926991729361e-11
2.737908906822863335e-11
3.962936150094414399e-21
1.170834682523334361e-22
1.861142517507645488e-22
7.402684298183672841e-23
7.889910391859668963e-20
2.036251644553463263e-19
2.044959042918672073e-19
8.820991487048117857e-18
1.181907613744395805e-17
3.655982274550165758e-16
2.405629701523357440e-14
1.435783865418377994e-12
2.012731326974090771e-12
1.543561386996923042e-09
1.547458099672856648e-09
1.563659549330570192e-09
1.683214190304360148e-09
2.158941503156463371e-09
1.778044055575305274e-02
1.778043945194994480e-02
1.778043951854237775e-02
1.778044161825877156e-02
1.778044162081293331e-02
1.778044118318279979e-02
1.678042384649026941e-02
1.678042431014979338e-02
1.678042427652948546e-02
1.678042396574454947e-02
1.678043015528747281e-02
1.678043026965438458e-02
9.216994077687612474e-09
8.509957518262380526e-09
9.862141373404333080e-09
8.088834266606985644e-09
1.785875434417143593e-09
2.488283515584845638e-03
2.488283536734540047e-03
2.488284818885140148e-03
2.488283494644756132e-03
2.488283563305648208e-03
2.488283554967950489e-03
1.679047940903362740e-09
3.759731247151105668e-04
3.759716482641184475e-04
3.759715834602058316e-04
3.759714829743963254e-04
3.759714825955267552e-04
3.759714749318674430e-04
9.348735616661792189e-14
2.544293076102436045e-14
1.704176925786653452e-14
1.580317935141001616e-14
1.578390627884580224e-14
1.422494135742636192e-14
8.086894152737828685e-17
0.000000000000000000e+00
0.000000000000000000e+00
0.000000000000000000e+00
-3.525879844700409856e-18
-3.526975125695930742e-18
-3.526975125696543959e-18
-3.526975125696545499e-18
-3.526975125696545499e-18
-3.526975139891126050e-18
-3.526975139891128361e-18
-3.526975139891128361e-18
-3.526975139927325059e-18
-3.526975217642383923e-18
-3.571214515980710094e-18
-3.055435978211291720e-14
-3.055436025179994286e-14
-3.055436025190864158e-14
-3.055436025481774603e-14
-3.055436025474419264e-14
-3.055431601549714625e-14
-3.527447940783471934e-18
-3.526980616769956900e-18
-3.526982251098239585e-18
-3.526979731556535321e-18
-3.527119708443507282e-18
-3.527326147052894201e-18
-3.096613253416607550e-14
-3.101153753718824994e-14
-3.164524158238066030e-14
-3.166380509985041360e-14
-3.654692160909362718e-14
-5.273896578811429695e-14
-3.844223217459643877e-13
-1.016108681334823419e-12
-1.015814940285701271e-12
-1.017570013810338790e-12
-1.249596958463253547e-11
-1.250488115719783224e-11
-1.214247338199855058e-11
-1.176651552709635282e-11
-1.176734317360607025e-11
-1.176976232735807650e-11
-2.934112812114595543e-13
-2.685897082951163701e-13
-2.783517196731637074e-13
-2.259009571844451774e-14
-2.142254784915664042e-14
-1.723094220506497325e-14
-1.564351180028178637e-14
-1.536148435194586396e-14
-5.366935084578953079e-15
-5.354696114404595328e-15
-5.651315176649137167e-15
-5.652257498582336216e-15
-3.154548228671359617e-16
-6.483175917111055397e-15
-1.707638265213275914e-14
-1.850593520459663371e-14
