5.869595818448038801e-05
4.332280205152609512e-05
4.373897056310949600e-05
5.407566562619195471e-05
1.241796781035537278e-04
1.100272689516151788e-04
1.059276168966518213e-04
1.449116645765720867e-04
2.776716686347502740e-04
2.896156975477423979e-04
2.370929387331753124e-04
2.405263241762652798e-04
2.473556096724484235e-04
3.794278225395557248e-04
3.947741863752703313e-04
4.383932327442689823e-04
4.502276083875464342e-04
5.580041848486022105e-04
6.408803040735326596e-04
4.910796056307648906e-04
4.323593523722407054e-04
3.889956378810188373e-04
3.926477700631914730e-04
3.116169102027077122e-04
2.450742144219860991e-04
2.554404430681773150e-04
2.468600247857101102e-04
2.347195564596739261e-04
2.241827010518683203e-04
2.268473626480075082e-04
2.220249374114852418e-04
2.722851682906219837e-04
3.258310313982580760e-04
3.277660731334024430e-04
3.395524568770748731e-04
3.294262152868514021e-04
3.386754910973763938e-04
4.155338846292923934e-04
2.879497556092054850e-04
3.170486193657686379e-04
5.615548873189275597e-04
5.780004012865968968e-04
5.765617070654822929e-04
4.867245975085372875e-04
5.073822456792912708e-04
5.360832735484704660e-04
3.251997765735753303e-04
4.283983314928010099e-04
8.108281400645084768e-04
2.525909908158481369e-03
3.940969851149754739e-03
3.965823030037760738e-03
3.908953544725770300e-03
3.777511377392762330e-03
3.368122476240841337e-03
1.580454239017872351e-03
1.311348019106990670e-04
3.240996790233630380e-05
2.540616853872044892e-05
7.956023910793441441e-06
3.081274018038677668e-06
2.106163222714134797e-06
1.512027463029837241e-06
1.408898288527776601e-06
1.351205979770348493e-08
2.921884680130670971e-11
-1.906924663070236809e-12
-2.025877022129708464e-12
-2.093056153040526270e-12
-3.004308936488649665e-12
-1.447789704153945679e-11
-1.429283605559748573e-08
-1.429222593438870625e-08
-1.429210698217425041e-08
-1.429214401975479797e-08
-1.437739201426892299e-08
-1.772114529344606139e-08
-3.493188675527766876e-09
-4.542025757521013336e-09
-1.592452489824247256e-07
-1.716816712989420113e-06
-3.489817647542843708e-06
-7.090653281849419012e-06
-7.917442497756173517e-06
-8.270826767385329559e-06
-1.056020353265841801e-05
-1.167854724591436131e-05
-1.191157162363354559e-05
-3.883107746276925979e-05
-1.237839251978235767e-04
-1.272161594400097345e-04
-1.401886077607381596e-04
-1.452065116321773987e-04
-1.437089779252018770e-04
-1.151789654680947543e-04
-2.960268147458550460e-05
-2.607740264746006970e-05
-1.066450156792938784e-05
-2.975107575002761494e-06
-2.466529871473622344e-06
-4.728443885322818833e-07
-2.694410295623266810e-07
-8.052454901702901168e-09
-4.425225205834228679e-09
-5.606055352864476491e-14
4.733759793193135042e-11
1.893524106269358568e-09
3.582791802816734143e-08
4.877947367209240516e-08
1.178938117415172054e-07
1.816336419436242089e-07
7.392223665587338266e-07
9.526826721123546154e-07
1.218852424343680327e-06
4.488814418623536221e-06
2.659312257210751443e-05
3.198540477816458588e-05
3.354010648290155786e-05
3.359578107795630712e-05
3.370667683303710477e-05
3.079498771637972470e-05
9.205153013441222951e-06
4.399658498428219626e-06
4.009915656692382911e-06
2.496546737860237862e-05
3.201158553254729582e-05
3.977982429644066794e-05
4.800260625326360667e-05
7.266658858880922767e-05
7.541321696107682157e-05
5.661328456086248497e-05
6.734119342407012736e-05
6.222141145701044372e-05
5.588360027414934343e-05
3.091408590952592848e-05
3.758066736199735218e-05
3.633538521263814488e-05
1.949485418219516690e-05
1.726602279401171091e-05
1.592676020849936085e-05
1.878127891651121343e-05
8.679822590176499103e-06
7.503976043765733121e-06
6.173885447484640619e-06
5.404383702946974199e-06
4.297660952984465919e-06
1.102079055572275516e-06
8.163365433669626209e-08
7.616237749689535647e-08
6.175708596422311105e-08
4.040898858526042341e-08
1.783576147256403054e-08
1.390344953689541168e-08
-8.528685597512376241e-08
-8.531581677909157629e-08
-8.531581679621176652e-08
-8.531581679621176652e-08
-8.531581678538795600e-08
-8.531581677075963083e-08
-2.853637271688990270e-11
-7.699360938007505744e-15
-7.699155400352015272e-15
-1.131262293005497705e-11
-1.402846380845756871e-11
-5.613386561221520326e-10
-8.648454997635299277e-09
-1.237972596476441641e-07
-1.151461064227763041e-06
-1.166346927509767756e-06
-1.386480921907189138e-06
-1.539982882921077208e-06
-1.592908218067034805e-06
-1.589848065115239449e-06
-1.265709059148903678e-06
-3.144218286404232448e-06
-2.947906201099942815e-06
-2.806462257297451217e-06
-2.748768880432937204e-06
-2.653680402211675180e-06
-1.951435824550339754e-06
-6.107329761494495262e-08
-7.453336900561928103e-08
-1.497379120969570414e-07
-4.098191568288878690e-07
-7.493210067110933033e-07
-8.928729661041617986e-07
-3.365261755755626300e-05
-3.372948788803849051e-05
-3.386672219545499966e-05
-3.369028740136731701e-05
-3.953927868536120775e-05
-3.941497532426943296e-05
-6.653963630289745136e-06
-6.542447081726070961e-06
-6.317443056846776485e-06
-6.230834024490806771e-06
-3.060295039950769209e-08
-1.048070275811018336e-08
-8.949669162365609323e-09
-6.405808737328789784e-09
-7.611028547524628395e-09
-1.068805221100475421e-08
-1.549728031443294652e-08
-4.049673966324797495e-08
-1.304449926485831424e-06
-4.514288289666582043e-05
-4.678858555420292400e-05
-4.728047458372327351e-05
-4.952652442203625294e-05
-4.952342088987376183e-05
-4.826097085013605128e-05
-4.429866119934546861e-06
-2.782967174042966604e-06
-2.287678620154964338e-06
-3.155732049194150774e-08
-9.254821691070828707e-09
-7.505942203814307764e-09
-8.308440712755585495e-11
-3.370073918443800313e-11
5.547730670907518169e-09
1.001837459070946577e-08
1.047976416122847750e-08
1.060892898498027258e-08
1.208114434674258555e-08
6.349577571284841570e-08
1.660267647422390626e-07
3.306936646371122616e-06
1.209700169527105422e-05
2.388426239899443991e-05
2.540604120890247117e-05
2.806511425502516594e-05
3.326782281743135520e-05
3.056328494435060441e-05
2.182587835295878194e-05
1.010993258067099789e-05
8.616690446086702594e-06
6.731885573169325221e-06
1.594409652989558314e-06
2.469270191347549251e-06
