8.495112142492629217e-04
4.507376379741523929e-04
3.109405839622729072e-04
2.349751323388129826e-04
1.898324979089529945e-04
1.608558864112168379e-04
2.443075852999006522e-05
2.505948190713277503e-05
3.000271275452914593e-05
3.261461557403716124e-05
3.963048149591058474e-05
5.800763314978861555e-05
6.372637596917390414e-05
1.657670644856505573e-04
1.710879083036681428e-04
1.742218590834395970e-04
1.711970011703362559e-04
4.007487201761584877e-04
4.436091254541114828e-04
3.348989333420685399e-04
3.204994911421196182e-04
3.187218561940604743e-04
3.233630015611802899e-04
7.458983999513917409e-05
2.597490839008723365e-05
2.903601615730083346e-05
4.108014588894624798e-05
5.797175664235220516e-05
1.382527981045931055e-04
2.139278762700332190e-04
2.574228059792742500e-04
3.655942005285914092e-04
3.993819382601875652e-04
4.225616911531598322e-04
4.508947311758946478e-04
1.355416130581111591e-03
1.655769560448578899e-03
2.642365663127625112e-03
3.072925050944534404e-03
3.091609883633712145e-03
2.998071647291814922e-03
2.132685163322570795e-03
1.882915619845124426e-03
8.355213322006333062e-04
3.943227786786984083e-04
4.196584442362567748e-04
5.575015440022369892e-04
5.152995432743831495e-04
5.186940509918577542e-04
6.061992170209832978e-04
6.886995569416353618e-04
9.211754320079043731e-04
9.701260845982338831e-04
1.098022407603362017e-03
1.580590619025857039e-03
1.974413172068054199e-03
2.216726920719037930e-03
2.150006862026535969e-03
2.367587780252209621e-03
2.270561523592447544e-03
1.760375143999081543e-03
1.260136218327667602e-03
9.808560688755411233e-04
7.447133356765191703e-04
3.427935220384602938e-04
2.597494316214000619e-04
2.170115311388675337e-04
2.193606453809022984e-04
1.843521519163658119e-04
2.035939505827172368e-04
2.116096934084713205e-04
2.779839050896687242e-04
2.540066340117791465e-04
2.234618928926629313e-04
1.821394140224212447e-04
1.521510958927142342e-04
1.170835281786843595e-04
3.100067274251097849e-05
2.334348148612387281e-05
1.853207062101894562e-05
1.309301092221402348e-05
4.989148019110944407e-06
4.334549786848575113e-06
1.791377808608988188e-06
1.184294034092716433e-06
4.832429386683497670e-08
2.670327841070934314e-09
9.273048096554644021e-11
3.564830404005914635e-13
-1.039239846496328121e-12
-1.082236674456366380e-12
-6.213983038106286513e-12
-2.412916945619706787e-11
-6.157146756365032163e-09
-1.466863870975813193e-06
-4.064619646697931772e-06
-6.727290617038280070e-06
-2.451192828232110065e-05
-4.412306757994541464e-05
-4.661887531219065565e-05
-4.886489500991122737e-05
-4.740276419265359952e-05
-4.904652929236283203e-05
-3.280372510607348951e-05
-1.473408996088070938e-05
-1.348089629654370291e-05
-9.884456211167400448e-06
-1.018827673333206711e-05
-5.883315136013376259e-06
-4.341530965985375714e-06
-2.800035349800237859e-06
-1.551288264305093928e-06
-1.441001927683312439e-06
7.597281279961389655e-09
4.437277937111229242e-05
5.879402048731369542e-05
6.151208311684271677e-05
7.758896054166660838e-05
1.287792122835277329e-04
1.492493081386700503e-04
1.160266275917403123e-04
1.333519641475316465e-04
1.728679462566689922e-04
2.038429723555411409e-04
1.751017653006585819e-04
1.641882690522052188e-04
1.640187948722401457e-04
1.559432233140037305e-04
1.403040991775460623e-04
1.437091873236578628e-04
1.664921166657349521e-04
2.135372144690784004e-04
2.413137949701609332e-04
2.347984309383100582e-04
2.333748860714907893e-04
2.660292424293214469e-04
3.883958110405582643e-04
4.065058848414240204e-04
4.061958419369075986e-04
4.586311074808666348e-04
5.670368720737205661e-04
5.328368742353986652e-04
3.872505873983718666e-04
3.206014623515704431e-04
2.860514869544508319e-04
2.179118361895390191e-04
1.027359429354389567e-04
5.513846036837022211e-05
3.408418671143888620e-05
2.627686798132308096e-05
2.274240114256909290e-05
2.262665651700309787e-05
5.846411833135033659e-06
3.567540041633616245e-05
4.967040220992465118e-05
5.147639312676668814e-05
9.204641760492311437e-05
9.080377214335629747e-05
9.057007141151146492e-05
6.110461112025339066e-05
4.615407292280822592e-05
4.408413550759409158e-05
3.161332860038591984e-06
3.068521190228784373e-06
1.681245983957018412e-06
3.850396849537479158e-09
1.404674456176225771e-09
8.718971572580994689e-10
1.818234421431411317e-12
1.389188285772079963e-12
1.405964359000958652e-12
1.798777595699805623e-12
1.816341203200724892e-12
1.010207298499994646e-12
1.011271576228591100e-12
8.103067983055769377e-13
7.992408529067162280e-13
8.135325966512560025e-14
1.991920707259224662e-09
2.128774647405164316e-09
2.555045222460537311e-08
6.766863141251983545e-08
7.048301232919639075e-08
7.048501987281039814e-08
6.849351161296033292e-08
7.056982113335668371e-08
4.716231602230846277e-08
5.044103547144043418e-09
2.229716194605360542e-09
2.227706641860291847e-09
2.227338542167967586e-09
1.419347859426457825e-11
3.628957585934441762e-11
3.628957704974766272e-11
3.628957706328135859e-11
3.628957706151311140e-11
3.628893441620840080e-11
3.626968599480237915e-11
8.611296687805495387e-19
0.000000000000000000e+00
-3.764192208940959979e-19
-3.764490490612883594e-19
-3.764490490724627975e-19
-3.764490490724627975e-19
-2.196077838209899669e-19
-2.183770056971851288e-19
-2.182856222660299344e-19
-2.182557924661679219e-19
0.000000000000000000e+00
0.000000000000000000e+00
4.927672909308427662e-16
4.930090787880539267e-16
4.930095816497846238e-16
4.930096250633116754e-16
8.702271486850064037e-15
2.960452304272048675e-08
2.960513844177924882e-08
2.960513844153622977e-08
2.960513844153525039e-08
2.960513602127330501e-08
2.771112633901666492e-08
-3.797776149738757775e-08
-1.598992828582541710e-06
-2.829616909496356449e-06
-5.093514075503794130e-05
-7.803197368743802200e-05
-9.862557490411537375e-05
-1.047873031926226719e-04
-1.036111872956471935e-04
-1.023807467950775925e-04
-5.427524095162282843e-05
-2.717950108104751303e-05
-6.584040392669731130e-06
-3.871397714147151404e-07
-6.904433571585855668e-09
-3.284655193283799830e-07
-1.027024179745923484e-06
-1.101169338283403765e-06
-2.008300039716489645e-06
