4.806489076059973987e-07
2.281108701744484967e-06
2.508162151317260004e-06
1.949517375377950081e-06
4.321125023690955103e-06
3.822163810654488195e-06
8.524134520977537976e-06
7.714556568966261099e-06
7.796051419594896489e-06
8.851489067993778992e-06
9.304086099437461249e-06
8.547895922414786279e-06
8.511250343999855595e-06
8.206365112972750821e-06
7.963585856057905520e-06
7.941127882678353329e-06
6.790501335186484371e-06
6.680222369816805038e-06
3.618905884082858824e-06
3.448279995806796811e-06
2.744279143958253424e-06
1.215076818659609752e-06
6.257211753964540568e-08
4.342178627586565536e-08
4.001328905696377816e-08
4.767812093821401450e-09
6.890591533281250413e-10
3.483698681560579714e-10
3.436870641332351600e-10
9.506977660967757180e-12
-3.905876837845041051e-12
-3.926341388943531549e-12
-3.926544843358029195e-12
-3.926544843382939933e-12
-3.926581069740189747e-12
-3.926581069740189747e-12
-3.926581069740189747e-12
-3.926581069738894046e-12
-1.670930965560021976e-12
-1.595562892657128988e-12
-1.224897252704314447e-17
-1.210880652171925177e-17
1.689164616329169234e-20
2.072869822739497729e-20
1.927997386622964794e-17
1.953691447930794067e-17
6.942383100815293315e-15
7.055409145077073801e-12
1.028875477959212743e-08
1.215160787995515420e-07
1.745658363879345686e-07
3.194983931570599356e-07
3.273527474605269316e-07
3.273878429778211630e-07
3.578033444778589791e-07
7.559325417082522362e-07
7.595326949156741722e-07
7.600833102959874615e-07
7.921692085839576606e-07
7.922072969009642856e-07
7.820222097233629375e-07
6.709038403442202787e-07
6.231079548280776887e-07
4.783772521798537982e-07
4.720432882306260541e-07
4.722489834614809935e-07
5.148480448819631365e-07
1.337186931565338386e-07
1.475844791016923640e-07
1.953072857530998435e-07
2.559639010537606913e-07
2.928668582162214509e-07
4.974065243919524746e-07
6.149483169636284784e-07
1.679106991329963798e-06
2.089851820018919567e-06
2.243720892860005875e-06
4.980145184344231202e-06
1.137918350597740405e-05
1.776773215038427269e-05
1.970829071022762763e-05
2.408581914000952260e-05
2.426083769619617392e-05
2.424043316936389845e-05
2.403579689100136051e-05
2.391814614378886714e-05
2.284873359735029141e-05
2.243778691454041834e-05
2.228239745134509442e-05
1.954573236911271881e-05
1.307367948455902521e-05
6.668130994647190916e-06
4.710106495631996236e-06
2.843046438181674730e-07
1.654356712013154299e-08
6.438326107674505639e-18
2.090854970831227407e-16
2.091159289424696140e-16
2.091190392998572857e-16
2.091190392998595043e-16
