4.471358539761102063e-03
2.775119782272278141e-03
2.269688031403404790e-03
2.611019846475516430e-03
2.875732824294114937e-03
2.757418734566002838e-03
2.589277377818132754e-03
2.440864144065301410e-03
2.317622792570640279e-03
2.167706139307388254e-03
2.186770833810561167e-03
2.092805224989073478e-03
1.848071942634766859e-03
1.776727329291676689e-03
1.678792619888156779e-03
1.382903282083032060e-03
1.069757143720015012e-03
9.037873631376720307e-04
7.910430133815173114e-04
7.421345215700866872e-04
6.822941634853887027e-04
6.643819794972112254e-04
5.364722383518066851e-04
5.072807861839149883e-04
4.115350956102835074e-04
3.988561752563316953e-04
3.930653680923990143e-04
3.906020811903400804e-04
3.799737291129310843e-04
3.663975764779127376e-04
3.495463784056738782e-04
2.856632135847762409e-04
2.618849310956658885e-04
2.467068207866711794e-04
3.049841504898384245e-04
5.643197192868973800e-04
7.408790991258645863e-04
1.051689782654718994e-03
1.193634036477003333e-03
1.328661104261109590e-03
1.588123269109075397e-03
1.771882095354670788e-03
2.002783764873714446e-03
2.237172006979208389e-03
2.272332483387404928e-03
2.346862254061348688e-03
2.349987996937928040e-03
2.480811841280613616e-03
2.505673939487116936e-03
3.049865697413975656e-03
3.158009332915779829e-03
3.062946544316156369e-03
2.823895541721362524e-03
2.684001375640104620e-03
2.453396422297137846e-03
2.218599956761919175e-03
2.165280415715524400e-03
2.063336940790629678e-03
1.932339979472866244e-03
1.488027879418320557e-03
1.255082322807496474e-03
3.945845933201396166e-04
1.454315102029066535e-04
1.012637038307265930e-04
7.745799878188154184e-05
3.345935860325473590e-05
3.216120660300057597e-05
4.314515937577317292e-05
3.471814532465028518e-05
2.782576694165415834e-05
2.721130565347369291e-05
2.229015995199498646e-05
2.168001817108732138e-05
2.129208784211248891e-05
1.918077560479901659e-05
1.881917939017124311e-05
1.810688718865912538e-05
1.729944527385415324e-05
1.619415284437714008e-05
1.585348170625131197e-06
8.173846059518524868e-07
9.476395756001012910e-09
1.367487317560265291e-08
7.082721193282061683e-08
1.021997787885277370e-06
3.461361017220365905e-04
3.461679917297450729e-04
3.461737674774301534e-04
3.462100835309149939e-04
3.462247716750220701e-04
3.462246712188337804e-04
3.462186803232278451e-04
3.462170719935905145e-04
3.462166696166464673e-04
3.462125602724079880e-04
3.461553987301820728e-04
3.452042097817948512e-04
9.011392271895841944e-08
5.838182830582975336e-08
5.822187588301151212e-08
2.999602568422536395e-08
7.980355473536589511e-08
1.442536092283323161e-07
3.462194128084812192e-07
3.976376393201635426e-07
5.488447103757572843e-07
5.858962612431025468e-07
1.985166403974329144e-06
4.273095763476893728e-06
5.894013578345027416e-05
1.048601023826254444e-04
3.136048345156395223e-04
4.634752875686529486e-04
6.050499455009720855e-04
7.233449976421756902e-04
9.826163033026644091e-04
1.272393283402277041e-03
1.377549357600275177e-03
1.406552196550804211e-03
1.411603025429229242e-03
1.410985159345347047e-03
1.359869747811356770e-03
1.320242368280027468e-03
1.117195251626354382e-03
9.781559751945499790e-04
8.370968314501996610e-04
7.190799515397007296e-04
4.616460715449829011e-04
1.801668877102977897e-04
7.906106932080879857e-05
5.259494580064699373e-05
1.095049362547092999e-04
1.285856779830204632e-04
1.368292026068186249e-04
1.410180404219357612e-04
1.532198561260189932e-04
1.619850326981806855e-04
2.406891622548810929e-04
3.931238309650449798e-04
7.734745029899517876e-04
1.130606918701514965e-03
1.307469373189770225e-03
1.536194475605731288e-03
1.651891016547608719e-03
1.696713302894711133e-03
1.845532888216957872e-03
2.062388729899558397e-03
2.193194065510742970e-03
2.226907309746038906e-03
2.147676479635928903e-03
1.994899129310769622e-03
1.612508829709811400e-03
1.247027158946469863e-03
1.065961926024945128e-03
8.346629104293130062e-04
7.205188876617339006e-04
7.711921830839909729e-04
6.767887944442218867e-04
5.150520660499429684e-04
3.671222191092400285e-04
3.139756629908642773e-04
3.170936493810366905e-04
3.190223241637126601e-04
3.323216830809619707e-04
3.368696608922460973e-04
3.382473502757358413e-04
3.403920150811958032e-04
2.757576812383016733e-04
1.596939428207461208e-04
9.553121413512535279e-05
3.407897150355665970e-05
3.892592372551190421e-05
3.912590551351216361e-05
3.667203793092773729e-05
3.806450492022269132e-05
2.712009703783662621e-05
2.652751508619713972e-05
2.583910917464401366e-05
2.369452655434138252e-05
2.341630286783713715e-05
2.323365458762112641e-05
2.118502539828006853e-05
1.703655040437420534e-05
1.140886966567861793e-05
1.103702047728232965e-05
1.031958516279913198e-05
6.914158024879327772e-06
-1.833254129949819536e-05
-8.129738840709700330e-05
-1.417463443295673760e-04
-1.778953938485375134e-04
-1.788407398469394520e-04
-1.791304608683852309e-04
-1.796766270375511735e-04
-1.851691090135886583e-04
-1.888226460235274814e-04
-1.962419228263132974e-04
-2.310330942755827648e-04
-2.467104566633760332e-04
-2.239984401872071251e-04
