beta2
8.918756421709417292e-03
8.926333180812429102e-03
8.995721744533296052e-03
9.081193017539887502e-03
9.152969768466041184e-03
9.306066118663577219e-03
9.373234078912056830e-03
9.421372715753275132e-03
9.457245653231007021e-03
9.403055340453474881e-03
9.480956391762615856e-03
9.555546820445699058e-03
9.585209534446286622e-03
9.626427451553946912e-03
9.616079130818057374e-03
9.507356046603623531e-03
9.345655815972613717e-03
9.134113109616861723e-03
9.161942959670705058e-03
9.152566798781864438e-03
8.984298788981874562e-03
8.926004290614991676e-03
8.952060940451589399e-03
8.952230498977923473e-03
8.927068384927414404e-03
8.906984371398928707e-03
9.034834657642067807e-03
9.159646853028492047e-03
9.243144174752908337e-03
9.317040003264061288e-03
9.454568302859546469e-03
9.399872110074650872e-03
9.082369935081227585e-03
8.838332406915075379e-03
8.728560846134977846e-03
8.644812215639110717e-03
8.510801913847889852e-03
8.522968822020360324e-03
8.544032732171960229e-03
8.469026994425792737e-03
8.438061536314635236e-03
8.360074950078098116e-03
8.288316397968602950e-03
8.126039965329918263e-03
7.966901530922327127e-03
7.856209710855099893e-03
7.788620866304826057e-03
7.542226900648919125e-03
7.443144170428045436e-03
7.371460560258899855e-03
7.238918995841671714e-03
7.169775718033585474e-03
7.210457486972694785e-03
7.233867092696990436e-03
7.157915102110994077e-03
7.077570930023997092e-03
7.049541574946157838e-03
7.149598195489407712e-03
7.166441610355105823e-03
7.162369423980238965e-03
7.197801967460107017e-03
7.434647540323776997e-03
7.614417991980746737e-03
7.835222536735913720e-03
8.066330932519710784e-03
8.209916863584453342e-03
8.390797881438847444e-03
8.619206578426772541e-03
8.798349765565502065e-03
8.889134370857386391e-03
9.105071293673413016e-03
9.286569890628362453e-03
9.482800654595143278e-03
9.705533092920604066e-03
9.867167021078697420e-03
1.004235374162154061e-02
1.025514364920767849e-02
1.019628813949144050e-02
1.004743982447887235e-02
9.848657316683852997e-03
9.793179040908657484e-03
9.582354693441444415e-03
9.566245538735146034e-03
9.430041897213838065e-03
9.304931321408971279e-03
9.183665873288488976e-03
9.108337166503669563e-03
9.039039678520771268e-03
8.779013529408703082e-03
8.510792655320082584e-03
8.335488670243404452e-03
8.221577824561995818e-03
8.131027372722232291e-03
8.163540216097824043e-03
8.223571690485296376e-03
8.202961759728026950e-03
8.201221361546717770e-03
8.241050163445605772e-03
8.297697265470676403e-03
8.402460320233461760e-03
8.604131868013016604e-03
8.741756224735781899e-03
8.750953681597058859e-03
8.776158161077289577e-03
8.834596544842721402e-03
8.893616875705766603e-03
8.970091706140256860e-03
8.877854197551753729e-03
8.759116112936501247e-03
8.702519509606064518e-03
8.705187948692931152e-03
8.721580749123276910e-03
8.687569474668565758e-03
8.667967576351211928e-03
8.655911134131954315e-03
8.632505699312977704e-03
8.593714349424666846e-03
8.688299844532072769e-03
8.852722593519412805e-03
9.018686249849701408e-03
9.036181848160695224e-03
9.089682579574527230e-03
9.126661468879667186e-03
9.154375037256133260e-03
9.282056475902801876e-03
9.405475684963351610e-03
9.521103407507731931e-03
9.543235900079199280e-03
9.594096803315195487e-03
9.600233023348289998e-03
9.625782587599452864e-03
9.641795957236593689e-03
9.636003755611639854e-03
9.527784201740868014e-03
9.443102883276020126e-03
9.201308732909266319e-03
9.068797063913634771e-03
9.028283188899220713e-03
9.023632454475943171e-03
9.002022371544057822e-03
8.874798295224400196e-03
8.797602545309059913e-03
8.865421269947222627e-03
8.886803025228047492e-03
8.870004353889588550e-03
8.983752062248179932e-03
9.064680031495516571e-03
9.136705735408784390e-03
9.199858834646105696e-03
9.384674248103189870e-03
9.584159532363524872e-03
9.853650979968459067e-03
1.045158219062096092e-02
1.022622433418703125e-02
9.983176480264432245e-03
9.774663763349782097e-03
9.564425487628477190e-03
9.900661523082969137e-03
9.816705732467588541e-03
9.681180765702190189e-03
9.685367675729666948e-03
9.664935698109954759e-03
9.705881599862842962e-03
9.879114604759615254e-03
1.005940878607891262e-02
1.009329985109888930e-02
1.004843249592838814e-02
9.994604188424262986e-03
1.001271751234909108e-02
1.008218720670513505e-02
1.013306226588631467e-02
1.026816197101129008e-02
1.049877953607776700e-02
1.055771052145581396e-02
1.058474704297066721e-02
1.051340182557828316e-02
1.050372920857835408e-02
1.028573541895913199e-02
1.009268178356752949e-02
1.026028668715206829e-02
1.034347065042232755e-02
1.030387625490422274e-02
1.035574609916946505e-02
1.032570193092432684e-02
1.035513279631223443e-02
1.044514952996777706e-02
1.056954228468799488e-02
1.072461317770619441e-02
1.063295625221037655e-02
1.079052664350364441e-02
1.090366055296872541e-02
1.108617767864098283e-02
1.101594532097441986e-02
1.099477496684831551e-02
1.096630826410330793e-02
1.101036614596176411e-02
1.099882565482101712e-02
1.101046849737429695e-02
1.094102106644058783e-02
1.078958423871295355e-02
1.069576581845303222e-02
1.052882011486418364e-02
1.034038814502255543e-02
1.021538024887191400e-02
1.008693083061329952e-02
9.939664551244564716e-03
1.005045865191844801e-02
1.020319270063350589e-02
1.023300267056334936e-02
1.027173588365190571e-02
1.009645016844635569e-02
1.003038095884087322e-02
9.908726174765781353e-03
9.849333593356126432e-03
9.816492031831394738e-03
9.794235612868453997e-03
9.702147592223608202e-03
9.772081473343283142e-03
9.847880642165679835e-03
9.911910055055081492e-03
9.883996802287717959e-03
9.836135881741956549e-03
9.921678414911788702e-03
1.010531192339158418e-02
1.033818322995984536e-02
1.050139044739706665e-02
1.068533372333048230e-02
1.090692926602869484e-02
1.106474778839128953e-02
1.130542909047747846e-02
1.152179192119629977e-02
1.170818533110286330e-02
1.187980912669527392e-02
1.208809606113130965e-02
1.224198506543189985e-02
1.262970834547461237e-02
1.283721387421934111e-02
1.273268670035556521e-02
1.267403925239319815e-02
beta3
-1.027098029684809675e-03
-1.116900476228277180e-03
-1.278155125696028675e-03
-1.517365034151000724e-03
-1.817287061277306909e-03
-1.691837898058012359e-03
-1.662359716950655717e-03
-1.727129876877864798e-03
-1.775968982991549868e-03
-1.446028629245209350e-03
-1.286621364665873832e-03
-1.151048928499370707e-03
-1.026109154779530647e-03
-9.746121847699518604e-04
-9.815414886611935948e-04
-7.707684919519763520e-04
-6.286878371378434817e-04
-5.085717084348650042e-04
-5.052646645256754325e-04
-3.960963478001743726e-04
-3.826507460560212731e-04
-3.452101467906411487e-04
-4.429789238338674375e-04
-4.233957807601367940e-04
-4.596701528912718222e-04
-4.967309609252023878e-04
-5.029011893086868246e-04
-5.497892564719596272e-04
-6.562893952811605638e-04
-8.054955034225238673e-04
-7.504563548650343158e-04
-7.977475251268271311e-04
-8.377960437704037779e-04
-8.871165215093780761e-04
-9.486692133979651720e-04
-1.059634089440519063e-03
-1.172281269231591726e-03
-9.718435343059135447e-04
-7.631848394491591407e-04
-6.547374282591008872e-04
-5.977317413266170637e-04
-5.536908881900396567e-04
-5.528274933903100374e-04
-7.074975999494670246e-04
-8.103663725269184652e-04
-1.099958146054567584e-03
-1.273587828114844996e-03
-1.825725666491883649e-03
-2.793361610143017121e-03
-3.220912265306598993e-03
-3.418931679579824759e-03
-3.437839123923562210e-03
-3.076457722019861757e-03
-2.939541892864356611e-03
-2.983164201087880676e-03
-3.104497011266222663e-03
-3.173767455545234428e-03
-2.803092843776094217e-03
-2.442061136831083501e-03
-2.273194726847193627e-03
-2.113765233583895370e-03
-2.097204446202453540e-03
-2.045317108820813527e-03
-2.018172651204354264e-03
-1.943068973784169672e-03
-1.576903383431413948e-03
-1.215216763167712702e-03
-8.561278936051472735e-04
-5.504573978691217279e-04
-6.460356923732743723e-04
-6.625350772105911227e-04
-8.116817803704224395e-04
-9.338494114643581872e-04
-9.819863120546154511e-04
-1.174321108560741865e-03
-1.460373083791048588e-03
-1.669927358032562235e-03
-1.649061085002472135e-03
-1.841316642256294548e-03
-1.856136546555887772e-03
-2.029270392242901039e-03
-2.050360056025476562e-03
-1.872746124572136897e-03
-1.728392620218260900e-03
-1.600433061809959125e-03
-1.495976301764751198e-03
-1.403168509779359561e-03
-1.296887439137080471e-03
-1.537883334646819242e-03
-1.695735128570110368e-03
-1.710954880356540912e-03
-1.564517682294882563e-03
-1.543090488768379068e-03
-1.421196834773643010e-03
-1.265245652588657286e-03
-1.043445187320967164e-03
-8.441424323817219889e-04
-7.523201128387996175e-04
-7.927241608909167681e-04
-6.844703157112661147e-04
-5.968643882250242953e-04
-5.794903797861597657e-04
-7.023384535729377230e-04
-7.366187644173372365e-04
-7.101845889138289330e-04
-6.676759127575925511e-04
-6.496399723292926344e-04
-5.910836458572303869e-04
-5.621599946819470610e-04
-5.707326730326075202e-04
-5.808137331943842314e-04
-4.949436276425098723e-04
-4.834639846586437405e-04
-4.471031490080970040e-04
-4.135375243272963242e-04
-3.453238180594067012e-04
-3.273454862768796479e-04
-2.565994659413252778e-04
-1.821687104712837958e-04
-1.143738645579025885e-04
-2.130119702688835592e-04
-3.491861341718050416e-04
-4.010849519357786953e-04
-4.589813224947572601e-04
-4.651981687905532578e-04
-5.057004321117492549e-04
-5.017242689636428575e-04
-5.989426046326873278e-04
-6.589680490849949765e-04
-7.203949406707400470e-04
-7.803520830146368301e-04
-8.276416302285627500e-04
-9.044184177912531312e-04
-9.110272208833074302e-04
-9.293872072927121270e-04
-8.315248948733554735e-04
-7.531396350318104484e-04
-7.170522104214609952e-04
-6.801600090820212339e-04
-6.635617695423931452e-04
-5.268421548487334672e-04
-4.416210618737810610e-04
-2.147121142890886505e-04
-6.647096467024007048e-05
9.486302046927545686e-07
1.628590890024863777e-04
3.403557505228384066e-04
6.573003843921816983e-04
9.287597491730993464e-04
1.124338144456415046e-03
1.075257131224151372e-03
1.149141874152120272e-03
1.193901532814535147e-03
1.029785582967175477e-03
8.667185043275943803e-04
8.025622244033884948e-04
7.545401633804224139e-04
8.170672632939078237e-04
8.526492847991224647e-04
8.719866622929930674e-04
8.164280300967998458e-04
6.892442431137265138e-04
6.820193707428207379e-04
6.360132140467746054e-04
6.320814988291252991e-04
3.221310761767178974e-04
1.287127638369112940e-04
4.788382931027033683e-06
-7.494395916675305265e-05
-1.668984791192186783e-04
-3.119671831616353439e-04
-3.040988156313696690e-04
-2.766498887459017020e-04
-3.436568308115828512e-04
-4.228543588347188974e-04
-5.697832033605843699e-04
-7.228753579573765154e-04
-9.975951312576646687e-04
-1.122433635856481988e-03
-1.140979192185735073e-03
-1.122757033772949766e-03
-1.115981905074007107e-03
-9.461823196360175797e-04
-8.036770569962202806e-04
-6.961390874326418799e-04
-5.775013254734726216e-04
-4.414068778133240726e-04
-2.817479981043227678e-04
-2.904389808430082810e-04
-2.499466935349182648e-04
-1.648429621549573286e-04
-1.043874742569555678e-04
-1.736153113654177803e-04
-2.183334850678167764e-04
-2.609737859780706152e-04
-2.743780985937606864e-04
-3.065451518426265528e-04
-3.734563042546916282e-04
-2.766391016311266020e-04
-1.791122685264418478e-04
-1.199485242871172174e-04
-6.314056743245698730e-05
-2.189375990173228671e-05
6.649056525768447191e-11
4.975600086358726701e-05
1.349392834896899105e-04
2.895113116426507589e-04
3.337002539250909488e-04
3.348348209601350505e-04
3.197350293380474273e-04
2.639665015553127169e-04
2.296089412486602456e-04
1.465826057844237093e-04
9.097831013562420843e-05
5.063234151569453447e-05
1.731046917453722884e-05
-1.640286124758677300e-07
-8.031323544836672403e-06
-1.597912123383179512e-05
-1.928405371490091950e-04
-3.793209412609023848e-04
-6.465960345191867041e-04
-5.631172393535087157e-04
-5.067687015728665305e-04
-3.682537011372972817e-04
-3.436221273156794538e-04
-4.023554577847387927e-04
-3.830757479472108673e-04
-3.546324876864969961e-04
-3.521206861123860185e-04
-3.267510512975432694e-04
-3.133731100077191169e-04
-2.846078956817470131e-04
-2.944622395705076383e-04
-1.757074175805982364e-04
-8.523725398504661461e-05
-7.959732299245869691e-05
-3.732783334501787369e-05
-3.500565947415033169e-05
beta4
8.939228863786470608e-07
1.584857904953801277e-06
2.953667742596233975e-06
3.265338460384312468e-06
3.245115915047659039e-06
3.191368393903245087e-06
3.496475562285797785e-06
4.474668156730740207e-06
1.352887989252706422e-05
6.801651658809429986e-06
4.216412068467260781e-06
1.193278180760242687e-06
3.483285252131540339e-07
4.101672732125451110e-07
6.346093386016153386e-07
4.065230781448386222e-07
1.645742116930038435e-06
2.223465583770061537e-06
3.738405315607115075e-06
5.258552709144665830e-06
7.819914423721133139e-06
6.799414100237187409e-06
1.118534609652726679e-05
4.938393521838932472e-06
1.493418387917282115e-06
4.027017722009985313e-07
2.160057807391847202e-07
3.220897594854554735e-08
3.918452339660493985e-09
1.245133315185624750e-08
2.654887772409230032e-09
4.206219704765088365e-09
1.588159494308131706e-07
6.720736826706988174e-07
1.455751339629772685e-06
3.649432935573140491e-06
4.662702738606179799e-06
6.240503371908088202e-06
8.769680668361547375e-06
2.103097630938827083e-05
2.728911128948470353e-05
3.808984010669881441e-05
5.316742788289191335e-05
6.341789407497413708e-05
6.489975274839962678e-05
8.257452671684543141e-05
6.807444774044679541e-05
1.084062287568437544e-04
1.450261557731347920e-04
1.422064859178956290e-04
1.623806759716723278e-04
1.555977780535935527e-04
1.198407253618338482e-04
9.396936370814400012e-05
1.716068932895632607e-04
2.644265245526879670e-04
3.196546319208122804e-04
2.966030090858227984e-04
2.991554732467510908e-04
3.279160088385469555e-04
3.359020553533926157e-04
2.316817888063755712e-04
1.666808432519443421e-04
1.179708931892040058e-04
8.010139825847772108e-05
4.540330833165602293e-05
1.848788007325306431e-05
1.171567007850997270e-06
5.920253258584516901e-10
1.304859075819737326e-09
3.793505947596594072e-09
2.048863107653897298e-09
5.206460176349153379e-09
5.514478856012844748e-09
8.288691369292815529e-09
1.052797905436345629e-09
2.096501754663837117e-11
7.854058168537928452e-13
8.913284421733962869e-13
3.776855651918125076e-22
-1.054454522130116513e-15
-9.053545662726909364e-14
-1.555591528236589997e-10
-1.591636565623843485e-09
-3.615141043354850248e-08
-4.299009624159340469e-08
-9.415539027664740295e-08
-4.301748303505962983e-07
-1.106073366857244814e-06
-2.153668856286027271e-06
-2.746330905083351486e-06
-3.699575736514672236e-06
-8.138616752820119414e-06
-1.119275227763788210e-05
-1.492822183757967290e-05
-1.707608499023005738e-05
-2.088825358230788964e-05
-3.830325998233859760e-05
-4.198262688025783965e-05
-4.397445097561659451e-05
-6.166669688841160384e-05
-8.279554551666556787e-05
-6.850743054676670918e-05
-6.923392250527066541e-05
-8.678266567681297170e-05
-8.755648588609044958e-05
-8.798209569991428708e-05
-1.028628915791085887e-04
-1.077957172952467933e-04
-8.751309413787346811e-05
-6.531862866648124562e-05
-7.206750963420567222e-05
-7.199118399530199516e-05
-5.526207465902319973e-05
-5.591822524693976833e-05
-4.559850137775926928e-05
-3.046353977615733730e-05
-1.521126838286948041e-05
-1.268381825240153527e-05
-1.046650006411549876e-05
-8.754157188226269708e-06
-5.939322160490366811e-06
-7.951858606914200147e-06
-7.040336232319196207e-06
-1.223039411675847150e-05
-1.060612248894726852e-05
-1.652636327924757943e-05
-8.422399134949272009e-06
-8.377402074387460974e-06
-5.472811998650490854e-06
-6.671967744357618703e-06
-5.743592990358933317e-06
-9.065632193749771823e-06
-1.260865467676158553e-05
-1.221905258147593286e-05
-1.116335587714518786e-05
-1.089121872887691052e-05
-7.649393096511719208e-06
-3.814248964401120922e-06
-2.482605266376227471e-06
-2.493349670776106528e-06
-2.926784092168541743e-06
-1.417045211449812974e-06
-8.264158777047012734e-07
-8.978444583934410036e-07
-5.333353518526903402e-07
-4.130168388718075953e-07
-5.963624800991133609e-08
-2.832000063965300205e-08
-6.115563406043039694e-09
-2.040585814316501768e-08
-2.306803973104721472e-08
-3.314154558379333942e-07
-8.220444959129559015e-06
-5.482495191641926764e-05
-1.297958951124749587e-04
-2.394638460422782351e-04
-1.897122512216961718e-04
-2.192003063299244412e-04
-2.797112641282992348e-04
-3.369738162018859860e-04
-3.945694822152621831e-04
-4.615057337028612367e-04
-3.110284151357075796e-04
-1.859936605917955860e-04
-1.832830004845570424e-04
-1.897075260952584539e-04
-2.116952563037381870e-04
-2.558978121711842483e-04
-2.549331284862371054e-04
-2.824302370410147105e-04
-2.145565795163411889e-04
-1.824104064852321216e-04
-2.181296172460407223e-04
-2.233570262519736678e-04
-2.487221577996340314e-04
-2.903120629665809863e-04
-2.828132576964000576e-04
-3.003387233527497519e-04
-2.082299970881520219e-04
-2.219172872054638891e-04
-2.008070606153281902e-04
-2.302983735646716378e-04
-2.285743563445122718e-04
-2.118215783912246212e-04
-2.163978497165057707e-04
-2.112412759019630386e-04
-2.264143317024032605e-04
-2.488286485835821153e-04
-2.827921064229847086e-04
-2.907146247083165660e-04
-3.040559447851990922e-04
-3.083276656319313054e-04
-2.904937921225463331e-04
-2.877445134626245658e-04
-2.842888301196645220e-04
-3.175454692704394251e-04
-2.903376168556372574e-04
-3.519478078510329460e-04
-3.860569623429390253e-04
-4.319973388509528215e-04
-3.875227210435489857e-04
-3.827294087872387608e-04
-2.970483226611956738e-04
-2.686280069328608917e-04
-1.983616349647626068e-04
-1.706929016262628655e-04
-1.827154074159889000e-04
-1.834140049084742239e-04
-1.869580388716832241e-04
-2.214846214796425787e-04
-1.995434099135143431e-04
-2.135934506372374185e-04
-2.123528415898525107e-04
-2.179094343796429494e-04
-1.943268483918480214e-04
-1.932265585681636829e-04
-2.301759121300200580e-04
-2.155591068886881546e-04
-1.750328048225636155e-04
-1.685250834742893738e-04
-1.487411477054284320e-04
-1.383626554701823913e-04
-1.241952013467877798e-04
-1.205815105319018454e-04
-6.979044965031423698e-05
-6.915127430228004343e-05
-7.070630642202806128e-05
-5.489052486656257734e-05
-5.501736014893300017e-05
-5.610159273271655717e-05
-5.713593517338521027e-05
-5.704773381999954135e-05
-5.586652434235753423e-05
-4.632144169957008685e-05
-3.969186193760798810e-05
-3.402781615446393568e-05
-3.550680123249962036e-05
-2.536783398768069619e-05
beta5
1.457458550943200762e-10
1.327504120632204182e-10
1.760451343525077463e-10
7.501937335488012227e-10
1.203703747126882282e-09
1.416626071360539192e-09
2.724247415337365757e-09
3.135848640377879909e-09
3.448258061854054912e-09
3.432604455502102364e-09
2.916392309058011939e-09
2.061668448895217468e-09
2.103305938432475324e-09
1.633963613632500550e-09
1.191406303496943659e-09
1.190217598147362456e-09
2.325341723769687216e-10
1.378703108435675218e-10
9.792096721068151142e-11
8.402042783984450737e-11
9.082837272942068725e-11
1.106280851311581680e-10
1.045526217701740496e-10
2.585201490105061614e-11
4.134001317697529103e-12
4.218136768745192003e-13
4.916190620540792137e-13
7.325395472106041661e-14
5.218576843965320831e-15
1.685634595109113318e-16
9.974124301824838528e-19
2.801557515091751557e-24
-1.667153652029998749e-23
-1.214093119106566587e-17
-8.536556602311758300e-16
-5.438194718922216007e-14
-2.830636912128534591e-13
-1.703861385337838701e-12
-2.198143197783957039e-11
-1.023462807005203249e-10
-2.555272952605515575e-11
-1.364253271080712615e-10
-5.489352776896847906e-10
-5.098527202189467163e-10
-6.728468313214768121e-10
-3.846124499314305879e-10
-1.807477934332232654e-10
-5.148918921566503257e-10
-3.158359335802343558e-09
-1.890649951350480571e-09
-3.504962297347092986e-09
-8.484135672622972323e-09
-1.465777842780670792e-09
-6.062068655049695812e-10
-6.492911929539356541e-10
-1.116239734620810297e-09
-3.693250297364022439e-10
-5.911189438556673045e-11
-1.411367887537274287e-12
-2.349392707799263542e-13
-1.210823616003627538e-13
-3.873539779631726293e-13
-1.582208524624330691e-12
-2.839123029492930707e-12
-4.908555545027291156e-12
-4.224074845810342159e-11
-1.855602473391082988e-10
-5.056136033842553976e-10
-9.448602582240956501e-10
-1.455556376647196465e-10
-1.207508525029560018e-10
-2.122342148005316867e-10
-7.920633354964589101e-11
-1.514378081830966069e-10
-1.696935331016576554e-10
-2.583879901725907327e-10
-4.491482612241499120e-10
-2.410433513542099095e-10
-1.781810167039582734e-10
-1.792749941662212388e-10
-3.507546665642720042e-10
-3.154967300573577978e-10
-1.942518537495492049e-09
-3.587387317745111451e-09
-2.799904887960037827e-08
-2.004719473885399187e-08
-1.005488198195188036e-07
-3.226140282323023346e-07
-2.177352081629388814e-07
-4.156127005034877668e-07
-4.725406217080697783e-07
-9.198390014195773328e-07
-7.013239583886645027e-07
-9.619248677155265822e-07
-1.572952982077389937e-06
-1.278297784679198994e-06
-1.520191873981973264e-06
-2.498903977269736203e-06
-2.009812431616430450e-06
-2.606655742830258871e-06
-3.339825316751128190e-06
-3.842642021447917934e-06
-4.714008174188591353e-06
-5.188597043487387986e-06
-4.826196913232011406e-06
-5.077664791197806303e-06
-3.480472769077064510e-06
-4.302493264905577340e-06
-4.790286273368069884e-06
-4.789349685996044423e-06
-3.258326336897822344e-06
-3.724033470326896183e-06
-4.034053518218967544e-06
-3.008156265630719700e-06
-2.351195515014962380e-06
-2.236007954040653464e-06
-1.984897848790338989e-06
-1.685321144054013835e-06
-1.391873816063500638e-06
-1.239220925351040863e-06
-9.037822730591290378e-07
-8.313702929246075197e-07
-8.954963682417278493e-07
-6.317745097135985732e-07
-9.501907000733121427e-07
-5.235006226048222636e-07
-5.545262306980018536e-07
-2.515010917334784224e-07
-1.796622883363381455e-07
-1.109141237735462275e-07
-4.543659735377633925e-08
-1.420916740213141826e-08
-1.543078098692432328e-08
-1.273043356795733728e-08
-3.281741345174033400e-09
-3.380220876810625576e-09
-7.913141444492337709e-10
-4.837679357599807477e-10
-3.986583127068464655e-10
-8.006978743828468581e-11
-7.377961004759917504e-11
-6.561283067783757202e-11
-5.046514914869680684e-12
-1.449529009608991662e-12
-9.162238080018630028e-13
-7.338483407308652845e-13
-3.198174508523558894e-13
-1.276168966917991756e-13
-4.134683422770865648e-12
-4.800148501711688720e-11
-3.997556381783650073e-11
-4.325092364389536925e-11
-1.498376565944765733e-10
-7.147163448600548358e-11
-2.372130765845477812e-11
-2.230281934159158357e-11
-5.486768519245827941e-12
-2.139385977808480788e-11
-9.214960698212720126e-13
-2.786321052041661698e-17
-1.240152593269799065e-19
-5.073058612917002076e-18
-6.400846591066781971e-20
-4.626475640703338423e-18
-1.956415627777116922e-15
-5.803446431757460529e-15
-8.119957126253651475e-15
-3.402655166842571642e-14
-3.151056671390606388e-14
-8.605658730591986197e-15
-1.202911284207037710e-13
-1.520353915962045169e-14
-4.280454669927076430e-15
-1.527670557440261862e-15
-1.333597709437853020e-15
-8.357269740565549236e-17
-2.064124515456674219e-16
-2.376757884143537045e-16
-3.138396355179663212e-15
-2.060530079057686433e-16
-5.504097443270655581e-17
-8.940313546601064670e-16
-1.596259777178225085e-15
-1.221169015695618987e-15
-4.630516172513835015e-14
-2.033616985032849156e-13
-1.002832819526635041e-13
-2.659592916012003387e-15
-6.701872560813453515e-14
-5.556588640232575680e-13
-8.420923873880532052e-13
-9.425044148683661172e-13
-7.982492258563058756e-14
-4.004872206412683758e-14
-4.639207260070726511e-15
-1.193213021575971978e-17
-5.075029930966768036e-17
-5.779601614659414024e-17
-2.350539923560177134e-17
-6.316641094084446630e-17
-5.370122818421651875e-17
-2.069338666142389447e-17
-1.652707574384347638e-17
-1.046496747688364147e-15
-7.629107956122383610e-16
-5.998701587021489145e-15
-6.045210519052024447e-15
-4.450582166734860770e-18
-3.348840275459123546e-18
-1.851394509084927645e-17
-6.365413270822789138e-19
-7.933306843064597428e-19
-1.906089949273840673e-20
-3.774162699130085551e-24
-4.663358097139472642e-38
8.916810511294437834e-23
2.445902113138657426e-19
3.527045046755542008e-21
4.738408356908202704e-17
5.052914644942107669e-17
3.875420283057483201e-19
2.568573410449630471e-20
8.476138581480392900e-22
-3.076172824452520703e-32
-1.594301188672210011e-39
-3.931730601003989049e-28
-1.839851874834315809e-23
-3.247786083897142790e-24
-2.385425026558005078e-33
-1.712210746823922300e-23
-8.272736273057086267e-23
-1.849396656857469906e-24
7.093443662228209301e-25
2.678991857141565060e-23
-9.688339903960939543e-19
-6.948806162092478896e-17
-5.179898745639818700e-17
-1.051219316960143820e-18
-1.081929720777540122e-17
