8.021583193107563025e-04
1.025944809608357773e-03
9.887364364375777429e-04
8.829318782633202448e-04
8.271704119127886107e-04
7.479325888674243127e-04
6.820718714724829587e-04
6.101167825880789326e-04
6.514173569441337021e-04
7.156485704414268859e-04
7.781350693812009826e-04
8.223578829301816722e-04
8.181387982591692073e-04
8.194778787050075071e-04
6.700525618603490191e-04
5.373531620675099825e-04
3.563117891271414504e-04
2.909094555442393775e-04
2.332546111574399905e-04
1.013383804888086707e-04
-1.652520846789428562e-05
-2.401053650022849198e-05
-1.326998185494834956e-05
-6.172828948734178833e-05
-2.979135169130868094e-05
-7.780339542413047509e-06
1.357436231722312296e-04
2.367211208411284032e-04
3.240974212778437429e-04
8.899690963690760253e-04
9.986348261035971844e-04
1.189560153752266007e-03
1.220953957963342431e-03
1.223409123593370952e-03
1.273409667541871041e-03
9.320019537780569775e-04
1.472739375785225022e-03
1.648004809178386194e-03
1.900995614443641742e-03
1.999784266376624861e-03
2.091122056697990433e-03
2.026957130347176866e-03
1.496877546250995799e-03
1.389017700043114825e-03
1.428247800757183545e-03
1.513961338431352903e-03
1.740516981938122721e-03
2.311857070201384697e-03
2.480355382762967215e-03
2.428239090770460597e-03
2.286156664496073309e-03
2.313205847270417490e-03
2.145240437297952271e-03
1.849450386932701036e-03
2.274242152066685303e-03
3.160124198903931352e-03
4.204317141936544065e-03
4.539832929012083997e-03
5.016378563330130963e-03
5.119479973065812518e-03
4.674798048886440009e-03
3.778978682519791663e-03
2.573355087272188868e-03
1.894611431815538009e-03
1.032951495773510404e-03
2.548260886333877820e-04
-2.885829354978073215e-04
-7.639802368940483640e-04
-1.188861589738712766e-03
-1.676363056449521648e-03
-1.923129253516069016e-03
-2.250011593164678945e-03
-2.142512847247678327e-03
-1.991686560751592620e-03
-1.738416024331936429e-03
-1.264808421554180747e-03
-9.602074738802689321e-04
-7.248096551191202802e-04
-7.681037153287679142e-04
-7.437779296228902133e-04
-6.958492818233606670e-04
-7.319152664891365049e-04
-7.185305444166257063e-04
-4.104455575585856230e-04
-2.873145880069349662e-04
-2.999178889278588073e-04
-2.987918655098038205e-04
-3.474719542542578817e-04
-4.051295387749722851e-04
-4.073679518993505804e-04
-4.411358329740629864e-04
-4.089225430424563656e-04
-4.322461382435507297e-04
-3.890485326408270263e-04
-3.127970087445093150e-04
-3.573501094825824904e-04
-2.790057329580938254e-04
-1.823748846360828246e-04
-9.023628120867752719e-05
-6.174195049704328480e-06
6.984832562826024944e-05
2.292895216740691835e-04
3.160559312746828394e-04
3.322254334389871874e-04
3.546244129247249559e-04
4.025585828329411608e-04
3.781347186876988392e-04
3.140546560113182100e-04
2.422157184863640161e-04
1.894745125811001733e-04
1.235997741994215111e-04
7.847283307433618963e-06
-4.124635362228465054e-05
-1.352837231776174117e-04
-1.478970213922463155e-04
-1.229672456011751160e-04
-6.398449914662564610e-05
1.866071222044313454e-04
3.766943291032811485e-04
5.865444244000442287e-04
7.580550102685472890e-04
8.887632783108855017e-04
1.046532359952057718e-03
9.895436972824063569e-04
1.049829715674518516e-03
1.129680713618036719e-03
1.171573717661340700e-03
1.153894492178045425e-03
1.063009239349590020e-03
1.046550937762815792e-03
9.817387763864885309e-04
8.879785562600138417e-04
9.274260130056993486e-04
1.115173927456808737e-03
1.279453794830361958e-03
1.438334832322708682e-03
1.417281807968846829e-03
1.426853232630073036e-03
1.295926425692916660e-03
1.095327032118309854e-03
7.794622292430830384e-04
5.504623848543841900e-04
4.536118070102821451e-04
3.650908543688608041e-04
2.767961861715698569e-04
1.347066742611358915e-04
2.252322262207493147e-04
1.911967040226894609e-04
1.734957875937250113e-04
2.196673597294794089e-04
2.906963235677464453e-04
4.412586862563516407e-04
8.466467023469805399e-04
1.253742556564024216e-03
2.062968513646906352e-03
2.497285325919466024e-03
2.496837944681718716e-03
2.477082079960285597e-03
2.293766385271475781e-03
2.808850004422410677e-03
2.527245985739429764e-03
2.190842843872438644e-03
2.279903995119673087e-03
2.189221875856433262e-03
1.940057387047799432e-03
9.958888688027707232e-04
3.983015226192868161e-04
1.859822700624425788e-04
-6.858450444705471759e-05
-1.222081001603827338e-04
-2.146742358271281010e-04
-2.691749905590561749e-04
-3.186869097332563285e-04
-3.637448586171536055e-04
-4.341755364150660349e-04
-5.797987444354800240e-04
-6.015331674642084231e-04
-6.402285944696124893e-04
-6.412390981499741958e-04
-6.643402412344685164e-04
-7.062557776970694286e-04
-6.288203212853161550e-04
-6.482901441500027407e-04
-6.434305925235828897e-04
-6.120567725808467733e-04
-6.308795263449774654e-04
-5.856538414362653889e-04
-5.597003445770112363e-04
-5.020928961597389628e-04
-5.337521845844378715e-04
-6.610086703857194143e-04
-7.403158245140551916e-04
-7.637305308488590190e-04
-8.398715090382536698e-04
-1.018937591642402746e-03
-1.110579800543388734e-03
-1.084162577628879683e-03
-1.005675745662220700e-03
-9.270659154998642064e-04
-9.146831012628459925e-04
-7.618944040302886569e-04
-6.855388832977082729e-04
-6.333983281924046452e-04
-5.901078422950182178e-04
-5.608911762987534759e-04
-4.353479276452720576e-04
-3.762591953806023663e-04
-2.034805231315990441e-04
-1.267338036854692436e-04
-8.265098988606365139e-05
-6.459710115259185515e-05
-1.057430059750717765e-04
-1.435704730927953358e-04
-1.102180794364634775e-04
-8.855356081894083791e-05
-5.641077508412518151e-05
6.169462670472455788e-06
1.050623620139975599e-04
1.831848829962146659e-04
1.872512482739802726e-04
3.639308149395170124e-04
4.964792412107468800e-04
5.375572109243592807e-04
6.101449247558912931e-04
7.232218029404707512e-04
7.690972212437648982e-04
7.359794680025414466e-04
6.471138170035986136e-04
6.412434124932461571e-04
5.652619865416364225e-04
4.545757773908399376e-04
4.701981666669064722e-04
3.937583636382686598e-04
3.956787512019930273e-04
4.009053442371410280e-04
3.735436271746893507e-04
3.765918302237541786e-04
2.599044800934511971e-04
2.630326387431985362e-04
