-1.208918208635059548e-03
-2.089038556761760920e-03
-2.257754512129175276e-03
-3.108011915908634026e-03
-3.436346367738850500e-03
-3.248790792196083136e-03
-3.110852319779450637e-03
-2.771114456253890440e-03
-2.438078617135940214e-03
-1.673722461985128205e-03
-1.128814625561115831e-03
-7.490130680680040119e-04
-8.919525382401657628e-04
-6.315755598528014847e-04
-6.441994395461718426e-04
-4.118648967257230401e-04
2.863650847700247807e-04
1.010909926530702795e-03
1.567963590022060849e-03
1.562376949340154100e-03
1.732086374621927315e-03
1.624688669864821381e-03
1.150214350403214354e-03
5.651610584303457452e-04
5.673599884200740059e-04
8.036957237654279024e-04
1.171541704549227889e-03
2.346501140984191304e-03
3.556551724183979954e-03
4.014961890147504368e-03
4.048251111386787920e-03
4.143566795792021258e-03
3.826279851468183859e-03
2.777688946749634364e-03
1.834359769039705865e-03
1.644623195001890725e-03
1.594023893328183096e-03
2.929669598680271353e-03
3.289140753574592343e-03
3.546001094435931311e-03
3.455739501646697045e-03
3.072165016602311071e-03
3.037793895323895755e-03
1.300488725220728991e-03
5.721897892951758420e-04
1.443992547761093327e-04
-7.391606900042646973e-06
-8.571084664348867883e-05
-6.482640934788167679e-04
-1.224522326964401541e-03
-1.655228297480550517e-03
-2.780209710358102267e-03
-3.882360744203434619e-03
-4.237112498801633154e-03
-4.353608654554207841e-03
-4.579226626413614165e-03
-6.834143063624567409e-03
-6.140282891684983174e-03
-5.511877456187521014e-03
-5.410783654047074918e-03
-5.262847925997391797e-03
-4.702832656029256632e-03
-1.836491445521708276e-03
-1.349463201372541653e-03
-1.286240657422339133e-03
-1.179054521456682431e-03
-1.191719771256432138e-03
-1.074438757803729749e-03
-1.208246609719514737e-03
-1.394166443017554350e-03
-1.315167341770803180e-03
-1.715788168175762587e-03
-2.314558302279779312e-03
-2.628083833207544868e-03
-2.831877038303610289e-03
-3.418253285903159657e-03
-3.919755886679340655e-03
-4.526046736395428725e-03
-4.713152193002031858e-03
-4.753950520550269399e-03
-5.273906497974258263e-03
-5.180332412055102011e-03
-4.987706912120551568e-03
-3.500552144039735525e-03
-2.301311912326492459e-03
-1.747075129748024451e-03
-6.849306229957285086e-04
1.401150453601143016e-04
8.255862833079905721e-04
4.322156552739344596e-04
1.798643323433787942e-04
-1.286713701976008339e-04
-3.465685543332668495e-04
-5.379724951414069931e-04
-7.110766964966414418e-04
-5.044483048291058648e-04
-5.925342580468630953e-04
-3.906509665398889049e-04
-1.936463062447500542e-04
3.051245744823591322e-04
