-2.572686675191663565e-04
3.211381070571198973e-04
1.813734053014816501e-03
3.914910896393330834e-03
3.467349018520442770e-03
3.136283002005607178e-03
2.908159301659723247e-03
2.670584994906704483e-03
2.480131115731845116e-03
2.359605804178960264e-03
2.417897733971895429e-03
2.247473543894689969e-03
2.332206633547828645e-03
2.273261967880364776e-03
1.921223732272641293e-03
1.085376251104865943e-03
9.272036835664584616e-04
1.245957210391552281e-03
1.403796305332184573e-03
1.514107897895681197e-03
1.542547666841694943e-03
1.575923846308139144e-03
1.340056035478589527e-03
1.222900418636144919e-03
1.060891736166051950e-03
9.252771223989664619e-04
6.932966747725549271e-04
6.987672019841168099e-04
7.882322674827665519e-04
5.624475767116112775e-05
-6.847785526822498282e-04
-1.455877446511570075e-03
-1.795905426716279916e-03
-2.171198201809821943e-03
-2.687460841576566270e-03
-3.462977168908744959e-03
-2.237144570346310483e-03
6.377761569994885513e-04
2.139014567803488968e-03
2.821406586237528834e-03
1.565742101077691314e-03
5.614444658208466582e-03
1.069955592923849293e-02
1.521757210350191923e-02
2.434888066312541899e-02
3.270047060597586902e-02
3.849305059436942261e-02
4.135962515524652799e-02
4.092422444141666227e-02
3.765225750765929108e-02
3.551252354120697924e-02
3.279228245876154163e-02
3.221504034695828883e-02
2.732596394279738702e-02
2.257444654090257422e-02
1.859779299777250539e-02
9.649073035581637661e-03
1.629243395222604697e-03
-3.506360415771115051e-03
-5.502382996723080046e-03
-6.199894170874592318e-03
-5.707433981066125511e-03
-4.861766302598718656e-03
-2.914732436233738542e-03
-1.168636465537802342e-03
-5.910415612548385386e-05
1.166992311630630721e-04
3.895139266564173530e-05
-5.100852310101246099e-05
-4.560080787339427480e-04
-1.105254023825102223e-03
-1.860937339569696154e-03
-2.223825656801916694e-03
-2.572283607587568226e-03
-3.354007740804357523e-03
-3.899864585957058330e-03
-4.264658043111605595e-03
-4.419165202069180905e-03
-4.548581952327088174e-03
-4.538710940221947661e-03
-5.005022144598257443e-03
-4.913303969443069165e-03
-4.917148711924998646e-03
-4.861485969183308720e-03
-4.644643359360830538e-03
-4.337716495988213315e-03
-3.709702465909439986e-03
-3.281756220057616049e-03
-3.065671994865429035e-03
-3.005667338497121019e-03
-2.951406215108456823e-03
-3.128296131395320433e-03
-2.653703454029680484e-03
-2.586310273573216249e-03
-2.415689137215612948e-03
-1.903781437926770808e-03
-2.216180268625628138e-03
-2.574312961634674709e-03
-2.718335964012391290e-03
-2.606268634855203690e-03
-3.112616260122912700e-03
-3.494999097913472838e-03
-3.790572768636061782e-03
-3.664202295315688654e-03
-3.625133070029011237e-03
-3.567939861493385750e-03
-3.219302202516919741e-03
-3.017685173193380196e-03
-2.504433340241666358e-03
-2.083774756836684946e-03
-1.813187121555772567e-03
-1.710606558266924808e-03
-1.002700952395623119e-03
-4.946358114245439806e-04
-2.775475468009907208e-06
3.682077095352213826e-04
6.401491105580537190e-04
1.066086974002826470e-03
1.256490766875464687e-03
1.593007651214490552e-03
2.203333916587666471e-03
2.463941212227986361e-03
3.287018416866095086e-03
3.529951803418854370e-03
3.614117703965168734e-03
3.608100942465017422e-03
3.458840676662154612e-03
3.284877447179462145e-03
3.112040966153809679e-03
2.839931420855876156e-03
2.641086852414691304e-03
2.391427530850018246e-03
1.878440774621933972e-03
1.682030237939359128e-03
9.266450951846234504e-04
8.506621950932066398e-04
9.494359503726106791e-04
1.347516444319749604e-03
1.393062693222841793e-03
1.425538962595957219e-03
1.239855305857242955e-03
9.907979987595798895e-04
9.354418935305525715e-04
7.523966904338031314e-04
5.467714126111243448e-04
5.078990509115017095e-04
4.655037423805150586e-04
3.119871207977398188e-04
1.785106282278805482e-04
-2.354820484992472542e-04
-2.980230722933420104e-04
-3.160794745100927111e-04
-1.537664097795869494e-04
4.855368910482521857e-05
1.004458958645881384e-04
2.590971615468280688e-04
4.587595762914063497e-04
6.305276357718706719e-04
6.637664595732983494e-04
6.584964699998712215e-04
6.040692742478619886e-04
6.322772219490310850e-04
7.345139745139317965e-04
6.336564147360241889e-04
6.097139779061500542e-04
6.096804090043682735e-04
6.362328482783353003e-04
3.660739238993220815e-04
1.498509706934687033e-04
-6.870586744570979937e-05
-1.979847589851464404e-04
-2.379737472467279480e-04
-3.134898049303312304e-04
-4.194303703493897062e-04
-4.313598951770410833e-04
-2.947040208644284738e-04
-3.025282568500345013e-04
-2.808104307843577196e-04
-2.817302487259646846e-04
-4.174348301096113273e-05
1.706980345874143377e-04
3.861138918285697552e-04
5.863872212678711672e-04
5.745273907105822924e-04
6.185905033031153556e-04
7.469792766400298314e-04
6.590523957765110968e-04
5.480786409712215404e-04
4.812856967311438319e-04
4.201754895398477946e-04
3.953991772533939288e-04
4.715914956361793339e-04
4.636064736834448236e-04
2.453286305642563068e-04
1.760734934173298143e-04
-3.547243391318925451e-04
-8.046593196177321237e-04
-8.489737320766521655e-04
-8.337012053195551461e-04
-8.233091876243744120e-04
-7.295846655621827589e-04
-7.342689413690666259e-04
-7.468001775782952137e-04
-8.920019005830027168e-04
-8.872281149512726726e-04
-7.542212951344028256e-04
-7.724352966877176064e-04
-1.037995571732811591e-04
4.878657815244496804e-04
6.118534725505238693e-04
7.601757526804092972e-04
9.309600157875779413e-04
1.039110674479791670e-03
9.717673794045778588e-04
1.298692861234271995e-03
2.058967418317462789e-03
2.097927229417324846e-03
2.073599849404006521e-03
1.971442060768819997e-03
1.848185971348129120e-03
1.746997211666109252e-03
1.643169240806289936e-03
1.641283678713622738e-03
1.622548218208139841e-03
1.492414473663552024e-03
1.636684422478933143e-03
1.501143776588925683e-03
8.516394176311002304e-04
9.029721896936416950e-04
8.732018211030780986e-04
1.092314888272857875e-03
1.299311248662062337e-03
1.415158324250381664e-03
1.520760413660594617e-03
1.228692987743802093e-03
8.369256657241552462e-04
2.661038015008958821e-04
-2.185273371186468444e-04
-8.904422484401415842e-04
