4.975814811057041794e-19
8.457537770359875755e-16
1.591718246695927608e-08
1.193846688082542470e-08
9.552715877828297192e-09
7.961054948022428966e-09
6.824090357006287890e-09
5.971079062380502111e-09
5.307625833227113263e-09
4.776863249904391762e-09
4.342602768268524873e-09
3.980703929631378176e-09
3.890583211926174480e-09
3.109881945006713705e-09
-7.238534131263183602e-09
-1.103911406621271312e-08
-1.111526303442655571e-08
-1.111549234994829415e-08
-1.111568463352482997e-08
-1.111570141862921004e-08
-1.111575179386745205e-08
-1.111575179386952331e-08
-1.111575162319534575e-08
-1.111573634858057419e-08
-1.102561563091683541e-08
-1.024491450491485835e-08
-3.875793904425816545e-09
-7.540730004517820752e-11
1.522017833890600684e-11
9.779311683007495118e-11
1.605592024941224536e-08
4.997715074281904892e-08
6.509582796101395944e-07
1.177714039412097670e-05
2.260172364806215038e-05
2.733456094543525305e-05
4.119534083743842671e-05
7.868919626695429969e-05
9.623039825325470679e-05
1.187198629770930784e-04
1.293969069359057896e-04
1.384827199550433565e-04
1.570075581153970203e-04
1.826142413131219609e-04
2.207102522985312620e-04
2.581797405121719633e-04
2.638375398235868747e-04
2.796617514118521241e-04
2.826603746472706254e-04
2.609910716896944051e-04
2.642811444233516952e-04
2.584494700822644606e-04
2.699311028054138142e-04
2.977096415586400944e-04
3.184676223572516294e-04
3.174332139588922105e-04
2.828097964214874838e-04
2.350809890708842277e-04
2.197733350782860929e-04
1.992865075843594611e-04
1.824295022660262801e-04
1.666049975512201955e-04
1.457738732680800018e-04
1.291160828854863722e-04
1.069573909156920009e-04
7.009295657051358764e-05
3.079417948488195059e-05
6.187983471808137781e-06
2.114408945311518578e-06
1.247545967763167480e-06
7.281739500475177510e-08
2.596001216743237920e-09
1.961352798768078846e-10
1.334198069163113859e-10
-2.799618896737032342e-11
-1.861137712901823032e-10
-8.801309151417878370e-10
-1.362497462817318081e-09
-1.437277488857987012e-09
-1.437277499302147477e-09
-1.437473932286137925e-09
-3.818656898809319798e-09
-7.124804240502796681e-09
-1.958029581241135437e-08
-8.680019460686198152e-08
-2.526767424049440029e-07
-2.964205369799455875e-07
-3.537201980610349679e-07
-4.210124119539214049e-07
-6.042718114566619337e-07
-1.091009508248248193e-06
-1.858004478594644213e-06
-2.796973899874404757e-06
-3.688821702009479040e-06
-4.893215739701774029e-06
-5.105980173254784841e-06
-5.252853226019234933e-06
-5.284450495493355681e-06
-5.321660779295414111e-06
-5.282853841360019936e-06
-5.217285399198584419e-06
-5.033563318679920647e-06
-4.546750841947951953e-06
-3.779755866850997059e-06
-2.833122661429851822e-06
-1.931879809079195470e-06
-2.282545566947735924e-07
1.792968694781316711e-06
3.021382606667987332e-06
3.987779671140003339e-06
4.424456399529428277e-06
4.521545694363981687e-06
4.524693884213913413e-06
4.524757853110450310e-06
4.556422518405295797e-06
4.640739335122609243e-06
4.837368605773443558e-06
6.249253827922061369e-06
5.923218284046059255e-06
4.129778320955286259e-06
3.115479907969242996e-06
2.346571619108850270e-06
1.990859948270270688e-06
1.912274449377145922e-06
1.903739400890412753e-06
1.903391049083852972e-06
1.835141401971450394e-06
1.749365790040531931e-06
1.544539909657270488e-06
1.256375242655493522e-07
-4.425200388957475593e-08
-4.681536507374254929e-08
-4.683585556665260761e-08
-4.683585556665260761e-08
-4.683585556206521614e-08
-4.668881094598868408e-08
-3.888416431637755780e-08
-3.880775655714401498e-08
-2.031183389009863334e-08
-2.342619186346481945e-08
-1.471132076732492207e-07
-1.662755896779150546e-07
-2.168024401173287467e-07
-2.189824026121221741e-07
-2.272852780130654726e-07
-3.145618001488650317e-07
-3.231023535815635443e-07
-3.443117550922101814e-07
-4.677542087865854015e-07
-1.254481986515246223e-06
-4.696906464317113492e-06
-8.274661358294654344e-06
-1.181291109201914550e-05
-1.643082045576655176e-05
-1.885829087960625450e-05
-2.020955052095644387e-05
-2.210847977670184946e-05
-2.388020058217128305e-05
-2.700194597799948363e-05
-3.305235400533116746e-05
-6.329395844229569474e-05
-7.618439481646875828e-05
-8.485088821169840736e-05
-8.721248194554464791e-05
-9.626783619919287429e-05
-9.818848587861710078e-05
-1.007117442960990696e-04
-1.113180185072345976e-04
-1.122764710249023168e-04
-1.146874762833307221e-04
-1.221808510918702374e-04
-1.188844643662277981e-04
-9.386752853666135120e-05
-8.294821375321206316e-05
-7.214377237059066558e-05
-6.753668222842266556e-05
-5.537978881694959136e-05
-4.964850044186281839e-05
-4.637095103061837723e-05
-3.491897703237550269e-05
-3.273539293794475272e-05
-3.217541951315045108e-05
-2.839607564252353609e-05
-2.975144465293565383e-05
-4.044876474731818862e-05
-6.533314343149276328e-05
-8.425097168304708159e-05
-1.158133767229670413e-04
-1.370411593398775465e-04
-1.510510814856165680e-04
-1.575515163929827871e-04
-1.616876344718887768e-04
-1.670263560744133320e-04
-1.666152689645913247e-04
-1.642461332119114173e-04
-1.686448238293061178e-04
-1.944247393107771291e-04
-1.822634870677741336e-04
-1.669257831440086864e-04
-1.431345024899412059e-04
-1.280896547357802809e-04
-1.187914261241073896e-04
-1.172417159043669951e-04
-1.180392108832482682e-04
-1.323691736478190440e-04
-1.599564749377218795e-04
-2.089511014363397412e-04
-2.495628135224193449e-04
-2.410828951843558621e-04
-2.824296722513785899e-04
-3.220928612173057544e-04
-3.460895971846993688e-04
-3.815911903889921959e-04
-4.327202812764825647e-04
-4.609250329628963513e-04
-5.114514215616597186e-04
-5.135489528426543434e-04
-5.171505910791897916e-04
-5.069732729889885915e-04
-4.895220609903897608e-04
-4.630348429084698279e-04
-4.072622471377388537e-04
-3.636286846244798378e-04
-3.309652445362900480e-04
-2.891932383139745460e-04
-2.331210062898277687e-04
-1.983711286240646347e-04
-1.424291531326357370e-04
-1.200107392178027176e-04
-8.555170677922593295e-05
-4.225994785800029626e-05
-1.057340066685823913e-05
-3.715190763031923479e-06
-2.659806072817740785e-06
-1.727490162032031263e-06
-1.286238262874656760e-06
-8.127858044143900510e-07
-2.177970609210863981e-07
-8.849206745205292171e-08
