2.031801259496241732e-05
3.056962734147913993e-04
2.189172984295500552e-06
1.330254726800419795e-05
3.107942926439754302e-07
2.196054878759437924e-11
1.509909180975661538e-11
-3.542773441025982382e-48
-5.964558166311325415e-10
-7.034040031005465017e-06
-7.256298559742917193e-06
-1.647418504453502754e-07
-1.372463533181358976e-05
-1.720832415910731582e-06
-4.014487632589781516e-04
-2.483243781774328401e-06
-1.631940107087794229e-06
-4.126834706899940062e-08
-2.767301810254931889e-07
-2.212362296800132637e-07
-5.323776261693612337e-06
-2.917431632384560522e-05
-8.057595355776875518e-08
-2.140073256509969981e-08
-4.303868052935432741e-10
-2.669069214220923597e-14
-7.184757032969902907e-15
-1.615876217983422506e-26
2.194116478110750065e-24
9.274242198954884820e-46
9.845799877531740200e-72
-1.901309597424819576e-104
7.565460893749724971e-32
1.388784417889568649e-20
5.679195343692263266e-09
1.225527357840755780e-12
1.233625638167418395e-10
6.553893386360092221e-09
9.085616052923608131e-10
1.027203853219443989e-06
1.330543341611806390e-06
6.162209824290479055e-06
1.854078851636801551e-04
3.384139325985383663e-06
1.806793937580861709e-05
4.218205109081660578e-05
1.514995714613966843e-04
1.233976179593944823e-04
2.061680863940612118e-04
4.645874155021944478e-05
1.405992821843455383e-04
2.302037208487968715e-07
7.227541091116641445e-09
7.188680189331599864e-09
4.398410231260057705e-13
-2.403352949598317193e-50
-1.641540219903572503e-10
-1.116781472895478300e-07
-2.346442476129327129e-06
-3.113973161037827166e-05
-7.437329003444660149e-05
-4.114429814054739593e-04
-2.876615507797485602e-04
-5.304448960575885129e-04
-6.304700967007699497e-04
-2.562621587571403486e-04
-9.054702879683127858e-05
-8.851214668210309123e-05
-9.188086190957197468e-05
-5.524647376396595738e-05
-6.918142394753210977e-05
-7.666642877524255289e-05
-2.838280062624981703e-05
-8.797531822301549479e-05
-5.102678629195107343e-05
-3.857500262317731807e-04
-8.197629418061393993e-04
-2.264468744866341950e-05
-6.488195705310459058e-05
-3.064401571492805001e-05
-3.805181653345003135e-05
-4.334168655749214970e-05
-4.580582733039413384e-05
-3.932209419016409853e-05
