5.495544546404595825e-03
5.767252952045603433e-03
5.839768326156580432e-03
5.450308625749595431e-03
5.337082447585321174e-03
5.202844058696423461e-03
5.003822151824662869e-03
6.223484193621240182e-03
7.301440151278585332e-03
8.909734971913670087e-03
9.871075571743092095e-03
9.614743424152491155e-03
1.002946206029089668e-02
9.887897864917335328e-03
9.708355948895830076e-03
9.639555908030441808e-03
9.409597823571884748e-03
9.522474319121098860e-03
9.421145684815139185e-03
8.265498728587594365e-03
7.004822759154973218e-03
5.139082788308570876e-03
3.828411681324275090e-03
3.537133524947472674e-03
3.138176470745683653e-03
3.016828047427165971e-03
3.004903275797951925e-03
3.026340514840488577e-03
2.641918252860667778e-03
1.941365076897778310e-03
1.490972793827732845e-03
1.176590332844987393e-03
1.050914035326048308e-03
9.511206403453507062e-04
6.444441261740388666e-04
3.153809966072952577e-04
1.145839894236424029e-05
3.440212947950827861e-04
2.823460384371713028e-04
1.821801483216698271e-04
6.813175419626269803e-04
9.292440058793661898e-04
7.163563349746464607e-04
8.159441880192154104e-04
7.237530476882249450e-04
2.679990972221851027e-04
2.138776865280081745e-04
2.705539073345197289e-04
2.467938775901270675e-04
-5.992573287320073801e-05
3.163539813474126454e-05
2.775733271828868831e-04
5.054758892664733055e-04
1.677367086782748443e-03
4.142053360159524307e-03
6.226995281211264270e-03
7.161897884531754667e-03
7.428827796203143173e-03
7.604989757922779592e-03
7.899425883400519252e-03
8.352289704942620491e-03
8.948362975169446565e-03
