8.677868214769837371e-03
7.667759370319869941e-03
6.542844003383172131e-03
5.988968357243835104e-03
6.014606884655486485e-03
6.349986955108861963e-03
6.545189156898016149e-03
7.738283602477364319e-03
9.111970141480638455e-03
1.001226239646953176e-02
9.861957681028906200e-03
8.841504862212771695e-03
7.588632391988353772e-03
5.930871399443315983e-03
4.283624208347499608e-03
3.067827816308080994e-03
2.494611348127021445e-03
2.431448930530701654e-03
2.159551648672847646e-03
1.563587594160870640e-03
1.132455807918834574e-03
7.389865811851569280e-04
4.562962414773538158e-04
2.409929698402753489e-04
1.558938053335305412e-04
1.934282476844646997e-04
2.511723571228971995e-04
3.743584050154100270e-04
4.374459184840285360e-04
4.652261885217617941e-04
5.504621724278377847e-04
6.373421873488121885e-04
7.955073008983085331e-04
9.793856376157383543e-04
1.150928751847809335e-03
1.539025989658627689e-03
1.713225264538264419e-03
1.766712450272256906e-03
1.958424333934907346e-03
2.013010411242464100e-03
2.384301956183689647e-03
3.000066625804721863e-03
3.313976676132503445e-03
3.771391871760069753e-03
4.156296155988282483e-03
4.354216745780025571e-03
4.329064100246829590e-03
4.192017495060831010e-03
4.478418189719534856e-03
4.663385279327824685e-03
4.609001329387317492e-03
5.016705499715806704e-03
5.368274734411981886e-03
5.799491236018249583e-03
6.739837397992213229e-03
8.115752643437704542e-03
1.060799502801420928e-02
1.191394790206450581e-02
1.333806911748545293e-02
1.363969646046850337e-02
1.306344529674807915e-02
1.197456370124433400e-02
9.230277198943981354e-03
7.169813284868077619e-03
4.860356655826142229e-03
3.237450973937419652e-03
2.024284932503745988e-03
9.307726819839703394e-04
4.732453949727027237e-04
2.694481557340173560e-04
2.173979732273680857e-04
1.755697394258445680e-04
1.374060056514606824e-04
7.820812103447165071e-05
4.452088233466524502e-05
2.528502185901204983e-05
1.742655681693778850e-05
1.549121249212087839e-05
4.160575751448200968e-06
-2.956031053399481108e-05
-5.502136505042900676e-05
-7.825810054630792829e-05
-9.674946251127957862e-05
-1.160078309457806780e-04
-1.647605199694446862e-04
-2.133768933597403621e-04
-2.505085110941939115e-04
-2.763503798317350972e-04
-2.915394825423962334e-04
-3.194751049264461665e-04
-3.424200189173557643e-04
-3.010959532352441869e-04
-2.714315659508178776e-04
-2.580286968330970199e-04
-2.493639746122410677e-04
-2.353562022262406777e-04
-1.608948195670375754e-04
-1.251994973204889811e-04
-1.001792069978582980e-04
-6.653783992385682827e-05
-4.193004786378870427e-05
-8.257368609732168371e-06
-3.745189338764078585e-06
-6.489160801534690667e-07
8.299060126690664175e-06
9.436768027168915488e-06
1.135081907339528981e-05
1.236774905090946100e-05
1.709244312705719874e-05
1.687918811326194883e-05
1.303547436373579151e-05
1.530568365308815384e-05
2.177824704476966845e-05
3.620109961510298535e-05
7.040228453319967601e-05
1.778634981400965831e-04
2.235567758732952704e-04
2.866337307507548881e-04
3.577635187163241085e-04
4.886327475391648127e-04
7.643154145028648689e-04
8.619284104878763069e-04
1.012682849000309500e-03
1.021394786843610571e-03
1.021184877950881116e-03
9.694008662908230748e-04
7.186668140203084825e-04
5.722587365609214894e-04
4.037920764420879966e-04
3.597931623355780473e-04
3.240733838471278826e-04
2.571449028725095068e-04
2.866375368164521438e-04
4.141660139597560315e-04
8.472395784613296829e-04
1.441986421886533440e-03
2.025991359770528463e-03
2.249518512500056546e-03
2.353630670241180483e-03
2.373657877277524867e-03
2.071925448656246772e-03
1.687287514614628460e-03
1.436050229081591066e-03
1.381206956661810590e-03
1.216010246787304575e-03
1.031381345380476440e-03
8.729163313684844662e-04
6.316721497734631690e-04
2.553117063723146264e-04
5.878973535728312499e-05
2.640595653798689195e-05
3.662632583454551358e-06
-1.426022879356409886e-07
-9.757137306644093329e-07
-1.382171718507770524e-05
-5.348493185769403422e-05
-1.023565837152447532e-04
-1.617371902281469146e-04
-2.357050378418264409e-04
-3.266154973207061984e-04
-4.034866559623848797e-04
-4.344356081343401913e-04
-5.169612693286424225e-04
-5.798757304896606096e-04
-6.275583481727729047e-04
-6.988609246683214447e-04
-8.303279235921560497e-04
-1.021967026396112220e-03
-1.131545836405908586e-03
-1.177882939970901349e-03
-1.468952993679320399e-03
-1.642169244085807736e-03
-1.690359060020364332e-03
-1.722643062696264894e-03
-1.660300512879573200e-03
-1.638191973265127775e-03
-1.352164296443590695e-03
-1.080986079742177197e-03
-8.906502597201998743e-04
-6.823007705208678636e-04
-6.148269252956331489e-04
-5.994048310931493744e-04
-8.085110466850494197e-04
-8.927364111985260607e-04
-1.006816506682386590e-03
-1.197071981043047002e-03
-1.388290292316935988e-03
-1.399144261252281045e-03
-1.139362929302623235e-03
-1.046991234485002966e-03
-9.919828491841142792e-04
-9.020245816608853323e-04
-8.342932453685118072e-04
-8.778465346324267060e-04
-9.213365227805341701e-04
-1.135457416041396085e-03
-1.153613584623391529e-03
-1.033284551351931974e-03
-8.773677129172868273e-04
-8.014548438737689870e-04
