5.133061748875997241e-08
2.816470817371040419e-08
2.096592540493033392e-08
1.572625292308071894e-08
1.266224641408809711e-08
5.811614554768520948e-08
4.115419149885774459e-07
7.336151142577605283e-07
2.519326619013014514e-06
2.579329697742665851e-06
2.598104064314682139e-06
2.693301307687918959e-06
2.925383692601652273e-06
2.657528650704712699e-06
1.388069075783731046e-06
1.745133348212925957e-06
1.892721553752477222e-06
8.312369279510845521e-05
2.001577910807405885e-04
2.033525662604076644e-04
2.028730796052753140e-04
2.024639586061232753e-04
2.023965320953293910e-04
1.341859619101841991e-04
1.682358318497419053e-05
1.358571920205597722e-05
1.362327666876830900e-05
1.362728961895478675e-05
1.352828641775838999e-05
3.651241863099449932e-07
9.934355984672022775e-08
8.738107375594958217e-08
1.196360571494671080e-08
3.276190676383999972e-12
2.712673065368532050e-12
2.371001554332666208e-12
1.797732583774955471e-13
1.785998061675501571e-13
1.785819616711552866e-13
3.495975885470424986e-20
3.495223310049097593e-20
3.495223310049097593e-20
3.495206483224057700e-20
3.495204476042702161e-20
-1.062000346000401557e-18
-4.231625274722848470e-15
-1.032627198615472680e-14
-6.310342596536232314e-12
-6.828143162776473237e-12
-6.831080067756775651e-12
-6.843666744096432366e-12
-8.718297434962101489e-12
-8.190728363462872767e-10
-2.953521621605954172e-08
-4.571896940619135372e-07
-1.552243974706535548e-05
-1.677668456321480315e-05
-1.919266385459506989e-05
-2.959066605590527374e-05
-3.387143170738483259e-03
-3.449393353469303990e-03
-3.448972637664355582e-03
-3.448661290339384480e-03
-3.446309199120943956e-03
-3.435927265886068883e-03
-7.837585385695652873e-05
-1.571563635621619679e-05
-1.088470565028155683e-06
-1.792577834593222336e-07
-9.412816073118890470e-07
-6.147531063089927512e-06
-1.301964708917563722e-05
-1.322035689774009791e-05
-1.340286963387168192e-05
-1.439842229359191546e-05
-1.359102034270543304e-05
-8.381567141981833644e-06
-1.497081762970966939e-06
-1.279067049965318948e-06
-1.083656642421203596e-06
-5.975764348273200451e-08
-2.747198331574005234e-07
-2.763197617237899267e-07
-2.595126271524326044e-07
-2.686239196252385954e-07
-2.647676665568862696e-07
-2.879797507441746742e-07
-7.502483121163128199e-08
-2.912016544319063450e-06
-3.864271437908550453e-06
-3.950476348831708304e-06
-3.997766043793697648e-06
-4.096585505209899976e-06
-4.099337122014872689e-06
-1.263319767316993254e-06
-3.169958649776339115e-07
-2.732177629191905611e-07
-2.279159153883047815e-07
-1.005478533899470534e-07
-7.727714167528484739e-08
-6.102727257632172204e-08
-5.445767196132966867e-08
-2.604249338179968906e-09
-1.866583874284357226e-12
2.999679084196164280e-19
4.310644872124747076e-18
7.054466149630377971e-15
2.648781995860943606e-12
5.989979097886734172e-11
7.876658035582348740e-07
3.399687462076965942e-06
5.369453295271436123e-05
7.239357756131838812e-05
8.617888511965454549e-05
1.108348711794315621e-04
2.141408581031256175e-04
6.095305601993683932e-04
6.339992031917863124e-04
6.155484472065820374e-04
6.017631370516926450e-04
5.771070937409066275e-04
4.730135009134452638e-04
7.501178889856385628e-05
2.486285367482396367e-07
4.215691381466482755e-08
4.215688700206988907e-08
4.215737836785322667e-08
4.514010050798832784e-08
8.343744478114675800e-08
9.555975273325601795e-08
1.940726212981072058e-07
5.298404521615137931e-06
5.374077888830715889e-06
5.421892295589801138e-06
5.388731896054226462e-06
5.437441216857516920e-06
5.700373709576876776e-06
3.925402666691314272e-06
9.758766304288658551e-05
5.356780250124504881e-04
1.103850058330232758e-03
1.163004224528805088e-03
1.178477933472265237e-03
1.213854246700529034e-03
1.134152633827914232e-03
7.581684918615639928e-04
4.453378171313039408e-04
4.186390701875100477e-04
4.033101626735270326e-04
3.646044888432175678e-04
3.505681674810556575e-04
2.884111503489427959e-04
3.306464307680289592e-05
5.480640720253725541e-07
2.737478398502243239e-13
4.345255308600907527e-07
6.933888742389431698e-06
7.426285503007916351e-06
4.712683946494112560e-05
4.712684726417375305e-05
4.712684816437186165e-05
4.669995631517432207e-05
4.021988352660183793e-05
4.020933199099140711e-05
6.466064818687700206e-07
6.549759108174215679e-07
6.623276424740886800e-07
6.549431509315227948e-07
6.357436449316000126e-07
2.640398286764318680e-07
1.895436504961551280e-07
3.569447455838553363e-07
3.511526407600442110e-07
3.511502383584844413e-07
3.725636050618384840e-07
3.116916744733727714e-07
1.383541610564744107e-06
1.839645183983984869e-06
1.845437192109060116e-06
1.851498110562510453e-06
1.833711495809074645e-06
1.784461832100505813e-06
6.492806458353677799e-07
