1.004444689381603015e-02
1.042182038387536556e-02
1.056583500609509750e-02
1.069230023280450144e-02
1.056576358377111190e-02
1.032577152926729587e-02
1.004538015062338488e-02
1.011318916809582184e-02
1.028346418542990144e-02
1.055662669186107835e-02
1.084226688133081186e-02
1.086549354246022468e-02
1.087646118693719015e-02
1.072045007276146468e-02
1.043988231256600362e-02
1.010962645137314722e-02
9.865341579697813751e-03
9.651114292490875837e-03
9.432281417325679915e-03
9.007826912462654073e-03
8.405521928515550037e-03
7.532729921753018691e-03
6.538179403705153374e-03
5.702376244755028196e-03
4.909617258413277556e-03
4.214935583475281494e-03
3.591040342078809493e-03
2.989053845543414994e-03
2.344004469880241279e-03
1.722473963985795241e-03
1.135392711366286014e-03
5.447855450262053699e-04
6.468800716866911563e-05
-3.090929614024436728e-04
-6.542566296922012461e-04
-1.019153112000300383e-03
-1.403493848872539333e-03
-1.805150260108353199e-03
-2.149089222635507113e-03
-2.375588929110816587e-03
-2.538220785234414269e-03
-2.677065934520557033e-03
-2.770472997624358943e-03
-2.770685648967640205e-03
-2.752749756493889314e-03
-2.692779361498644133e-03
-2.582574591337902063e-03
-2.393096773244574645e-03
-2.092702801184840797e-03
-1.741530033200745786e-03
-1.363949517074123470e-03
-1.016894572037310707e-03
-6.732954350173590190e-04
-2.728271061015838535e-04
1.740179533908431852e-04
5.266425528698022570e-04
7.940710851552012844e-04
1.073248260734362006e-03
1.290218482240794483e-03
1.423622571854552899e-03
1.464674880027150988e-03
1.465918489564655390e-03
1.430582011277377373e-03
1.319022780979037289e-03
1.184951828741771448e-03
9.954073887316122402e-04
7.440378672750594044e-04
4.918054182417254307e-04
2.782767129145130038e-04
5.216946910057488734e-05
-1.240572755281114839e-04
-2.356491189654535566e-04
-2.835041098143671417e-04
-2.935355989824515706e-04
-2.920646907336271162e-04
-2.895662702848424662e-04
-2.845849002250942284e-04
-2.792895938217174949e-04
-2.647355367118120299e-04
-2.196556335067296019e-04
-1.774764951587124058e-04
-1.294570992954419901e-04
-8.442045820294964405e-05
-2.749166108001784359e-05
-1.196437513191406190e-05
-2.414808838948451661e-05
-4.665607082826486555e-05
-9.221978398109884989e-05
-1.445123133596796909e-04
-2.263668699402941796e-04
-2.785302887571619850e-04
-3.374384509476482182e-04
-3.924616681449646840e-04
-4.609042589772736984e-04
-5.226133044128154900e-04
-5.616846135273559923e-04
-5.621292165444116045e-04
-5.397314155333611920e-04
-4.982758425068778028e-04
-4.049016644765529821e-04
-3.066153432515695198e-04
-1.801643781674391409e-04
-8.993231809043633433e-05
2.593869206691787048e-05
1.904694435479300423e-04
3.630304466275176018e-04
5.380495707376711789e-04
6.900413485615054668e-04
8.048677449586926240e-04
9.214700603677834431e-04
1.003659940017197607e-03
1.089654269669532377e-03
1.170696289590584735e-03
1.208568246815623637e-03
1.219981437632880646e-03
1.208486887534264767e-03
1.188450389795977363e-03
1.172586506207393695e-03
1.126851429266645128e-03
1.061935021610307473e-03
1.001656480948386442e-03
9.079452385786905035e-04
8.367660740813679570e-04
7.180062299282827763e-04
5.936092687008158713e-04
5.078659704697178557e-04
4.442348287856849945e-04
3.885147517222419769e-04
2.969903380678666298e-04
2.125348525612109549e-04
1.471334152423944266e-04
1.048334329991861794e-04
6.459779574895349770e-05
1.680740419803745706e-05
-6.203206835893804920e-05
-1.686459964324631610e-04
-3.386054938325517433e-04
-6.007877205914529143e-04
-9.246702437406387242e-04
-1.221981343572680744e-03
-1.492097367213748296e-03
-1.663438110474406472e-03
-1.766132881208965508e-03
-1.844255924369600117e-03
-1.909936794607326868e-03
-1.939894479030884571e-03
-1.903558814441928685e-03
-1.818201509751586403e-03
-1.666886845623618456e-03
-1.434618155874253960e-03
-1.123544329753083321e-03
-8.430478502390882081e-04
-5.891217325919339068e-04
-4.430942904204910921e-04
