2.495373924582010728e-03
1.256379005699032134e-03
1.688734824268645855e-03
3.345533684331051388e-03
2.059636513908787159e-03
3.964787504116199304e-03
2.906179596967048331e-03
5.475294222280454801e-03
3.239607580138406315e-03
2.016675021481909892e-03
1.411710367505719047e-03
1.783275120808363711e-03
1.028525731929304460e-03
2.146833457748151350e-03
2.461371670675979988e-03
1.766253441378628488e-03
1.266527590276442239e-03
1.259618788791049514e-03
1.145789536340474125e-03
5.709854936901912490e-04
6.667118745794862588e-04
5.153378023285380694e-04
7.489028728994776007e-04
6.587680338708110008e-04
7.212998399677207108e-04
3.708113330811894990e-04
1.026377265331804463e-03
7.180032141953829371e-04
6.212252432055895539e-04
3.506953572285778165e-04
2.525024756784591219e-04
1.043384663752566945e-04
3.054205266449130495e-04
3.290842388834244302e-04
2.828412135075854565e-04
1.729521676203271577e-04
1.707173686604931365e-04
8.014929794972443027e-05
6.026222198499807137e-05
1.095255090720830237e-04
1.162729238037359694e-04
1.912222539519718711e-04
1.604438997368842215e-04
3.517720242951490148e-05
3.615525690116168199e-05
6.353980864230772624e-05
2.182530645685011592e-06
5.379221134124099962e-07
6.035092188063334157e-08
1.131439723444768398e-07
4.267044866870476471e-09
6.767488498595216106e-12
-1.564441806023165570e-21
-1.330460236815419956e-08
-1.567631466880909646e-06
-3.737736212225991243e-09
-1.388759290775418420e-62
2.155986543086137207e-14
1.438858992608823459e-11
-5.982270089053581249e-21
-7.025259171598687583e-23
-5.288347891137498240e-13
-1.026157116612716584e-61
1.139061982800230099e-10
2.226932467054651875e-08
5.715316350376301119e-07
2.159445586736410980e-07
3.387145373459172633e-06
1.231355297585252884e-06
1.879116983924068181e-07
5.247587898875903345e-10
-3.475750174353121467e-18
-1.543394331286153868e-16
-5.457614588334263915e-09
-1.450893091153495479e-06
-4.086109756276288217e-05
-4.142169696686233838e-05
-4.290316608529733567e-05
-5.082516364452677811e-05
-4.889898979749935883e-05
-5.994147228890262175e-05
-6.624747620360992885e-05
-1.558416461063620302e-04
-7.128172043204007160e-05
-3.498261489752480256e-05
-8.411516804856391209e-06
-3.674600651419664284e-05
-2.440405854225473882e-05
-2.989310733729548826e-05
-2.376522592007539601e-05
-6.996422991454249237e-05
-1.132123083672186580e-05
-7.925879520939462913e-06
-2.863150716832380457e-06
-1.657981246717069540e-09
-5.047562624147126072e-11
-7.671616531316101991e-113
3.778376507075756578e-12
6.686641015668121202e-21
-4.271046199854433947e-72
-1.560953112708623823e-10
-4.642827899868773238e-07
-9.353049262971629734e-08
-5.019042870852135061e-06
-3.107537122880426461e-05
-1.414468880395171098e-06
-5.689344830494703428e-19
1.802686613341431474e-11
1.541369372644985395e-09
2.653773430205066145e-09
1.761144747407257697e-07
3.697769334901506612e-07
1.291774573416441046e-07
2.811493748872740436e-05
6.973293415615504269e-06
2.545073424675307246e-09
-4.080127049159712383e-54
-2.248439715040710510e-24
-1.751084902266961598e-10
-3.605397255193046432e-09
-5.821525095923263249e-10
5.325172306669511410e-33
1.402999060781918907e-10
5.393858207352727654e-07
2.465647590532960117e-06
2.758007998002357401e-06
1.565764424451556461e-06
4.531171416360473242e-05
1.279718405964416273e-04
9.570385895110603090e-05
6.898183477915063974e-05
7.951102134185999266e-05
2.278492840816297139e-04
6.756550199985341277e-04
9.270146385335514307e-04
4.050993315028478259e-03
4.715087289599898500e-03
6.788826278166309840e-03
8.165742960635007444e-03
9.661568020870488216e-03
1.122408228962332860e-02
8.629157398805218163e-03
