-1.050662335671968606e+01
-9.941542392211248469e+00
-1.054895749745398703e+01
-1.194281246286566933e+01
-1.830719658341813982e+01
-1.214946429875004251e-03
3.378533257937858802e-02
-1.509268185183780010e-03
3.902913289877996215e-03
-2.163295538911609323e-03
-1.100099223210190564e-03
-1.054647320175382957e-02
-8.578011317892968862e-03
-7.832472690345012103e-03
-1.740720923463617495e-02
-1.167865890247513777e-02
-1.320745165815672556e-02
-8.382192339952076289e-06
-4.359755852766110211e-03
-5.786386040633544406e-03
-2.185105365973302998e-03
1.468093246515505884e-03
-2.539928577311964530e-02
-3.006487299613901792e-02
2.488987431308246727e-04
-4.694123325552401749e-02
-7.813148547496950869e-02
-8.006946554394039905e-02
-7.300495479105424679e-02
-7.220768720478136504e-02
-1.073111754089863534e-01
-1.788662043888668562e-01
-5.631736924981488313e-02
-2.919979285434962449e-02
-7.619846801120974678e-02
-2.844543513999832351e-02
-1.638484114552054421e-02
-7.563267300132142656e-02
-8.331110766194951833e-02
-1.552619083907286479e-01
-9.317784011610009964e-02
-1.934743059409798904e-01
-5.826288236391222869e-02
-3.657646464169708039e-02
-4.377451492936517558e-02
-2.119623352383151194e-01
-5.072574286129929444e-01
-5.720184077991845584e-01
-1.159246881889090863e+00
-3.184225206147208581e-02
-9.958290434347273276e-03
-7.286316462869445176e-03
-4.669531353511983778e-03
-1.625332683830146493e-02
-4.590720702789796021e-02
-1.969964932503372960e-03
-9.940941230186330080e-03
-6.159479141187679425e-03
-5.311081703947205697e-03
-4.311692828936715058e-03
6.033659109262832533e-03
-9.006444414909171858e-03
-7.562727316067691108e-03
-8.066793410144233734e-03
-1.565613375573012001e-02
-1.199375632124956292e-02
-3.278458250708885663e-03
-2.851870964040549919e-03
-2.925709604586479700e-03
2.408182431545551061e-02
-1.064860199822781350e-02
-2.176522537403077513e-03
6.006599926918962211e-03
-2.130001572149625017e-02
-1.103290237509321758e-02
-1.127436267649561041e-03
-2.680560416191403450e-02
-9.585724326058638750e-04
-1.607321497067657617e-02
-5.036758901958579560e-03
-1.596272455711317999e-03
-3.027071108793068580e-02
-6.971445588555897320e-03
2.117754971229187256e-03
3.167600319322927491e-03
-5.088044885080594826e-02
-5.259420956596523311e-01
-8.897503739601186901e-01
-8.698735051592901280e-02
7.162970568137373359e-03
-1.625759520833396652e-03
1.397769240009015795e-03
7.996020523180730026e-04
1.463620718578345810e-03
-1.047333787792391335e-03
1.388612187349735991e-04
-1.289979593890889066e-03
-1.049456109023256829e-03
6.333341892771351348e-04
-5.526444317327071885e-03
-1.288735994572470268e-02
-3.138073341308730748e-03
-2.725481704941067410e-03
4.887394862749843338e-04
8.462227040741793736e-05
-1.502066187634087772e-03
-2.714303079120336201e-04
-2.775918646428950348e-03
-4.100782318085361517e-04
1.689404360901214440e-05
2.688890440185073925e-04
-1.908372609920279406e-02
-2.827467600429524677e-02
-5.605948587890945047e-04
-1.569957614421927912e-03
-6.835389135980893954e-03
-7.483725153208920476e-04
8.927131043820418039e-04
1.415827134702530524e-03
-9.763269724673397446e-03
-3.482813303923622131e-04
9.237145572565138088e-03
-7.662928703563815988e-04
-3.564781049804620437e-03
-1.203718354683324700e-03
-3.937840926465110102e-04
-1.970069198487768396e-03
-5.534804100580550772e-04
-6.355748476730913032e-04
2.390102581879269879e-04
