-2.051525409411975032e-02
-2.577504786576325854e-02
-2.839480274778653779e-02
-9.620555219057259563e-03
-1.659290726504473665e-03
-6.593808268430431359e-04
-2.863793668977706024e-03
-3.674867943325749176e-03
-1.324528811422639139e-02
-3.903727945739575694e-03
-8.254249568055723298e-04
-2.599182226785514901e-02
-2.856917050188231832e-02
1.660770312292758925e-03
2.302445220175209847e-03
-7.691415452349041962e-04
-1.966205934311338478e-04
-8.581980650165552810e-03
4.630224682784633145e-04
-3.133281270755410952e-04
-1.064720358139059457e-02
-7.328567311293668167e-03
-1.909656903442168217e-04
8.411714688141333886e-04
-1.422524613890625497e-03
-1.046178364163272492e-03
-1.104266184795148166e-03
-2.517057687420726740e-03
-1.126258529513017408e-03
-4.898899490982686761e-03
-6.143822890743748030e-04
-4.168174329740294282e-03
-9.506396867910644685e-03
-6.246076546129635150e-03
-2.799823198552571415e-03
-1.746868394742595761e-03
-2.760622060468140380e-03
-2.209544921109827652e-03
-7.063750870294305088e-03
-2.721211487928555054e-03
-8.312292205935765607e-03
-2.818672036904399606e-03
-5.431899262793573810e-03
-4.235595843256777238e-02
-1.309356852754072452e-02
-3.971204406502421881e-03
-1.644821581514799291e-01
-3.787448372908851918e-03
-4.046588245868151801e-02
-3.325833495749189184e-02
-2.461334787179885950e-02
-3.227129003874150137e-01
-6.214004879896546868e-04
-3.758351239335103004e-03
-3.485335658369676480e-03
-3.448396032772014369e-02
-8.833378368574698047e-01
-2.305236957417274857e-01
-7.800610948008253331e-02
-6.373207951739681514e-04
-3.516168827841925082e-01
-3.496406473053657038e+00
-2.039521675908280152e-01
-7.112650275206088696e-03
-5.687995836536705041e-02
-1.355870569666432490e-01
-4.041293324978886825e-01
9.294260957397563073e-04
4.258783026916236419e-04
-5.794969572275107802e-04
-5.272469716857159251e-04
-1.964445101183320136e-02
-1.283523845619125373e-02
3.668138157842719621e-04
1.917329644432180097e-04
1.781572075626662686e-04
-5.117829277578532163e-03
-4.109243542621330951e-03
-6.503560502576672363e-03
-7.694598197816536131e-03
-8.480181066639636348e-03
-1.687477496276628200e-02
-4.019261360711504416e+00
-1.503822057363579830e-02
-7.985970681566412904e-03
-1.734542188671284266e-03
-3.569367080273985315e-03
-2.928987703392883779e-02
-1.650876836667243830e-01
-1.751716250025644184e-01
-5.519315372160695605e-04
-1.152291567988667984e-03
-1.827610092322264979e-03
2.022062992738755602e-03
6.434997393813827495e-03
2.027723119548486067e-03
1.321500872207214197e-03
-2.971438704320441345e-04
3.866147887732536171e-05
-1.058509409410211420e-04
4.990206334543699669e-03
4.691067997483404730e-04
6.386250880721650990e-04
1.135764000302635348e-03
-2.986298548920551668e-04
1.869908950191457187e-03
-1.003193370565201928e-02
-3.014434812799690914e-04
1.327026526290205240e-03
-3.029138393142568535e-04
2.134265834288301289e-05
-4.746085330260850824e-04
-2.999022331545450441e-04
-1.261343939147620242e-04
-2.110566009218181312e-04
