4.639089578871471477e-03
4.127805344476155949e-03
3.466514519272978750e-03
3.062017272201462970e-03
2.836197004755295487e-03
2.841828927700663487e-03
2.953557189136337118e-03
3.086325007673687646e-03
3.016093306377315084e-03
2.937209438684308584e-03
2.856704992728440091e-03
2.765257919733430606e-03
2.573574789744697069e-03
2.439285078474120235e-03
2.422595123746639715e-03
2.401487695531433555e-03
2.363428085009677566e-03
2.314004254314619858e-03
2.180398410506994341e-03
2.026245825269538340e-03
1.982128303400207403e-03
1.912791702418489533e-03
1.856073329907033083e-03
1.796283839334184050e-03
1.703786243690270106e-03
1.657011696123991901e-03
1.681607504279236534e-03
1.704625665533390094e-03
1.716833878317701846e-03
1.704805781905727657e-03
1.652928964877855905e-03
1.611764335394837025e-03
1.553307557246976943e-03
1.563158525039336265e-03
1.624832549535870467e-03
1.763584562071807832e-03
1.901508609307677117e-03
2.111441240392814955e-03
2.206782462971960696e-03
2.340321221669940024e-03
2.443749665766586660e-03
2.500084176157844462e-03
2.578672689788649112e-03
2.624290783438161610e-03
2.653420745093140048e-03
2.704985394070887495e-03
2.768298566479400914e-03
2.750604083551195719e-03
2.732875822864949417e-03
2.617566123571770428e-03
2.533553317661462693e-03
2.442044369739871518e-03
2.374400040838742145e-03
2.347525001501864217e-03
2.283752797981398845e-03
2.117375362416645205e-03
1.946257417382491481e-03
1.728758063857078857e-03
1.408736182892947157e-03
1.076731406456546197e-03
7.011192180304738229e-04
2.845569869467918069e-04
-2.073217200280169485e-04
-8.799605123604063240e-04
-1.617627136589352846e-03
-2.367717295479541528e-03
-2.904686146586161252e-03
-3.308430342248463302e-03
-3.643346698411799311e-03
-3.938861549746960726e-03
-4.255905815877033399e-03
-4.610596690167920002e-03
-4.974740685906360420e-03
-5.288944037077253878e-03
-5.443180890696689735e-03
-5.361166990564218866e-03
-5.214512479310789116e-03
-4.916797402128798671e-03
-4.664073774521880142e-03
-4.399129702275513670e-03
-4.152593666513294639e-03
-3.967832266490813053e-03
-3.711469752327205968e-03
-3.306031560659394852e-03
-2.858665755542327738e-03
-2.447604675186118746e-03
-2.084352065603220592e-03
-1.735193601325776174e-03
-1.308688818473179765e-03
-1.094030610623692411e-03
-1.008734305465971591e-03
-9.756973043357160041e-04
-9.030125297824747460e-04
-7.973925309709563964e-04
-6.996809370391619170e-04
-6.647030809670766800e-04
-6.265188905886569194e-04
-5.433493708625335454e-04
-4.601973059883974061e-04
-3.994953962634123653e-04
-4.001764122657466860e-04
-3.808351978271825818e-04
-3.980342122196218308e-04
-3.252908124570818064e-04
-2.977045611501986087e-04
-2.464855923346026003e-04
-1.667729340468536512e-04
-1.339675950460449355e-04
-9.778551090932020775e-05
-3.445974468768670207e-05
2.784593499289343717e-05
6.946816372182398696e-05
1.165162029202994944e-04
1.777730592411092176e-04
3.358122209878079711e-04
3.908777048166819923e-04
4.543809634054157159e-04
4.795871386905288026e-04
4.675889139967961180e-04
4.619226289278976897e-04
3.987504648953411521e-04
2.864822679778400720e-04
1.800975059904554477e-04
8.637778864943218050e-05
3.359827446960996904e-05
-1.013402662199274018e-05
-6.441681440676862776e-05
-1.049640804204693629e-04
-1.773081522125745932e-04
-1.964775954366769029e-04
-1.757267598852739173e-04
-8.298224729296915542e-05
1.548920792224958124e-05
1.293438206195759793e-04
2.437236829654171278e-04
2.993336415168931439e-04
3.141876005478899062e-04
3.223039507334607835e-04
2.892014818161168957e-04
2.666452248572010885e-04
3.007240958384631313e-04
3.023435767924781479e-04
2.619263452134613858e-04
1.492590450569442344e-04
8.233519463301672487e-05
6.408135079156194977e-06
-8.493195235768562321e-05
-8.754482515807317765e-05
-8.363814234004368360e-05
-7.750306171645100740e-05
-5.889185962794808439e-05
-4.337619571269957930e-05
-2.299597725882759187e-05
-4.949687958261219837e-05
1.405914423030072288e-06
5.857959643664151992e-05
1.102341337776175664e-04
1.694652262506244819e-04
1.900781030419273858e-04
1.586916115918945893e-04
1.032782962420806670e-04
5.600468360684668839e-05
2.986711417408946092e-05
1.603106975130075661e-05
-1.345951289418053239e-05
-2.989438769638474002e-05
-2.376666399418533786e-05
-1.213740176711853501e-04
-2.136012423997991298e-04
-3.389657850774377835e-04
-5.037914631777459015e-04
-5.989609697916953518e-04
-7.066364189827011423e-04
-8.136394535779912542e-04
-9.098554689619685375e-04
-9.775504991136857013e-04
