6.195973500397552013e-06
9.242718298707425535e-06
1.048911181069956284e-04
2.059581922246290592e-05
8.381169443142598544e-06
5.330353552014445190e-05
2.170615142355835595e-05
5.671185725658656510e-05
4.135349969870925891e-05
5.523541643518872335e-05
2.697900513113536480e-05
6.050145518201098885e-05
6.217759929799833701e-05
3.109104480985033607e-04
1.394050674730039612e-04
1.992639774431443603e-04
3.160718397266935246e-04
8.444065199559984154e-04
2.659519345676718423e-04
6.836617395910858153e-05
5.471229052739857356e-05
3.800382347223383770e-05
6.188581206975458872e-05
2.807215959095619821e-05
8.151478670169824399e-05
6.589808003762095186e-05
1.640495214120697579e-04
1.998340152267844309e-04
1.750724366300676258e-04
5.588399889459597851e-05
8.238623185025281649e-05
2.018375028358969023e-04
1.244467519459561381e-04
1.965123567569021013e-04
2.315755615335263065e-04
1.913093880144906217e-04
3.034718741558164535e-04
1.842549065943051550e-03
5.171598050330278697e-04
9.950636505347325517e-05
2.767195541612014695e-05
1.460941201830871092e-05
2.734259136392469726e-05
1.716381031796942915e-06
9.396635209117147871e-08
2.385147544507824539e-09
2.260758310974901501e-10
6.011516953826177603e-17
-6.059718703090973492e-38
-6.812551091336109775e-12
-4.339577562476956061e-10
-5.714121310642276779e-06
-5.482709797361283166e-06
-6.540386079399073320e-07
-2.707852222159769741e-07
-6.668346933236292610e-06
-2.314011657376670013e-04
-2.532296164594664926e-06
-1.073090958279144330e-06
-2.262690435601128678e-07
-8.719418686946771950e-09
-1.747517219295050008e-08
-9.007371508182980319e-09
-9.895049913326754864e-10
-2.147662386806845127e-08
-1.581125218627447903e-08
-4.930404373347599377e-07
-1.362746686081073870e-08
-2.144784060301623009e-07
-5.427429022190303257e-07
-8.751605139540944353e-06
-3.723588424087598195e-06
-1.431348527851097052e-05
-1.022350059281239445e-05
-1.343354154776362503e-05
-3.495208811684080979e-05
-6.317869434769394902e-05
-4.336225636234778216e-05
-7.944320770319643029e-05
-3.410020043490696492e-07
-2.542771826465676548e-05
-3.092764329363607469e-06
-2.793061024770041748e-08
-1.379907381999504173e-25
-5.042626477656696315e-52
1.317102100700641467e-16
4.540503084412016764e-15
1.964707740723593337e-14
8.004243405627795165e-14
2.586838897128659884e-12
2.323296922188142334e-12
3.296143365158136771e-13
6.750772661025743980e-10
1.682069461222378596e-09
1.790132152940295299e-08
2.857695817902848759e-07
6.474974110862767375e-07
4.564418586425294559e-06
1.581619797575422126e-05
3.894174378940379132e-05
1.263361855431146737e-05
5.653139293064778802e-06
8.596572056093074789e-06
5.500386198078673105e-05
1.378591423010406300e-04
1.984583494562175334e-04
2.448936026168873140e-04
3.732710013060027213e-04
3.469639449430920813e-04
1.118794809443964759e-03
7.579964852109835182e-04
1.330054348783491023e-03
1.423608639499516094e-03
1.629243280139772328e-03
3.037052302624807746e-03
2.656313619907515501e-03
2.914183089090521296e-03
3.229634363486581436e-03
2.888193338951178593e-03
3.196245804377733160e-03
2.482552174977708821e-03
2.885754657182528805e-03
3.074395340881498542e-03
4.678277481880061678e-03
5.548449547283118566e-03
6.661191332259722674e-03
6.620087061423318014e-03
6.108680276007485976e-03
8.324776258759974262e-03
9.770498877932257131e-03
7.649497440796061004e-03
9.142121429008269462e-03
8.961310946064638197e-03
6.591706902483228034e-03
4.949342705403482826e-03
5.120351735276527580e-03
4.032821568229394762e-03
4.283797641891594343e-03
3.423782307466384164e-03
3.542497907735637011e-03
3.931942470639179441e-03
3.309616389018202667e-03
2.937249480768502549e-03
2.110061797548361002e-03
1.545756047358329190e-03
1.241923007435777066e-03
2.007704845767285112e-03
2.235509749285579870e-03
1.664595808188926206e-03
1.510140267662397982e-03
1.573407438627011205e-03
7.040681912893771016e-04
1.205733243277977255e-03
5.527274536689348117e-04
9.489263107005498164e-04
8.873426777253070295e-04
1.082738185265628549e-03
8.623136040250884869e-04
8.934076309663926659e-04
1.679013884402538216e-03
9.049156421142190605e-04
7.406920352122357311e-04
7.237274907781210149e-04
7.243509586455765649e-04
2.390173523155863242e-04
2.018928110729743916e-04
2.553150003742240257e-04
7.165703700314689315e-05
7.660561398135611586e-05
2.454733124928941567e-05
6.916583155575948492e-06
2.751806936940169539e-06
8.027378931537674829e-07
1.736359913334506619e-06
4.639751859870725298e-06
2.784183270654745500e-06
4.524575784426991942e-07
7.372624486925598250e-06
2.343251398998735871e-06
7.623974656122619611e-06
3.297444023514299030e-06
6.153479672049645014e-07
4.177545867524429298e-06
2.072118814630291491e-09
3.911388596109235562e-07
9.263058523629041481e-07
9.875567053789691311e-11
4.224961449938700315e-13
1.123646257409646008e-19
9.160516209723394686e-21
5.161493369674295063e-18
1.950057289992128249e-10
1.251992718251028394e-08
6.032833660011503507e-10
1.366111011643232649e-09
2.289362535060068888e-09
3.576085075252304444e-09
1.852416751065652922e-07
1.773272291510701754e-09
3.610140311423838231e-10
5.505326621052220749e-12
1.182052950113719526e-11
3.937577543146948233e-17
3.871709682215571909e-27
1.361107578428591243e-68
3.185710547754536929e-127
5.973301521915757646e-31
4.282691065781133884e-12
8.136352726297531107e-15
3.024560705499472660e-07
4.810338162266284788e-06
1.945419080052238014e-06
1.728546231602994264e-05
4.922282127037961834e-06
1.102442963476422911e-05
1.688774840341915556e-05
1.035393994764133803e-05
1.734415170058112518e-05
2.259193818933722075e-05
1.000439880155169661e-04
5.623592491507345089e-05
1.192645736482321760e-04
2.475604629786462872e-05
1.717090022180396901e-06
1.572215616557535573e-06
7.568939851678372065e-06
1.096439885216446677e-05
1.564233694988365804e-05
1.914712760779093640e-05
4.787353847595590960e-05
3.032219954784547708e-05
6.113367948462486911e-05
2.639013432386053302e-05
6.037683782262030124e-06
3.226474909123957385e-05
2.245139355999602342e-05
9.338053102074010616e-05
5.219577624019295693e-05
2.049230004412721845e-04
