5.059217035285041783e-03
1.478938496874022566e-03
1.575179245689258337e-03
6.805692793613692245e-04
9.641774653759570442e-04
1.845376176330456230e-03
2.946135690747789162e-03
1.572044289947160120e-03
9.593506609512726440e-04
1.311558258446806702e-03
1.221832080005910270e-03
1.293815288191572628e-03
1.248962890542839287e-03
2.025780000772528337e-03
1.484865014779748749e-03
1.619554231319158752e-03
1.125147546214767705e-04
1.180605653222649085e-02
3.117248273546491429e-03
1.501246732873359139e-03
8.964827314861278408e-04
8.923061391261199581e-04
1.608193418251365565e-03
1.228561527712176017e-03
2.204772590007055173e-03
1.583567564622283090e-03
3.624569236041187258e-03
1.997573802898209173e-03
1.951807889140985729e-03
2.749207414827390793e-03
3.037622913618752505e-03
5.835928208191851554e-03
4.623794341915545003e-03
3.946650344997097194e-03
3.626960561114293130e-02
-1.880607501441907163e-03
2.387899392922711479e-03
2.262919096760607728e-03
2.321362083203267618e-03
2.608119767699263857e-03
2.782654385665095636e-03
2.877390194388391303e-03
2.511377247632420612e-03
3.381922188414014305e-03
7.642053052049317327e-03
5.562786273128042004e-03
3.403796255018286167e-03
8.967649324994188959e-03
2.656678584880117419e-02
6.283249009369543635e-03
6.795579479895083250e-03
4.453828387868010233e-03
3.876178263461996232e-03
5.286075730298449640e-03
1.572532478837802492e-02
1.003139214968682552e-02
3.155221742557424991e-03
2.953946015890078144e-03
3.348135573687807242e-03
2.525929278442036897e-03
3.670776761768807916e-03
2.184659461360918473e-03
4.928846248612814111e-03
2.279932485042545764e-03
2.056330019491323362e-03
2.130220732924540446e-03
4.199188489626110021e-03
2.057596983184506977e-03
4.465985755308169748e-03
1.714337470491976564e-03
1.323220588081108068e-03
1.149096328541850467e-03
1.545959208495519639e-03
1.291294339563558383e-03
1.145884252375134688e-03
1.059674308496095022e-03
-1.527921733181805209e-03
7.206296144998117952e-04
5.747250956628318199e-04
9.750107227369692346e-04
3.267275359448603409e-04
7.140384132798024801e-04
5.759522281904416036e-04
3.161135823014668924e-04
2.602432637595842235e-04
7.269462572757556199e-04
2.909952886807980177e-04
5.269226748863152163e-04
5.862976294944982495e-04
5.221793155397879858e-04
8.199151674477061450e-04
3.273998456371431283e-04
4.699983728504268112e-04
8.784964379481043084e-04
-1.157048634658071443e-04
9.240280443028460293e-04
1.849032203807717684e-03
1.152706876475965894e-03
9.338953245943877341e-04
1.424475855859952921e-03
3.682895260688482026e-04
7.549255732556464432e-04
9.052335024023321639e-04
1.499854474816321361e-03
1.671546182880608760e-03
1.589106675640352328e-03
2.491324547471017361e-03
3.343771748975778689e-03
3.095857046581081476e-03
3.596812374601711208e-03
2.295638725479858498e-03
2.996938470409721798e-03
1.948111586735429756e-03
1.607647837322146323e-03
1.879452171611122654e-03
2.072356154897078695e-03
2.476091902117191421e-03
2.642492210994538439e-03
2.805976828184418136e-03
3.540066076471617799e-03
2.172899661115814274e-03
2.051051949037266224e-03
2.093520244603839977e-03
2.111202888478885906e-03
1.894038073605209399e-03
1.448669038394124770e-03
1.698710729618035237e-03
2.393928963021908773e-03
1.640999733870587103e-03
2.897743650660886214e-03
2.083536836067639581e-03
3.221997768615896939e-03
2.922686944924766331e-03
2.311546140171558648e-03
2.413095598349213576e-03
2.912193487636280734e-03
2.488884599436339776e-03
2.487484164847997108e-03
2.245827526190123744e-03
2.379248069731523547e-03
2.527105605345057911e-03
3.092068314435248572e-03
1.936360586936836407e-03
1.923235931989997032e-03
2.646440308576163657e-03
1.915899838089463051e-03
1.577154226406581039e-02
2.795209174068307833e-03
4.076071092592640707e-03
1.394118152459229666e-03
8.467572213081501478e-04
8.263958623122574657e-04
4.044375888333699796e-04
5.740287712018113690e-04
6.932748639209564915e-04
1.185991531636013162e-03
1.888193066515404112e-03
1.763177436715930232e-03
1.079237515677748801e-03
-3.702698210284584377e-04
-1.128889061024317434e-03
-4.120559033934591855e-05
5.307579664976256120e-04
8.967781809170699385e-04
6.038679896240728038e-04
3.724559872856487400e-04
5.714071669409281082e-04
1.381473440769480083e-04
4.299186880064862545e-04
3.524713618197266663e-04
2.543022425529500885e-04
5.310300987283731768e-04
-5.779177638859718009e-05
2.585930665996802476e-04
6.256038734909994412e-04
4.764198858054394768e-04
1.579873843824691629e-04
5.788727788634388284e-04
1.645014690181004560e-04
2.646605818734299766e-04
2.444653691255343629e-04
5.386235340804868904e-05
-2.886021705954694449e-04
4.484671396869836199e-05
-1.113472290900863681e-04
-1.164293703309620667e-03
-7.622711005329114433e-04
-3.367191296246596112e-04
-5.257402265344271941e-04
-9.761171366926496909e-04
-2.330602622865671995e-03
-5.506736787426258018e-04
-2.212894339714515225e-04
-6.674387209889015181e-04
-5.531691163077777015e-04
-1.202126091868299402e-03
-7.329349029728505875e-03
-9.577095499769391548e-04
6.083140148630041688e-05
-2.833950288734850709e-04
1.781748950198241423e-04
1.406828986010158283e-04
1.421137491882084086e-05
1.946081493293462560e-04
-2.195672533391914561e-05
-3.245205594138210014e-04
2.579359790516097387e-04
2.231983831229324134e-04
-7.408619275160311225e-05
5.026866789508029326e-04
6.853273310524095590e-04
2.279184157923069658e-04
1.696643379909031492e-04
-1.426943315007677402e-04
1.335114678537171638e-03
1.725279469501887807e-03
1.595215270224780574e-03
5.072237381394949533e-04
3.156814457902179473e-04
6.443581947745406118e-04
3.243442440974414346e-04
-1.366720567578321940e-04
1.469683520866007392e-04
-6.946678819915221568e-05
-5.634045888815094076e-04
-4.704858844955510529e-04
-1.659919133781071062e-04
2.190771047826050948e-04
1.906172541098457359e-04
5.188299371272974770e-04
6.869379918855088264e-04
5.598043397928494655e-04
1.655035330597186575e-04
-5.364739713718859100e-06
-5.600729349599138521e-04
-1.448165058619383392e-03
-1.424740297772317081e-03
-1.036499315038687382e-03
-5.734152999914508136e-04
