1.944047254247850773e-06
1.856894473628669679e-06
1.599343100656599258e-05
1.796412232864803122e-05
2.105451037911380420e-05
2.109104228789206878e-05
2.417274850527961310e-05
2.899226754207915820e-05
5.073479102753524156e-05
8.085891793463070853e-05
1.218357408066388260e-04
1.129391274840596152e-04
1.132130155679429191e-04
1.133657043232753035e-04
1.097000338284651993e-04
1.077103508038906805e-04
1.049252645809179411e-04
1.031099228554874816e-04
9.892546967768944680e-05
8.606731253146922484e-05
6.704929847515949282e-06
-1.627046939961358742e-04
-4.212593541321325266e-04
-8.034336264177185764e-04
-1.040822263142559233e-03
-1.395348502307077040e-03
-1.842313886076471681e-03
-2.286691018109583261e-03
-2.825699167888280627e-03
-3.263145213344571458e-03
-3.813448355295461986e-03
-4.615089154628631250e-03
-4.882591945319853140e-03
-5.121445006986344306e-03
-5.216856132811230513e-03
-5.678130573356830746e-03
-6.147595603019601757e-03
-6.645225611369802270e-03
-6.799520767738827243e-03
-6.899686967829357816e-03
-6.860846648229956997e-03
-6.803598746192663325e-03
-6.633230844111204921e-03
-6.042326528245464505e-03
-5.795990880606268457e-03
-5.435109076240131863e-03
-5.152636181326694480e-03
-4.320977602632639254e-03
-3.618076959379355056e-03
-2.766923100371160727e-03
-2.165824456830602648e-03
-1.622591532982539881e-03
-1.123882241999024862e-03
-7.459985054195104924e-04
-3.655952672841490496e-04
-1.472299104832715635e-04
-6.542893117959679334e-05
-4.738492500720543416e-05
-2.019422444602551314e-05
-9.660504559632007918e-06
-6.143896097042715323e-06
-5.475839271408524830e-06
-5.574999238964785748e-06
-6.345143883272295340e-06
-7.665523050869516689e-06
-6.095326220704199197e-06
-6.306072495743972256e-06
-9.474335665682142061e-06
-9.763143772310340726e-06
-1.219152101688596520e-05
-1.451584061363406752e-05
-2.048273813116517983e-05
-2.264368273342156203e-05
-2.361225263987171030e-05
-2.656164357289053827e-05
-2.760668739765469995e-05
-2.920516742213042540e-05
-3.548799000657717936e-05
-3.649226954280682540e-05
-3.759989219259731179e-05
-3.810883774001173500e-05
-3.713673713720650415e-05
-3.616175221904096372e-05
-3.367364079233348909e-05
-3.507627025071482655e-05
-4.271645387582128115e-05
-6.212694409678501026e-05
-6.995761316979290227e-05
-1.069300672739186892e-04
-1.144631387230187408e-04
-1.379253024699696217e-04
-1.757057281494819932e-04
-2.685009240564450984e-04
-2.933172840057535094e-04
-3.078111403270244258e-04
-3.330134961796490218e-04
-3.509429819966695019e-04
-3.668796572205241732e-04
-3.918842177319639187e-04
-4.274749666162004462e-04
-4.196719524605619050e-04
-4.581312056620390704e-04
-5.080834822448731516e-04
-5.093011370389074382e-04
-5.064745774225895905e-04
-5.084426404580309105e-04
-5.293152384281249370e-04
-5.375667864902683750e-04
-5.422603682045228904e-04
-5.923571403697881202e-04
