9.092794744063615589e-04
1.377260785409787714e-03
1.664837408207247476e-03
2.319324232896616267e-03
3.431503495259826449e-03
3.415282390605703117e-03
3.212889878002617682e-03
3.034684778467175437e-03
2.841689601251260258e-03
2.663814738003996482e-03
2.480036078173129127e-03
2.386693241291625196e-03
2.451495137173408199e-03
2.415712363194866524e-03
2.521332873767550761e-03
2.317136392620867697e-03
1.827080026388113072e-03
1.687472933464247496e-03
1.674262321659921718e-03
1.848358534627202567e-03
2.566915519896607011e-03
2.707908238726618091e-03
2.873930710411643375e-03
2.957160258110892812e-03
3.117881713012823561e-03
3.166925666826194211e-03
3.046870084971697781e-03
3.280121517980830962e-03
3.522694165628417490e-03
3.707187134709704571e-03
3.749980710855070534e-03
3.617652358091772661e-03
3.019504418948524421e-03
2.999125831056514892e-03
3.094034181837223077e-03
3.293891854274252212e-03
3.570757940910467085e-03
4.228399370178201333e-03
4.653597783665609604e-03
5.592961168138910373e-03
6.303007222395121643e-03
6.929587398291314933e-03
7.788085597604914485e-03
8.310076267619271803e-03
9.006979740490996672e-03
1.000535580866231296e-02
1.069256232398519031e-02
1.128507291435395556e-02
1.171804858373020480e-02
1.192238058029256552e-02
1.232383538119676686e-02
1.159804958830850004e-02
1.123143088054468809e-02
1.105305601450813462e-02
1.027863755631966240e-02
9.603828925474578934e-03
8.615692010544365176e-03
7.549809217342655365e-03
6.684894938859149531e-03
5.853536768330696270e-03
4.945039561724759621e-03
4.042018393560821606e-03
3.145033316081164484e-03
2.630026350344016970e-03
2.060522259733992955e-03
1.551193442362450679e-03
1.394981462407969552e-03
1.464282614310158858e-03
1.690359371750507766e-03
1.643985964386614771e-03
1.496474714140017112e-03
1.420817479464927396e-03
1.309892833808453706e-03
1.161335016813726294e-03
1.004442648209575347e-03
9.351537358369054961e-04
7.569848504052918009e-04
4.683548364186322535e-04
3.299119398444961258e-04
1.912925354005357795e-04
-4.916649719387433155e-05
-2.520125162251028381e-04
-3.722687436077197053e-04
-5.091159544644234926e-04
-5.300763146065846920e-04
-6.442618796133525640e-04
-6.731374074596913970e-04
-8.774561739074722812e-04
-1.012242387216421690e-03
-1.135167298597643650e-03
-1.285808675389665465e-03
-1.553462423514386133e-03
-1.789200057201372450e-03
-1.872003757807954747e-03
-1.967558976101319457e-03
-2.210485355045191912e-03
-2.732826556632119569e-03
-3.089460083158839226e-03
-3.736224012965547268e-03
-3.927942033716796087e-03
-4.355182467040696025e-03
-4.746721602085752535e-03
-5.028089493119431048e-03
-4.926578134545328037e-03
-4.672421018896039634e-03
-4.568197110866665210e-03
-4.398906696413918890e-03
-4.146070560961718013e-03
-3.629893645801374105e-03
-3.154766189029106424e-03
-2.430309921480982085e-03
-2.033579692960417549e-03
-1.529297878659266431e-03
-9.965783303501937317e-04
-4.874941241468180885e-04
-1.468252488882426481e-05
1.840134895345092985e-04
4.119312434259036581e-04
