9.091057218721890903e-03
9.465649392412839661e-03
9.365856376845655903e-03
8.992626530177905142e-03
8.686947363235908784e-03
8.526443912869004216e-03
8.408326943371222106e-03
8.161232736321209769e-03
7.860753158134005728e-03
7.620308647784059149e-03
7.423415267398577287e-03
7.239493859703974299e-03
6.882914544500462473e-03
6.404527803599669583e-03
5.906515326101564357e-03
5.432959095088114691e-03
4.917983352486397612e-03
4.354995930083257333e-03
3.733896069000414760e-03
3.197756417682731667e-03
2.709990282155301522e-03
2.206446394287482366e-03
1.692755833137334076e-03
1.214837008161972261e-03
7.749109631355724547e-04
4.018653816069675988e-04
1.160352604548145857e-04
-7.263894220790635952e-05
-1.877267301288514329e-04
-2.662398830196388913e-04
-2.825425916895944484e-04
-2.660292734740318690e-04
-2.282085029366055643e-04
-1.780278920119437557e-04
-1.178218120451132359e-04
-7.077455154165083497e-05
-1.544964858476998801e-05
3.387096643641327034e-05
8.713867420002701541e-05
1.469192314673846411e-04
2.388628580690113840e-04
3.377271459433170159e-04
4.613736827503904601e-04
6.321320680564491328e-04
8.865193287605732360e-04
1.208247024483357366e-03
1.594580744706622063e-03
2.069848950877195125e-03
2.567325349763302164e-03
3.082172422688633871e-03
3.586881729633888127e-03
4.110369029194546088e-03
4.568934403056422629e-03
5.001017070097395732e-03
5.382697688321693569e-03
5.621261738861124853e-03
5.720298209548317463e-03
5.755139128234168337e-03
5.709653334810840808e-03
5.503858617461040992e-03
5.229211230189850790e-03
4.905677342354323490e-03
4.558823572849837052e-03
4.198337465026790415e-03
3.885456582177002158e-03
3.597808094093003003e-03
3.377916665778551986e-03
3.244339620872169812e-03
3.178344965475255347e-03
3.111268971218157046e-03
3.046068264383320224e-03
3.037496299124108502e-03
3.007641798044528598e-03
3.014517469636030997e-03
3.056718015240079966e-03
3.047327457466165058e-03
3.033934402501841168e-03
3.015898870501590012e-03
2.972200507584715073e-03
2.958672415056161614e-03
2.976129899260353349e-03
3.014264580781373520e-03
3.089219073565253101e-03
3.204111785101989868e-03
3.317357499480188057e-03
3.352882609800997196e-03
3.332901266368367126e-03
3.324583853876887912e-03
3.260426934438606650e-03
3.206278323644980513e-03
3.146034185830332269e-03
3.057440369027209209e-03
2.926722621873868464e-03
2.740277623506346110e-03
2.528497678843311634e-03
2.323379778357961400e-03
2.184665676674046788e-03
2.070554660680440102e-03
1.976697562480199920e-03
1.881003225971060238e-03
1.848428963879211089e-03
1.794377244968618302e-03
1.749704237979967693e-03
1.710797294945019158e-03
1.726159790226999618e-03
1.766010710482294457e-03
1.788748997592899724e-03
1.769713304948264355e-03
1.717413430564871833e-03
1.667373897211733499e-03
1.639679105477405028e-03
1.635081666721744688e-03
1.657296425161594458e-03
1.709292394981063758e-03
1.804730991045282130e-03
1.959038870878241669e-03
2.081796629650734236e-03
2.252255694580458569e-03
2.508645272103099486e-03
2.722826957226113283e-03
2.980078716633027380e-03
3.225821661228589054e-03
3.461311473240116700e-03
3.641507666590518017e-03
3.759535463644971421e-03
3.845999552746297637e-03
3.856674300600029717e-03
3.844508431164041489e-03
3.851137285684346975e-03
3.896753633738991168e-03
3.866108616509815032e-03
3.867000546400713949e-03
3.891589110063407159e-03
3.957302943060041732e-03
4.029686284470197603e-03
4.071054861104044138e-03
4.083283524688398683e-03
4.050496724469573526e-03
4.051600379455475541e-03
4.031138884726832676e-03
3.943025400007725036e-03
3.792135964955743645e-03
3.659232493086650179e-03
3.535007681321519768e-03
3.350677247408398712e-03
3.130942532917064484e-03
2.852394658061293675e-03
2.614549242424239837e-03
2.409145448319223882e-03
2.235856802829943625e-03
2.044475620524011106e-03
1.826740436640169425e-03
1.660416899184196131e-03
1.485671099629977919e-03
1.313230043703490129e-03
1.124020052060629125e-03
9.443975500165409159e-04
8.037421464213552686e-04
7.131763495731065087e-04
6.604279774974701174e-04
6.046147570055901118e-04
5.531081783143530469e-04
4.918747115400613551e-04
4.116934075315663581e-04
3.077935749224533935e-04
1.745336869394480508e-04
1.728488158004737538e-05
-1.239433556311534887e-04
-2.593128805848473771e-04
-3.720431221023187229e-04
-4.741099383599092082e-04
-5.729776418940816293e-04
-6.608962812808538700e-04
-7.366214969303344672e-04
-8.104482273450092089e-04
-8.647064528892939089e-04
-9.083026962430234587e-04
-9.071279059506823965e-04
-8.894234031831642351e-04
-8.731873457970188270e-04
-8.791240207863438997e-04
-9.097562223987719875e-04
-9.393409338360410353e-04
-9.610288969484157701e-04
-1.009525271145714654e-03
-1.112330431039364274e-03
-1.212231065798323850e-03
-1.318588044895862297e-03
-1.397219796521182019e-03
-1.473188377207876321e-03
-1.575840498377180030e-03
-1.669736034316616829e-03
-1.759780454746484894e-03
-1.813435876074123146e-03
-1.854903080216636696e-03
-1.873741644417226777e-03
-1.824197405056618296e-03
-1.672005891501465160e-03
-1.506231715282703096e-03
-1.324712912461214467e-03
-1.167969601963679679e-03
-1.027121508437001899e-03
-8.629961736799319702e-04
-6.964000395048996908e-04
-5.143066818363877706e-04
-3.558045134237459929e-04
-2.118911333641706942e-04
-9.732112398869749523e-05
-1.945833879858199214e-05
7.227050805276895885e-06
1.928399185050247457e-05
2.095208196159721985e-05
1.808574594637200070e-05
1.180752335536987572e-05
5.265256052744262061e-06
-1.723095450694492137e-06
-8.996794468327046023e-06
-1.868384411373180426e-05
-4.262674968117822143e-05
-6.554537380651122693e-05
-9.105549741754384206e-05
-1.064482899354346371e-04
-1.149193696216358721e-04
-1.205402600930971735e-04
-1.324417423048704183e-04
-1.380908579569330380e-04
-1.371027891716140737e-04
-1.372371404511441375e-04
-1.314084623358387075e-04
-1.235348759088676130e-04
-1.058920209507195886e-04
-8.889992447365293454e-05
-6.564074066017644839e-05
-5.287524962368191149e-05
-4.829025196633591165e-05
-5.163247166097118765e-05
-4.695573460411796692e-05
-5.902725630990534315e-05
-7.730237687780061411e-05
