-3.936525025844886524e-04
-5.215309787102688911e-05
6.901387463513886491e-04
6.668413183013952722e-04
6.551992489713199868e-04
6.051437460740499144e-04
8.462059286512558761e-04
8.363511018738262583e-04
5.039963312436856286e-04
3.982484576364312182e-04
2.805807946534827194e-04
1.906470563092431088e-04
-9.014948527216314501e-05
-2.136058973020477265e-04
-3.712572165803500082e-04
-4.940879370987307949e-04
-5.662385125227384916e-04
-4.915479762599749350e-04
-3.932369087487961982e-04
-3.501166051911724377e-04
-2.597908734429151944e-04
-1.363911422954607901e-04
-3.414942490986768190e-05
-1.179434681445862260e-04
-1.683849478401323017e-04
-1.483371402233785218e-04
-1.907422630705022694e-04
-2.230203623027371981e-04
-1.999501024612179852e-04
-1.344880989823582160e-04
5.265736371653937715e-05
1.845292139994941316e-04
4.761445497035265810e-04
9.441163081436742578e-04
1.330195351409121582e-03
1.680654738497650577e-03
1.969671239545140329e-03
2.990647869582271998e-03
3.408416196806758874e-03
3.737357094533267244e-03
3.724603058241243367e-03
3.774238623979260260e-03
3.898144411482207337e-03
3.418271355480955939e-03
3.552261216375445039e-03
3.504231180775437601e-03
3.627449313522254203e-03
3.792934027669585349e-03
3.906636897400121017e-03
3.802698163591886754e-03
3.601393412644369671e-03
3.442956868793885846e-03
3.509018215137840735e-03
3.898980358070080338e-03
4.303041287536760531e-03
4.478994646433686992e-03
4.242519797369532532e-03
3.946679231729652640e-03
3.659306745679536538e-03
2.822362867338484588e-03
1.842311944191563815e-03
1.164265412537230987e-03
8.977216234493809672e-04
5.839750350013684808e-04
1.910800672200408605e-04
5.982262728949723274e-05
4.603042665197974183e-05
1.906624348724402212e-05
1.256655694597557282e-05
7.149925213501048934e-05
1.177785400326658528e-04
1.707540113252175500e-04
-4.649897181196776581e-05
-1.174412951484567571e-04
-2.031966772461128116e-04
-2.861953356799445004e-04
-3.603360728994374636e-04
-4.964045752772421700e-04
-3.884096309846039635e-04
-2.456511471612841859e-04
-1.680696067043965672e-04
-1.189561080206760535e-04
-5.555599222126282686e-05
-8.120879246535689822e-05
-2.178793165168246371e-04
-4.702752722802396208e-04
-7.579666792306913314e-04
-7.248847938170085124e-04
-7.631983685377053241e-04
-8.231528754878295398e-04
-7.821746250903306892e-04
-9.136556639576806985e-04
-9.365871381337804655e-04
-1.214606726503623339e-03
-1.392014777422018916e-03
-1.421061018800126542e-03
-1.467188374917933634e-03
-1.334934360322539244e-03
-1.246146644848393275e-03
-1.082639707375313964e-03
-9.887303394849552857e-04
-9.027344752315902797e-04
-8.302898337385898912e-04
-5.345162514208850503e-04
-8.925863131729551067e-05
3.037571154521381779e-04
8.912891473837392976e-04
1.375854528516674141e-03
1.801869592137549493e-03
2.003847005800666378e-03
1.928541185129426091e-03
1.831184967431210902e-03
1.494061645088072239e-03
1.170279580717629780e-03
9.925664118817692071e-04
8.598968961632196635e-04
9.385386916546308586e-04
1.119319181994831445e-03
1.337897715060408889e-03
1.455415430678679402e-03
1.439711848855535327e-03
1.256361692029379007e-03
9.784657284638924833e-04
5.051830152006291444e-04
-3.560539968036313506e-05
-2.928005599476791684e-04
-5.080478112569952525e-04
-6.068811244452997468e-04
-6.357564146694248989e-04
-5.039116015707743217e-04
-2.772936298451626411e-04
-9.336146273933465945e-05
1.975228439975022007e-04
4.438470678350146044e-04
6.382860903270506968e-04
8.105431559295997934e-04
8.878683855485823085e-04
7.748162724161511633e-04
4.267300460778647789e-04
1.899847479427216757e-04
-5.224153836948460964e-05
-2.888482891678365093e-04
-3.449829933187668375e-04
-2.881806973676019471e-04
-6.098149447221811939e-05
-8.673854003912930954e-05
5.666343037026466320e-05
2.185192000144053470e-04
2.351809290435730377e-04
-5.287003719732019587e-05
-3.920670714039417993e-04
-5.725874374588642160e-04
-8.381790637381685916e-04
-1.112470251475662945e-03
-1.235011721991590697e-03
-1.063500181255195741e-03
-8.508957440311309267e-04
-6.541600107330909413e-04
-5.337920940863640808e-04
-5.112906326866777530e-04
-6.829952886984409560e-04
-8.173390657821216548e-04
-9.143161687158845577e-04
-9.332286975368901498e-04
-9.785437711082266548e-04
-9.685769461006236980e-04
-7.895436985480328669e-04
-7.002494242186989163e-04
-6.327038842185843956e-04
-6.789483541341211894e-04
-7.606570765262998151e-04
-7.651251548249498073e-04
-8.403181666480925155e-04
-8.603430490911422425e-04
-8.477962161091919012e-04
-7.497639252279507567e-04
-5.188848371308498299e-04
-4.022274838987531086e-04
-3.262128065133515866e-04
-2.057165748404757777e-04
-1.697132705207890849e-04
-2.232176175041719829e-04
-3.885387452869120046e-04
-4.952704030194559357e-04
-6.006934905454763265e-04
-8.586789880649286838e-04
-1.084690636586800984e-03
-1.234640980411336056e-03
-1.324778547833121945e-03
-1.420626168481168390e-03
-1.367088162700676309e-03
-1.193366192029511391e-03
-1.032552800012765401e-03
-8.609395963357496795e-04
-7.201291241438696799e-04
-6.706587042460514236e-04
-1.058127972932059640e-03
-1.225170918512717092e-03
-1.143549568989150715e-03
-1.211477441076803637e-03
-1.220305956540652546e-03
-1.157472629146086241e-03
-7.688691240124713401e-04
-6.195109372271712881e-04
-8.061861282158298489e-04
-9.295307457625376878e-04
-1.171294050341843132e-03
-1.412073087850820386e-03
-1.588007610069780287e-03
-1.831275372666811086e-03
-1.925620401566548309e-03
-1.943717985911322171e-03
-1.899695966379469142e-03
-1.944555089667671663e-03
-1.921409212739542570e-03
-1.948549249609646912e-03
-1.884114418888912373e-03
-1.922412886716281426e-03
-2.010997335773805940e-03
-1.932540333883519092e-03
-1.750058794569752524e-03
-1.404058478385863387e-03
-1.175042007378082360e-03
-8.580075783563268464e-04
-5.199494932909933583e-04
-3.376655758717583334e-04
-2.845483190343887242e-04
-2.461345701613326556e-04
-2.256335181651975301e-04
-2.340010160746910960e-04
-1.730986344651629994e-04
-7.520075118687832383e-05
5.586120639557374049e-05
1.132042125771262668e-04
1.277207875282996023e-04
1.524821242210362975e-04
1.937836861550996687e-04
3.036453382415542422e-04
3.018353733125543983e-04
