-2.487598763219476400e-02
-2.440397547958565727e-02
-2.448576691980192468e-02
-2.758917042941471179e-02
-2.998895300678718762e-02
-3.127874206723738754e-02
-3.273525620388335194e-02
-3.367209584066475220e-02
-3.468160543320630146e-02
-3.447602935187184248e-02
-3.592678325352557933e-02
-3.746309085264537542e-02
-4.053551377142895068e-02
-4.334751584161789656e-02
-4.701976623308068426e-02
-5.091450163779639992e-02
-4.848430825927920601e-02
-4.621872512652532711e-02
-4.341441510881679372e-02
-4.140338500888480350e-02
-3.755035140260153809e-02
-3.458012006605894889e-02
-3.008822815224387881e-02
-2.519361541383274838e-02
-1.964027731051494127e-02
-1.451418790236915467e-02
-8.248342762715207485e-03
-7.523206107482664209e-04
4.703662916034896755e-04
1.778529038335873802e-03
2.625166126580183359e-03
4.131676627758651410e-03
4.013791855267843586e-03
3.948018711289930788e-03
3.929756303697697593e-03
3.867772220683466083e-03
3.762562080126803307e-03
3.701717532509122503e-03
3.359164755848568617e-03
3.187422158061450298e-03
3.183282465168669594e-03
3.088704508157270445e-03
3.066790849777645180e-03
3.801756865617516353e-03
4.547716154418957046e-03
5.710073589686583823e-03
6.079736891353412602e-03
6.633953410857622822e-03
7.271845788433616876e-03
7.993645034260045065e-03
8.775334067699366164e-03
8.640242537053068050e-03
8.448848967853798964e-03
8.207341213560207654e-03
8.060267357102952543e-03
7.138857978803419581e-03
6.317480122505998719e-03
4.917620698795431393e-03
4.193512944852021210e-03
3.356547930667070408e-03
2.117899033539536076e-03
8.682829988750064227e-04
-2.258939855931236217e-04
-3.673360947390279913e-04
-4.801744463557118189e-04
-5.749620192042470676e-04
-7.433493907858080381e-04
-5.746017045654194582e-04
-5.732766682996325979e-04
-5.650643758534068111e-05
4.034550651672779922e-05
-3.590182626797182655e-04
-3.070560303768683883e-04
-8.284674347459482745e-04
-1.225017337934643279e-03
-2.186403421865553299e-03
-3.111490070220131968e-03
-4.327678052451731927e-03
-5.658019903871388569e-03
-7.210328677023952748e-03
-8.757893130283562685e-03
-1.409411065780805279e-02
-1.419220802827976524e-02
-1.399162308774629104e-02
-1.385025941821855372e-02
-1.314835277315301414e-02
-1.281871021894899661e-02
-1.220809371011422235e-02
-1.154916463512107618e-02
-1.045709375547578673e-02
-8.994877195880233989e-03
-7.762163790030276317e-03
-6.420912768622479873e-03
-1.619404347474006885e-03
-1.614808859223212456e-03
-1.502646586564176196e-03
-1.424749390608251584e-03
-1.321085982449398365e-03
-1.295773132196103086e-03
-1.654093491306023135e-03
-1.884793456982668562e-03
-1.655838121852698692e-03
-1.582783540702708451e-03
-1.267885174003665705e-03
-9.735848946136757770e-04
-6.895042869910558833e-04
-5.059433069457198355e-04
-2.457948433182865393e-04
1.902406384599047583e-04
6.959547224651010206e-04
1.290786648903354157e-03
3.516472385445050530e-03
6.098594059960305534e-03
6.636707667743988077e-03
7.250992960233789558e-03
7.430413975889474561e-03
7.981091627763168758e-03
7.770030039369557780e-03
7.940916390425083876e-03
7.544284315247644888e-03
2.970480625354366550e-03
5.654152935863344899e-04
-8.713403938921374288e-05
-2.018999301903778507e-03
