3.491582910905920156e-03
3.680702599105890871e-03
3.909255183319450266e-03
4.193319192534646252e-03
4.440578051950042071e-03
4.568395905883052867e-03
4.811209440738708869e-03
5.094237730219886018e-03
5.372870581590497192e-03
5.525165285591065838e-03
5.547307131234360637e-03
5.564373809346721649e-03
5.605249674795626143e-03
5.612946057726581929e-03
5.289667375298742237e-03
4.969407003544796739e-03
4.699659044681817402e-03
4.550096415237974215e-03
4.450085668842011614e-03
4.246714757106475994e-03
4.227982304216238059e-03
4.106194253429507057e-03
3.900105396136480454e-03
3.537932179452267425e-03
3.176263583269068810e-03
2.850532946267875928e-03
2.612357283880364575e-03
2.436403758925493376e-03
2.279536034040248894e-03
2.163767624024893425e-03
1.985906583384538984e-03
1.788079364760939913e-03
1.584090880460779392e-03
1.409361487472539148e-03
1.328879955003666033e-03
1.256593371628833035e-03
1.217116203077259077e-03
1.208725483124053470e-03
1.195598116284513892e-03
1.250816982444337986e-03
1.293488024373075146e-03
1.335040142935489844e-03
1.367148459784617168e-03
1.352515890678147002e-03
1.300783430523625881e-03
1.201815775409159149e-03
1.121377701891224186e-03
1.087074003845040979e-03
1.070592957895877837e-03
1.068999643879879049e-03
1.090408853477743082e-03
1.075619265820503077e-03
1.027331264617314206e-03
9.536662712699606366e-04
8.591409235425917848e-04
7.384618350179837296e-04
5.973833785680508724e-04
5.142581569188014881e-04
4.562640965611125207e-04
3.839788908460847142e-04
3.041762308590266885e-04
2.779433811124581120e-04
2.514697421277021605e-04
1.628233687135645456e-04
6.264101024407765252e-05
-2.987058607333800990e-05
-1.259897985796733526e-04
-2.513458207545680285e-04
-3.714277863533647678e-04
-4.913916431323619126e-04
-6.056526458489704763e-04
-6.978957956624280050e-04
-7.484658793137387084e-04
-8.181714059719320939e-04
-9.076007795021581856e-04
-9.742596149883297899e-04
-1.031268162164539941e-03
-1.077795215769298360e-03
-1.138968237469267742e-03
-1.226023638022909592e-03
-1.326688477406903202e-03
-1.490598857191074295e-03
-1.735556818858570655e-03
-2.035660394867460244e-03
-2.380506134899380410e-03
-2.788214304124882192e-03
-3.153202107633480602e-03
-3.486800732103557867e-03
-3.767836823722298806e-03
-4.024601235549106308e-03
-4.360723020436836628e-03
-4.578411772223469310e-03
-4.753974457717123105e-03
-4.848215594401812829e-03
-4.859264800187673358e-03
-4.840062032790849039e-03
-4.678132470285388533e-03
-4.530426387656687724e-03
-4.472904409408130430e-03
-4.420251347140174286e-03
-4.457812073219782033e-03
-4.570779792249186034e-03
-4.998219725952672034e-03
-5.870378331242904514e-03
-7.466379811785175090e-03
-1.016065581872847672e-02
-1.328911686086657433e-02
-1.772175964520709621e-02
-1.672789735152469329e-02
-1.527039836585989373e-02
-1.299301122500870487e-02
-9.616724129690472009e-03
-5.725109673610963811e-03
-3.587464132142510753e-04
-2.661106792002319911e-05
4.224593103415493628e-04
8.676574417357507110e-04
1.383350679911523121e-03
1.929760955920824250e-03
2.367199573116637434e-03
2.714615894404064783e-03
2.932753028529882632e-03
3.203679021889518919e-03
3.395705263277514537e-03
3.576018865311147207e-03
3.846951378735771407e-03
4.156191454545636425e-03
4.517841553310254256e-03
4.749579401317973945e-03
5.010448943344775370e-03
5.191675621946914738e-03
5.356006018815119563e-03
5.530053366127190249e-03
5.706788198501976106e-03
5.945360847588194303e-03
6.173120370543874920e-03
6.324912931874219525e-03
6.322510803890265922e-03
6.232734553449810477e-03
6.159926225941184628e-03
6.108932243632669672e-03
5.985689877674920355e-03
5.853434834032967930e-03
5.785174377194631130e-03
5.682100363022906699e-03
5.468636957175156653e-03
5.172594555533013665e-03
4.835441529908414242e-03
4.481288338510725465e-03
4.041181628063389951e-03
3.528901785220520202e-03
2.971892613637951933e-03
2.435528110773954417e-03
1.911921378459041252e-03
1.451403796528100837e-03
1.063742580223653094e-03
7.559117826894790450e-04
5.106773230221205162e-04
2.782424158469917123e-04
1.177645723906033050e-04
-1.553581166419542526e-05
-1.353384668767372058e-04
-2.649478884848624743e-04
-4.202369749203478406e-04
-6.062414681014608982e-04
-7.679179145325670938e-04
-9.086387779457432215e-04
-1.016651375439747576e-03
-1.085483158436563499e-03
-1.100780913648472404e-03
-1.127369082028444828e-03
-1.219709810341338763e-03
-1.402824015323899916e-03
-1.668108307867385842e-03
-1.941076675927502901e-03
-2.212777149027255787e-03
-2.411918948335237903e-03
-2.579201441769431082e-03
-2.688167031378013022e-03
-2.812778603912418057e-03
-2.893692464291978354e-03
-2.953625765438331729e-03
-3.008311334738731149e-03
-3.078673110946087473e-03
-3.091183927655768993e-03
-3.035383258223939198e-03
-2.964387955613621839e-03
-2.857696802228121020e-03
-2.747369366323111975e-03
-2.612646935805784578e-03
-2.540875939797376370e-03
-2.437304023737366619e-03
-2.300173904839745206e-03
-2.176248786473799265e-03
-1.984816991437435545e-03
-1.756232103741390410e-03
-1.435651185453788855e-03
-1.105316711299472949e-03
-7.880575818593017279e-04
-4.470109382919687708e-04
-1.388443568661776957e-04
1.256843195542033142e-04
3.173675536306381725e-04
5.093821798293226124e-04
6.384006394991097134e-04
7.327279950791880684e-04
7.532867427915351322e-04
7.989051004180482618e-04
8.615637106748058735e-04
8.584169188952790698e-04
8.487397467038479979e-04
7.698589686902669984e-04
6.948836611735859136e-04
6.226267447387462970e-04
5.280189276083019096e-04
4.715957958584037564e-04
4.511958194047612121e-04
4.287096787745946279e-04
3.834865110593404028e-04
2.735427641569144943e-04
1.984308684275896148e-04
1.132333496576944592e-04
1.770524337063193645e-05
-3.378208410321102483e-05
-8.703580093822044629e-05
-8.841101380995111192e-05
-1.226361591954219234e-04
-1.834719568898597402e-04
-2.217153321347926649e-04
-2.175136644461122691e-04
-1.769292820899818661e-04
-1.818805617394519784e-04
-1.897051888224941536e-04
-1.828884186080856691e-04
-2.413739986664011430e-04
-3.585335634669039044e-04
-4.730311473330704990e-04
-5.330409625467245416e-04
-5.338773819349661685e-04
