beta2
9.465860625160818498e-03
9.499881724903007363e-03
9.606192795653913791e-03
9.713176446149759946e-03
9.898300792957309691e-03
1.006079754384557254e-02
1.013839197470023726e-02
1.022237192677294751e-02
1.022173531798994950e-02
1.025793001607556293e-02
1.023366491991587780e-02
1.019050665060215050e-02
1.006525293792116804e-02
9.930566306903242449e-03
9.973692048624938425e-03
1.009680637567218417e-02
1.021389915826853914e-02
1.027802272459595739e-02
1.014360378705130884e-02
1.009564888837617691e-02
1.010758698839602475e-02
1.010899261606170579e-02
1.018253114140788007e-02
1.024685988841053663e-02
1.028905375148955401e-02
1.028943068422285244e-02
1.024918500037803187e-02
1.021363399614387893e-02
1.023294720501213145e-02
1.022105562035758447e-02
1.028460618226803222e-02
1.027002497318340105e-02
1.016803952065223511e-02
1.015801459178883835e-02
1.020560282896244148e-02
1.023750470258369058e-02
1.026979566667534337e-02
1.035843045528492268e-02
1.036919280709085178e-02
1.043086780713417538e-02
1.053795460328811606e-02
1.048797486119866854e-02
1.041057684636746174e-02
1.031092682509640243e-02
1.022719243346500301e-02
1.028334843226793791e-02
1.026019529771390881e-02
1.036827796135645838e-02
1.055065383315112806e-02
1.071883670403570021e-02
1.077436009240445927e-02
1.092650534638811913e-02
1.100514441241610269e-02
1.109363279434298979e-02
1.121733054760750206e-02
1.126403419255670411e-02
1.114876472972417543e-02
1.097413707606714403e-02
1.100556646986261197e-02
1.103752464067633138e-02
1.103101216485061903e-02
1.122998507492337268e-02
1.142715501774381470e-02
1.138761122242998303e-02
1.136844997868992867e-02
1.128795089856183750e-02
1.121261006542489426e-02
1.105146179752671681e-02
1.109049166660718705e-02
1.113208626845441779e-02
1.113974274562069475e-02
1.118883383775809079e-02
1.122131777121459541e-02
1.120866532570983717e-02
1.114734572883084238e-02
1.109530103865706205e-02
1.101266887425493904e-02
1.099712154104766706e-02
1.070009399089047811e-02
1.040287506282468882e-02
1.027673385572413188e-02
1.029203263619969319e-02
1.043789400874674256e-02
1.045664865678716873e-02
1.045525834755452535e-02
1.052182975315966995e-02
1.057352471229529647e-02
1.060752214528419730e-02
1.057226138556580097e-02
1.056297101428150219e-02
1.062771287105953276e-02
1.061255996268087309e-02
1.060512368601946795e-02
1.065737127825179716e-02
1.075380449204451673e-02
1.075804597151695102e-02
1.080462614033427665e-02
1.085911804105017114e-02
1.092325414609519180e-02
1.100781391931872008e-02
1.098576100662404520e-02
1.101171727790838974e-02
1.096081475995899258e-02
1.090599529233850923e-02
1.087461636742760585e-02
1.083872208513994920e-02
1.090023320690170633e-02
1.087575362396037484e-02
1.086010000762124839e-02
1.084779150551033397e-02
1.086269195755865634e-02
1.090635122954591169e-02
1.090098530417351469e-02
1.089057577327591855e-02
1.081980670532901173e-02
1.079479957890526302e-02
1.073922057596718958e-02
1.072146699346566631e-02
1.069391935530383808e-02
1.070966756552768281e-02
1.071025907003306937e-02
1.070217894866093769e-02
1.071408978256488745e-02
1.070160510300795925e-02
1.075278689578387792e-02
1.076158541105657826e-02
1.078170056775368257e-02
1.076106139844618462e-02
1.075430373072886608e-02
1.074275022160882040e-02
1.067072772476451020e-02
1.063854848573382930e-02
1.052553659546752798e-02
1.045287769873426420e-02
1.036073337943414080e-02
1.032724288830319352e-02
1.025500013345818917e-02
1.024160765232269912e-02
1.029827591428282910e-02
1.040848726184152515e-02
1.054286390887352806e-02
1.062729430882583363e-02
1.089296975350705077e-02
1.113644479530661452e-02
1.125507005933574708e-02
1.146500191061558191e-02
1.162410713342713550e-02
1.181427070414942451e-02
1.193124077606424333e-02
1.208230029143595591e-02
1.223193297619301623e-02
1.240328154830398766e-02
1.242295327510502083e-02
1.230995145782261616e-02
1.185899458054661543e-02
1.152681453634866668e-02
1.128706296352837909e-02
1.129719587930117300e-02
1.120873261515994979e-02
1.115440357493402944e-02
1.105546097674300725e-02
1.097065462007138122e-02
1.105108456774960002e-02
1.108445676998592866e-02
1.101061805670812757e-02
1.092908538543964705e-02
1.084808823660656819e-02
1.082803896888026411e-02
1.070895103245243785e-02
1.058813952031836120e-02
1.051828732948250841e-02
1.052813030641064351e-02
1.062613925262330047e-02
1.055509836876851112e-02
1.035426358057198355e-02
1.018897298506304602e-02
1.022018118859001519e-02
1.011868466045949891e-02
1.001755635767221514e-02
1.009936326078071309e-02
1.012032020499531275e-02
1.010687110438081293e-02
1.011539568215771845e-02
1.015532463775410503e-02
1.017025418354106266e-02
1.020681472783755567e-02
1.039045845436885850e-02
1.047049393627880708e-02
1.037519441474350074e-02
1.032164204617671763e-02
1.028450782367297534e-02
1.027501340237424107e-02
1.029154641500178158e-02
1.023803968347055011e-02
1.024615870164563743e-02
1.024186284088846044e-02
1.011293885958192487e-02
1.019122682129159664e-02
1.026354808472810035e-02
1.023014961799457133e-02
1.022572150236324834e-02
1.024499376491065997e-02
1.019677269316406586e-02
1.020424518990145288e-02
1.020937366151702594e-02
1.022209125050900155e-02
1.036455471947302781e-02
1.057872776807811284e-02
1.069458750178823442e-02
1.080108132126787746e-02
1.071589219554057795e-02
1.073125537679041515e-02
1.076164937610816184e-02
1.066829304691058536e-02
1.062956744436315687e-02
1.054065897848219073e-02
1.052007433932988442e-02
1.043194771750143024e-02
1.035181961983310667e-02
1.027045384496016664e-02
1.012467067912331195e-02
1.002604221381284133e-02
9.997617903674258996e-03
9.849918465528306050e-03
9.740293441453388296e-03
9.724950212259671212e-03
9.753144830772820378e-03
9.751328848412108008e-03
9.740107280828679340e-03
9.777064900875268721e-03
9.881112584720916706e-03
9.997416733267368988e-03
1.002443358153768532e-02
1.008343334303695923e-02
1.017589911693192982e-02
1.022859043346424981e-02
1.026617242158274490e-02
1.020265030087296257e-02
1.015192678465045434e-02
beta3
-3.212825024515505210e-06
-2.993965776734329700e-06
-2.107494650591537754e-06
-3.284526153897927728e-06
-7.456229211017876684e-07
-7.086119722193594811e-08
-3.652992112981235346e-08
-2.102715306653733190e-07
-2.977222633664236986e-07
-2.092616244830247971e-07
-2.723840223030076001e-07
-2.011102846757496803e-08
6.286091602696029650e-12
8.127622260616705579e-09
2.322363106913033479e-07
2.126936333132997300e-07
7.326659046938195897e-07
2.352990958036134779e-07
8.081134801628118069e-06
1.607948656354259027e-06
2.107024281911442810e-06
3.353700910757779272e-06
1.219552091676832079e-08
-1.287224985816996245e-07
-5.871039865607375426e-06
-3.721061546642549594e-05
-8.987816651028697240e-05
-1.634860431181910784e-04
-2.077717134644962364e-04
-2.592509329449876345e-04
-2.043491760133444343e-04
-1.776049397114197784e-04
-1.283010262916638774e-04
-1.665105584966267973e-04
-1.577806548142971291e-04
-2.204925532493182952e-04
-2.482545108080277106e-04
-2.292162785182666322e-04
-1.258824223747584718e-04
-1.988741507095368984e-05
-3.319748111510442477e-07
-4.918492460704165454e-10
1.425057212114848762e-09
3.005219222160789296e-07
3.557975575086926422e-06
6.747729503676407877e-07
2.620207593577303655e-12
2.493045339061797674e-11
-9.551739120424649370e-07
-9.104273718603141639e-05
-6.125273057936962717e-05
-1.417050769620054529e-05
-7.993389428833259100e-06
-4.224063538063373744e-06
-5.387779394686562879e-07
-1.136509169022616951e-07
-1.753273760181039473e-11
-1.268713455016233307e-10
-2.499352907956568933e-14
9.574419044578535084e-11
-4.290325359057596948e-11
-1.043570706387035493e-06
-1.895518599132609743e-05
-6.861825736674090109e-05
-2.512719271558097145e-04
-1.878801705535560298e-04
-2.116634052933649864e-04
-1.808359423755660225e-04
-7.822717313745820909e-05
-4.195467684249116439e-05
-1.978961468695010958e-05
-2.067688782462064159e-08
3.201478716194954426e-06
1.058230431367166715e-04
2.854259674128830498e-04
5.823801711264012075e-04
8.568637680287951013e-04
1.084005595241979052e-03
9.597036353593694016e-04
8.058318055555367893e-04
6.269642416790283893e-04
3.316441399849638042e-04
2.143610384260146383e-04
1.343836529392068431e-04
7.620579174346578508e-05
6.588798878082771085e-05
3.975666446032784099e-05
3.329902388847392960e-05
1.758564205276261881e-05
2.287012160466697727e-06
8.507765025621511022e-06
9.546485809213867851e-06
7.940014455676861301e-06
1.880878411060437450e-05
2.694267036749315884e-05
3.965930867373289645e-05
5.652637488611690782e-05
6.413492502721997624e-05
5.029029897387325438e-05
3.810305857529315267e-05
2.369660560143056012e-05
4.040628231083145613e-05
4.190796378148120777e-05
1.516311464663679229e-05
6.533272850316293291e-06
2.371546496553841994e-06
1.312135819104854337e-06
1.262007331068114540e-06
8.202355436472442092e-07
4.199268461882209078e-07
5.275675871746154057e-07
1.923404532717018902e-06
3.813877232887018428e-06
3.335509992702862340e-06
3.294028369834443631e-07
8.857853083240921890e-08
9.911361314194590938e-09
1.512651227431451834e-09
1.726613872033811792e-10
2.896999845367197683e-41
1.333191377554847370e-11
1.915747806524707101e-20
3.920447131631054870e-10
8.819223018666056163e-09
1.560648819832023410e-07
6.280020355909346884e-07
3.274762283764572225e-07
6.193486041804350268e-08
1.611804519483815639e-07
4.476913660444356521e-07
1.246597109560173276e-07
8.460662470970097801e-08
7.817266753823952027e-08
1.009037985335244309e-08
3.890566740217736987e-10
-2.547523503966903394e-12
-1.913531468140624874e-08
-8.698084369339440555e-07
-2.655919812093913860e-07
-5.480434741336323960e-07
-2.091651213380757164e-06
-4.028008377021328730e-06
-2.002547441263353055e-06
-1.226289655215047554e-06
-8.235671262885747143e-07
-1.786852703524397569e-07
-1.041320428775289218e-08
-1.319866049882793648e-12
-7.559185387991747510e-09
-3.584150214101185237e-08
-1.358699568558487711e-07
-6.100273434354098358e-07
-2.761103312687132468e-06
-6.636739035738019551e-06
-5.559665364879495607e-05
-8.616000679578672702e-05
-1.159349147068761251e-04
-1.513050918819789292e-04
-2.224844406583489822e-04
-2.421488212291793589e-04
-2.494481514318814533e-04
-2.273001640835735739e-04
-1.966756808268709509e-04
-1.565982772117909102e-04
-2.070009589409727067e-04
-2.556941286443231080e-04
-3.134800999528580432e-04
-2.734522641609396336e-04
-2.906970803247588601e-04
-2.948275550134772899e-04
-3.474901232127414370e-04
-3.065057881743539557e-04
-2.720856657893535886e-04
-3.460610605248612111e-04
-4.741914812246547433e-04
-5.058631106616060229e-04
-4.902169013115066816e-04
-5.536770689796737845e-04
-5.709439884952091605e-04
-5.803397740613017381e-04
-4.630394880363609402e-04
-4.125464437806826293e-04
-3.035040462855630693e-04
-2.238767636422728930e-04
-1.692621579108674265e-04
-1.228882192482869313e-04
-5.738013873949424770e-05
-2.452942827571156476e-05
-2.964981060236895357e-05
-2.847191128277810494e-05
-2.390620413716601760e-05
-2.050757905542841561e-05
-1.973992981095897938e-05
-1.557398911642790432e-05
-1.389606520628624634e-05
-1.257380419572610616e-05
-7.898191022983392414e-06
-5.328597366976339386e-06
-3.376106996207887008e-06
-1.609001731669031727e-06
-9.795451205746448194e-07
-1.415340683010844678e-06
-6.823771777293382783e-07
-7.008636639110802221e-07
-2.291884349178680230e-07
-8.145908360416893261e-08
-5.334690903025420316e-10
-6.753956278708249035e-08
-1.125702199156703330e-06
-5.128145471218025818e-06
-1.800946139576998253e-05
-6.633064255723725980e-05
-1.055978191815487924e-04
-1.387486060599074807e-04
-1.542111429291846193e-04
-1.658451682996925098e-04
-1.888048692864771551e-04
-2.310178742370661497e-04
-3.319378137106107499e-04
-4.834987194823275143e-04
-6.048957498960587029e-04
-7.327495640156350730e-04
-6.077070038452313987e-04
-5.719997303207443196e-04
-5.928780247185192484e-04
-2.667500384872698005e-04
-8.270124295620999368e-05
-7.126812993107889247e-06
-1.882680077537432012e-08
9.419172515352767936e-07
1.480324334588851808e-06
7.790003797533168347e-06
2.660803135022912118e-05
3.621195561758865078e-05
2.381909382916128174e-05
2.444986677718597834e-05
7.164341237475740015e-06
3.171121127334230408e-06
2.551099946683811428e-07
beta4
-3.071445297140813595e-03
-3.458655081939489197e-03
-3.655638743255555309e-03
-3.578261799853664320e-03
-3.946714805487524375e-03
-4.251551947087282846e-03
-4.135171035964923733e-03
-4.048188080644299705e-03
-3.787647222488143249e-03
-3.649874444787399187e-03
-3.754014892233506658e-03
-3.663983380990006901e-03
-3.320153917004813396e-03
-2.357589525470349737e-03
-2.343461196105321026e-03
-2.510814209533870391e-03
-2.646924312371186794e-03
-2.739316905388327998e-03
-2.956510253573323664e-03
-3.345872396921306322e-03
-3.701820989249098200e-03
-4.027512796803681648e-03
-4.223087612730598399e-03
-3.881612757221146459e-03
-3.512302550590841281e-03
-3.217335638485380005e-03
-2.963411447493222162e-03
-2.684770513367700298e-03
-3.015481875185617531e-03
-3.360073574441889768e-03
-3.554827378189782429e-03
-3.556804614721516961e-03
-3.137482122888690141e-03
-3.118763715257374253e-03
-3.325172929501372943e-03
-3.544647610481149735e-03
-3.777024883726472562e-03
-4.321441920792076785e-03
-4.192217329061888667e-03
-4.012511345757352292e-03
-3.971777082340010798e-03
-3.250589345706054838e-03
-2.629539647478529307e-03
-2.053267263539151552e-03
-1.447045097746136374e-03
-1.211183497725277884e-03
-6.100484507988942779e-04
-4.454716306835965656e-04
-3.439814064717925161e-04
-6.756938045976433637e-05
-6.399750247118468648e-05
-2.223783144068895387e-04
-2.947041408625291226e-04
-4.119416744975324578e-04
-6.772309500754595136e-04
-9.405164624882716030e-04
-6.263054683136651517e-04
-1.504186397420150412e-04
-1.969678821972984891e-04
-1.536852016135562297e-04
3.217665722627574673e-05
-8.556984639030082982e-05
-2.260119025556212794e-04
-2.182623586575737924e-04
-2.474130803797743266e-04
-4.874370856900204704e-04
-6.882311101711073489e-04
-7.979053248251342500e-04
-1.054044146195798597e-03
-1.183336236059694905e-03
-1.376235159068777856e-03
-1.548191770309055668e-03
-1.521278382175074613e-03
-1.227053719048732316e-03
-1.062582210659503579e-03
-7.988683249888401967e-04
-5.893380419360150051e-04
-3.734804883941174477e-04
-4.327740712995371570e-04
-3.616177779680459451e-04
-3.730516376841842147e-04
-6.247640923125832337e-04
-1.029701471450032279e-03
-1.100469088179993225e-03
-1.194117809537554795e-03
-1.172353070010606797e-03
-9.666300662585333887e-04
-8.721692593995934977e-04
-7.804622351700167028e-04
-7.341678716800146068e-04
-8.432369780390896324e-04
-1.092172814476767258e-03
-1.275702126875006247e-03
-1.400872407572998192e-03
-1.578586765197423532e-03
-1.858172803204299678e-03
-2.228568398105349249e-03
-2.454909568832522662e-03
-2.839384659330589609e-03
-3.317254421154045181e-03
-3.822826734917026195e-03
-4.322253964389429284e-03
-4.423361701804680995e-03
-4.193888838444475090e-03
-4.066345963093145020e-03
-3.859509294253021805e-03
-3.490162829284035317e-03
-3.006827728891236541e-03
-2.559649533712399574e-03
-2.107162123598424995e-03
-1.960028550968732821e-03
-1.741537235103560784e-03
-1.462693814209023706e-03
-1.348085180925543379e-03
-1.178599473709174544e-03
-1.220183032678616442e-03
-1.177702186765543007e-03
-1.116933057129631830e-03
-1.199167012853487920e-03
-1.271153627431643226e-03
-1.306094481030425827e-03
-1.426388129343672279e-03
-1.609899269199756809e-03
-2.079949146190481803e-03
-2.612663981410405945e-03
-3.286359248253955569e-03
-3.423781553951831327e-03
-3.546774782650778321e-03
-3.679510766577480732e-03
-3.884278978943971582e-03
-4.230190056976847711e-03
-4.533148528154305745e-03
-4.809574306922718631e-03
-5.177702389701029431e-03
-5.501137272278848467e-03
-6.010395926322268864e-03
-6.639288959825936746e-03
-7.156194312147236281e-03
-6.546720310765061918e-03
-6.653859974368368790e-03
-6.838635029280301300e-03
-7.346425815836244225e-03
-7.626145759444768329e-03
-7.785061971832374361e-03
-7.312411490062368721e-03
-6.982654960571188160e-03
-6.621867406714200543e-03
-6.339455163569316862e-03
-5.885985203399224375e-03
-5.534066002927144449e-03
-4.852159900595783698e-03
-4.622285091604139487e-03
-3.923688894175911962e-03
-3.438030206973411405e-03
-4.418709306499180034e-03
-5.955871333453179733e-03
-6.356449789078107669e-03
-5.236650658698308383e-03
-4.568658444478851041e-03
-3.761688356350160328e-03
-3.111314420771786778e-03
-2.934837277048098908e-03
-2.317388938830255811e-03
-2.148603281460268518e-03
-2.279276971104354701e-03
-2.252787597411264574e-03
-2.191315167849500027e-03
-2.125846689399660868e-03
-2.002846245928969864e-03
-1.974501149298967320e-03
-1.997347839383031842e-03
-1.775199444382392954e-03
-1.378564491443583402e-03
-1.580557239047072297e-03
-1.683042719087190445e-03
-1.739415039020518385e-03
-2.157369779246100499e-03
-2.171210062411266933e-03
-2.381516955383073189e-03
-2.070960939734456645e-03
-1.831300947891078027e-03
-1.727995904855132844e-03
-1.799729382650504944e-03
-1.943228796257574602e-03
-2.323394739077207748e-03
-2.612201074711034861e-03
-2.416595977249910883e-03
-2.401356167421645448e-03
-2.676272509274339219e-03
-2.892362235801032230e-03
-3.238098831027797810e-03
-3.186825269965177718e-03
-3.143984133554230016e-03
-3.138812547795172010e-03
-3.270380488409312808e-03
-3.298435235635515175e-03
-3.419258727571104599e-03
-3.423247442206149224e-03
-3.403056835351573294e-03
-3.538698285257633330e-03
-3.670440647588463397e-03
-3.921915447019901774e-03
-4.097052772327659624e-03
-3.953627492844485197e-03
-3.866379424765738725e-03
-3.662306194276331722e-03
-3.672253348720810363e-03
-3.520504194724639879e-03
-3.555595875558379641e-03
-3.725712121912869938e-03
-4.096210127789363595e-03
-3.958077082409629417e-03
-3.967994842590853721e-03
-4.100518836503521010e-03
-4.421151696861204058e-03
-4.722051058819598177e-03
-4.970787795275975231e-03
-5.361682617751096364e-03
-4.814175889663860342e-03
-4.372265661006092055e-03
-3.885190774509733429e-03
-3.387943565019370731e-03
-2.958432873056414045e-03
-2.460293404279322808e-03
-1.977769146023749831e-03
-2.002081655816707537e-03
-1.998026823291985336e-03
-2.090346880048563408e-03
-2.186357068020928184e-03
-2.428226490532117872e-03
-2.417831826511602708e-03
-2.545009008054832395e-03
-2.407732529740329828e-03
-2.170395365471297633e-03
-2.464236351449782328e-03
-2.605878346081435051e-03
-2.660555440491823784e-03
-2.791290977976773873e-03
-2.868194648105379385e-03
beta5
7.775016933688455156e-04
8.190518127433855065e-04
7.722811184999905151e-04
7.587447281557682102e-04
8.975301690970086468e-04
1.039783772223200819e-03
1.133180241364978476e-03
1.258767666923445551e-03
1.383397703172683894e-03
1.452116224308952529e-03
1.614087490567618806e-03
1.852050966451038606e-03
1.995484525812881577e-03
1.997686461791418726e-03
1.919478003417538024e-03
2.129936707533544148e-03
2.302203644125119623e-03
2.457469342014570630e-03
2.199102797256213826e-03
2.087817533034379280e-03
2.140435788714263599e-03
2.179895199804026025e-03
2.303469193975689507e-03
2.747957330443065796e-03
3.224238156777691454e-03
3.827806547105299870e-03
4.411240169742327265e-03
5.067853010162846894e-03
5.480255422669056721e-03
5.760543774010681850e-03
5.456824039710366815e-03
5.288795004971915022e-03
5.197587831424932414e-03
4.678399170414964878e-03
4.351029121922280612e-03
3.915699071293491859e-03
3.539702349347259927e-03
3.211137784387417191e-03
3.133646583357196230e-03
2.755629527948849893e-03
2.529066088116114185e-03
1.917048859586380563e-03
1.433254380321182658e-03
1.143060749489121803e-03
7.500562201689746616e-04
6.235028240528560708e-04
3.865763334038752204e-04
4.429076724388623845e-04
4.112654351594530275e-04
1.946446755120043268e-04
1.716725253411212370e-04
2.458752480685302355e-04
2.175320694727364188e-04
1.417550732902029002e-04
1.131968719381770748e-04
5.218103266665790609e-05
3.099978582221391953e-05
1.010934945276417402e-08
-3.433402433338259918e-05
-1.188410098888693553e-04
-6.912605580500138245e-06
-3.234740417692349079e-05
-6.840162312771489806e-05
-3.441527814222298008e-05
-1.728491592655686133e-05
-3.726402268440833465e-09
2.936904239274362460e-06
3.993140680316238514e-05
1.542401949240991061e-06
-8.182848732691528062e-07
-4.629132946235074665e-06
-2.245145792081180308e-05
-1.962412914478461225e-05
1.149501154622848016e-07
8.502588421657876038e-06
7.107886238964008629e-05
1.309375484658850371e-04
2.026560448610021802e-04
3.957252723208677160e-04
7.796228155422923328e-04
9.899384007266160551e-04
1.074276532292172672e-03
5.262078148131205113e-04
5.412040982739193748e-04
5.937277417390220396e-04
5.232136684166676299e-04
4.346987975867311620e-04
3.884607565595404161e-04
5.469077798902493995e-04
6.976188181167606445e-04
8.385894692404909090e-04
9.683387457764974261e-04
1.114583529228292853e-03
1.385947552962720755e-03
1.696002345018032646e-03
2.265997745329340410e-03
2.873460150613659989e-03
3.403059105917612299e-03
3.969033642689319581e-03
4.039448390508331571e-03
3.740830511281090925e-03
3.711419233371010540e-03
3.570667784529069771e-03
3.173982859947959735e-03
2.580208848403553641e-03
2.064798418812596216e-03
1.838289884211771839e-03
1.936248907175290405e-03
1.950304152550461989e-03
2.260729296809135813e-03
2.456542633356273604e-03
2.734934976053291639e-03
3.013986795615204543e-03
3.277204632758514129e-03
3.513423229699891379e-03
3.369457214176436316e-03
3.398625607477344639e-03
3.368919940471904947e-03
3.376850700315180229e-03
3.368133161692200145e-03
3.447118900734557137e-03
3.095211457965519729e-03
2.866265900503720421e-03
2.573228212000766655e-03
2.446767167972426198e-03
2.334594956500725578e-03
2.063481106977222909e-03
1.748504280929644682e-03
1.534051711871974814e-03
1.341596374601582414e-03
1.295085325411008542e-03
1.261048965326590655e-03
1.194312373467033448e-03
1.206888167717808536e-03
1.265048729758766390e-03
1.329450161396998446e-03
1.397089464939614816e-03
1.506807328181658263e-03
1.381856394571328618e-03
1.298048452035162337e-03
1.295853525049875995e-03
1.438884116451599532e-03
1.550978860427133788e-03
1.884373081799506355e-03
1.823805984205157001e-03
1.416033350664703139e-03
1.229907947475833169e-03
1.079857688794405883e-03
7.560487009385639685e-04
4.365777457629060236e-04
1.685248591740074668e-04
6.656907437869831533e-05
3.458958572410466137e-06
-2.663884343508471169e-05
4.898373523223567321e-07
-4.641977190583591550e-06
-5.540887830188003909e-06
-6.023483572281785296e-05
-4.916512676187095952e-05
-2.163800116513277553e-04
-2.826783320179182784e-04
-2.267925030445310181e-04
-3.210844833471140870e-04
-3.418389477244960107e-04
-2.310989567880129695e-04
-1.972082225014297019e-04
-1.362909331749713622e-04
-5.642554907326184925e-05
-4.995174027143393827e-05
-6.095553794223031337e-05
-4.982888708255865239e-05
-2.980374292011091350e-05
-1.017534413201010109e-05
-1.076872806045024847e-05
-1.899298440144879760e-05
-4.117951001131675494e-05
-3.781656649166445527e-05
-5.355246800022528885e-05
-5.150345179311512436e-05
-9.963669376740943973e-05
-1.661541631991301626e-04
-2.287456094532042453e-04
-2.144394008079861095e-04
-2.131514209230613997e-04
-2.215345769478914634e-04
-2.385735935932670768e-04
-2.453769389954242250e-04
-2.478266098944217856e-04
-3.383169193963971944e-04
-4.230525419124996165e-04
-5.106218262946736908e-04
-5.117937030097677743e-04
-5.473687346274469902e-04
-6.544104380479953556e-04
-7.225289559279130577e-04
-8.419758707800030235e-04
-7.252301126105913098e-04
-7.988017012562453716e-04
-7.893644348631267092e-04
-6.163262040366711790e-04
-5.157973211758517780e-04
-4.391862236589105578e-04
-3.882695862598042717e-04
-3.864529489787500390e-04
-3.935047183010099590e-04
-3.757223207462701930e-04
-3.158225865540729982e-04
-2.332681555487034378e-04
-1.594468298934604211e-04
-5.430967225211729289e-05
-2.252225609645370420e-05
-3.493967359144786141e-08
8.064553733073133278e-06
5.733379218449604904e-05
1.213727396186456826e-04
2.144974355243349290e-04
2.690978691737985155e-04
3.544152840239476587e-04
3.673589545654510182e-04
3.873540456622678223e-04
3.810344621483579782e-04
4.028800673145435792e-04
3.771721735098266777e-04
3.923309366063425382e-04
3.901054197476261625e-04
4.220821170761728143e-04
5.173502831540663545e-04
5.831172017057843120e-04
6.528021565127979089e-04
6.860627332043590758e-04
5.368868044368882864e-04
4.979681394696846078e-04
3.050920614536217854e-04
9.583967343626117129e-05
6.886042535877828481e-05
3.798803196243960844e-05
6.876686726320390460e-05
9.847322944870473679e-05
1.401468023795375778e-04
