1.447208089893896755e-04
7.763303849483621836e-05
5.355330360976506902e-05
4.016498006109207289e-05
3.213198404887365831e-05
2.677665337406138306e-05
2.656518542496435872e-06
8.989658678118487323e-07
-2.455543599670361260e-05
-2.089773244732783799e-04
-3.540038584827775200e-04
-4.146761267909720885e-04
-4.163792859636588728e-04
-4.164220595628668510e-04
-3.918666997409584189e-04
-2.074448128335625171e-04
-6.241827882406340410e-05
-1.746010515868790488e-06
-4.281564434455856704e-08
2.033225523015023203e-09
3.961767756405914545e-06
3.975033964337619729e-06
4.233959602644781201e-06
4.234091334388085032e-06
4.264815719707695364e-06
4.265136783019553926e-06
3.055317068379418003e-07
3.061461130805762923e-07
3.656206921226789414e-07
3.715745542956128447e-07
3.618725381776073959e-07
3.929813457760190526e-07
1.097105412309528486e-06
1.701505681396215222e-06
1.622890017633782253e-05
1.747911839937391974e-05
3.543370723760701766e-05
4.535709993672145616e-04
4.710367272702687823e-04
6.464172925362844093e-04
6.538927517142221124e-04
6.861762500854922840e-04
7.005687973620630324e-04
3.915708066181274819e-04
4.038675677131122800e-04
3.267266570969487409e-04
4.317783074924031340e-04
7.166850856111180211e-04
7.612540512124589152e-04
7.196952148729544039e-04
7.770831878252162364e-04
7.266398241497916584e-04
6.540962517055455734e-04
3.624632561253513310e-04
3.043354367690194223e-04
2.595210250370846264e-04
1.733594122531551072e-04
1.257999171371859996e-04
7.372565809105239925e-05
5.027713650981522464e-05
3.182283364017125875e-05
9.038056136451538057e-06
7.351122927697892112e-06
6.496297241563882123e-06
3.741225684826395689e-06
3.761638377525756945e-07
2.124896937849424778e-08
6.709534329327146625e-09
6.097993715308577718e-10
3.638471603493236504e-10
3.626104511819559378e-10
3.613120881498204332e-10
2.386224854392931914e-10
6.317198750821139798e-12
7.200757066678239773e-09
7.210217856219012351e-09
7.210594419827758102e-09
7.218128462800504271e-09
7.242847605925248713e-09
1.319136241980505985e-08
6.187589026688702281e-09
6.919652575074516337e-09
7.044250753433401502e-09
1.790399904788426645e-07
1.852217953408515769e-07
1.796162964892251076e-07
2.093552268606926607e-07
6.572807005550783902e-07
6.637709427919087277e-07
9.324204399429338969e-07
3.406896685045579612e-05
3.425720141298672650e-05
3.518045172735450237e-05
3.654216055964947554e-05
3.710017207985275483e-05
3.849641623677325090e-05
1.043224950886968034e-05
1.414646534785318894e-05
1.917999872430819060e-05
2.410902318395268150e-05
3.843873178834267122e-05
5.994883683814645646e-05
7.811343017993507885e-05
1.915455148673490284e-04
5.362693205526477104e-04
6.329760511585841428e-04
7.708433789721022946e-04
9.788351021923658458e-04
1.075627415696759790e-03
1.290061346181732051e-03
1.125578639697450952e-03
1.235124630427943343e-03
1.248594444183921638e-03
1.200196682375709702e-03
1.213976327357330553e-03
1.073462473202415690e-03
1.225068058227510867e-03
1.165536039939359114e-03
1.252895725072572476e-03
1.140902526449354441e-03
1.068355808970372026e-03
9.336638127767578387e-04
6.713014077534363916e-04
5.457831648865872284e-04
3.364486219117578114e-04
2.845939459584037622e-04
2.345751801945845103e-04
2.386878732239800091e-04
1.838427440165801494e-04
2.409432838623295299e-04
2.153407344809729303e-04
2.357298663087976530e-04
2.553348027236580168e-04
2.014034802593355107e-04
1.836206222814030901e-04
9.988182297221115901e-05
8.146059029044145489e-05
4.228350638502592672e-05
1.150147044605261648e-05
4.864739188983509910e-06
2.292503207531367863e-06
1.361447316556797435e-06
1.565434021834118167e-06
2.320464403539215879e-06
4.178025546694582032e-06
4.382191673900747457e-06
8.548398378879352351e-06
1.703586563514143987e-05
1.773483757636677368e-05
1.741233175808377530e-05
1.598097899224943256e-05
1.569064996213850676e-05
1.126072144726204405e-05
2.400788449190389586e-06
1.273910123037580284e-06
5.397847475171549547e-07
4.236755093119812601e-08
2.135536006522131915e-08
1.439043832764334796e-08
1.799819063983211938e-08
9.929178351891451583e-09
6.393254858336484947e-09
5.046825030099150440e-09
4.623165687066665659e-09
4.540565755186532928e-09
8.483348957683118174e-10
1.864760128129248952e-14
-4.410758496995525037e-10
-4.410995626331634351e-10
-9.134959551361767508e-09
-1.579452352500933479e-08
-1.595552355347920130e-08
-8.903858686532469106e-08
-8.905562372448501035e-08
-8.905664904231986901e-08
-8.036299680984718351e-08
-7.370499605296407943e-08
-7.354399887175806994e-08
-4.609691972221676657e-10
-1.735535266261263619e-11
-1.770164659604177836e-09
-1.375298315532250214e-07
-2.571107782181833198e-07
-5.962979734458534388e-07
-7.983013553830914954e-07
-1.024324061396570043e-06
-2.745655119883788843e-06
-3.745851593851496020e-06
-4.117897027006387803e-06
-5.305817098789381412e-06
-2.787918245679821391e-05
-2.857073764725140931e-05
-2.704221550737988546e-05
-2.658111426712296346e-05
-2.622831849822224542e-05
-2.541504425439352515e-05
-8.185415799584803238e-05
-8.095224608405198711e-05
-8.075883011172562992e-05
-8.008397818641436810e-05
-7.994514601344892538e-05
-7.923131300452355952e-05
-1.683049887694352929e-08
-1.150023672249052942e-09
-8.559963815468452405e-11
-1.415137414992496592e-10
-1.415372833880143715e-10
-1.415208884407096182e-10
-1.415114932669478696e-10
-1.414845254163503304e-10
-5.879375679118421464e-11
4.289406304279708373e-11
4.715615695816095410e-09
1.032617912324180335e-08
1.904921299517856450e-07
1.886685332595480702e-06
1.930771355425031143e-06
2.020926659751509477e-06
2.017940069812789696e-06
2.021277725758556132e-06
1.841150165721774147e-06
1.449569630783060953e-07
1.008706114319155685e-07
1.066466987666421967e-08
7.135470594712031373e-09
-2.053374818469086175e-08
-6.705853952888338899e-08
-8.957885977944680106e-08
-2.093034126286709410e-07
-3.384931080552124202e-07
-1.729305652809156250e-06
-1.763063977927073312e-06
-5.444187336356811907e-06
-6.483462793182874284e-06
-7.143939148615424954e-06
-8.296090032664800074e-06
-9.314866244931997456e-06
-1.036916951757638309e-05
-7.137539960578111806e-06
