2.121102943569890334e-03
1.759510199442955360e-03
1.669631605033402265e-03
1.432828891281862256e-03
1.351453099929108030e-03
1.334587955095440379e-03
1.297217146689733308e-03
1.370492094253670037e-03
1.653132696724233727e-03
2.219481917278533657e-03
2.443263950529589272e-03
2.468676131632362505e-03
2.441092214196560837e-03
2.642011111928618382e-03
2.544720776737184002e-03
2.276491700867170134e-03
2.263860388968598134e-03
2.953239611285985236e-03
3.529008093260354011e-03
3.525343274677518370e-03
3.488050791723314864e-03
3.405206636008043571e-03
3.504883685457477974e-03
3.062850070679677596e-03
2.865858401543745510e-03
3.108017048303086168e-03
3.466041209352698372e-03
3.756982064920245251e-03
3.857034702091633165e-03
3.983063162633668913e-03
3.931508683935649659e-03
3.918668792108053779e-03
3.965894308768539572e-03
3.897646974205870325e-03
4.096834895129775576e-03
4.433958388606632113e-03
4.965865501818129447e-03
5.663497695006298148e-03
6.608884917991112579e-03
7.852250188442993703e-03
9.039883061277875428e-03
1.035509459431119099e-02
1.081479458869425737e-02
1.152618224182502295e-02
1.191645266898285795e-02
1.217934971533939613e-02
1.238561394907774366e-02
1.239378242106858874e-02
1.321773813207559323e-02
1.359200351953297574e-02
1.340414190475697209e-02
1.309157016012264980e-02
1.211206035502812584e-02
1.094514199247656298e-02
9.745137020687015539e-03
8.619194191984929851e-03
8.495345349363350382e-03
8.829532273523885144e-03
1.038480505724122087e-02
1.118192050738477973e-02
1.135972370957718906e-02
1.089446680689397547e-02
9.604051760194508638e-03
7.912078191389648393e-03
5.493107165906813139e-03
4.015302072668039228e-03
2.992517087571564243e-03
2.365120012976556964e-03
2.188819661237374151e-03
2.082116247990356724e-03
2.092612864218258793e-03
1.928107067073248299e-03
1.807320870794847101e-03
1.695857738911213082e-03
1.575322355117568691e-03
1.531971054888844148e-03
1.273083941921761449e-03
1.145294774309115566e-03
1.021027328607596301e-03
9.939061691013858016e-04
8.750117027940589260e-04
8.336544774347479569e-04
9.289539486974808654e-04
9.524383833647403477e-04
1.029791023635030518e-03
9.201153006527803364e-04
9.088554484092918736e-04
9.033432734513353879e-04
8.234764354283161938e-04
8.125763828741105295e-04
8.080142825300570949e-04
8.789397155981971488e-04
8.976406406311334329e-04
8.590280718458143073e-04
9.645827966053218154e-04
1.114726120900002377e-03
1.146371348914251853e-03
1.261003087728961155e-03
1.402789487052864825e-03
1.521747808172173875e-03
1.533631544039161521e-03
1.469457414508570448e-03
1.363843585458293173e-03
1.398389539137625702e-03
1.354245933191168018e-03
1.263205794178879444e-03
1.212349260408361043e-03
1.159373323577615874e-03
1.199501297740437726e-03
1.207873419864318376e-03
1.230917654504044704e-03
1.317785184897547063e-03
1.427455284342304259e-03
1.525684778383273009e-03
1.561218157727465488e-03
1.449401590793906102e-03
1.360334174891986896e-03
1.269676374210486347e-03
1.245708201476608502e-03
1.181884329811052833e-03
1.119062094832539052e-03
1.114700827957970783e-03
1.302906390730004934e-03
1.356339469316388295e-03
1.243624476407964976e-03
1.199844306276132318e-03
1.282433497985998498e-03
1.432800468768010435e-03
1.312875989683282832e-03
1.394320002981910833e-03
1.550762593676694411e-03
1.789705873826339571e-03
2.005254005442384541e-03
2.180313298106572976e-03
2.317367259986549948e-03
2.397131293069859007e-03
2.509768869799900402e-03
2.457019023784332533e-03
2.214600322135145110e-03
2.003455364680061229e-03
1.883299432779837529e-03
1.781994318516414051e-03
1.715439252144599497e-03
1.949989591025566875e-03
2.666748516368240302e-03
2.814977047929038533e-03
3.158389227788112753e-03
3.446813924481238051e-03
3.573161752548840563e-03
3.195312488461287976e-03
2.494599010612873549e-03
2.242516968494435211e-03
1.741371378541896851e-03
1.274127657446788098e-03
1.017618172711893046e-03
1.453768236464482140e-03
2.078953598431604322e-03
2.295380203918545321e-03
2.723766649320869936e-03
2.885109957983541303e-03
2.894867809115138791e-03
2.428721301103959913e-03
1.806187588210095979e-03
1.698293586847248772e-03
1.375262745159558765e-03
1.221533159059057932e-03
1.173094631796959544e-03
1.112178515004278714e-03
1.015352505860322779e-03
8.041618998058383061e-04
6.731299186110914490e-04
5.904857506169396662e-04
4.717422322718974460e-04
4.120640174458332070e-04
3.479928205358430861e-04
3.450276529322737068e-04
2.411392035824660128e-04
2.129394085168536614e-04
1.094081073914791256e-04
4.312684931881762706e-05
-9.143960219109485785e-05
-2.850738168487433762e-04
-3.690693053886066281e-04
-5.287803600252757212e-04
-7.310667526504935213e-04
-1.156385393270729792e-03
-1.498281343964742718e-03
-1.742793021406254883e-03
-1.992001867695495938e-03
-2.240250671650320050e-03
-2.426658073297274006e-03
-2.337860329768988357e-03
-2.236754941314372889e-03
-2.199155197671581307e-03
-2.161230753297465734e-03
-2.307353577009656469e-03
-2.366635519928503208e-03
-2.310897017182438756e-03
-2.198176319520286134e-03
-2.044157166119328368e-03
-1.745996407082759739e-03
-1.188269176282324285e-03
-6.760894239506891681e-04
-4.160500338178992757e-04
-3.572625135114333088e-04
-3.377826566411517846e-04
-4.767816046564598447e-04
-6.523004286573152359e-04
-8.549810379657223547e-04
-9.750215428066902898e-04
-9.490697779814031253e-04
-9.134492692831425393e-04
-8.542005543855118359e-04
-7.427685370697759007e-04
-5.696390664704813938e-04
-3.945536642049834552e-04
-2.649020160225524991e-04
-1.836998802289658108e-04
-1.044112014557008086e-04
-1.276680708607348940e-04
-1.886189890298821511e-04
-3.435781060670385439e-04
-5.987113822361222375e-04
-9.276628595933938569e-04
-1.274897939914931789e-03
-1.298218834698891457e-03
-1.286486040060266832e-03
-1.224864223791019557e-03
-1.018346767435123965e-03
-7.091167246546945186e-04
-4.475397611265577208e-04
-4.960640107825998015e-04
-6.106932623483325544e-04
-6.812465488997709482e-04
-7.447456103521097812e-04
-7.821524107129467678e-04
