-8.785041603787534369e+21
-9.125657485835478499e+21
-9.102179742950505841e+21
-9.067967294391628857e+21
-9.022304349690983875e+21
-9.110831513931068998e+21
-9.278561092183198269e+21
-9.365959348821220655e+21
-9.610863094605035864e+21
-9.915022327383811162e+21
-1.035231095756828547e+22
-1.075767308510860149e+22
-1.119009719734663066e+22
-1.168216730532714224e+22
-1.211911752591970035e+22
-1.267690805477778234e+22
-1.316501029587475287e+22
-1.360201743283900331e+22
-1.393418979943038897e+22
-1.430688411868025848e+22
-1.459451594731397159e+22
-1.480378555802125232e+22
-1.507897323652865275e+22
-1.530472091221954763e+22
-1.571022736109513526e+22
-1.607187392188557925e+22
-1.659025364409347421e+22
-1.695180422280583630e+22
-1.724280090033594040e+22
-1.770967398433958763e+22
-1.819647493252064058e+22
-1.857372216640960830e+22
-1.890101505890831041e+22
-1.959702043910213311e+22
-2.041606430780389170e+22
-2.096523650393972094e+22
-1.767642944917028104e+22
-1.440766074264189141e+22
-1.108329829006178255e+22
-7.460301300692292731e+21
-3.676406776190184980e+21
-6.990506666666666279e+05
-6.990507113567482447e+05
-6.990507584913163446e+05
-6.990507664800622733e+05
-6.990508119711466134e+05
-6.990509213199238293e+05
-6.990512255115821026e+05
-6.990514352304161293e+05
-6.990514149460260523e+05
-6.990514128617417300e+05
-6.990513353102831170e+05
-6.990512069657309912e+05
-6.990508517896480625e+05
-6.990505712146373698e+05
-6.990505246756271226e+05
-6.990504394055065932e+05
-6.990504999649072997e+05
-6.990505168457162799e+05
-6.990505194124027621e+05
-6.990505627073856303e+05
-6.990505610954436706e+05
-6.990505600882611470e+05
-6.990505581590879010e+05
-6.990505129856163403e+05
-6.990505105841825716e+05
-6.990504676207044395e+05
-6.990504714205242926e+05
-6.990504712533305865e+05
-6.990503901486393297e+05
-6.990503971878261073e+05
-6.990504066231442848e+05
-6.990504457241301425e+05
-6.990504414475833764e+05
-6.990504718670094153e+05
-6.990510653087728424e+05
-6.990512738127798075e+05
-6.990512749419460306e+05
-6.990512581384936348e+05
-6.990513016046470730e+05
-6.990512704480014509e+05
-6.990522405886659399e+05
-6.990520286500746151e+05
-6.990554982263334095e+05
-6.990554822497480782e+05
-6.990554491704310058e+05
-6.990554714640510501e+05
-6.990539027160328114e+05
-6.990538966975639341e+05
-6.990504139395408565e+05
-6.990504053949629888e+05
-6.990503922978774644e+05
-6.990503649869310902e+05
-6.990503639239731710e+05
-6.990503638170778286e+05
-6.990503671219374519e+05
-6.990503663073453354e+05
-6.990503722825690638e+05
-6.990503888643520186e+05
-6.990503924693394220e+05
-6.990503975327126682e+05
-6.990504033140264219e+05
-6.990504145478259306e+05
-6.990504171417033067e+05
-6.990504075472940458e+05
-6.990504126683420036e+05
-6.990504151766807772e+05
-6.990504135247123195e+05
-6.990504076374919387e+05
-6.990504028257586760e+05
-6.990503978595945518e+05
-6.990503942687241361e+05
-6.990503934922920307e+05
-6.990503919098245678e+05
-6.990503911880677333e+05
-6.990503961086878553e+05
-6.990504015944210114e+05
-6.990504013135663699e+05
-6.990504068225560477e+05
-6.990504262115644524e+05
-6.990504227753545856e+05
-6.990504237251384184e+05
-6.990504241217604140e+05
-6.990504297557369573e+05
-6.990504456993093481e+05
-6.990504585385194514e+05
-6.990505277036315529e+05
-6.990505624446774600e+05
-6.990505950758071849e+05
-6.990506508547263220e+05
-6.990506923268628307e+05
-6.990507181084719487e+05
-6.990507059941533953e+05
-6.990507047218090156e+05
-6.990507979663107544e+05
-6.990509456366269151e+05
-6.990513673065587645e+05
-6.990514054150158772e+05
-6.990514153091902845e+05
-6.990515664479875704e+05
-6.990517370406353148e+05
-6.990518910719980486e+05
-6.990527100550358882e+05
-6.990526167316627689e+05
-6.990526112486999482e+05
-6.990524368015429936e+05
-6.990521642372460337e+05
-6.990518548339138506e+05
-6.990505646259108325e+05
-6.990506214375965064e+05
-6.990507176631023176e+05
-6.990508738192190649e+05
-6.990510925241742516e+05
-6.990513046413905686e+05
-6.990515742781526642e+05
-6.990517765924748965e+05
-6.990516152259452501e+05
-6.990514336744652828e+05
-6.990511685494421981e+05
-6.990508946509243688e+05
-6.990506055779441958e+05
-6.990503394149272935e+05
-6.990503411316565471e+05
