beta2
1.001578569080308588e-02
9.985984820909222376e-03
1.000194908492667636e-02
1.006773047333274496e-02
1.021000562632075684e-02
1.016086170321362815e-02
1.076547951984732632e-02
1.112104132110993196e-02
1.090616218076700950e-02
1.070054736547206529e-02
1.101955324764099936e-02
1.119525014641932492e-02
1.129062283182537089e-02
1.141059823847228108e-02
1.103579821333207020e-02
1.088283698642761310e-02
1.098868180117584803e-02
1.140627051136717911e-02
1.087959916391885440e-02
1.019990741152706701e-02
9.690267804849760427e-03
9.707238440425744463e-03
9.883130885859070514e-03
1.005099004700187038e-02
1.026739822041543293e-02
9.702641924011615182e-03
9.586974279919478065e-03
9.476586688941529210e-03
9.495313700887464403e-03
9.483269355557802718e-03
9.657945773221748159e-03
9.983463006833814476e-03
9.728173182361500582e-03
9.536186763108413580e-03
9.207514685579306843e-03
8.724603767808720295e-03
8.308519130669600461e-03
8.083421547977179614e-03
8.026316970676568990e-03
8.301270495548256426e-03
8.694895675432585957e-03
8.625941349089821103e-03
8.634371775873925930e-03
8.547087816200053811e-03
8.376785634999182883e-03
8.607740243100051383e-03
8.773466102377936587e-03
8.883354063267449863e-03
8.822706472262742405e-03
8.777540203250392553e-03
8.708566161977866066e-03
9.280319670549676964e-03
9.636638568131628002e-03
9.807025668653757827e-03
1.031716927457396876e-02
1.043171208424752312e-02
1.036225623389743639e-02
1.003518887730342826e-02
1.033004496023027727e-02
1.070777752592528068e-02
1.107659470168060288e-02
1.099905354650483613e-02
1.054299732422667689e-02
1.071165852002019941e-02
1.084807045403968218e-02
1.096088372003251390e-02
1.112823174044373122e-02
1.103318339605182871e-02
1.163325884630216946e-02
1.242226240684466895e-02
1.196743343596519404e-02
1.170901425934036538e-02
1.146827413616850061e-02
1.097777245339504222e-02
1.047993410809228837e-02
1.045818750962180556e-02
1.040418302250689132e-02
9.997670057179575479e-03
9.566818948299025613e-03
9.164472761154802277e-03
8.921212688865507584e-03
9.024734671574923678e-03
9.521917700299068268e-03
9.731430469235718972e-03
9.957560551638615712e-03
1.019919178935754095e-02
1.048429000607227317e-02
1.061774810725253648e-02
1.071785397473251460e-02
1.093957849184820641e-02
1.104803062720789014e-02
1.079896577935600399e-02
1.043709069578385891e-02
1.031981892659843310e-02
1.017968323386639860e-02
1.007957716574925736e-02
1.011432510811781371e-02
1.015536692373928199e-02
1.028747019755030939e-02
1.018625607373042571e-02
1.009733159054387527e-02
1.016647653259920153e-02
1.019750833873231226e-02
1.027991451882385651e-02
1.035297864728620607e-02
1.041963808447093562e-02
1.083237918077419211e-02
1.083716286341094084e-02
1.106994096807762014e-02
1.142591512976984941e-02
1.202713168404152995e-02
1.243278476086735751e-02
1.240406226127462215e-02
1.235862236029876965e-02
1.202861118707108760e-02
1.172761733401390255e-02
1.147525987200530805e-02
1.144836584378348954e-02
1.094313373099413053e-02
1.049704486325656397e-02
1.020928299632341968e-02
9.978769007968301546e-03
9.869708920581091866e-03
9.721485602454373043e-03
9.647031857360306370e-03
9.584110963779465808e-03
9.500663119664657860e-03
9.551808449743568949e-03
9.380826306793699915e-03
9.545888376497429356e-03
9.626577134961566973e-03
9.768549028415986213e-03
9.823469890487672787e-03
9.978215663568587579e-03
1.011804406509256640e-02
1.029897772565288583e-02
1.015527809239201613e-02
1.010710051336280446e-02
1.026064025441694727e-02
1.053093345505460091e-02
1.090359710252481081e-02
1.122709221054507198e-02
1.129699971343261708e-02
1.137354324463238538e-02
1.112898251614809556e-02
1.132298149321894591e-02
1.142989229800618969e-02
1.103094241080895474e-02
1.063356776294097951e-02
1.080322639844806878e-02
1.086558777996171274e-02
1.087156178845710523e-02
1.026550265273304917e-02
1.044459943893644507e-02
9.786277252889632322e-03
9.251058228005341541e-03
9.151945037911637243e-03
9.114426811103304438e-03
9.239573488564828407e-03
9.279780527433376114e-03
9.251344589215487052e-03
9.322690700652551399e-03
9.502452975621581560e-03
9.539744768827095045e-03
9.330770698335072444e-03
beta3
-4.030047560278724480e-19
-1.581718953464113165e-18
-1.370345161590976035e-17
-8.711337505350969288e-19
-1.689219984950555152e-16
-1.640994096023571597e-15
-4.152794233659286129e-15
-8.132507077478937189e-17
-1.263322241761917456e-15
-3.761340427611698287e-16
-8.475556738913165432e-16
-3.603162533548449684e-16
-9.623259277518115240e-15
-1.490143768971092902e-13
-5.494358943484473834e-13
-9.410944178859144375e-13
-4.581942026946395685e-12
-1.901847586213506915e-11
-5.663643245074848035e-12
-4.087559855170434507e-12
-3.274563358444604932e-12
-9.655176871924515699e-13
-1.218666153535294909e-12
-2.694905328011022654e-12
-7.565172876906317500e-12
-5.987069026623186549e-12
-9.843429294163158933e-12
-6.877275521973712671e-12
-5.806676515281129105e-12
-2.012389781365397497e-11
-8.292635958545238773e-12
-2.968930400283370935e-12
-3.624390180568402743e-13
-2.937353215852415637e-13
-9.434034736434081993e-15
-1.191617190551208765e-14
-2.904735777779014101e-14
-1.981843465879369167e-14
-2.167467718326613779e-16
-3.554811160553124133e-17
-1.657213840632390370e-18
-4.147204078683331221e-17
-2.609333823026306671e-18
-7.172948226637039694e-18
-2.038435584857862133e-17
-1.561961212129349880e-16
-1.832941881516878071e-16
-1.072164995873497732e-15
-5.055582254569228688e-15
-1.449957033391318060e-14
-1.116957993847250453e-14
-1.053853230225625979e-14
-3.052729916426045180e-16
-1.764083954110754908e-15
-2.164814089628748628e-14
-2.472459449457705822e-14
-4.706916406130670964e-13
-9.655738480689879518e-13
-4.655853462407955333e-12
-1.371088944923985498e-11
-2.443088899204812147e-11
-2.260394009704476919e-11
-4.066369028265427393e-11
-2.207215001254927094e-10
-2.157939574589433674e-10
-1.338237954871808007e-10
-8.368821523817587269e-11
-1.748156884990699511e-10
-1.217222990576545241e-10
-2.296769454874139685e-10
-6.531327213576046913e-11
-9.909857513970343549e-12
-2.412203688710673206e-12
-1.791691161868654677e-12
-9.689940875432082779e-14
-4.801708708405017041e-14
-5.273047765035641102e-15
-2.540161134468026359e-16
-4.530332198144467258e-17
-3.584248316914872546e-18
-1.245628514358372122e-19
-2.770663527703265905e-22
-8.825840949365239744e-20
-7.736032112891816728e-20
-2.215061401168834111e-22
1.255571967242021090e-69
1.925503880974709798e-27
1.263860663108711650e-43
1.122370921289322434e-22
1.746796990036639631e-27
1.430225016430407097e-20
4.451985796762806882e-20
3.225314047898239014e-19
9.062367437833636247e-22
1.274789855393333977e-17
2.875877567067675625e-17
5.029993751579644441e-19
3.619949099830404036e-18
2.062151109258082865e-16
7.328554441567070857e-18
4.962686873836551113e-17
4.476991779795298658e-18
5.601979663592299657e-18
8.081771900314401381e-17
6.042621636802911094e-16
3.556121177065043715e-18
4.022648382757123265e-18
9.139147058541803977e-16
1.405730244244658014e-16
1.994001094918794322e-16
4.650580849356895911e-15
1.598354049090901714e-14
1.239553602069608631e-14
6.752580528223045126e-16
7.952933994771023466e-17
9.114851222782591090e-19
1.035514447980600470e-18
5.410084498248404406e-28
-1.981204217158351336e-43
-3.865879106582122600e-21
-2.989814735141995078e-20
-7.120087545793596777e-17
-2.820444835515592968e-18
-9.614793756799723922e-19
-2.359243272154434494e-17
-5.579295216286020519e-18
-4.179681760260439161e-17
-8.433531504441522196e-17
-1.325597186263253749e-17
-1.750240237872194164e-16
-2.062848757994341835e-18
-2.167144946003445747e-18
-1.079589175702661694e-20
-1.304913310259906909e-19
-1.351394625135454743e-23
-2.669700772095331599e-43
-1.710951836344023789e-22
-1.336591490923803035e-43
-2.861190518897715706e-25
-1.183551764709316439e-25
-1.390537469205192138e-19
-2.083016359881098777e-25
-7.681955523826161346e-21
-3.046369067695062184e-24
-1.994279298194023371e-25
-1.999207851433797279e-18
-1.301432095789395283e-18
-2.750808845580941826e-18
-6.254211220554003202e-17
-5.937523844543265943e-18
-1.026661488847835455e-18
-2.883361646707426474e-18
-3.423964940833644637e-18
-3.109544542880790285e-18
-3.112768732247991450e-18
-2.055174328534201845e-18
-8.234854478533120940e-19
-5.012269693450277624e-19
-1.000409383177644082e-18
-9.927147760583096288e-19
-1.680642496628015593e-19
-9.825424074385791646e-21
-2.093621068509546069e-23
-3.797964010218041199e-25
-6.715021756178455357e-19
beta4
-2.620742887631046479e-03
-2.540603816118790822e-03
-2.571679844782850770e-03
-2.702666161424979556e-03
-2.887891262349639911e-03
-2.895502458632433565e-03
-3.329234705617605504e-03
-3.745399776731697140e-03
-3.829206120261169008e-03
-3.861706792290688257e-03
-3.876466712856933491e-03
-3.861694865388487150e-03
-3.800862381597891644e-03
-3.869182174534438641e-03
-3.573886889192142303e-03
-3.351762714135237808e-03
-3.297556660270744427e-03
-3.211109820564418248e-03
-3.123474165082158662e-03
-3.034174193966817160e-03
-2.917376587039698706e-03
-3.091746434531084976e-03
-3.225686118608090541e-03
-3.242201896592578503e-03
-3.291736318924747690e-03
-3.229856357560601486e-03
-3.050767452555609976e-03
-2.939539367991590886e-03
-2.999206285924695299e-03
-3.105173742101079506e-03
-3.110408328360722997e-03
-3.121444566279542483e-03
-2.898308536401873053e-03
-2.666052170471740375e-03
-2.396999935158489192e-03
-2.072552215060216238e-03
-1.812051700126232883e-03
-1.674563975353213132e-03
-1.614039062983235219e-03
-1.434164008289852453e-03
-1.404091856476163101e-03
-1.137263371103390758e-03
-8.922790871536429719e-04
-6.693347143110812579e-04
-4.711664226230565270e-04
-3.463493416544017917e-04
-1.946849197822259504e-04
-1.733356991119259767e-05
1.645469232608905976e-04
3.954625346118176136e-04
6.584065856600671528e-04
4.386163930060558297e-04
3.264158760247635105e-04
4.674371116846307451e-04
1.137502713960608712e-04
-1.039044493432034200e-04
-2.524765765253879357e-04
-1.916150682441191918e-04
-4.497828815270560202e-04
-6.381530839092586921e-04
-8.961057280136235743e-04
-8.349459104871453366e-04
-6.360905992107479317e-04
-6.213209285062646801e-04
-5.011412356891601153e-04
-4.366639465121989710e-04
-4.455259892419616763e-04
-3.630940316492385178e-04
-3.407477509632213719e-04
-4.399815575452752352e-04
-5.688341532819843772e-04
-6.771265270005904190e-04
-7.547272436873480369e-04
-6.596358784096011292e-04
-5.670097141464468856e-04
-5.910364050789322816e-04
-6.154657732954866081e-04
-6.115022281541448697e-04
-5.719661200769188183e-04
-5.372432936575372714e-04
-5.004222166372649175e-04
-5.930093883416748170e-04
-7.630590157656877599e-04
-8.156544691595764979e-04
-8.605617673351833793e-04
-9.186573110274746327e-04
-9.981848278860512135e-04
-1.086913104938880834e-03
-1.153603143446789610e-03
-1.225754603400302937e-03
-1.228213620755017619e-03
-1.324740415809727827e-03
-1.381321621317266324e-03
-1.417303202235252382e-03
-1.468079365463182675e-03
-1.484030157659396287e-03
-1.460802912474018847e-03
-1.547649578955397412e-03
-1.521518791718113077e-03
-1.691526752280187633e-03
-1.870213616705554156e-03
-1.943686007464802239e-03
-1.992041643237745137e-03
-1.919233593505147379e-03
-1.882733704259921363e-03
-1.852278446097685872e-03
-1.718943935912517745e-03
-1.645344309324344974e-03
-1.647523489470423957e-03
-1.551794394645195866e-03
-1.468998527314546417e-03
-1.400682879108569243e-03
-1.289110734364942766e-03
-1.409202609786421468e-03
-1.526180841983998393e-03
-1.630263809031335265e-03
-1.779371140386482898e-03
-1.873129661237643052e-03
-1.865854749758067603e-03
-1.814344681142986485e-03
-1.771859898211040896e-03
-1.732533663447298478e-03
-1.731516418631940529e-03
-1.858213573348118167e-03
-2.069650013671997697e-03
-2.267631555032925857e-03
-2.359692857882966528e-03
-2.595890591472176795e-03
-2.766450505876857056e-03
-2.943873777875995884e-03
-3.144297135299322851e-03
-3.061743910871001471e-03
-3.017470129764118249e-03
-2.998707375413140440e-03
-3.040263998653618648e-03
-3.126555869189729352e-03
-3.117271251950705542e-03
-3.145902477888241032e-03
-2.962954050859358673e-03
-3.054326037339228934e-03
-3.172026325306864878e-03
-3.296090528229528912e-03
-3.436813555637485175e-03
-3.671709164989439209e-03
-3.784107102595126500e-03
-3.831685609643818106e-03
-3.951124784867206252e-03
-4.015515312408032486e-03
-4.095575749451667996e-03
-4.125624400442506889e-03
-3.956917121978829714e-03
-3.974455138517130059e-03
-3.616681780314812827e-03
-3.178208472315872252e-03
-3.357789407796238964e-03
-3.640550722415198184e-03
-3.271030866017198349e-03
-3.041579672582087231e-03
-2.669303477429257193e-03
-2.377158140065293440e-03
-2.098371822039259930e-03
-1.959698893061704618e-03
-1.725788665336102853e-03
-1.783005904380536872e-03
-1.901800262361273480e-03
beta5
5.857138783170508928e-04
6.204651236405738565e-04
6.470352613934360992e-04
6.756656337250522421e-04
7.333929844824946861e-04
8.491928048529567667e-04
9.630650706340890006e-04
1.132866003258068029e-03
1.158437621166354039e-03
1.224801158133751290e-03
1.173915543041371620e-03
1.129989183772776157e-03
1.156063540074732257e-03
1.195979522168210589e-03
1.243415048519156893e-03
1.421826098260127198e-03
1.486467999409226814e-03
1.742723853333797562e-03
1.698994385925012545e-03
1.683663668418541393e-03
1.627151856681905828e-03
1.595609134758603585e-03
1.579231454703852646e-03
1.675938955374552553e-03
1.837362089745324823e-03
2.103463540762402165e-03
2.430402514331960612e-03
2.827485440664534617e-03
3.173501884728250309e-03
3.504570965498274900e-03
3.488397891304420746e-03
3.535881532739731936e-03
3.647491853774476565e-03
3.856125922010730095e-03
4.041992630804003978e-03
4.081875208472657973e-03
4.109335623487536324e-03
4.297637751141492740e-03
4.432985977217723805e-03
3.791865689032433706e-03
3.664809886547415983e-03
3.039974739599393856e-03
2.443803282214438051e-03
2.145633321551689877e-03
1.806638122053268701e-03
1.681624641602543716e-03
1.493102322349811831e-03
1.306299025501288279e-03
1.135916065437882596e-03
9.925168992378136969e-04
8.886917343777795547e-04
1.316420407102672323e-03
1.473993248998477050e-03
1.339616774212486943e-03
1.290491904490747221e-03
1.085432158476784103e-03
9.313350316626720906e-04
6.236575517720385504e-04
4.049551783294162580e-04
3.060634400488564848e-04
1.507178670920151327e-04
1.913540564469002388e-04
3.045361645450318420e-04
2.379729226381560115e-04
2.685160890301688729e-04
2.512047823212588699e-04
2.281273400418444607e-04
2.720352684084186533e-04
1.173119553467630451e-04
5.068075309193329262e-06
2.114981865928981694e-05
2.052027764511510328e-05
3.039585710689625642e-05
1.504831044691334061e-04
3.482357346590229225e-04
3.921575850357543447e-04
4.588948727049160380e-04
6.210386578668917936e-04
8.485642461581353272e-04
1.138395748235151951e-03
1.357200059990855412e-03
1.539547445841097165e-03
1.086706231697933626e-03
9.261717661322394022e-04
7.863669731439148830e-04
6.482215195441451590e-04
5.532481838245701484e-04
5.444423361676857184e-04
5.881579290548573109e-04
5.577363404382841994e-04
6.046571545603889909e-04
6.177115540336657962e-04
6.077292956962810407e-04
7.116521206697047066e-04
7.636517515564434462e-04
8.031219997250275446e-04
9.393969889680002690e-04
1.073083045488122450e-03
1.219535513363140516e-03
1.103872845679379705e-03
9.489019876894105518e-04
9.182089601083887357e-04
8.908362404025007425e-04
7.941553660542906680e-04
6.660613886730665147e-04
5.869631201030254229e-04
5.401862719578839553e-04
5.706210279675760604e-04
5.815248481816955983e-04
6.423040009069745909e-04
7.131793521849415663e-04
7.575350847178288251e-04
7.489254408275377792e-04
6.898438175869162341e-04
6.444902820169962944e-04
6.210038235039333021e-04
6.118094345940704171e-04
5.990045083204228495e-04
5.801581928770870207e-04
5.895881024653641493e-04
6.202382651160072251e-04
6.241762440518778231e-04
6.468334179030781148e-04
6.991962189526370729e-04
7.756008639609669915e-04
8.249787970140217037e-04
8.512962718331544857e-04
8.227798906002166662e-04
8.599951954016979774e-04
8.511045347593663339e-04
8.850194555508397991e-04
9.634440906580060996e-04
1.019036550512558356e-03
1.132606728890813786e-03
1.210267569850280792e-03
1.276431447605189638e-03
1.361818619724171602e-03
1.411395111356166226e-03
1.420601925487328769e-03
1.438532178459906320e-03
1.538368792550552991e-03
1.611160562960794670e-03
1.687790870539004808e-03
1.903591081058269088e-03
1.918460437678777422e-03
1.574452656976475448e-03
1.582523827008197777e-03
1.635768020647099166e-03
1.691924641387720744e-03
1.420565161051829360e-03
1.014544821638949622e-03
8.031800299718677792e-04
6.390023587606564418e-04
3.618909865870715528e-04
3.535057230056475909e-04
2.436200713056189363e-04
1.855148539541813068e-04
1.114806709487822068e-04
3.569639444329811111e-05
8.632095003974544112e-06
-6.114375729492233511e-06
-2.171136961817554662e-05
-5.231388573116346112e-05
-5.249914542262698396e-05
-2.009818982170424981e-05
