beta2
6.899234070520759987e-03
6.917032818031838490e-03
6.964705169006930700e-03
7.034083488969031933e-03
7.041611191719801197e-03
7.088624614146625882e-03
7.077566508678480826e-03
7.069331486714108999e-03
7.203827046212038857e-03
7.288227953434584308e-03
7.302777219915587356e-03
7.381873160912512215e-03
7.562068862617422720e-03
7.775586294456102859e-03
7.950416671842734304e-03
8.171429186548687107e-03
8.333898924498206462e-03
8.291120171744600226e-03
8.306562014017967316e-03
8.257586437428850873e-03
8.079684335318800675e-03
7.924006163095600325e-03
7.822822842157016107e-03
7.664589626932836672e-03
7.491112079938303664e-03
7.522342413189896798e-03
7.584177340725352552e-03
7.646639899190182596e-03
7.674318307974223666e-03
7.764759789418065189e-03
7.940814528620342844e-03
7.703743621697921318e-03
7.462518015705366277e-03
7.284847866274637637e-03
7.342578236660318725e-03
7.244142353561910941e-03
7.115705288360259229e-03
7.030347299426649432e-03
7.046149507191005155e-03
7.159993092080008462e-03
7.360405339103710809e-03
7.436614650177117251e-03
7.496623627838448767e-03
7.564871516802433235e-03
7.536358659147377251e-03
7.685121410278572887e-03
7.746955335207222904e-03
7.932560519795033363e-03
8.017797895880054287e-03
8.122844972900588809e-03
8.155775732424153102e-03
8.182419275631670069e-03
8.363659947428016966e-03
8.492949355494633368e-03
8.558242700889558824e-03
8.464827941038657877e-03
8.558027627632785322e-03
8.629269702586621002e-03
8.688222916355427955e-03
8.742786171090487918e-03
8.734447473294172301e-03
8.745773001402130237e-03
8.620941319261957170e-03
8.438261614886694365e-03
8.241862343551491915e-03
8.018826609833074395e-03
7.796300921348954527e-03
7.615158224686727900e-03
7.674253187855853073e-03
7.732171330167753737e-03
7.743350528604671726e-03
7.781404693989794896e-03
7.783296322403109729e-03
7.785679278760117630e-03
7.874332620135975069e-03
8.015978857511981553e-03
8.244902484543219917e-03
8.179544278866425142e-03
7.998324340242236527e-03
7.856559402277699805e-03
7.935098306011769548e-03
8.252860384593458526e-03
8.405585103689695858e-03
8.497450349045681389e-03
8.485199713816629630e-03
8.395423413156662476e-03
8.349998082241308350e-03
8.238067168977111776e-03
8.219340267540082429e-03
8.223482773006031421e-03
8.193385536342912001e-03
8.118412808148409501e-03
7.992404516232150605e-03
8.014076520025968653e-03
7.998681507049389128e-03
8.001450562590772808e-03
8.019370959599559159e-03
7.985898478677134343e-03
7.985297818590190999e-03
7.924362787759547597e-03
7.893237352476895757e-03
7.887684374256524050e-03
8.015192135331857676e-03
8.133855104263310390e-03
8.165073819883839762e-03
8.310670750228335221e-03
8.519998791958914228e-03
8.595953801776783781e-03
8.645022710743126282e-03
8.637057147851054384e-03
8.751979182826028630e-03
8.768793000029270410e-03
8.663849366877116737e-03
8.520555330452570658e-03
8.544521188118362268e-03
8.538172892739998368e-03
8.568022446340471318e-03
8.543171358292602630e-03
8.445071923491989652e-03
8.304622715558533652e-03
8.303071981426431852e-03
8.293968817498928447e-03
8.243555053920291475e-03
8.160214921791711373e-03
8.205275793361183762e-03
8.246803798856089385e-03
8.301884076499337073e-03
8.434237499789502129e-03
8.481995128356605712e-03
8.410907357952909086e-03
8.316457552692165661e-03
8.281249853163814845e-03
8.205877469433889640e-03
8.077025318472680349e-03
7.982552181544432662e-03
7.966301147018559070e-03
7.882545929908580176e-03
7.802066143879064775e-03
7.783971497568457562e-03
7.786527613616319766e-03
7.942309231052064461e-03
8.117692234062254958e-03
8.148074756833630430e-03
8.179614316289501516e-03
8.082347014229024351e-03
8.111558103441045275e-03
8.095464820317456456e-03
8.279009555051035016e-03
8.441671472186383293e-03
8.410435542796610570e-03
8.377961340697161197e-03
8.410375106626732933e-03
8.610736598105158193e-03
8.209139777109072250e-03
8.080256791033029948e-03
7.944407991213790418e-03
7.783657832267623991e-03
7.521668811690027275e-03
7.579906442819682802e-03
7.676664302455692146e-03
7.566066455210735189e-03
7.452142034083530410e-03
7.449417591774381946e-03
7.414484116100462409e-03
7.285689387007351220e-03
7.227076036563003306e-03
7.245802646398930881e-03
7.243790865556850103e-03
7.273456168170044922e-03
7.373187234904527917e-03
7.286584034792804518e-03
7.242468553652353300e-03
6.932758596874414279e-03
6.780953287737477228e-03
6.879610643774982520e-03
6.850215608194681026e-03
7.026674199673003940e-03
7.124576311695432138e-03
7.203251297714490138e-03
7.346443122002228876e-03
7.469614962133527651e-03
7.478854787135912931e-03
7.509824928034763633e-03
7.520064594075353930e-03
7.524472564111688716e-03
7.465364054674702640e-03
7.569139581807967157e-03
7.919283236115811850e-03
8.087978730059071364e-03
7.923931227864132454e-03
7.815959571779614035e-03
7.724540843716029559e-03
7.694710891412118170e-03
7.700893565526130587e-03
7.879167456600076613e-03
8.086930123857596908e-03
8.118388097380607737e-03
8.191120372827570550e-03
8.281388070522980455e-03
8.396480457213244264e-03
8.536366782612790638e-03
8.572215838904648222e-03
8.625416328850792416e-03
8.676190483632859746e-03
8.600605452753394553e-03
8.558472783582869725e-03
8.427001145115711050e-03
8.351168573371012954e-03
8.229842860831608486e-03
8.074872206146190695e-03
7.941092641348845849e-03
7.944355462240411045e-03
8.067331546672065756e-03
8.073887115432358194e-03
8.206406005084912816e-03
8.319093595885833359e-03
8.433158501160791312e-03
8.424161359768679580e-03
8.403144947991674288e-03
8.329887101041329178e-03
8.344058109319705749e-03
8.281853208407755074e-03
8.231752318497861931e-03
8.265208369538439362e-03
8.165790088253098433e-03
8.157814537427686766e-03
8.172882746015863037e-03
8.227833417945078220e-03
8.192842621545222068e-03
8.122479262324275306e-03
8.057720899610933477e-03
7.947187898886176952e-03
7.790994828316146446e-03
7.617373643073124465e-03
7.441943180868489799e-03
7.232381750686082272e-03
6.960012677155811255e-03
6.946504616898878381e-03
6.972571237631832071e-03
beta3
3.722948302287232801e-03
3.711973748519368371e-03
3.720733451882001809e-03
3.770053194676117447e-03
3.769158297447521358e-03
3.811478017539469531e-03
3.831501265406201100e-03
3.902183554135961116e-03
3.955596694296405549e-03
4.126716619670742561e-03
4.394241366808309540e-03
4.548558317799303655e-03
4.548767074104715855e-03
4.687880328364830290e-03
4.790091305709451470e-03
4.806431115589754680e-03
4.751406079380231240e-03
4.646642244741079272e-03
4.431585789344343398e-03
4.625038388079805857e-03
4.705426319430639458e-03
4.795739901832322613e-03
4.890039144716987196e-03
5.030183594663936719e-03
5.183548935087574708e-03
5.330116510392828022e-03
5.511489507792928857e-03
5.690525135366429968e-03
5.822362740920374730e-03
5.857790437741235492e-03
6.066729632523111884e-03
5.989524608079036319e-03
5.946003001943563418e-03
5.860695268484210525e-03
5.853667771887087132e-03
5.974070975363721808e-03
6.060502385640738690e-03
6.294072166865172235e-03
6.182154059510968670e-03
6.329538946148682843e-03
6.313011737396788045e-03
6.175305691503929495e-03
6.029757586554860410e-03
5.828402960919553885e-03
5.819028970236501778e-03
5.505429389884849284e-03
5.105770146885692772e-03
4.836257374526324940e-03
4.708189659393072907e-03
4.512351615352100387e-03
4.643080960096104132e-03
4.904733491876182676e-03
5.330833239460134980e-03
5.665873858437447952e-03
5.841632005013653803e-03
6.136289476498987469e-03
6.505576871731684127e-03
6.726659405540371534e-03
7.040219549174475330e-03
7.269660232547802900e-03
7.140088913895789938e-03
7.087569740218098782e-03
7.121547571338125021e-03
7.166417349243286647e-03
6.818680708833064867e-03
6.546742307943692607e-03
6.432496794745628903e-03
6.316801250250188120e-03
6.528364106574180079e-03
6.536584468823814636e-03
6.575764084654702954e-03
6.519165207118192765e-03
6.513857960283020269e-03
6.470274131404451373e-03
6.626904326628625490e-03
6.455590518125609890e-03
6.679273718365657218e-03
7.181728796082519420e-03
7.556754159804353506e-03
7.903592634026705352e-03
8.062266499610278719e-03
7.919169349013795503e-03
7.553531506913660834e-03
7.188990372287349523e-03
6.976443295918895865e-03
6.763924116753935664e-03
6.576585836769585289e-03
6.382781830924538075e-03
6.343068198686636905e-03
6.442956932844194802e-03
6.258046000719577791e-03
5.869817658641985833e-03
5.547110264789049255e-03
5.417568627764551489e-03
5.204444264979864350e-03
4.952059840763205559e-03
4.849410570916144400e-03
4.839841750509889587e-03
4.811700184744143946e-03
4.651635350308472652e-03
4.531740436144449796e-03
4.517608060867672228e-03
4.679011967050766135e-03
4.826327728661904300e-03
4.794110953854971435e-03
4.842187814841428239e-03
4.992830722156336651e-03
5.166139485366286373e-03
5.288430359878243739e-03
5.426449402962723809e-03
5.709940171153204611e-03
5.769488861117560638e-03
5.562356427444004742e-03
5.237781725886930806e-03
5.101719120317832305e-03
5.032140961503355284e-03
4.921056041682675582e-03
4.750400871750748086e-03
4.529909156918197552e-03
4.306295707059232258e-03
4.493214746806980554e-03
4.668477664330306781e-03
4.602316733875653348e-03
4.497871202178801119e-03
4.589711979270003420e-03
4.667109240289867012e-03
4.614099962617521263e-03
4.616314299789701578e-03
4.715401682558673785e-03
4.678836102671404817e-03
4.654362301920149034e-03
4.579027644064707220e-03
4.595340081606352593e-03
4.588468875249489265e-03
4.600331147307224616e-03
4.545691397354729990e-03
4.527417640516921346e-03
4.403688642716960602e-03
4.431420072102404059e-03
4.487927420156942286e-03
4.416462125110342564e-03
4.279657238054028826e-03
4.076784544654647735e-03
3.840410790594761797e-03
3.530157974493671868e-03
3.393024130066984653e-03
3.279828448022115758e-03
3.030130478795142659e-03
2.769514388459564692e-03
2.624765659876049026e-03
2.431891813129906550e-03
2.298576936279104251e-03
2.115772844665259750e-03
1.827108298029269913e-03
1.697363143280288585e-03
1.531497651211175849e-03
1.307867211161825539e-03
1.115178008600141955e-03
9.863667624347991283e-04
8.515971835593896377e-04
7.857763419814259992e-04
8.091557217590452039e-04
8.182450393474593152e-04
8.394783028664017186e-04
7.429745115340577119e-04
7.918533543831817855e-04
8.581366930110825592e-04
7.660515301823641720e-04
7.400821115848936482e-04
7.034077864562078520e-04
6.684833942230016717e-04
6.310789926905514824e-04
5.781023388061596029e-04
5.828108036483549068e-04
5.894773040074090167e-04
5.519848460699189243e-04
5.888042186030896866e-04
6.079102055216965839e-04
5.509921617909788747e-04
4.999273377388837886e-04
4.845112277827402845e-04
4.315413750838754925e-04
4.374446956746129629e-04
4.569967636460762648e-04
4.736524951439803665e-04
4.941388036454987583e-04
5.198311519661464849e-04
6.807501306614733259e-04
6.939514444689769742e-04
6.791990849925074033e-04
7.100716673467577685e-04
7.083155057773040959e-04
7.297217442184150997e-04
7.083522235751405893e-04
7.316298021488550681e-04
7.601238785526103544e-04
7.685998644064765371e-04
7.657955787196932566e-04
7.601854193998053852e-04
8.017323795916876054e-04
8.045253898800043112e-04
8.195553706902721208e-04
8.279240225998946764e-04
8.722559473518969649e-04
8.563957080146523612e-04
8.564857280565042275e-04
8.475684311686262342e-04
7.632234406536541303e-04
6.929416432292828578e-04
6.118201874276394964e-04
5.646480035373172002e-04
5.506886343716072430e-04
5.605829838697693000e-04
5.928592727095409812e-04
5.708167645948169621e-04
6.438428941887874065e-04
6.586699070994908633e-04
6.927882412485673012e-04
7.272985196614738202e-04
7.514058282644419696e-04
7.262243513748420148e-04
5.961690958009804473e-04
5.137851173269702976e-04
4.474175153225455701e-04
3.083929326251611783e-04
2.151144167024847745e-04
1.739097879372194090e-04
1.396022460878989287e-04
9.011937997802978997e-05
3.935981656407796516e-05
3.062072951303283563e-05
6.443647415713734533e-05
9.185479088184230780e-05
1.846379929681493291e-04
2.299982423809314902e-04
2.576041342154596374e-04
2.947017608263765871e-04
3.352344461504195693e-04
3.362570319040307574e-04
beta4
1.803387922269727647e-03
2.023503533561926693e-03
2.258123423765852171e-03
2.432692024852664385e-03
2.699042806260126392e-03
2.970340072434340777e-03
3.332574700719218366e-03
3.666346792615337961e-03
3.850337832145528383e-03
3.892783657798204715e-03
3.917005202106068305e-03
3.912161547692505001e-03
3.873208716253930678e-03
3.765362908309772411e-03
3.723822150348073731e-03
3.676264554660628459e-03
3.703639756319813525e-03
3.652187353501560804e-03
3.641497673361249188e-03
3.709189459548923977e-03
3.783771531961959735e-03
3.819206745849859641e-03
3.975856890992602449e-03
3.860435778086429223e-03
3.692032664390630659e-03
3.493960696045241357e-03
3.375255060790544655e-03
3.268661261218774004e-03
3.172421356934725621e-03
2.974972627341788967e-03
2.793691149518429812e-03
2.869293645553079933e-03
3.027470493338707547e-03
3.105689548994207752e-03
2.948227425024193670e-03
2.973158322040570477e-03
3.130730833372621751e-03
3.218238850943834061e-03
3.234350139229139054e-03
3.277182797696798384e-03
3.224182595179344094e-03
3.314644483094424977e-03
3.427535793534857399e-03
3.487655832610203968e-03
3.481777772173316743e-03
3.336174618400599735e-03
3.422758301614589778e-03
3.301662727912308467e-03
3.265467808186468032e-03
3.295809802361647847e-03
3.153739248920687036e-03
2.976910919812485005e-03
2.634057407043524299e-03
2.420396648216884689e-03
2.550124161637666760e-03
2.723864678838003057e-03
2.565880786504593208e-03
2.496736436739192821e-03
2.448968072066915087e-03
2.280902748400928052e-03
2.260792375899511354e-03
2.369579726574792648e-03
2.536753272737033577e-03
2.759407529608224642e-03
2.886440576478813136e-03
2.945786050813407452e-03
2.909462521662415334e-03
2.799121552108758786e-03
2.712744111359855805e-03
2.809319430951365965e-03
2.869623622540598464e-03
2.962664405662772740e-03
3.064964352048777166e-03
3.240890081750279466e-03
3.424164656408116604e-03
3.526260763034611001e-03
3.516358044839035506e-03
3.648397314900684359e-03
3.645938427330566375e-03
3.705556244313971872e-03
3.774122497883620163e-03
3.491341189116725988e-03
3.341002257135527315e-03
3.282106720860210845e-03
3.216099685861209014e-03
3.089182560975039203e-03
2.935637410042548148e-03
2.851567768330905573e-03
2.759693362885978773e-03
2.684570507139156029e-03
2.644078064669698643e-03
2.560695186244747040e-03
2.502553251386738491e-03
2.505851965530029105e-03
2.527055762298177979e-03
2.523444806062071378e-03
2.637848937120963223e-03
2.652504671468858353e-03
2.699311309246518395e-03
2.690333336129401703e-03
2.709059848023057798e-03
2.752663511917409749e-03
2.631276263168436796e-03
2.535543697374252441e-03
2.382067508071464973e-03
2.225414868485025427e-03
2.095518220860334568e-03
1.985717739571471463e-03
1.962054990171859838e-03
1.932038794280862507e-03
1.786344682115034634e-03
1.696728604427513026e-03
1.610257897902989078e-03
1.506507212432879475e-03
1.398031802022701607e-03
1.318324447695862212e-03
1.267037171787683842e-03
1.179154735028747035e-03
1.071127708646559679e-03
1.032389503726714730e-03
9.993596507530855440e-04
9.670197881734236139e-04
9.432928386881917924e-04
9.699994613770052121e-04
9.075449222461464587e-04
8.624198748057826207e-04
9.083515139657850294e-04
8.978472893679948549e-04
8.439088075932923549e-04
7.952458876244192579e-04
8.010887437767705722e-04
7.880838767177551123e-04
7.386209632050148247e-04
7.157515596695780821e-04
6.781271919071814921e-04
6.445432436240090129e-04
6.409160803517701061e-04
6.215588253507710456e-04
6.426369047471331471e-04
6.702503269232181534e-04
6.572948070846897691e-04
6.219229586836170966e-04
5.288270304298606141e-04
4.717527087316635589e-04
4.757010697946179793e-04
4.633153059847739817e-04
4.604745088431594444e-04
4.545242454874694779e-04
4.411994369257340120e-04
4.416260097177574992e-04
4.097242898277986788e-04
3.928039853870988487e-04
3.303329906780877630e-04
2.169515012542491575e-04
1.898717637915085137e-04
1.768418242897001728e-04
1.413737056988060626e-04
7.706168791534498104e-05
5.071671165067323940e-05
2.712366730962833573e-05
8.424852110667561630e-06
-2.747652941587271915e-06
-1.537387080226319352e-05
-3.911191000626419630e-05
-7.915249747820017189e-05
-9.079345098964852214e-05
-9.775625753415668313e-05
-1.054139544730910063e-04
-1.236397297342875501e-04
-1.118592399940659352e-04
-1.215746549886248865e-04
-1.288365735903629892e-04
-1.656396386094703493e-04
-1.662124114166839244e-04
-1.340767222754194951e-04
-1.238558175027815872e-04
-1.436230017370480633e-04
-1.639160186239655770e-04
-1.698327317657284663e-04
-1.693927409845241532e-04
-1.718791781944804917e-04
-2.085501851656132032e-04
-2.746717725995375010e-04
-2.900528795115363614e-04
-3.381988578201671164e-04
-4.264963342992714830e-04
-4.711909535847309469e-04
-4.634995976751195485e-04
-4.623954560419687217e-04
-4.831643555526443038e-04
-5.013341862651716704e-04
-4.856954282367457239e-04
-4.891929939254838558e-04
-5.144770438234680214e-04
-5.118252158941420139e-04
-5.379480982099098295e-04
-5.460904909101965514e-04
-5.852427894923352544e-04
-5.989254310081021902e-04
-6.084510707232281424e-04
-6.023567523981271637e-04
-5.040161245814578144e-04
-4.387444195552801926e-04
-3.785570823974764975e-04
-3.073894345008107453e-04
-2.630182231615919158e-04
-1.877534278887791263e-04
-1.002725949387706165e-04
-5.128944747045348894e-05
-1.246537557938198533e-05
1.845686247007149707e-05
9.647747864291884292e-05
2.125874415372602886e-04
3.098984666881422529e-04
3.685797889705177792e-04
4.630158790892275711e-04
5.788127782741601252e-04
6.744039386024261017e-04
7.150304096374161811e-04
7.573763613567187792e-04
7.918663126798744078e-04
8.746252331763596996e-04
9.582902788090840980e-04
1.017666115892396344e-03
1.013422976538007510e-03
1.027645549546620657e-03
1.016646728805692184e-03
1.004085178725641972e-03
9.561165799516200582e-04
9.453635569743211106e-04
9.350049862319677503e-04
8.701501041356570019e-04
8.752075903419045087e-04
8.414076752142651047e-04
8.107236527281579379e-04
7.495931126600245426e-04
7.575152015842888126e-04
7.546093406317741416e-04
7.234008354888560701e-04
beta5
3.417353784041321052e-05
4.290392908115126577e-05
4.059027402981971920e-05
3.847177207007816289e-05
3.312642554046474417e-05
1.612533886340548447e-05
1.349974524706219765e-05
9.911899006469593283e-06
4.777322528155712996e-06
7.866722009219070359e-07
9.035705608671517304e-07
-1.826654417571536788e-08
-1.714993695146588718e-10
-3.038257836542079918e-09
-1.847466855098174545e-06
1.176785661802439178e-07
8.190870034544876112e-06
1.303358003365421513e-05
1.765877702439314431e-05
1.300217572439443553e-05
3.812855831471429662e-06
5.997030652734487623e-07
-4.344614231060585977e-07
-8.026987063690894865e-06
-1.666437772272549508e-05
-3.550721616934038696e-05
-6.422921023130671262e-05
-8.526844341546863332e-05
-1.253474340229015127e-04
-1.088974309962579135e-04
-1.238396419175272895e-04
-1.322758564531655251e-04
-1.303449404741243974e-04
-1.359669585404662986e-04
-1.274190437710932843e-04
-1.519294880545801773e-04
-2.084580409718088606e-04
-2.405919504921526914e-04
-3.123425305085381532e-04
-4.839131423883981506e-04
-5.759575378245279566e-04
-7.352792756510849979e-04
-8.839511277307873262e-04
-1.029247034012424015e-03
-1.145842093919002998e-03
-1.151180792604880295e-03
-1.238981414635020439e-03
-1.283280840865386359e-03
-1.292680926853779534e-03
-1.350779031250385395e-03
-1.365775917851918663e-03
-1.344022502011755571e-03
-1.191590612541319934e-03
-1.131112889842423794e-03
-1.082108820939457934e-03
-1.096584125431976494e-03
-1.180129921651173162e-03
-1.267783762280758671e-03
-1.405236969181371687e-03
-1.619241131846507233e-03
-1.498170285948040043e-03
-1.362145705528426849e-03
-1.222273120506956259e-03
-1.054350261321606187e-03
-9.549032262685679031e-04
-8.428156278459978615e-04
-8.050013920781459503e-04
-7.568670462625903730e-04
-8.330042621695545480e-04
-8.393950962507852782e-04
-8.582030571482896636e-04
-8.704704822435557765e-04
-8.807275594321689778e-04
-8.332007200288375293e-04
-8.941913032052693951e-04
-9.669975967936815693e-04
-1.097901927716594820e-03
-1.123916775185156928e-03
-1.098543987899196477e-03
-1.065563545754721203e-03
-1.172514894934154929e-03
-1.434609531203571032e-03
-1.407432116090984609e-03
-1.353871422570631028e-03
-1.237630035392243153e-03
-1.151394417105112630e-03
-1.089157876646309900e-03
-1.017992477441021729e-03
-1.030024297563983263e-03
-1.072250631609951259e-03
-1.091139033603511985e-03
-1.108004000003223657e-03
-1.116708070799990980e-03
-1.118110074385534041e-03
-1.088438156698300768e-03
-1.113440747758491674e-03
-1.092790876879059115e-03
-1.022049306582292240e-03
-9.800295118770506117e-04
-1.003321437065657698e-03
-9.953145317015414835e-04
-9.825924014867368824e-04
-9.440831271914122084e-04
-8.547107525816626319e-04
-9.069002185680569714e-04
-9.205387070689917232e-04
-9.340679024342009480e-04
-9.340357276777517658e-04
-8.856510516165093470e-04
-8.459339215057958168e-04
-8.303324452832395661e-04
-8.247222267659814901e-04
-8.500933371761777192e-04
-8.702667363385305872e-04
-8.907283208332897589e-04
-9.085026616315129743e-04
-9.108172283651323232e-04
-9.167883852230389926e-04
-9.495372970754947101e-04
-9.794416472730950972e-04
-9.601813983165985097e-04
-9.350344515356649299e-04
-9.501575016631783142e-04
-9.812271654577398375e-04
-9.284801044601659684e-04
-8.693956307405626641e-04
-8.392328510459084187e-04
-8.904954652852435388e-04
-9.052061852696585351e-04
-9.322193996733642556e-04
-9.674727493253110384e-04
-9.694427076195407007e-04
-1.014667093246919647e-03
-1.069283056634569296e-03
-1.108353370141443826e-03
-1.141332711030845423e-03
-1.173099931343554725e-03
-1.229793041895293950e-03
-1.315626200017884061e-03
-1.431070224311974809e-03
-1.416186390717961074e-03
-1.372161473544986424e-03
-1.324467901704536738e-03
-1.207118066102950450e-03
-1.187604023129356593e-03
-1.292457096002225594e-03
-1.406696311297784023e-03
-1.540860296508659438e-03
-1.689640494675080044e-03
-1.613345443967361542e-03
-1.568068071127667277e-03
-1.564044027152814396e-03
-1.574571110678581187e-03
-1.438157649598832211e-03
-1.451680471251215465e-03
-1.401363779974251723e-03
-1.404954389961300372e-03
-1.365005133792864239e-03
-1.613150488788881592e-03
-1.975009274727958924e-03
-1.921435240605794820e-03
-1.865348350414234484e-03
-1.856985942296749976e-03
-1.864301305969758710e-03
-1.718894122714548483e-03
-1.667459516699881491e-03
-1.635531748233910558e-03
-1.644854877676946592e-03
-1.562436380519816124e-03
-1.488655938570737376e-03
-1.480022143204819422e-03
-1.481100742659119483e-03
-1.492060009075297719e-03
-1.429220883345582805e-03
-1.328147924056676237e-03
-1.224795199509260118e-03
-1.101498789303747596e-03
-1.002409225703688057e-03
-9.462826264661501185e-04
-9.327610914543933707e-04
-9.157412630797672533e-04
-9.301273840715345523e-04
-8.673696803875002425e-04
-8.324313046359241384e-04
-7.730191770093253895e-04
-7.535800021315087333e-04
-6.925076605519861310e-04
-6.871196288023371634e-04
-6.859983373087663681e-04
-6.527462568752784820e-04
-6.566015622151610744e-04
-6.626602909303621865e-04
-7.364779079138527446e-04
-7.990115113780612861e-04
-8.013346528287077679e-04
-8.797989040578778168e-04
-8.680619804043912925e-04
-8.194130348165846837e-04
-8.017414280252165276e-04
-7.835426402338054519e-04
-7.842600983982591072e-04
-7.810099409212422229e-04
-7.830127003937740419e-04
-7.874055970313966792e-04
-8.002038824536270804e-04
-8.519488741834967994e-04
-8.779620776108711068e-04
-9.136022394974768757e-04
-9.289327850408566917e-04
-9.526633016895380123e-04
-9.442748098139583423e-04
-9.624334894868323120e-04
-9.516479204826376126e-04
-9.901300863183514281e-04
-9.795414605754161359e-04
-9.595983305541207339e-04
-9.857154352423205552e-04
-1.013678557981713413e-03
-9.367961967446812501e-04
-9.638294629691064423e-04
-9.867945292416102111e-04
-1.006505369906576710e-03
-1.081039960441663051e-03
-1.113764289957690397e-03
-1.132014806122669899e-03
-1.160182599065916718e-03
-1.185286964128887642e-03
-1.237203353083989868e-03
-1.263899416849724629e-03
-1.305544040579708709e-03
-1.287545331443025118e-03
-1.171683762438881313e-03
-1.129265156628757446e-03
-1.058195946895600613e-03
-9.587180731137300276e-04
-8.838157509877757985e-04
-7.955189717637878690e-04
-7.691493673041688555e-04
-7.264496938063157811e-04
