-7.302756426503820286e-02
-7.431569310665060712e-02
-7.513933139482346923e-02
-5.563072122111038798e-02
-4.438921677960429302e-02
-3.694977669357379230e-02
-3.157631371755566241e-02
-2.755900391545368019e-02
-2.406419060058827275e-02
-2.159651353393597650e-02
-1.958376872403425756e-02
-1.789684302422930862e-02
-1.181750109465624227e-02
-5.461715084949972203e-03
9.220173473247090514e-04
6.789743057717076988e-04
5.997474731338092334e-04
5.646770339362179592e-04
4.891031776203931753e-04
3.996076806068336526e-04
-2.881126787066832370e-05
-2.096449023010336541e-04
-3.536581630804798600e-04
-4.723611597136527572e-04
-5.383115345593728713e-04
-6.337709647935383262e-04
-6.530933611376020173e-04
-7.866529438834548920e-04
-1.006534226550849813e-03
-1.349010286048178730e-03
-1.474542420707561363e-03
-1.486370447020907365e-03
-1.450361306557767941e-03
-1.399653750545385225e-03
-1.371786515785257008e-03
-1.333522387094053172e-03
-1.249789108411041277e-03
-1.131989722587347291e-03
-1.070166924043923409e-03
-8.746825882047045602e-04
-5.262116532073665134e-04
-1.169926876292922725e-05
2.672320526406653783e-04
4.064020678801769462e-04
5.190778390562041317e-04
7.124668931059722392e-04
9.681879165054923944e-04
1.196972549859309483e-03
1.474628507208253225e-03
1.766911269469214653e-03
2.076630031606313802e-03
2.422181732910305609e-03
2.557142299804441351e-03
2.630957616346446277e-03
2.756990758098194425e-03
2.891963550192005235e-03
3.052407769749921826e-03
3.137564719896010230e-03
3.178823308098342737e-03
3.126956028178351759e-03
3.041103539186928040e-03
2.821704098939796859e-03
2.573890650113173483e-03
2.213090685193625819e-03
1.964889991141840087e-03
1.704547670584654695e-03
1.438066590084767504e-03
1.218620364828009285e-03
1.027955165916977307e-03
7.485309867831372622e-04
5.125754861898565266e-04
2.685164634562433824e-04
6.690079186410240631e-05
-7.507656672502633418e-05
-1.626529220355782868e-04
-1.832996787689958383e-04
-2.430308301715554235e-04
-2.338739248194467201e-04
-1.271214165052985984e-04
-4.443858745708826143e-05
-9.673186777204930919e-06
9.575941943158314989e-05
1.487639282886772348e-04
2.582050263273731280e-04
3.258504503493872095e-04
3.460095875633644315e-04
3.874884416184782372e-04
4.203166852902754866e-04
5.385630130957489185e-04
6.202141656885203124e-04
6.048243574878880415e-04
5.356536218268842303e-04
5.299124315444168508e-04
5.901129989780898701e-04
6.256892045602683748e-04
5.986647302299822216e-04
5.946675655115115375e-04
6.065063269001101003e-04
5.771913702598156564e-04
5.383923985639683463e-04
1.941988925977603528e-04
1.612153304598746954e-04
9.613263337208894147e-05
1.067688750659923151e-04
4.757814777271854512e-05
-5.332158976485231768e-05
-1.239287856094835100e-04
-1.115378879053218440e-04
-1.387289424644620945e-04
-1.933325077771766681e-04
-1.701794246250346899e-04
-1.424991019928130182e-04
2.497218012400171543e-04
3.212113090829535247e-04
4.944561256542893794e-04
5.812124395391779540e-04
6.890507473412183946e-04
8.411374697126013274e-04
9.273712153691743938e-04
9.611494394202818549e-04
8.781094315522534237e-04
9.106828343545783806e-04
9.064623327332629486e-04
8.979859435813237686e-04
8.329088977034695453e-04
7.551180247487898666e-04
5.744415013639935863e-04
4.346519325996260337e-04
3.786276428481546237e-04
2.696446828401235108e-04
1.772920781045161638e-04
1.502349923498369998e-04
2.496723789453896523e-04
3.418663630371971698e-04
4.551296519294891515e-04
5.411195419687489126e-04
6.825467098376935280e-04
8.380468398125742518e-04
9.844418437944533248e-04
1.224590911281613981e-03
1.421725912802488528e-03
1.668978037548136256e-03
1.907558834244031448e-03
2.108619558256713804e-03
2.274339654945052840e-03
2.170979609989054458e-03
1.889905428378613498e-03
1.153167719461689091e-03
1.033167088205177086e-03
7.403449740555609121e-04
3.641104149210553135e-04
-1.347519723251759248e-04
-6.365514998298631112e-04
-1.066570051781047090e-03
-1.453769961039510063e-03
-1.823667147800528063e-03
-2.225826791610434514e-03
-2.462537160585392959e-03
-2.430205674870499714e-03
-1.735080673591320915e-03
-1.936995731052986759e-03
-1.988113121161899643e-03
-2.005339743448114349e-03
-1.918080787623884474e-03
-1.829711992384140283e-03
-1.834906872145343872e-03
-1.850740533721194001e-03
-1.906907653353640507e-03
-1.941790428592107430e-03
-1.917227125695150983e-03
-1.981841647011551352e-03
-2.261473466469613326e-03
-2.214890648318494550e-03
-2.160954609698050814e-03
-2.031151061768667141e-03
-1.960008410371656424e-03
-1.979553065943669577e-03
-1.987482864499364506e-03
-1.999026255205682643e-03
-1.996289999287500019e-03
-1.999093790588378581e-03
-1.983398989175373054e-03
-2.148892447596281556e-03
-2.318596347871117788e-03
-2.465627260263897422e-03
-2.559435277448672639e-03
-2.789576706428645390e-03
-3.119205152809961194e-03
-3.269509277661697758e-03
-3.461534195596045055e-03
-3.648118997207177184e-03
-3.747989559670489388e-03
-3.792285101830952798e-03
-3.969781441796074901e-03
-3.942805300802967351e-03
-3.876824685913763790e-03
-3.953701683016530057e-03
-3.944410157406981303e-03
-3.830651809474724685e-03
-3.508531834636757774e-03
-3.238695963835937913e-03
-2.960113696834919955e-03
-2.663235691420775143e-03
-2.421689501371906972e-03
-2.228962467643019491e-03
-1.890839099190110830e-03
-1.550789116435343689e-03
-1.253381576506833617e-03
-9.380945514457826942e-04
-7.305767591195182556e-04
-4.670607128857233708e-04
-2.745100519912203017e-04
-1.670648351542406568e-04
-6.481790565857077472e-05
