6.440357411068839411e-03
3.458828759656894843e-03
3.471994504421316297e-03
3.522545618715844373e-03
2.878072108669020145e-03
4.444225579013113062e-03
4.506568178359252573e-03
5.499697129324612223e-03
1.847955228961699337e-02
2.942928476970382064e-03
2.546665458703614628e-03
1.650916816914601171e-03
2.096212482959124157e-03
2.303304693520031275e-03
3.457566685148781051e-03
4.316825665859734366e-03
3.406205917030957937e-03
4.213540968136740908e-03
4.104390411897803487e-03
2.111775119366963993e-03
1.314047963664204902e-03
1.487544983616229197e-03
1.408691262834161880e-03
2.130259362789286692e-03
1.905710843604509729e-03
2.213358275895161223e-03
2.533700021352273523e-03
1.687591867618710171e-03
1.101847740553963404e-03
1.548030211707294209e-03
2.413537948881596448e-03
2.342242993005168999e-03
2.587366054714673996e-03
2.733758022563722353e-03
3.880357511812122275e-03
2.241078601130866085e-03
2.009805143069772534e-03
3.388921448850390917e-03
3.351746523992589835e-03
5.784982136661858190e-03
6.125507400573948665e-03
5.109159661721948339e-03
4.835770215334670753e-03
6.443307840493978783e-03
5.560365708734465486e-03
5.379222163784884436e-03
5.642356420954300344e-03
5.569721397971278895e-03
6.297071546717276924e-03
5.076175341424848941e-03
4.827280951484490788e-03
3.520213985891093925e-03
4.537450278506586880e-03
6.759289157460335491e-03
3.782418159056889686e-03
4.165502789210242043e-03
3.232724617001794462e-03
2.546211024467206520e-03
2.903749108184149313e-03
2.907005763960793764e-03
1.086460705877947096e-02
-3.189817656434102127e-03
2.437808107853894294e-04
-1.734281129201284280e-04
1.945506919460595718e-04
5.924246546256121048e-04
3.995948036001058072e-04
7.353715099475375020e-04
6.029572790962277849e-04
5.123838114472767120e-04
1.261693553533499910e-05
-3.205681758971960847e-04
-3.406221079188231351e-04
-7.265724065781036314e-05
8.264331532391959163e-05
5.032578887017841971e-05
3.582964031427619302e-04
1.076454112353303382e-04
2.273535381508526732e-04
-6.883048469647068532e-04
-2.013278233546543072e-03
-1.160576589586559881e-03
-5.831462648557742380e-04
6.258884702496649542e-04
1.119289804870594093e-03
1.775264240010848140e-03
1.366488567690401102e-03
2.328432771960349014e-03
1.741649308864452088e-03
1.849463040149724015e-03
2.278747149917946784e-03
1.752060790809254615e-03
2.512097581345671283e-03
3.479840146408889889e-03
1.595897797732472511e-03
1.474698261297587281e-03
1.572345974480784210e-03
2.277842919245434954e-03
2.747667038966021026e-03
2.436870034562158525e-03
1.806357143023868111e-03
2.006405589777740268e-03
2.810880889213119346e-03
2.640222831458501670e-03
2.198442451104831545e-03
2.478069432119197040e-03
4.166579457626867940e-03
3.631328757158378603e-03
3.850365975610449756e-03
3.132368366311546158e-03
3.302090023352354051e-03
3.019653340997623114e-03
3.065108495878948996e-03
2.800129672622515570e-03
2.379239999415632724e-03
3.826300977451167241e-03
3.061627051818159931e-03
2.882504542557190724e-03
2.531285179645061285e-03
3.550225896673111798e-03
2.456326782288362556e-03
2.972908950211479179e-03
2.229211348527998168e-03
3.355339831887192096e-03
2.906541629232498036e-03
1.781723687516327754e-03
1.754777582188062415e-03
2.632142646308494646e-03
3.462910682810030338e-03
7.465487873483170160e-03
3.799291224283443593e-03
6.364033045125984389e-03
5.108000319169252353e-03
6.194678320062696301e-03
5.819767967506105609e-03
7.342090745608711826e-03
6.359525777289198704e-03
7.726332007311458548e-03
4.404626771626997568e-03
3.615099692596671511e-03
3.680799514961256586e-03
3.431774271395174412e-03
2.819681967375219523e-03
2.099654152866028706e-03
2.082586708172887938e-03
8.734413469927547078e-04
