9.996138797851361266e-04
7.342644173663888342e-04
6.567837166836901263e-04
6.383158074229816408e-04
6.462520343211011287e-04
7.000189431960497513e-04
7.707976679659079948e-04
8.779137586393841912e-04
1.010519323391814717e-03
1.219046382951544496e-03
1.448668281336792799e-03
1.546138393585279889e-03
1.653769893919547138e-03
1.835239006921014771e-03
1.972153425249511746e-03
2.070841258725703102e-03
2.078288418626181213e-03
2.085845855198096167e-03
1.984385591052181125e-03
1.855530858669413767e-03
1.714178182215152918e-03
1.485077408082978662e-03
1.396233395803680609e-03
1.508585868315419571e-03
1.610981756361650223e-03
1.660503717377827954e-03
1.714358012415407055e-03
1.798622852210859761e-03
1.784988014401832314e-03
1.655237613428963599e-03
1.505768355074117021e-03
1.411227751262333950e-03
1.271467652692089044e-03
1.026994949416866780e-03
8.586005379345052618e-04
7.232673601043608123e-04
6.326186350497272617e-04
5.296063746831892712e-04
-1.616448743010113652e-03
-2.816819052893031997e-04
-2.858940237132357180e-04
-3.142936140434898773e-04
-3.749778341083077307e-04
-4.106927504686300472e-04
1.635237103864990932e-03
3.049772122183083060e-04
1.956140265076803698e-04
-3.063307066673848222e-05
-8.639837606999800016e-05
-1.008153443832209722e-04
5.414016058800136564e-05
1.037904705728985669e-04
2.617879012656268325e-04
4.977320381894619799e-04
6.863749123475684907e-04
7.078039540509319105e-04
5.101424883052799956e-04
4.370013772340638775e-04
2.601879986502650161e-04
1.118796644038974223e-04
-1.151887625007565137e-04
-1.727545803706703655e-04
-7.243597481994102998e-05
-6.183293012752015723e-05
1.544670770339886437e-06
6.880284729323219459e-05
1.553573617198449237e-04
2.671204056416351673e-04
2.562878941988456735e-04
3.436055504423662487e-04
4.051711330003916929e-04
5.103626902200321608e-04
4.513715032602916202e-04
3.624317110795210843e-04
2.930692299370883810e-04
1.587703638786752106e-04
2.765671034660744363e-05
-1.640832238207902514e-04
-2.835080253787130981e-04
-3.907518450794218051e-04
-4.789348369050898044e-04
-4.813455575882190254e-04
-4.347379196130285038e-04
-2.748745433388455253e-04
3.690067798544784903e-05
3.021277015236062033e-04
5.711783251704448091e-04
8.449981098422467514e-04
1.150048685124995885e-03
1.292615803601042260e-03
1.363309272608449535e-03
1.392784352084963173e-03
1.388145502424024827e-03
1.286032012569855850e-03
1.035806162169749861e-03
8.220729022849936540e-04
5.897264301859644854e-04
4.132259171370112759e-04
2.983973841443650766e-04
2.904078972774598653e-04
3.652053509964502316e-04
4.470014166851005253e-04
4.895864053211476013e-04
5.262158367942030646e-04
5.802098833099190653e-04
6.412469146952266179e-04
7.678231252951718587e-04
1.003745287156637559e-03
1.310235255316118163e-03
1.713263075254452652e-03
2.045959360282958387e-03
2.436081969260585085e-03
2.564514435294144856e-03
2.504494531512824109e-03
2.321661368721570241e-03
2.069355279165352012e-03
1.819568481684842760e-03
1.429111419834776806e-03
1.169994612004435783e-03
9.868010823937505005e-04
8.933797960181784825e-04
7.483029328177853148e-04
7.032942093273424934e-04
7.118415435478859035e-04
7.646060292416390894e-04
8.914781859943467874e-04
1.095173313476606718e-03
1.500859473298447747e-03
1.794403097657886088e-03
2.315040267169439763e-03
2.915316267890858629e-03
3.743509327306146928e-03
4.193936202202133180e-03
4.299822491831138335e-03
4.354886958276615698e-03
4.117274520070953077e-03
3.842892317660181242e-03
3.186456279364000086e-03
2.779426465917050806e-03
2.510035966368501150e-03
2.345438117019596307e-03
2.200637544110627293e-03
2.025816428350910026e-03
1.877057883414641470e-03
1.801693963968380857e-03
1.678469687353569386e-03
1.616011103131329528e-03
1.582766283159197469e-03
1.530964314998433480e-03
1.526147008391655910e-03
1.431472701591313080e-03
1.382414025372033896e-03
1.259537712998501412e-03
1.068459070103171217e-03
9.467252490211824044e-04
9.093875267506269485e-04
9.571620535196923756e-04
9.988696099459729548e-04
9.679106517076597289e-04
8.853355694140972601e-04
7.811607261741298699e-04
6.227619494828280774e-04
4.675863304506924496e-04
3.096508117300428471e-04
2.121025053274115983e-04
1.968364676757209687e-04
2.015365372830324800e-04
1.608144167400317069e-04
1.475256122181292954e-04
1.320324282363052751e-04
1.587259332222262169e-04
1.948125799287804170e-04
1.963777905859666404e-04
2.449997296052363921e-04
2.686064702542498837e-04
3.204684348500469438e-04
3.571114429662431843e-04
4.255270851805761684e-04
4.344288072683545891e-04
4.365349302541026767e-04
4.074157853000349625e-04
2.110393841318414579e-04
4.141950931975136316e-05
-1.012630312220219798e-04
-1.696416380482163640e-04
-1.925698628477925023e-04
-2.767582450338387551e-04
-2.137385421920232314e-04
-2.023116764764911109e-04
-2.581756351520604772e-04
-4.646268492134040715e-04
-5.663244871064829645e-04
-5.509418221354051058e-04
-5.351622544451247430e-04
-5.273213677219131153e-04
-5.461774395586334275e-04
-4.616414349125514956e-04
-4.761712638899174102e-04
-4.840605317883608211e-04
-5.096687708138174103e-04
-5.354090269252194693e-04
-4.830104723916042665e-04
-4.757979831080804832e-04
-5.952489987422046516e-04
-8.242984106180068285e-04
-1.101272184212058513e-03
-1.340887007215054967e-03
-1.529438832677741363e-03
-1.600940555977549071e-03
-1.427336269083364284e-03
-1.104213032797494260e-03
-6.744734629353737153e-04
-2.318058658853426688e-04
9.054287121545252434e-05
4.357085646513056756e-04
6.613206454072932195e-04
8.202191203061245071e-04
8.958700309906192502e-04
8.754391601906186824e-04
9.259603145136550062e-04
8.121434292701611721e-04
6.453900808108562967e-04
4.285517969146756851e-04
1.943217222735471627e-04
-4.503049848789079105e-05
-2.790745983886158167e-04
-3.638749912387697553e-04
-3.645011232074315470e-04
-3.598902755609905009e-04
-2.965992944667907786e-04
-2.003255389232522742e-04
-1.561230416160380989e-04
-1.436561606655128033e-04
-2.088041295539807586e-04
-2.535370511126458222e-04
-2.670659724179220962e-04
-2.513616997584357878e-04
-2.671809051976051859e-04
-2.583654904009968670e-04
