-9.768070661191467192e-08
-9.453645608969469715e-07
-1.976354265410161992e-06
-2.968323490570372823e-05
-6.703513026849164304e-05
-7.491187818461483221e-05
-2.427293052735845819e-04
-7.403559620610593393e-05
-2.452844566537326415e-04
-1.265967772441777429e-04
-2.157841684287217679e-04
-2.418674926646076167e-04
-2.869879697498343030e-04
-2.242286783744223185e-04
-3.472107564365374088e-04
-4.753850172190620489e-04
-5.270381948435609544e-04
-1.336987726806344911e-03
-2.712579524079794871e-03
-3.741837639146393391e-03
-7.076815285002995351e-03
-6.020530794667796476e-03
-2.653566974612248108e-03
-1.095945493447291353e-03
-9.284102048283850031e-04
-2.977433166141658189e-04
-2.781774294738282487e-04
-3.501960385969383549e-04
-4.923002396930897979e-04
-9.811111738025413750e-04
-9.869797258768549589e-04
-2.064509857185953257e-03
-8.436453974132059313e-04
-2.058389137405516097e-04
-2.952367625798270746e-04
-3.655796102947553696e-04
-3.396183420462683435e-04
-3.456067796996435378e-04
-7.620297610760108122e-04
-8.495244503995849714e-04
-3.939772621512269406e-04
-1.839524365828585457e-04
-6.744126744936921204e-04
-5.784191745492671226e-04
-6.905337092390408799e-04
-6.051459944598142678e-04
-9.732631022897691390e-04
-1.284282439599313420e-03
-1.158568151430656220e-03
-2.136157073627233290e-03
-1.608871130089257508e-03
-4.993803809227394079e-03
-6.283887430198995504e-03
-3.547348390104645283e-03
-2.134360630210901336e-03
-2.368867851994369347e-03
-4.093375315047966673e-03
-1.822783343797540695e-03
-2.665855002335084777e-03
-2.316105670388494443e-03
-2.359778390582969055e-03
-1.418028675902700342e-03
-2.208565604999976773e-03
-5.303960830997872869e-03
-8.452931575848277382e-03
-1.237847178471529475e-02
-8.150408525130669463e-03
-7.072420613833485178e-03
-6.643974267184542259e-03
-3.865151974537961010e-03
-1.789575527356484716e-03
-3.568532866093972709e-03
-8.343937654141064504e-04
-8.443960034243299089e-04
-9.362583468727567887e-04
-7.645550769128865286e-04
-1.698472868871848084e-03
-1.232838697350498516e-03
-1.593133440169660318e-03
-1.372468515882449775e-03
-3.502032806958771047e-03
-2.427594675841280875e-03
-5.557542761666138531e-03
-5.965697256309849053e-03
-2.808145868600394474e-03
-5.792456434918994562e-03
-3.077683283299412036e-03
-1.304372161850427632e-03
-1.422501636732862460e-03
-8.631773335083644996e-04
-6.024745026143292579e-04
-4.417567451180084894e-04
-4.381922752899291532e-04
-2.636045014976390625e-04
-6.917330629595844172e-04
-8.836357309908599847e-04
-6.139841653573059003e-04
-1.561641157444335895e-03
-3.702514085953331324e-03
-5.989433043703121587e-03
-2.819078731895604054e-03
-2.362666253947568080e-03
-3.347557288779658743e-03
