2.203723314288708220e-04
1.467176828790114603e-04
2.332984197061984538e-04
6.489843153504359962e-04
1.003482131736902622e-03
1.200154392699012348e-03
9.030678491688043028e-04
1.352676848594833864e-03
1.221326940923971559e-03
1.761172844782701342e-03
1.670203257218106068e-03
9.006153546422058023e-04
5.651967859817792414e-04
3.447462853318915732e-04
5.063695028719195643e-04
5.420295234602264152e-04
5.634884208702739712e-04
1.031223150161747135e-03
1.405113198201301877e-03
1.507918253633395772e-03
1.834731860196419338e-03
1.397039953928216893e-03
1.281647451328573380e-03
9.056839778964788628e-04
6.312715597727282593e-04
3.977553952474202040e-04
3.796896807087865415e-04
2.215111141735246663e-04
1.511765986374738653e-04
1.199915315860455650e-04
8.310439956947450837e-05
1.053719819064464960e-04
2.539652422915390307e-04
2.343726174545199931e-04
2.909691585895151354e-04
3.431996977533771902e-04
4.480903197774641121e-04
5.533590990101900330e-04
5.795761661207305022e-04
2.974026335860940678e-04
2.757253978747696913e-04
3.267699039582193420e-04
2.273725040451111956e-04
1.913423864931501454e-04
3.785783358135226800e-04
4.141357002258367237e-04
4.779650294563882922e-04
5.973212163607084790e-04
2.287423980053501804e-04
2.297020107017941641e-04
2.547306466408041036e-04
2.172557080602560361e-04
1.488539431568661436e-04
1.589123888040006179e-04
3.039990757478178499e-04
4.351505717548960657e-04
1.533646092561518400e-04
2.028299515699586992e-04
2.058161817309419770e-04
2.691843674298200796e-04
1.611299609884592004e-04
1.685060589908437742e-04
8.510821549427936155e-05
1.627996170858097354e-04
1.480086861976232014e-04
2.392996402797660559e-04
1.302011749607202644e-04
2.675578828336661161e-04
3.149518352642912723e-04
2.667368736358489414e-04
2.839096511434874856e-04
3.346993332478220124e-04
4.779455147273837276e-04
3.642588196704309297e-04
2.615203295147582019e-04
2.161539197879458018e-04
7.126370139114751221e-05
1.412364045635861238e-04
6.916656115587763295e-05
8.776262961619566425e-05
6.499061596578992954e-05
3.457215091397223720e-05
1.012042336160612243e-05
6.622021286327484755e-06
3.056027585404594661e-07
2.448600731016689580e-08
8.690817024033500938e-10
3.559615323848739139e-10
2.956446732751064059e-11
5.161073320746950560e-15
2.908619720904265906e-30
-4.251109661566892215e-24
-6.962313916805207858e-17
-3.454147360375219083e-21
-3.888549008194945458e-19
-1.414719616030487319e-20
-3.510475369477170270e-12
-2.482755618845197069e-14
-6.666220841362469951e-11
-3.705951640170841286e-08
-5.353126686731213044e-09
-2.841809023576830983e-07
-4.716986429059924415e-09
-2.103189787900837774e-08
-2.873497403226310367e-07
-6.269445161281859408e-07
-1.672321463944216580e-07
-1.022391446194381749e-09
-1.581287752779563740e-14
-3.006931393699992454e-30
9.819627835380664750e-61
3.618007557755471769e-21
7.835201862222907178e-11
8.516885874331913184e-07
1.439613303982144430e-05
1.766016388161973470e-05
2.630048915434651975e-05
2.590928058252872000e-05
2.901408678300351665e-05
2.076973582989823759e-05
4.843714009020741668e-05
4.957726156334775285e-05
2.870084357591002586e-05
2.652957210010388952e-05
1.017448638370284253e-05
2.198698368817014081e-05
3.463629868397657084e-05
1.812504395849362559e-04
5.682371175913324786e-05
6.958508907689808483e-05
1.146474832158402544e-04
1.516027048892604353e-04
7.446925988986691876e-05
1.953988417064496378e-05
1.620680741982546781e-05
3.750545623882396502e-06
6.635260881336807085e-07
7.641833612035143501e-08
3.777650089791775754e-08
8.405083753753119164e-08
1.627406955599448609e-07
2.939865555376183739e-07
1.918496790615736449e-08
1.301998754069379323e-08
2.968503927913041686e-09
3.431385289609707634e-10
1.512657806110720440e-11
3.568268615500523868e-12
7.254939603472742786e-17
1.710312679975447876e-17
5.845954445256163672e-78
-2.482581217746835204e-13
-1.567605661005374745e-14
-3.431609738087155051e-10
-5.705085521801617833e-08
-4.759609947499136724e-08
-3.327079422183715920e-06
-9.686894869515080181e-07
-4.059184472431873438e-07
-2.649254902934507181e-06
-2.655419381605845889e-09
-1.293571970167262591e-13
-3.017500425658889314e-16
-2.489744033741701429e-22
4.202902079477430787e-25
5.795186132716829178e-17
4.426038359283983327e-13
1.322158295062152443e-11
1.719889652236025143e-14
2.175890298486384193e-23
3.914507635940339597e-18
2.162072870880977201e-16
6.706792125428976129e-15
3.625404200951196583e-16
2.582343469514308513e-14
1.727781148201258663e-17
9.736268544446430375e-17
7.427824151406121612e-25
5.333128140990663639e-15
2.588604471615621661e-09
9.383612341790386471e-08
1.241536513088589365e-07
5.362744932225441062e-07
9.944211844744794156e-07
9.119216543592190963e-08
5.093000243799638013e-11
1.072799312153558401e-09
3.103243332445815306e-12
4.896593225055482527e-15
1.200119153433251184e-14
1.103136947568141660e-17
-2.581356161180050944e-35
-5.529213337796718261e-12
-2.840740089730104032e-16
-1.064190305899978262e-15
-1.256784587450715525e-14
-6.886998188423623612e-16
-1.254518583630651389e-11
-1.348899765276401836e-10
-8.427174091219066307e-10
-7.972060500847777800e-11
-4.959314678019937938e-13
-7.003102558158519308e-43
3.040210728832708298e-20
8.013313878499846385e-14
1.495587242904823921e-09
1.996929484487306994e-12
1.430780107863508872e-08
2.514198941196803887e-09
2.283297619787721316e-12
5.137577272233174831e-14
1.218382939793009920e-20
8.532147803292398276e-20
3.545432470826179553e-17
1.310827367375815587e-13
2.515072353313156277e-13
7.690423964760958642e-09
2.820270360408282980e-07
4.975640329511710735e-06
3.121082743172410423e-07
4.809416089743236560e-07
7.527136038606242414e-07
1.043311138801432560e-08
9.635377657936340081e-09
7.173202665322239772e-11
1.118771507127754769e-07
6.717202289207716889e-10
8.250716641467963875e-10
4.687761412564435909e-10
6.524759786734602594e-10
2.829852032746744059e-08
6.123996590427669963e-07
5.744520679449332197e-08
1.232224266414688771e-07
5.136006831164281553e-07
3.425824370851049131e-06
1.912755776961171201e-05
2.290501337223718097e-05
6.965997987118618972e-05
