5.212247099274325453e-03
-7.564705414786661308e-04
5.941598655421338705e-04
1.184683677214597077e-03
1.947868505272208573e-03
2.720254936373323138e-03
3.108764227611028955e-03
5.021423826133006307e-03
5.050010325388160602e-03
4.845140887045548510e-03
4.028867882550133013e-03
3.115979603202366586e-03
2.007752821705627386e-03
1.344422331452539742e-03
8.979227431158520560e-04
8.587802983129502570e-04
1.198887132103848086e-03
1.193966881695149697e-03
1.247988487643724451e-03
1.603168858351278160e-03
2.087453790751577030e-03
2.716483848683403507e-03
3.130647301693510742e-03
3.758644452200360277e-03
4.300397638134635485e-03
4.610039019493992161e-03
5.368441748469602974e-03
5.681341582281768283e-03
6.292060934983230956e-03
7.054810590381279355e-03
7.310499499362513830e-03
7.242280076513659369e-03
6.489522245510255527e-03
6.183347400713644186e-03
5.333386781465770422e-03
4.111686917238540143e-03
3.399301858110843205e-03
2.992687833818627376e-03
2.622701689635978817e-03
2.154164878302343693e-03
2.215508170025127371e-03
2.589616930042229308e-03
3.768305094182928389e-03
4.715178447902992030e-03
6.082534261074279934e-03
7.152507911150541957e-03
7.771475046602263625e-03
8.560489965984274460e-03
8.431648438389610992e-03
8.545888096468232456e-03
8.548935397817139167e-03
8.747685479277143850e-03
1.032164173688074164e-02
1.171049619196829795e-02
1.306976768865611253e-02
1.398272588723669697e-02
1.340576025733665293e-02
1.236332103332487414e-02
9.910975040460285115e-03
7.349579295585491161e-03
4.879879373051550749e-03
2.714092008751565425e-03
1.748882670609608640e-03
8.638942215056052325e-04
3.332243940826875098e-04
-1.147217357714230514e-04
-3.946732151723865889e-04
-5.352731296208840771e-04
-5.738680595598260941e-04
-4.145286969965658770e-04
-6.100342045813996394e-04
-5.721413626895211803e-04
-9.320526425495601628e-04
-9.372050683170009104e-04
-1.042754205783165801e-03
-1.141720485727645536e-03
-1.026136708071613036e-03
-1.381313946558885642e-03
-1.450973625077817348e-03
-1.722405214778075302e-03
-2.024685386828027536e-03
-2.148039390490354052e-03
-2.208089783230453036e-03
-1.956173532407017631e-03
-1.561672961792432432e-03
-1.586830159996272969e-03
-1.425321405760925737e-03
-1.353520826390067688e-03
-1.154097606582472598e-03
-9.805674366914053728e-04
-9.036665533778925723e-04
-6.851192403580123403e-04
-5.085816833647612912e-04
