1.935546954913339751e-05
1.124411101135798513e-04
1.928174132899651246e-04
1.017993817720068222e-04
1.099087383713607223e-04
9.328124819904424711e-05
2.321978003226436195e-04
8.883889617172125591e-05
1.140891020812211055e-04
1.843372968628860737e-04
9.230013530458903276e-05
1.215806330447331818e-04
9.046997890444113987e-05
2.027071576561508795e-04
8.575452921727036773e-05
3.495871301435861465e-05
3.696417226368806260e-05
6.234777630643686301e-05
1.041369949232279853e-05
3.991669622594713228e-06
4.933151121259628816e-07
1.130122168771894706e-06
7.710565761054408439e-06
2.293653568526882991e-05
1.292527043576205199e-05
1.169548386221523551e-05
3.016725928639868475e-05
1.770692733044004682e-05
4.002733122581095412e-06
1.363787663873603570e-05
1.857490678691726773e-05
1.891471562978646012e-05
4.297247523755916591e-05
2.800768925226477141e-05
5.786845770182423820e-05
4.611418644149525761e-05
5.693719751195270293e-05
9.857199105365384469e-05
1.349863447983493483e-04
5.833889153898735261e-05
7.946902323950523082e-05
5.683590752973706310e-05
7.585492425765949780e-05
8.162745664363041636e-05
3.846133828023800573e-05
5.922522150401133005e-05
6.884378418530830081e-05
2.689046437128261583e-05
9.116331631227848832e-05
1.339415941835319095e-04
1.966227484139892860e-04
2.043321578802512119e-04
1.508269728816838602e-04
7.379561840186178961e-05
7.533914141283771636e-05
1.482981527575304972e-04
3.075396858695891075e-04
3.430154516087845565e-04
7.000507236911332996e-04
4.391856453662264736e-04
2.946298726838879637e-04
2.906945424065117737e-04
4.510510849262535857e-04
3.601289780548882504e-04
4.060287105202653544e-04
3.238713698759922372e-04
3.988172982568332801e-04
3.936793455408846656e-04
5.633526616348070917e-04
2.630806164729896897e-04
3.310677627161496715e-04
4.067205967816953050e-04
1.011987606142096367e-03
8.033567671574396492e-04
5.990531003311904031e-04
7.638927970905348089e-04
3.092493185888839455e-04
3.255240140503438918e-04
1.357409726534774522e-04
1.662550788549660950e-04
2.530288741296862548e-04
4.473948691389646216e-04
3.328916573883461058e-04
1.625638810069481759e-04
3.427379439297993094e-04
1.876083145765228407e-04
1.106094488639751611e-04
2.829235646076260348e-04
1.402862251805207057e-04
1.402122198247197525e-04
3.075226579826834897e-04
1.973739115393151485e-04
3.474481219518320806e-04
3.665023443340459180e-04
6.003370462959372938e-04
4.935487094325401777e-04
1.204981484216365506e-03
8.688137467465745873e-04
1.079328437907328513e-03
1.040630302490998683e-03
2.297004485296523079e-03
1.271859060652476715e-03
9.339795143424158095e-04
1.801218533455480574e-03
1.900871234737580660e-03
9.249887021920141306e-04
1.052883318065399006e-03
1.645071114551545236e-03
1.992532184823939991e-03
1.933727533254412084e-03
1.979790744567431517e-03
1.660913503742615736e-03
1.579613499576905129e-03
1.395839473844216749e-03
1.090679141305369096e-03
8.289684731042127296e-04
1.020251778443571553e-03
3.257331516758357054e-03
3.480877551741363811e-03
2.186931157759365064e-03
1.156642334392751813e-03
5.701969998087852692e-04
5.280491610460714969e-04
5.161522861723518481e-04
2.959697394581469344e-04
3.255819195945401905e-04
2.922266214415505394e-04
5.900764019915231105e-04
4.333294613871473307e-04
2.104962361925005743e-03
2.365031859542791187e-03
4.679909349896923393e-03
5.358039960563816193e-03
3.032800163443422417e-03
2.658093327867486026e-03
1.532227414282815023e-03
1.281768004456769559e-03
7.285930559395748397e-04
2.934949730854920051e-04
2.160176134588415208e-04
1.962385520483623190e-04
7.042040399284379656e-05
7.712138007473509443e-05
2.563168259229203099e-04
2.706591839010104934e-04
4.123331232889503625e-04
1.406698025926633407e-04
4.400486853941858227e-05
2.489083033261737447e-05
1.549249824678630121e-06
1.248600008679576254e-06
7.092944363390344846e-08
1.828157185109622725e-08
2.376971932321157336e-08
6.147728269991193270e-08
8.582142367246476121e-09
6.931713393749820969e-14
-3.078422753823468304e-19
-1.548413632235116689e-30
-1.866444114708790211e-13
-1.077348728780276832e-10
-1.164456735196698364e-16
-3.799289795701000736e-13
-3.991792844407724550e-11
-2.594186870419453717e-25
3.107987239100030633e-13
3.160190410153856823e-10
2.310270309809518979e-08
4.201590990917904779e-09
9.882651396638337599e-09
1.311736993227050056e-06
1.001558879303051805e-07
3.482584215243304799e-08
1.094202652818271020e-06
4.848203182539540153e-08
1.273373871160140777e-08
1.728603727616813429e-10
-2.298640379355693862e-28
-1.157077225660943327e-11
-1.402763351188336521e-11
-1.244525820198074703e-07
-1.713042396689928031e-06
-2.933566208978708863e-06
-9.503932289089891684e-06
-1.605432235851726990e-04
-7.104063922417768340e-05
-2.016084169218628494e-04
-1.955904407754914260e-04
-1.450070975931615008e-04
-9.634757683792602163e-05
-3.571701702115664370e-05
-2.677988712841307163e-06
-1.855227331157389710e-06
-1.158632672751250618e-06
-9.529932287617052593e-12
-3.604908623826493091e-14
1.420150436093755489e-11
5.751748597593405365e-06
6.134784989428977909e-06
1.333130584259301324e-05
9.200680466625300825e-05
1.903121006715108852e-04
2.212361491439011213e-04
2.352854333295320414e-04
1.317712616493864385e-04
4.781024524025843047e-05
9.690161129343276953e-06
9.761865042464653168e-06
4.916359643283165114e-06
2.788676040318603809e-06
1.066290259744146680e-05
3.621541885066659135e-05
1.466245210001893722e-05
2.949367907249644653e-05
1.090615418079189289e-04
1.866259548700482886e-04
1.058376579748439311e-04
7.721915154595885395e-05
7.989445915609829241e-05
5.207305340845264248e-05
3.453530339085045427e-05
4.519995822316043676e-07
3.074562129370665394e-08
-7.389907624506108399e-27
-8.559180649283068440e-21
7.104072251971665837e-22
8.498393082471486690e-35
2.034447204162327231e-13
2.280475528784654827e-29
-1.551032307052804890e-19
-2.161400992937169480e-10
-1.872530191015234951e-07
-1.251299297640974463e-04
-8.754654712660495889e-05
-1.506343248273160542e-04
-5.107112107529710203e-04
-4.762166296560136442e-04
-7.063231057646646247e-04
-4.737460025247284602e-04
