1.187440494359399447e-03
1.300462541489774086e-03
1.462055867812839249e-03
1.591491514511110582e-03
1.710998004799097567e-03
1.768895501575232882e-03
1.794283232858512019e-03
1.843619108969516687e-03
1.895460266543169551e-03
1.937785404678929501e-03
1.955873161921064130e-03
1.972693990292412932e-03
2.080477693206559276e-03
2.188195755695340056e-03
2.257380209392015249e-03
2.297103652344889904e-03
2.308317157541994475e-03
2.280540940001763665e-03
2.254289602701706717e-03
2.211549133977901409e-03
2.154864735017804258e-03
2.101379636193966439e-03
2.090966037577684112e-03
2.115153286099698011e-03
2.106070842717509741e-03
2.076916291426230635e-03
2.049468512181154729e-03
2.028049535994087306e-03
1.996235676947064660e-03
2.008829557905168848e-03
2.007957926832485644e-03
1.991848963144558955e-03
2.006715177633457050e-03
2.003625999749202458e-03
1.958775413761831060e-03
1.870992002537987106e-03
1.802273242726253446e-03
1.746495323462469518e-03
1.712552742242428325e-03
1.696712074303868790e-03
1.732548118318774687e-03
1.797905562025144772e-03
1.878485254304052910e-03
1.968737043158749062e-03
2.015781604567602921e-03
2.077393564169438891e-03
2.143577236249924380e-03
2.211236979627005054e-03
2.280642288903934455e-03
2.363371208882374033e-03
2.435007688416462174e-03
2.478767831896348025e-03
2.478298686649097696e-03
2.417888494431256335e-03
2.337586390677862027e-03
2.259464983868398735e-03
2.212136021492934132e-03
2.171742657882312372e-03
2.125020370209578739e-03
2.077269667599840504e-03
1.993458723326952623e-03
1.871011805007401349e-03
1.726486592293114027e-03
1.576884543191587164e-03
1.434227477741237570e-03
1.337752471025515028e-03
1.264326758000005723e-03
1.174102974924289304e-03
1.075365938447869112e-03
9.653815802796139297e-04
8.695701762751812574e-04
7.789404160399925970e-04
7.266166849107465230e-04
6.928073501437792417e-04
6.698034785827009863e-04
6.692135924597928049e-04
6.656487827282620007e-04
6.493767455157617658e-04
6.276078284473989759e-04
6.173761394731812607e-04
6.011202945526397841e-04
5.944115709639446197e-04
5.888158263361335451e-04
5.849864593377141452e-04
5.609152957801272167e-04
5.278213654794373369e-04
5.017800375781781555e-04
4.853099071916642496e-04
4.807252236374640053e-04
4.752172995671533648e-04
4.969328363555459678e-04
5.376506960223706834e-04
5.748222052158889935e-04
6.126834179128098695e-04
6.562556509559238326e-04
6.925946743028282447e-04
7.324959419424399536e-04
7.692361262390673415e-04
7.966604013719961108e-04
8.212025564741490301e-04
8.540455470831157881e-04
8.971505337742255448e-04
9.389277988681355878e-04
9.744717098764380967e-04
1.032330319438930525e-03
1.079914030108749005e-03
1.117602336967604953e-03
1.157360909827485776e-03
1.208865070714432947e-03
1.261672073319334035e-03
1.326986197148705181e-03
1.387135503897015320e-03
1.465153589519520945e-03
1.568715056478865895e-03
1.696302267312723181e-03
1.824337280140762461e-03
1.916355664725127817e-03
2.018905524806960134e-03
2.170152137466059648e-03
2.327919037192854607e-03
2.471772541358197104e-03
2.625221485975159919e-03
2.781277606030715596e-03
2.910475226163103477e-03
3.002251673504712556e-03
3.056691669913100522e-03
3.072030629209028096e-03
3.077034086858473298e-03
3.129860014635578707e-03
3.218543645569226039e-03
3.270326128960835983e-03
3.334099463229031612e-03
3.424834202476700201e-03
3.488658862642211086e-03
3.517340417831048283e-03
3.574442746528141979e-03
3.643484225774742871e-03
3.700317820497804524e-03
3.718618615921267037e-03
3.744714050599678209e-03
3.737988408474592072e-03
3.650956749391792017e-03
3.532010429897733655e-03
3.399452244041024224e-03
3.240054614991392037e-03
3.081821877888311304e-03
2.938501961063275450e-03
2.771739605540742609e-03
2.587551503907882435e-03
2.394825771133821460e-03
2.227316480601970999e-03
2.064890560634483497e-03
1.916874140801875202e-03
1.843710681889193905e-03
1.812370821891253619e-03
1.762815302563751222e-03
1.704053506317682954e-03
1.646587423876920463e-03
1.601851814612397992e-03
1.562839105580814819e-03
1.510417284886968192e-03
1.465196237821485151e-03
1.420087939605767756e-03
1.355016230230443770e-03
1.259441469114811049e-03
1.119631503934716060e-03
9.632103981523767794e-04
8.164804686778600468e-04
6.784641044551431447e-04
5.612961784119027383e-04
4.450839395124060044e-04
3.418129334241806002e-04
2.708350203584881477e-04
2.143601732244045479e-04
1.643235700706173854e-04
1.185090865042416359e-04
7.977724446539739378e-05
3.393999950199105489e-05
-1.286996110839401725e-05
-5.972254449197406595e-05
-1.067031315252134479e-04
-1.525132023193279660e-04
-1.990238985206199901e-04
-2.552638648422735188e-04
-3.246683618570760034e-04
-4.022838401588140172e-04
-5.081551512849246267e-04
-6.475823750047712216e-04
-7.932786921273044878e-04
-9.366552852814754139e-04
-1.067615319468522223e-03
-1.173905695318513747e-03
-1.293113216886985833e-03
-1.427727274477729553e-03
-1.532172153315536529e-03
-1.624744642330725949e-03
-1.681423411475058485e-03
-1.711489237937489005e-03
-1.701966960031931408e-03
-1.637150243930052783e-03
-1.549060208198374880e-03
-1.442447407823453090e-03
-1.355251299698084951e-03
-1.309778658330391010e-03
-1.265995746540866246e-03
-1.224147481652456499e-03
-1.212724093983532205e-03
-1.234143939917420633e-03
-1.275366295932556888e-03
-1.303137731983536720e-03
-1.317429548652981073e-03
-1.332762707339349558e-03
-1.367787499620068707e-03
-1.428226574190584073e-03
-1.472345366749545784e-03
-1.476654085989813348e-03
-1.458208190724512255e-03
-1.424270899397709136e-03
-1.387016845473771319e-03
-1.317397543335965945e-03
-1.261774132191640892e-03
-1.263871222280205271e-03
-1.306474641285365482e-03
-1.391313668276248717e-03
-1.445732670681657483e-03
-1.481807645106258042e-03
-1.517342311828428396e-03
-1.537575945328486073e-03
-1.561389514993027005e-03
-1.597482368054091656e-03
-1.649241143414944925e-03
-1.734296450589131733e-03
-1.838611758274866703e-03
-1.936701509256246422e-03
-2.011391321792514470e-03
-2.063695647042035775e-03
-2.122099148091187871e-03
-2.173928583413112410e-03
-2.219872623296997687e-03
