-2.026956435293068154e-02
-1.322895930325772643e-02
-1.012878765010429873e-02
-8.624026279797003189e-03
-8.613384641589071772e-03
-7.767721282267066492e-03
-7.070664406609511628e-03
-6.428450229424168515e-03
-5.889099653195394544e-03
-5.474023439810181066e-03
-5.205707817201171705e-03
-5.206347299061853465e-03
-4.082028088015191188e-03
-3.807297706447864468e-03
-3.649130308078763884e-03
-3.441839713940708992e-03
-2.910435353071439118e-03
-2.691028679320855033e-03
-2.532231602430169790e-03
-2.508814189218201707e-03
-2.524514592263097344e-03
-2.535944124607285906e-03
-2.645281268332497909e-03
-2.395354075595216865e-03
-1.946552324980991601e-03
-1.816035483973426137e-03
-1.848306250467421840e-03
-1.843448295925066054e-03
-1.778745471844285627e-03
-1.831955384890806204e-03
-1.900583814862282861e-03
-1.986298368979620785e-03
-1.994039916247062564e-03
-2.049904368816833373e-03
-1.851484887460670518e-03
-2.083207191583361702e-03
-2.499979077805295023e-03
-2.980982429368811849e-03
-3.397712733323497627e-03
-3.735972405551590738e-03
-4.426320625637177562e-03
-5.130567593068027787e-03
-5.700157852422171878e-03
-5.872169794941124212e-03
-6.000422926500131003e-03
-5.867423371869715659e-03
-5.616191143842558936e-03
-5.189884483857382623e-03
-4.446032730614050965e-03
-3.564141621878706354e-03
-2.632640730701421138e-03
-1.766545523647684900e-03
-7.871949308104088513e-04
2.592811971108555102e-04
1.018538499325598919e-03
1.460199110338593212e-03
1.819042722926920465e-03
2.145805806079961221e-03
2.500898594456910009e-03
2.829170349398063208e-03
2.931380210029688443e-03
3.011067888871093567e-03
3.006725379659838746e-03
2.688178926673018970e-03
2.629901999950042934e-03
2.481147870891271812e-03
2.527525863626690645e-03
2.596092126065405008e-03
2.626561663307478301e-03
2.465615453281002137e-03
2.109208589078512969e-03
1.892747777787108553e-03
1.720345261153588415e-03
1.519990118930506645e-03
1.332941431689907376e-03
1.436341876092996593e-03
1.414523666261735231e-03
1.450412019986819156e-03
1.452293278266269085e-03
1.431116438035030629e-03
1.382802886331813965e-03
1.326219912819383675e-03
1.218601064960184730e-03
1.101800940131312644e-03
1.032773528057793957e-03
8.929756255587022315e-04
7.806494924394710494e-04
6.005727957747286194e-04
4.928845068799770843e-04
4.488752851329868838e-04
4.592760852640601879e-04
3.594708920994532544e-04
3.322885348640565017e-04
3.043482600305254531e-04
2.920019197757522098e-04
3.144921314040874101e-04
3.004559979663505988e-04
2.706834368755632017e-04
2.924738126522991488e-04
3.496262144223056113e-04
3.893875583550429642e-04
3.725214970434437907e-04
2.851829987848984098e-04
4.465473702763575275e-04
5.498939882941101523e-04
6.119065869615963578e-04
6.438431772843744181e-04
6.670048024669401323e-04
6.563506430057479196e-04
7.637232537735762694e-04
8.327400997627442888e-04
9.826520763421611997e-04
1.102460567789546918e-03
1.175556008287930582e-03
1.325374925704705638e-03
1.365011008391252062e-03
1.302192116966325273e-03
1.331058205635582544e-03
1.455125999798929448e-03
1.533801738356689376e-03
1.584080166241278636e-03
1.578338982220668174e-03
1.626496342949115999e-03
1.544912881945096012e-03
1.602402967727572071e-03
1.630320100866748103e-03
1.616429020618702882e-03
1.550482092056063672e-03
1.648837505013451632e-03
1.866846751125284714e-03
1.914097030574982887e-03
2.143424639891504477e-03
2.375243299483597182e-03
2.565705867552481399e-03
2.659641762204401072e-03
2.988896239885879824e-03
3.207679427990226765e-03
3.548047976160254111e-03
3.676895947246838162e-03
3.693365295893317329e-03
3.750961869961490572e-03
3.669428939571005386e-03
3.703344407408012181e-03
3.521205225299341157e-03
3.358788397274084427e-03
3.220321289178845314e-03
3.766672139827802104e-03
4.432366137233095631e-03
4.918341245742545789e-03
4.604029014396365110e-03
4.335787880453915305e-03
4.112848894507251801e-03
3.839220105092583466e-03
3.430742032072746448e-03
3.179627489268336757e-03
3.102624289865218640e-03
3.067040319990669422e-03
2.994218568798244062e-03
2.238408523285930537e-03
1.147526873141785928e-03
2.537718737383062276e-04
1.507306658423499944e-04
1.835496319058998668e-04
3.497015483357597781e-04
4.585322934495565314e-04
7.288127912613507264e-04
8.307375073382234189e-04
8.069501602601947265e-04
8.271020845223246015e-04
8.577112487135098986e-04
9.589594160256952353e-04
1.114790608408590920e-03
1.250724516319581424e-03
1.311952411654212147e-03
1.449089581009240478e-03
1.486023740276835869e-03
1.515688214652386638e-03
1.647061150810115058e-03
1.662799913092985298e-03
1.723819036280173226e-03
1.755237411877048946e-03
1.744489438450368786e-03
1.696028270625702002e-03
1.548403592245547805e-03
1.453050938273727812e-03
1.352761898732042630e-03
1.208621576322848820e-03
1.368195928106162237e-03
1.412440444732933689e-03
1.277376159601233694e-03
1.174537629452121956e-03
1.093757586474622661e-03
1.021945377598296395e-03
9.594874261412061683e-04
9.321014653148712277e-04
8.716932486879941247e-04
7.876435610722800880e-04
7.516643919733668284e-04
7.527762481200898264e-04
4.732541829543850868e-04
3.731059450670147037e-04
3.280788517108618706e-04
3.815171567829907782e-04
3.939631660837337838e-04
3.584641937940872929e-04
3.990709950874398696e-04
4.542334560061160186e-04
5.305872723412968740e-04
6.505143118581868840e-04
7.429743049417705976e-04
8.092135986665125553e-04
8.339802735951693143e-04
7.978729404560465149e-04
6.935884693693915260e-04
6.273779172814927677e-04
5.312218004532700882e-04
4.370214253425976796e-04
2.586570523892917171e-04
-2.261490557129835219e-05
-9.001525607875636946e-05
-1.530321168718446346e-04
-2.161669765258407438e-04
-2.057906727596603381e-04
-2.874677822299580711e-04
-3.643455405103794239e-04
-4.170349197873249639e-04
-4.939985129874335064e-04
-4.580783434779757174e-04
-4.205754821646318607e-04
-2.776503578112037344e-04
-4.917142113727398020e-05
6.397066185217697386e-06
2.715401329480452854e-05
4.706359137573263104e-05
-7.435193799276954994e-05
-1.217838962169413944e-04
