-1.215454343149541781e-02
-3.396755949304329780e-01
-2.360552282459779383e-01
-1.820078720940365158e-01
-1.559078174701079844e-01
-1.456340087965369845e-01
-1.300364618407951756e-01
-1.153791348423551105e-01
-1.056718052693090826e-01
-9.706951437478326949e-02
-9.395167151419697715e-02
-9.285889232743164967e-02
-1.029734647313205881e-01
-6.593084101094288940e-02
-6.513989495024014031e-02
-6.481627856684928080e-02
-6.253921922624421093e-02
-5.578680216172026557e-02
-5.410192137102807358e-02
-5.448356803210203242e-02
-5.511335999585356693e-02
-5.898486481360415423e-02
-5.634437232789853839e-02
-5.267627015478115043e-02
-4.401121164988108792e-02
-2.852901529037201248e-02
-3.391605457198037382e-02
-3.499138482820864787e-02
-3.504527022659473245e-02
-1.530666318493909273e-01
-2.098100876844795071e-01
-2.169005602153693812e-01
-2.269465432357875845e-01
-2.354448909518601640e-01
-1.448921760829603222e+00
-1.454160162556668467e+00
-1.451955949649752720e+00
-1.455849596432093440e+00
-1.735144796539840106e+00
-1.738960623614999923e+00
-1.736818037935704773e+00
-1.621716217882961608e+00
-1.564795897360500065e+00
-1.556433477260504850e+00
-1.546675751211928018e+00
-1.626054794770610767e+00
-4.481496431255271307e-01
-4.728641490736569253e-01
-4.734571277423308966e-01
-4.676035371164752319e-01
-1.834982704611648197e-01
-4.654187478005600287e-01
-4.776221901405248715e-01
-9.316618324985745936e-01
-9.305606430112135508e-01
-9.319293911070056780e-01
-9.335863377938520280e-01
-8.428928111665127121e-01
-8.137807509300286624e-01
-7.800919378154969053e-01
-7.813295103687396548e-01
-7.799608396187042159e-01
-7.775254982711636842e-01
-4.966542425754118528e-01
-4.838025657846925509e-01
-2.496101927457054434e-02
-2.425041323584898809e-02
-2.307801546450566343e-02
