-2.034249533060913606e+00
-3.171505537824775622e+00
-2.122438173275631446e+00
-1.597206572165673855e+00
-1.282814663331351968e+00
-1.073656329605071624e+00
-9.254759457725347804e-01
-8.138110611534239425e-01
-7.272571037299052632e-01
-6.565360597473468562e-01
-5.991046083930900990e-01
-5.511617975450934237e-01
-3.805900746042896188e-01
-2.541458105840780843e-02
-2.662454167753086631e-02
-3.021689853325501204e-02
-3.585152970467310463e-02
-6.671615627732496723e-02
-6.755950418129477719e-02
-6.820689344602946791e-02
-6.555142292432659945e-02
-6.491018493135185252e-02
-6.463777594971915896e-02
-7.079773383864608471e-02
-8.313205042818185009e-02
-8.002295183078635132e-02
-7.862985803827292342e-02
-7.555498803530368013e-02
-6.831706215362449985e-02
-3.665353232024701896e-02
-3.496645324111704450e-02
-3.003779449721918904e-02
-7.602263716923898795e-02
-7.395888253160429193e-02
-7.545169071952807782e-02
-6.851796263976416002e-02
-5.918425545066133969e-02
-6.239449874283197611e-02
-6.748355317743698345e-02
-7.318572496429956442e-02
-7.781080002962019460e-02
-1.517288867111213635e-01
-1.548231386814458155e-01
-1.538900427409246041e-01
-1.126869786732533213e-01
-1.689923642078126897e-01
-1.610447777060048102e-01
-1.611688552207518332e-01
-1.606528343057984920e-01
-1.618991278706758130e-01
-2.011465280230502473e-01
-1.928540904080451313e-01
-1.932788530824367801e-01
-1.276761216430872814e-01
-1.249259730637400367e-01
-1.280374553592027453e-01
-1.281053871055108928e-01
-8.023306122449504196e-02
-8.672852668579955626e-02
-9.160648759636202954e-02
-1.041508032731326416e-01
-1.271795729962564014e-01
-8.147054644685082503e-02
-8.510631708849324129e-02
-8.085034997109254162e-02
-7.242224589709568561e-02
-7.169982026222125604e-02
-8.618157630343364906e-02
-8.388009640140342560e-02
-8.101325392778650769e-02
-1.185065933338817490e-01
-1.213689811300952409e-01
-3.479819470931563852e-01
-3.506768828779163183e-01
-5.459155553388146398e-01
-1.334717493363887675e+00
-1.337862130031678864e+00
-1.338589007532915431e+00
-1.339836173925739615e+00
-1.327256889703152698e+00
-1.354767926852903814e+00
-1.350590643286229131e+00
-1.312491596634391966e+00
-1.304374656295293589e+00
-1.183506788285657363e+00
-1.156018527763146730e+00
-9.732481830243765453e-01
-3.398432895957535504e-01
-3.337947686066673469e-01
-3.333764488836738482e-01
-3.309182964348071354e-01
-3.391499575305418901e-01
-3.089684549907156241e-01
-3.098336050929044183e-01
-3.114415415844364876e-01
-3.130055138069947063e-01
-1.960944845004074510e-01
-1.961505849882276831e-01
-1.854838170252136598e-01
-1.243775675131994385e+00
-1.249393876711689222e+00
-1.262610380876350469e+00
-4.792441249954619842e+00
-1.346109838009313187e+01
-1.346227306264489876e+01
-1.346395879991862010e+01
-1.346951548918457497e+01
-1.348895565896279969e+01
-1.353625774578731189e+01
-1.368359587493991825e+01
-1.367841398355379567e+01
-1.246033296654645817e+01
-1.245452625077195741e+01
-1.243750154663976382e+01
-8.903168560745726268e+00
-2.214319598288850555e-01
-2.193657684375761585e-01
-2.178227168799256319e-01
-2.113250378822605358e-01
-1.871688350650672072e-01
-1.356934864548261233e-01
1.717788391286290128e-02
1.432067429423547998e-02
1.057471172737667157e-02
8.472999469632428587e-03
3.930944903868266276e-03
-1.722389693960582266e-02
-4.074314142478174805e-02
-8.336513985920424030e-02
-8.551069533248072119e-02
-8.412290001646581528e-02
-9.209221058839213436e-02
-1.082377566969218163e-01
-1.534114210916866505e-01
-1.549048604306587640e-01
-1.624399857740737307e-01
-1.690794390013574400e-01
-1.704906503834063003e-01
-1.589624292117428062e-01
-1.393318932693338452e-01
-9.821062308687648901e-02
-1.119884420884010717e-01
-1.138451477146519980e-01
-1.116065223329877898e-01
-1.007183025875905552e-01
-6.546339006605630950e-02
-6.627608581327301684e-02
-5.900376024922882046e-02
-7.364781516396338990e-02
-7.613873440654000957e-02
-7.117874267878544770e-02
-7.174310509748595133e-02
-7.214377274747575675e-02
-5.619889883380933121e-02
-5.517440410786213917e-02
