-4.870018431474311171e+01
-1.143416197494114215e+02
-1.246134845856716851e+02
-1.287082401521343797e+02
-1.255259994699172665e+02
-1.046478105327029198e+02
-9.653001296168558554e+01
-6.653112011654890523e+01
-4.233726319524074455e+01
-1.883738551807923400e+01
-3.700953107810770609e-02
6.318455627516326827e-03
7.021372961120286339e-03
6.454445548727827560e-03
5.708922010342298153e-03
4.747094081440456255e-03
4.055999951568813565e-03
3.932899435119012986e-03
2.583982943975150944e-03
1.787391741070369936e-03
1.625538376208185420e-03
2.897038357926802563e-03
4.292443777186156530e-03
5.477958579313396519e-03
6.702965458240385706e-03
8.110329314900235551e-03
9.817235623422137375e-03
1.038111347551222592e-02
1.073494606184234416e-02
1.114892056687358420e-02
1.172182586546914075e-02
1.218981947288140001e-02
1.253751126120459559e-02
1.256065130106136414e-02
1.147671625523268880e-02
1.034682791983352994e-02
8.940348776007588788e-03
7.564982369277955913e-03
6.327038729207821836e-03
5.223379833590398313e-03
5.341277917897356391e-03
5.622922765024973742e-03
5.624969695975635259e-03
5.580991320868680140e-03
5.985651220584767285e-03
6.900811844819901286e-03
7.023718656567711632e-03
7.029277964926246985e-03
7.390959661046576749e-03
8.098423207359326317e-03
8.855243721633959675e-03
8.707523950166872265e-03
9.386362549737063687e-03
1.011000123266349478e-02
1.104586455545533176e-02
1.207382881363869981e-02
1.121674107059152624e-02
1.053861206348136355e-02
1.057172018598677432e-02
9.317976061837041080e-03
7.731194620560741075e-03
5.750484412270120103e-03
5.110155681417114480e-03
4.588040375610062845e-03
3.227778941445290806e-03
3.023541262277159442e-03
2.857840402994633270e-03
2.652979781099155596e-03
2.328904484608628530e-03
1.954428098873817795e-03
1.694395296677526962e-03
1.452891724529486962e-03
1.257044552048269858e-03
1.134012975540244937e-03
1.101852902086636896e-03
1.176008882323459825e-03
1.137915708510141809e-03
1.036795794406960647e-03
8.671923683208794661e-04
6.458622773969688704e-04
4.550911180201851203e-04
2.446997339090158314e-04
8.764250390550148496e-05
1.142934635548818289e-05
1.626379430166380999e-05
2.597216009095501015e-05
3.140828100340243325e-05
5.171674101305167101e-05
5.281226667450142576e-05
7.452877021781955204e-05
6.883051439434907301e-05
1.347901891726840300e-04
1.436296147594793692e-04
2.332314689899201180e-04
3.839431157421770526e-04
4.948082547915386804e-04
5.948071977199704272e-04
6.471622371717677480e-04
7.214328691564345824e-04
7.585043058849906365e-04
7.667656656257992517e-04
7.874902183965101429e-04
8.080832735098279805e-04
8.263309680206018396e-04
9.464936543182291212e-04
1.093148106465636387e-03
1.242276518833240100e-03
1.466341855199096130e-03
1.756823112124109932e-03
1.999078987811248216e-03
2.156024620937447601e-03
2.287848872649351963e-03
2.320028458647665440e-03
2.258014820944468683e-03
2.145830976513518965e-03
2.074869047683254933e-03
2.327508318034924618e-03
2.304614065588123876e-03
2.387192874869323040e-03
2.533381373484084719e-03
2.720162566635337970e-03
2.933511526399186151e-03
2.852284527583411489e-03
3.045117576947098132e-03
3.248685772502755628e-03
3.434356509991845583e-03
3.734143610484997721e-03
3.669963514155359392e-03
3.604499048644162641e-03
3.532577895877774595e-03
3.455053267074187449e-03
3.313935337946013245e-03
2.969354233720763667e-03
2.922004470721128924e-03
2.829438661139359063e-03
2.645789908641786332e-03
2.384371855032872342e-03
2.107161972408159393e-03
1.850163655148969735e-03
1.627960945922881817e-03
1.475981448166888491e-03
1.426652367531869347e-03
1.366697751262200070e-03
1.330251130308381232e-03
1.291921854916198726e-03
1.248548347577142130e-03
1.189353169774925436e-03
1.110596829962871585e-03
1.094434882221514190e-03
1.110542289024126416e-03
1.184084273604350509e-03
1.341287689000111340e-03
1.558665991376851148e-03
1.741378905659205856e-03
1.963123987867354970e-03
2.156421775515846365e-03
2.272583675856237623e-03
2.343670410444992618e-03
2.350857853034357594e-03
2.415498579030506566e-03
2.421778376687062483e-03
2.483768229658889909e-03
2.658547578536556155e-03
2.853999565540885682e-03
3.001442369735736818e-03
3.070133115527215462e-03
3.113839122745291985e-03
3.201691888778101461e-03
3.329145126450809827e-03
3.348480454111857092e-03
3.421446244487578916e-03
3.604550399520168452e-03
3.903609632963062331e-03
4.172571443947034435e-03
4.418262224595890554e-03
4.845452815515973420e-03
5.333586178633213659e-03
5.835001271890272699e-03
6.341866058873517863e-03
6.902458067135910751e-03
7.438217449571313776e-03
7.561543814798797440e-03
7.569933056808215294e-03
6.961663068000401196e-03
6.261139399529555040e-03
5.386415968854423204e-03
4.441461808259903297e-03
3.724084136796315930e-03
2.955554741674804031e-03
2.617507566563242322e-03
2.255531825712674306e-03
1.947105184669925375e-03
1.617883536792096531e-03
1.303134938445416708e-03
1.073598502909850309e-03
9.614916765398273885e-04
9.024900895830523890e-04
