-8.506061774407739988e-19
-4.253040640761401428e-19
-2.835890617482269895e-19
-1.299667367001258036e-18
-1.155498828251351168e-18
-9.937341099540877874e-19
-8.527368977642322328e-19
-8.535672626923932601e-19
-8.542453460410009530e-19
-2.460694726105717004e-19
-1.345622497374146459e-14
-4.043099570885416064e-14
-5.989044644063152394e-11
-6.073467132591181890e-11
-6.148987429442751126e-11
-6.150608474243260229e-11
-6.165384738208584599e-11
-1.177633595268846556e-10
-4.885221846236973394e-09
-5.510769099884737871e-09
-7.429882647429420448e-09
-7.720835965873279907e-09
-9.972976560183773896e-09
-1.009394360775896852e-08
-7.358952990725233073e-09
-6.769377486542922533e-09
-1.287445057906617268e-08
-1.264205810825803718e-08
-1.040511030943411561e-08
-1.862335333683760104e-08
-1.846430642475428063e-08
-5.626453583254560864e-08
-4.824298223083234493e-08
-4.852982817270468748e-08
-4.855728973687852810e-08
-8.510803790807311801e-08
-8.634667580026121513e-08
-4.851072629093942143e-08
-4.850733812087509631e-08
-4.816191514426279438e-08
-4.811909956588744305e-08
-3.173004832767821926e-09
-1.095968213528894746e-12
-9.539244268015543076e-17
-2.413288155840225501e-17
-6.726340935040255749e-19
-6.725490203597632403e-19
-6.725490154377728965e-19
4.771494866030777656e-22
2.421371699936865419e-16
2.532416531443253638e-16
3.910556362378175612e-13
5.167058908885139515e-13
1.633356148252686068e-11
3.241841523819028982e-09
2.397110779888483903e-06
1.591201496467424070e-04
1.825548426069400056e-04
9.638064424208581463e-03
9.638212710202072667e-03
9.639472755903434956e-03
9.637104198174756622e-03
9.480390225942955315e-03
9.458055199910619243e-03
3.076840559416739451e-04
3.075377911168797221e-04
3.062745375872871203e-04
3.062492483181512262e-04
3.062401821488621237e-04
3.051405149069196421e-04
2.077207675252786590e-09
4.097837066104645907e-11
2.329864565032739368e-11
1.357859152553786801e-12
8.920845360533783049e-13
8.153631724148293411e-13
7.562612870496015567e-13
1.222939294707092550e-17
5.304186524447481523e-18
-2.588664361991534321e-19
-2.588812417021781460e-19
-2.589957496638434049e-19
-2.589970263196873122e-19
-2.589970263196939085e-19
-2.589970263196939085e-19
-2.589970263196938603e-19
-2.589970195790314515e-19
-2.588825116255931876e-19
-2.587868502214738726e-19
1.368847386049221494e-17
1.376532856798977459e-17
2.686100160781373703e-16
2.686100160787669799e-16
2.686100160787669306e-16
2.686099216940186482e-16
2.546626609833050060e-16
2.545858062758074140e-16
-2.588812343401899371e-19
-2.588812349697885211e-19
-2.588812349697885211e-19
-2.588812349697885211e-19
-2.588812223166154572e-19
3.560969761373525294e-13
1.115367969784504831e-12
2.259009393399030192e-12
1.054143612854784543e-09
3.297575821400240352e-08
3.492433072077513751e-08
3.495247500892885565e-08
3.549939406997969717e-08
4.714286878652142797e-08
8.482589669755558849e-08
5.875274983976448422e-08
5.682248847122594278e-08
5.766719015352532107e-08
5.722360849978239131e-08
4.557900606754026577e-08
6.844318606472112334e-09
1.030342429430679140e-09
1.012458010544460064e-09
1.400952329533474730e-10
4.003976024219608767e-11
4.013116155931621990e-11
4.455308337792046875e-11
4.550649996712245231e-10
4.578520317588334869e-10
4.631364880779290520e-10
5.152048682305457131e-10
5.928930253861879214e-10
1.598758518678700145e-09
1.701097950187303900e-09
6.386149482501684559e-07
2.549171688933844386e-06
2.649956644787557148e-06
2.726381164546484613e-06
2.839685394662093315e-06
2.859088415995098418e-06
2.314939061301428305e-06
7.977396610971158045e-07
3.552023254896266219e-06
3.480150826660906639e-06
3.366022215196578403e-06
3.346087718435663086e-06
3.253342241353718911e-06
2.859978815749830047e-06
4.854157054597964919e-09
2.242700474152013175e-10
3.813892770795678766e-11
2.227144150128437513e-11
3.916569896062218088e-14
5.438095026965390208e-16
-8.625244067157094963e-18
-1.341631690577387209e-13
-1.615104403523308338e-13
-1.714116905341442992e-11
-8.465672126085389634e-10
-1.484829796851332271e-08
-6.340632613775552373e-05
-6.341461746758763935e-05
-6.404033851308177274e-05
