beta2
9.200971816386469340e-03
9.196604614131478894e-03
9.313206156405479802e-03
9.465510649561463541e-03
9.647717676854478813e-03
9.841364143260738356e-03
1.004294066869625829e-02
1.007708562941075914e-02
1.011024584526039327e-02
1.013036966455569537e-02
1.006065901302153134e-02
9.915554142469112930e-03
9.697388238800491028e-03
9.540187116309746876e-03
9.436368796325844341e-03
9.389097464367616303e-03
9.361657103009641406e-03
9.237907257425164581e-03
9.132738143807248715e-03
8.969493123861901895e-03
8.843802754009030126e-03
8.705221405976196203e-03
8.693897885915133697e-03
8.595633283822855936e-03
8.545846485043136903e-03
8.516593647014202018e-03
8.476311124452889229e-03
8.394279150118272997e-03
8.330423865537905231e-03
8.224879894201604300e-03
8.174592306196071592e-03
8.244281319903425803e-03
8.278491171242140928e-03
8.618875075031812161e-03
8.989440977681121409e-03
9.270319502738891271e-03
9.573288421732471104e-03
9.780295333370450650e-03
9.842317680143227929e-03
9.806366391957064416e-03
9.813299960683051493e-03
9.856001568217975795e-03
9.905908295613767567e-03
9.967394580629588760e-03
9.962084683317350142e-03
9.968770815368361432e-03
9.921235982991083099e-03
9.770211733175906271e-03
9.667902202982570775e-03
9.561004640896464055e-03
9.351474459013353613e-03
9.065690784135820024e-03
8.935145012087239436e-03
8.947597526992340233e-03
8.917844437032512034e-03
8.712155255909653784e-03
8.617780815359060015e-03
8.552491157070959277e-03
8.591464560028716155e-03
8.598792107296443499e-03
8.682594536877079328e-03
8.794136619567240534e-03
8.670633659236554741e-03
8.668429779025828286e-03
8.639463155075875755e-03
8.573184492950098462e-03
8.447451135476083395e-03
8.270140632997743241e-03
8.306619279836089526e-03
8.385006877497850827e-03
8.470578181028540557e-03
8.572422422061663078e-03
8.613915546137412838e-03
8.637626920763460947e-03
8.510285297164413981e-03
8.404898129131794723e-03
8.276421262236904886e-03
8.349750191857251841e-03
8.421723720278134762e-03
8.466221284504721334e-03
8.168338754727107881e-03
7.992003028827236732e-03
8.037591194082677193e-03
8.080658968444141832e-03
8.218393129950936349e-03
8.255300763148298165e-03
8.287021035023460144e-03
8.592663418479817156e-03
8.695930832813655864e-03
8.833401122372996558e-03
9.006669530876802721e-03
9.162945229455324997e-03
9.271049546833384086e-03
9.181544195536267550e-03
9.086250454911053848e-03
9.121918160777408441e-03
9.273482454392537044e-03
9.342400128359990008e-03
9.419318186460272010e-03
9.482204757153382679e-03
9.576898070225070905e-03
9.626667296223922338e-03
9.613848561218501718e-03
9.645763062415624658e-03
9.683782258240864610e-03
9.734896656546022237e-03
9.940882464285118875e-03
1.015425335936358253e-02
1.039783338302826231e-02
1.048389150032295533e-02
1.055609930521898138e-02
1.050148650441560735e-02
1.031176265974173209e-02
1.013641234639920709e-02
1.001569284563295220e-02
9.937109780558926048e-03
9.900566158588898491e-03
9.871952938123073826e-03
9.863672665941181084e-03
9.881647135000982962e-03
9.763745129705627204e-03
9.668225326526239116e-03
9.648806630935174988e-03
9.605133675676398586e-03
9.579450378897205048e-03
9.594267495460646542e-03
9.648405294338524563e-03
9.733678343962208490e-03
9.796221785883209993e-03
9.971493674685107805e-03
9.987946417086926779e-03
1.005601146733325901e-02
1.012393485383113884e-02
1.022081249639902531e-02
1.034442711165097298e-02
1.034998855408416490e-02
1.023740066363293573e-02
1.017098166455105562e-02
1.020892638793312324e-02
1.025367915851925840e-02
1.022207420024110087e-02
1.022641038737741662e-02
1.027772749329531471e-02
1.032070799786144813e-02
1.029422996102942987e-02
1.044272665992142073e-02
1.058101224352811856e-02
1.047848056271826270e-02
1.035951474337886216e-02
1.054802380843820886e-02
1.071418318660751628e-02
1.089306270241254676e-02
1.072812902116497373e-02
1.060595407297748247e-02
1.024720742413997784e-02
9.960874218697613608e-03
9.619121551965020139e-03
9.484015566230567795e-03
9.830360583563924406e-03
9.648667240096926376e-03
9.557997722776987934e-03
9.446934164278924378e-03
9.605878326743059678e-03
9.806309695973475932e-03
9.803622135044792740e-03
9.810806165141024160e-03
9.928943281035749330e-03
1.012558398160613542e-02
1.020722395590148955e-02
1.020993331218041436e-02
1.056202024549845325e-02
1.092518219788300368e-02
1.109093674159956390e-02
1.131371324918411213e-02
1.115229735622304610e-02
1.087253987926578916e-02
1.067564007264017352e-02
1.047519721473083587e-02
1.025929871306243552e-02
1.028567985770838071e-02
1.019136136897523005e-02
1.018259339834616875e-02
1.015860955631686310e-02
1.030145844645261044e-02
1.046062749339471756e-02
1.060466478096760284e-02
1.097053389995176001e-02
1.112028983458206860e-02
1.117694997762527093e-02
1.094315077580698334e-02
1.076169734168978126e-02
1.057134039693768783e-02
1.048614456852084431e-02
1.023442208076451310e-02
1.000154359494222905e-02
9.791608614388802243e-03
9.546729638052198208e-03
9.602643871653809143e-03
9.667477766317709650e-03
9.630135859552736016e-03
9.579380265557154578e-03
9.521169946353422175e-03
9.365070507999270766e-03
9.171229316263965897e-03
9.194387728085600536e-03
9.309182069615576371e-03
9.406959829709023169e-03
9.416069214296754822e-03
9.374090455077813827e-03
9.259740216478696759e-03
9.554752154069760112e-03
9.975852340052599257e-03
1.015277508301999643e-02
1.008300774781868692e-02
1.010965456643947262e-02
1.030931676420336271e-02
1.068873279540423146e-02
1.073271376828242862e-02
1.078714268340896267e-02
1.092103642757888578e-02
1.102439784587734388e-02
1.091650823253536434e-02
1.067736011537935917e-02
1.058096388462930956e-02
1.042890732876890908e-02
1.026957629005544569e-02
1.029999433162709539e-02
1.030029418884917218e-02
1.038656915987729371e-02
1.017602781352093186e-02
1.008387464371026873e-02
9.991318109088421356e-03
9.929447069248463834e-03
1.000823013214001064e-02
1.012431490596371608e-02
9.978923731902761274e-03
9.675585312627455609e-03
9.705292669195390853e-03
9.716555294283205427e-03
beta3
-1.608005913049626627e-15
-7.432520872250266919e-15
-3.980806405748808809e-15
-2.729276193917954780e-14
-5.927903056560515361e-15
-3.875847450729578684e-14
-5.065515422409897843e-14
-3.117526071660899060e-14
-1.345244238637930919e-14
-1.505489357716603822e-14
-8.639327665252341471e-14
-1.552201508948282799e-13
-4.045707622023022693e-13
-5.783626373577742900e-13
-7.528953415992350785e-14
-1.012534840314083533e-13
-9.288918097544742835e-14
-1.616070078553348133e-13
-5.863142401472344098e-13
-3.126694757857047744e-13
-1.895812845791790836e-13
-3.056332132797888966e-13
-1.771918697991434971e-13
-3.715225909327462736e-13
-1.259861808134780582e-12
-9.954837042292016349e-14
-1.181160035997505742e-13
-5.076826097364202769e-13
-1.130520691944058039e-12
-3.181018883853174214e-12
-3.352469179405437907e-13
-1.642777631276013012e-12
-1.989069059814104454e-13
-2.804122681895207445e-12
-1.355358316385150235e-12
-7.822706382784401888e-13
-1.572193076199267845e-12
-1.692380916674851058e-12
-1.498530130925968507e-12
-8.451784019624356421e-13
-3.114756892481095219e-12
-1.602083035735344451e-11
-5.839848256761478331e-12
-1.081311371581533169e-11
-8.075981270437952322e-12
-9.671552338683626449e-12
-3.607096994526545617e-12
-8.142327479080317836e-12
-6.721383756302873451e-12
-1.249383731294621231e-11
-2.479085959843371838e-11
-5.332047069015938131e-11
-4.975311581273597544e-11
-7.117651782956331197e-11
-5.631988035418619582e-11
-5.966689173306147668e-11
-5.766994159547491962e-11
-1.868137227781887362e-10
-1.625387319589770179e-10
-1.749121795331795469e-10
-1.131276231227779327e-10
-6.915204499839021556e-11
-7.015621646603707892e-11
-2.341926346226584901e-11
-2.325907606718971506e-11
-5.966243981460831684e-11
-1.621859308084194007e-11
-4.803631988758256637e-11
-5.276902560461957961e-11
-1.379711662021099478e-11
-8.501121102496599775e-12
-7.872505273817744884e-13
-2.165163471666689143e-12
-1.937333973509986050e-12
-8.996508387094840515e-13
-4.216667921154452942e-13
-3.069900408293988444e-13
-2.912386740040255917e-13
-2.050414110446438297e-13
-2.363218270205360080e-13
-3.303606916630599828e-13
-5.916562774391201502e-14
-1.497861950010996045e-13
-7.766510879821992172e-14
-2.750424409839131605e-14
-1.213593880631889414e-14
-4.858014933911140151e-15
-5.827642772031133285e-16
-2.127415057608864252e-16
-1.501844226805168152e-15
-5.068780831743373477e-16
-2.262264910209504601e-16
-1.937348355036796925e-15
-1.026554520651827622e-14
-5.067321248630079222e-14
-2.047134434155537917e-14
-1.688029445411677043e-14
-4.465792528695511874e-14
-6.090763998940805201e-16
-1.264636593851218198e-16
-1.558959653423054670e-17
-8.499365637288115246e-18
-1.642581422150992368e-17
-4.637422687076620730e-17
-1.316975507404458713e-17
-1.505192846710225535e-17
-1.794187848327096318e-17
-2.977670252742434720e-18
-6.898126958440558238e-18
-2.143886321657363598e-18
-6.958562050527378333e-20
-1.114915963858435043e-22
-5.764715287389932780e-18
-7.403594260816823513e-18
-7.551841097106743802e-18
-7.717314696245128842e-18
-2.011522612742404131e-17
-2.640864066132077561e-16
-4.883036059615282478e-15
-2.304060195242655761e-15
-7.456028333150452590e-15
-6.686293642886673350e-15
-4.758699368269601175e-14
-2.064680353881396434e-13
-3.725739323690607068e-13
-5.909627189978299480e-14
-2.681023186157771868e-13
-2.462257307012347794e-14
-2.448887303905389511e-13
-6.680988431972819331e-14
-1.140668689551141511e-14
-4.420100012824458742e-14
-4.263291356417494509e-14
-7.874604751513670147e-14
-8.057443147198092734e-14
-1.699023622964390642e-13
-4.004048781217419960e-14
-1.965689995018239307e-13
-1.029571506997941098e-13
-4.323997255702065454e-14
-8.265869605363883019e-15
-1.383538462130791438e-14
-7.478206010754595563e-15
-1.162799361489390785e-16
-1.269650869610236403e-14
-5.501980006707653036e-15
-2.365961749027918234e-15
-1.766024029296760987e-15
-4.596221268477787508e-16
-2.607474899297929622e-17
-1.351511381055490794e-17
-8.705912544337388007e-18
-2.655407046256724435e-18
-1.411709144038707223e-18
-1.387541077838393248e-18
-4.237749922097686476e-18
1.876631863580854737e-19
4.269922183520045306e-23
3.490587906563860887e-21
1.645725648648414312e-20
1.051012900712968106e-22
-2.149293154266997159e-19
-2.099707919324340386e-20
-6.846961543617983650e-22
-3.802995386295846588e-19
-1.745022534169788468e-20
-5.304836495153934605e-19
-3.109431837822803359e-19
-3.067068789584417647e-18
-6.270114081823830450e-19
-1.953777724112620391e-18
6.437492960034570647e-28
-8.804340188773408459e-20
2.593119656674455534e-31
8.983534042118099705e-26
8.425997443338459676e-21
3.618923202967961715e-18
1.401566975151569716e-19
-2.008223712190383326e-28
1.570358634761823032e-21
1.026780964972087551e-22
1.945672938783005222e-18
3.307508290507739268e-16
4.926635525812262009e-16
1.034659950948830994e-15
6.011543775311469077e-16
2.321982120604100933e-15
6.942534099017974352e-16
2.095467626912054219e-15
4.765422470869670303e-14
2.590854693361234779e-15
5.042117891192284413e-14
2.143646988974408824e-15
1.496253381223034751e-15
8.226973081954198466e-15
1.035777932797347922e-15
5.266725373153928157e-16
4.766620939771222808e-17
2.217883386521399599e-17
6.628719774992730649e-17
3.020204166952246629e-15
1.309988359939342427e-16
7.580796509105926428e-17
2.706856132699793101e-15
1.417560198288255127e-15
4.113739574150013165e-16
5.771874152659241132e-15
6.095027408786013703e-15
1.341386163359419574e-15
5.261207871054725313e-16
6.593183897883528856e-16
8.144084367980066825e-15
3.548185129414888165e-14
2.393420308064332108e-13
9.282593310255250149e-13
9.955497807009821014e-13
2.975195016493862695e-12
3.004925909820404813e-12
1.386014794797877700e-12
9.856301888527245428e-12
3.093762957639930957e-11
3.967308868594205882e-11
2.633656489789088393e-11
1.249811530746844873e-10
8.916928124651991324e-11
1.023788470526641981e-10
1.630755806287185562e-10
1.660588540183723184e-10
1.502812310532049711e-10
8.706656112555495497e-11
3.268674590516932740e-11
1.155273813059606744e-10
1.055242703049219064e-10
8.442094912693920415e-11
1.284732057115722268e-10
5.841695198201722449e-11
3.996979734131680044e-11
2.993752986802669164e-11
2.580862739940987951e-11
beta4
2.022432146460358170e-05
2.976445520943345625e-05
1.106139142478502970e-04
1.623050731531695151e-04
1.560698118128616438e-04
1.713335773816712496e-04
2.191539662582856309e-04
2.892649771086604898e-04
4.052227253531619786e-04
6.583753407421325324e-04
9.096602033404474139e-04
1.322015276730867557e-03
1.886420003566828454e-03
1.834927336779457272e-03
1.661733382024381620e-03
1.533698679772754368e-03
1.392257175196796350e-03
1.340502951592379257e-03
1.242204014584276286e-03
1.229909413116884185e-03
1.237231317430805911e-03
1.314304522746343904e-03
1.403004188030497002e-03
1.234841580466600110e-03
1.230972521318570226e-03
1.179012331022637585e-03
1.153438706479908982e-03
1.068490178170758810e-03
1.043814340377449646e-03
1.108118872379363793e-03
1.250421540321307052e-03
1.299391771661684205e-03
1.417631832985372878e-03
1.222973901629594799e-03
1.052669561219613968e-03
1.033997927275836018e-03
8.906677801006344149e-04
8.540669394967199003e-04
1.037218006229327291e-03
1.124153322443869913e-03
1.233609432102856628e-03
1.243530445846811362e-03
1.231063285732011741e-03
1.250144485809107260e-03
1.083702896907962586e-03
7.860887778429906467e-04
7.938398271247104794e-04
1.287632338221316765e-03
1.815380574816858293e-03
2.914881995565060321e-03
3.644841435409186363e-03
5.155826999340129384e-03
5.959935534622252257e-03
5.180593406129760728e-03
5.546481744761308855e-03
6.230727596894011788e-03
5.942540134653910913e-03
5.669373781293090241e-03
4.751941323905849168e-03
4.310689413598510836e-03
3.418497030653823605e-03
2.399159731504250936e-03
2.347449435205431305e-03
2.143746545469944580e-03
1.808478911877172378e-03
1.359040732085455786e-03
1.190025731139798815e-03
1.114216605154719642e-03
9.583059711512340907e-04
7.763214276264574203e-04
6.256018876915044394e-04
4.537599714250585342e-04
4.672905943778911777e-04
6.112727729892568568e-04
7.323848384849396698e-04
8.099750922586530788e-04
9.480449547271520370e-04
1.020515137508087432e-03
1.075666795839742926e-03
1.298726946188014271e-03
1.620485557336085770e-03
1.667122016613370450e-03
1.598391762602271050e-03
1.472378505266867289e-03
1.518457865633514921e-03
1.442206652831746474e-03
1.412084901077491784e-03
1.312047325922458723e-03
1.250474991249223445e-03
1.227971125377332225e-03
1.028391779542883180e-03
8.386797248647042281e-04
8.178219477428759748e-04
6.507386211799177141e-04
5.114837730327815267e-04
5.191068978546437961e-04
7.037532928228301069e-04
8.067856033850615005e-04
9.439726494649745923e-04
9.906043064071264146e-04
1.162530078382130374e-03
1.135109093741860226e-03
1.183338983738098068e-03
1.395714204400242547e-03
1.620104696211467632e-03
1.825951863917210476e-03
2.228157011153960275e-03
2.668914781414058121e-03
3.111895135033705077e-03
2.846709694058155785e-03
2.695518825733845929e-03
2.502970621407014148e-03
2.464899662285718884e-03
2.501599392862076821e-03
2.532847650154237268e-03
2.412253191882975274e-03
2.157585071136391974e-03
2.037906889881688222e-03
1.918990491649726982e-03
1.788388619026789377e-03
1.595835664797355929e-03
1.304214312070819861e-03
1.031162907721702238e-03
1.067920772269582465e-03
1.046322155190096588e-03
9.658833661549035519e-04
7.766323237139139378e-04
4.976497201818657137e-04
2.827435363205000685e-04
1.429991260870729563e-04
-1.597575727656625171e-05
-1.539899779763229093e-04
-3.764012883897275750e-04
-5.755916437768055990e-04
-8.512640545807897714e-04
-1.144749616982699116e-03
-1.485149639372931180e-03
-1.815054212827076465e-03
-1.940669499189320857e-03
-2.011957734631045647e-03
-1.931290641097948603e-03
-2.019121220446114945e-03
-2.100606354674460462e-03
-2.126337996056880050e-03
-2.109141726794297195e-03
-2.070545794481377412e-03
-2.039057359080596356e-03
-2.001507785356737568e-03
-1.950231988887077012e-03
-1.942744320693697447e-03
-1.744765897780401137e-03
-1.693992593444113145e-03
-1.308236958790820123e-03
-9.342131225895286247e-04
-9.184900990096525782e-04
-9.756926467537032277e-04
-1.065496538779236047e-03
-1.039546926129650533e-03
-8.024236427940146556e-04
-9.350825851882522965e-04
-9.592862475273136996e-04
-1.191574668892644330e-03
-1.181871370273304776e-03
-1.064578409683321174e-03
-1.182388585615378601e-03
-1.066720951678512205e-03
-1.041993747437256791e-03
-9.837919540572411144e-04
-9.191548145913142585e-04
-9.457114092937396466e-04
-7.866020940259680705e-04
-7.334276577882878519e-04
-7.519380180087576349e-04
-7.570788370833414493e-04
-7.171723821044518905e-04
-8.288077073011091561e-04
-9.091795346986125117e-04
-1.005809807551069288e-03
-1.123343649855303855e-03
-9.980913217650564349e-04
-9.625352777585661872e-04
-8.529205568329092761e-04
-8.035172928204841261e-04
-9.662051936563044625e-04
-1.062757483092947918e-03
-1.216080028997744335e-03
-1.148558986540587114e-03
-1.269202072573780409e-03
-1.433200909510655300e-03
-1.514932305295519852e-03
-1.620249337081495784e-03
-1.609561074581644918e-03
-1.658246050167778074e-03
-1.779634282790884450e-03
-1.942743939776508163e-03
-2.098386766728878999e-03
-2.212062645396722059e-03
-2.216484370964702869e-03
-2.265651252826668492e-03
-2.396047744308168158e-03
-2.636952077656084820e-03
-2.530591931206119163e-03
-2.436325502036933328e-03
-2.612390319223282381e-03
-2.680059768171969871e-03
-2.749793702761140889e-03
-2.881484113404700689e-03
-3.057030248361159407e-03
-3.451056362990113750e-03
-3.885284555161248703e-03
-4.102298433165729730e-03
-4.057500622018556796e-03
-3.661745588764095741e-03
-3.580005501617560676e-03
-3.559180584067034216e-03
-3.759955502443873988e-03
-3.687848407149274012e-03
-3.486213998580872664e-03
-2.830176767180971747e-03
-2.601806190451143915e-03
-2.406316578482392554e-03
-1.993758831119972312e-03
-1.670917474400907508e-03
-1.431407095659193666e-03
-1.243589599485161838e-03
-1.053813672572715635e-03
-1.343467195228964604e-03
-1.777375396996414350e-03
-2.053280944456820252e-03
-2.159711285109690553e-03
-2.135807179755303074e-03
-2.127281540304983877e-03
-2.266710693073122236e-03
-2.179290713853402131e-03
-2.171347063600459655e-03
-1.954453182558525681e-03
-1.669359190121454204e-03
-1.464153603551293301e-03
-1.228516169279366809e-03
beta5
2.586324020544165063e-05
2.254544639596690845e-05
3.056511564225103389e-05
2.568663643534877257e-05
1.716015709860404170e-05
2.089504531083404633e-05
1.372021708236728055e-05
1.813502524504079395e-05
1.880353243943167857e-05
1.645407875050025335e-05
2.106907334821519115e-05
2.132040793022855300e-05
3.107384961932499999e-05
3.941020342509872346e-05
5.766747467001731711e-05
7.637159419472606037e-05
1.025293361108493785e-04
1.192383023609477205e-04
1.468600082118565013e-04
1.629174012487252441e-04
1.908061239670099589e-04
2.080854763015706644e-04
2.335756693425379647e-04
2.630081968792855659e-04
2.760643040307214613e-04
2.976842839315069862e-04
3.208292557256135508e-04
3.283307921787317332e-04
3.274812592940207342e-04
3.723182965099413374e-04
3.527454743499695801e-04
3.523725753385072981e-04
3.642012649705918866e-04
3.164764250562661146e-04
2.899203465195876982e-04
2.269433904562632542e-04
1.823934861492235659e-04
1.294931019532214475e-04
9.949603135847966671e-05
9.891323569465742833e-05
1.098111859100779506e-04
1.094674826718568700e-04
1.122591766762688268e-04
1.026779815725628337e-04
1.461426927101247054e-04
1.884134159927454996e-04
2.349157825154112836e-04
2.127613493006510711e-04
1.533886461765293467e-04
9.506277965272973845e-05
8.097668224987368015e-05
2.843858139319651977e-05
2.530496760015216287e-05
4.333768219598713476e-05
1.273113421057980507e-04
1.524751006932838768e-04
1.633419037970089199e-04
1.738474354541668699e-04
2.121929212978077278e-04
3.046515668621207953e-04
2.403044624867029552e-04
1.904736168624813738e-04
2.119374232945688712e-04
2.175791040517102530e-04
2.259047116136778392e-04
2.315124633071586582e-04
2.588527008018798054e-04
3.071138398047350022e-04
2.593794766034303984e-04
2.329843280665854985e-04
1.956045939136191237e-04
1.723579077404976403e-04
1.813867130421562587e-04
2.206212823585314135e-04
2.791034724370179470e-04
3.581813559149577214e-04
4.033504250386687226e-04
3.746656208158335739e-04
4.043572828286604395e-04
4.371255022471318098e-04
6.567721211502507671e-04
8.844103872853840715e-04
7.837482183667654435e-04
7.166623689664468767e-04
6.540447483809795843e-04
6.558626800975957561e-04
6.654328073730448115e-04
5.111342873444907602e-04
5.047748090525896146e-04
5.583008288482101903e-04
5.601509855253674047e-04
5.736163174819741868e-04
5.854554569133867082e-04
5.762523270424707664e-04
5.960083996283688929e-04
5.240434694239585502e-04
5.728944414005673631e-04
6.057421522967546771e-04
6.480040739364259766e-04
6.727772840523275032e-04
7.350992732682052819e-04
7.592519080737645783e-04
7.960332434296503792e-04
8.244199740337967161e-04
8.757681925934824706e-04
9.140943876752151247e-04
1.007795927722824475e-03
1.115228745421442246e-03
1.236925256521929830e-03
1.220978164010581542e-03
1.226538790389572909e-03
1.247625812647510952e-03
1.254034556515374156e-03
1.219555992655595514e-03
1.289804470226926705e-03
1.278944162461092713e-03
1.169829038758830615e-03
1.135312795784641175e-03
1.148004545979385178e-03
1.106629013508882414e-03
1.038207758249218380e-03
9.317300675801014256e-04
8.648822559828365760e-04
7.794841310955397985e-04
7.384132321782606052e-04
6.882206854475249325e-04
6.527264601185066208e-04
5.743534213380298899e-04
5.611514674074618778e-04
5.497590558222232877e-04
5.519690102798384228e-04
5.605148021235570495e-04
5.530739852418423835e-04
5.779198013828945948e-04
5.990850762386220382e-04
5.926553478915212378e-04
6.070093304960770542e-04
6.706343012901831539e-04
6.626695223680997924e-04
6.521521215280960985e-04
6.006664709261901047e-04
6.216348581619210055e-04
6.210575224407284285e-04
6.613471909826386212e-04
6.911961858293543329e-04
6.405208698670491595e-04
6.045658734471128642e-04
5.885181450920653210e-04
5.625713730613361545e-04
4.431427860460744692e-04
3.181602607937236964e-04
2.594012657316659251e-04
1.889768023800685709e-04
1.353071750214934028e-04
1.234974640627160163e-04
8.323711568545576526e-05
4.215845587857389604e-05
1.346358103562149694e-05
-1.720837278717883420e-07
1.153630655746704751e-13
1.714147813103347447e-09
1.764136937358951096e-07
5.585129343020621980e-08
8.920464509886929845e-09
5.529477375249570151e-07
1.079125765558361517e-06
1.343717144108165770e-06
5.445228386211006314e-06
5.621513979396675989e-06
4.485836920437125319e-06
5.847824677009578025e-06
7.340868447284221786e-06
1.332565863968781166e-05
1.526924984989290332e-05
1.612586289572017433e-05
1.669765755501589934e-05
2.268290995408023649e-05
1.971024559625985065e-05
1.783617660517281098e-05
9.430327019481646669e-06
4.517735848558965069e-06
5.193211519589523560e-06
4.183048400662243219e-06
2.993438389549032597e-06
1.792729219580147065e-06
1.135894273530544888e-06
2.909224381958261989e-07
1.193641862224469413e-07
1.666751874276448778e-08
1.390958027063457163e-10
2.521095114404093027e-11
3.129755430729481345e-09
3.377587923857030033e-10
1.187003944788339197e-09
3.754317921203947067e-10
7.068167291633984178e-09
1.625295431033365175e-09
7.268758342910065813e-13
-3.746353633095817730e-16
-6.987244592931472521e-12
1.760071901613495050e-16
7.567057563040893903e-15
-7.364173375524755410e-19
1.926041178715279407e-10
6.046625813070675569e-10
1.045995513973984642e-10
4.019514505920489809e-10
1.808263693148565205e-09
9.532968905533606764e-10
5.766829930957448456e-10
4.617018326607064909e-08
6.657734547630072734e-07
1.033203214587363271e-06
2.437050109830365562e-06
1.481912131653786841e-06
4.026067192015235453e-06
4.096540487437611618e-06
1.659751726290774748e-06
1.916994696692219733e-06
1.665277883625768767e-06
2.780185960947502038e-06
2.220109776874333270e-06
1.393235589507438262e-06
2.668172321887239905e-06
1.445493139352720361e-06
3.448238183288265209e-06
6.099632290465508173e-06
8.628093615535200998e-06
1.091433635979436117e-05
1.857379524171706838e-05
8.643682081321338510e-06
1.346968069633163313e-05
1.487276254594124091e-05
1.412465872404994216e-05
7.563290936432053949e-06
1.562488758780546742e-06
3.277454882849309332e-06
1.962053511683514349e-06
1.395735577866921942e-06
