5.457366457503963027e-07
4.756617104427637834e-07
3.792237917685742617e-07
3.925855639006421343e-07
4.058436458998097971e-07
7.459819663037200198e-07
2.193191280335005923e-06
2.072216577932767220e-06
2.952923903190842583e-06
3.490860868450304140e-06
4.063150529483137347e-06
4.055085807785990049e-06
4.628984265525704277e-06
4.766682352086759011e-06
4.964743012082916737e-06
5.187727580956372191e-06
5.416864357188233541e-06
5.559957678202080170e-06
4.744595477549161813e-06
4.644915764837385452e-06
3.811703973291068239e-06
3.117346936136912924e-06
2.301845714068984638e-06
1.971326476906085106e-06
1.355819199048877698e-06
1.184881143889746671e-06
9.752311101439462429e-07
7.163694227270709229e-07
4.510085093757775952e-07
1.306984824404905357e-07
4.326969721777418479e-08
6.088519044811864477e-08
1.433996536239953406e-07
2.071656031032571870e-07
2.489183180782163670e-07
6.769369842245193607e-07
1.732357312832854118e-06
2.668972058113359535e-06
7.078141320000838571e-06
1.502711384573256980e-05
2.935042361685162422e-05
5.394728022124029932e-05
7.471986793101175676e-05
1.003538137443674280e-04
1.518323827196660640e-04
1.993365336790600001e-04
2.973718136565303856e-04
3.824955575586232973e-04
4.833990733948772232e-04
5.935878007616166496e-04
7.440236667609601527e-04
8.457879783358438408e-04
9.425636568271374876e-04
1.047546962619954778e-03
1.210647692848908262e-03
1.380691445029939846e-03
1.589715555658749056e-03
1.832543667607134568e-03
2.031447658241937980e-03
2.126934273358038058e-03
2.161194365781487527e-03
2.149155919544378391e-03
2.087712644402948785e-03
2.025944832046590923e-03
1.937622204490541643e-03
1.834528006341038138e-03
1.679985892668009765e-03
1.510944120360555032e-03
1.272382167498442053e-03
1.012031238923723295e-03
7.534280750195408152e-04
6.163634286985546088e-04
5.368640903612617284e-04
4.955723951729682462e-04
4.341693496354446027e-04
4.206016003223823473e-04
4.191291676562091382e-04
4.149557096037902247e-04
4.162371263693667050e-04
4.461761253999796850e-04
4.588511603233130852e-04
4.601614960337107978e-04
4.415254548161907434e-04
4.118352525787407899e-04
3.627232921524487885e-04
3.118770401480642986e-04
2.892583641169031608e-04
2.600694228144955259e-04
2.428665486351601994e-04
2.243118868764617157e-04
1.999766426910148389e-04
1.462539514400814213e-04
1.134596633341912177e-04
8.303507353908278941e-05
6.362225658803094162e-05
5.036612440685345627e-05
4.414871500097084276e-05
3.763675041354227623e-05
2.889451746640640949e-05
2.393054065596630581e-05
1.987579950185761337e-05
1.618716819348733863e-05
1.048208593400711337e-05
1.044588652445774681e-05
1.094605863041723760e-05
1.464741177008508601e-05
1.928328464095678541e-05
3.193244867948368833e-05
4.308776573223083341e-05
4.865828063885528805e-05
5.263212011974924411e-05
5.644724383965009444e-05
5.984701835354892368e-05
6.474763421211852694e-05
7.092356339577102025e-05
7.179083123770831965e-05
7.218546440045243409e-05
7.308118575502274637e-05
8.690023462096848478e-05
8.619034664427804686e-05
8.865741242112410911e-05
1.138440197362773263e-04
1.304905733951797859e-04
1.338414058624134149e-04
1.343956489749319162e-04
1.307119549682768899e-04
1.266828347801522616e-04
1.262046466323064431e-04
1.237724386478350350e-04
1.189359193926460930e-04
1.006662051187582702e-04
8.775176948171171389e-05
7.275297190171859394e-05
4.155832909100130743e-05
2.029619220016944919e-05
1.290526548581740964e-05
8.902919802038346419e-06
7.590112063803485079e-06
4.866799425830465475e-06
1.483750823697145705e-06
4.986969176714898543e-08
-2.905353917998572410e-06
-5.379723814133284570e-06
-1.266628584597900954e-05
-1.957996299205038676e-05
-2.681577816334932958e-05
-3.883966284910557882e-05
-4.369794275878516733e-05
-5.180322570001120314e-05
-5.883238819040151725e-05
-6.318501987487183463e-05
-6.356215826697218568e-05
-6.265820067233746635e-05
-6.039493643476978596e-05
-5.843477796231049461e-05
-5.120046521857716685e-05
-4.430456297462111219e-05
-3.706877023850655930e-05
-2.504468411584344511e-05
-2.018454325402186788e-05
-1.207925174514754582e-05
-5.050089233484733612e-06
-6.968281040794057700e-07
-1.618067799448409865e-07
1.528033279487079030e-09
2.084795454297273463e-09
-2.486284119219737455e-10
-2.032882884678366515e-07
-1.646821015468135365e-06
-3.856164527608288444e-06
-6.617929748243579260e-06
-9.584596400051323593e-06
-1.160564451212883710e-05
-1.426439312401627680e-05
-1.466877111848799655e-05
-1.562471891621338633e-05
-1.644383242692340705e-05
-1.801877588014180425e-05
-1.918862525951221926e-05
-2.212584694042698296e-05
-2.523497884454353228e-05
-2.543473010367438075e-05
-2.379051130744823538e-05
-2.364609475434506332e-05
-3.050151714648156051e-05
-3.623002476745237503e-05
-5.051272786121312810e-05
-7.058755207586785705e-05
-8.975807109998483067e-05
-1.055732078579885120e-04
-1.271066780928709289e-04
-1.436027183594120469e-04
-1.578876048777508073e-04
-1.724143987722149488e-04
-1.937119028271821032e-04
-1.991656960212348775e-04
-1.970498354973823283e-04
-1.918925681350550994e-04
-1.792006022427847678e-04
-1.582937933722077439e-04
-1.383042522296126938e-04
-1.209141716343927077e-04
-9.820851859627163088e-05
-7.857221698875983839e-05
-5.973466583932818659e-05
-4.279877717359701527e-05
-2.038392960648102389e-05
-1.210975982374057121e-05
-5.349158335920550026e-06
-2.119169483233247377e-06
-1.240486878818641902e-07
-5.724766290587698345e-11
1.212469941913248122e-10
1.419405279553081416e-08
2.315803434232450987e-08
4.892357668024550846e-08
5.303681553227639507e-08
5.303916512311736285e-08
5.303916507911490121e-08
5.303914367616527089e-08
5.303787260048005984e-08
5.298307146417797742e-08
4.680652399903316879e-08
1.078471824329798976e-08
4.135535206121629212e-09
-2.313219573364376431e-08
-1.533503644476456666e-07
-1.791848505492309179e-07
-1.832980894013261790e-07
-1.833004389982528733e-07
-1.833004389781421936e-07
-1.833004389781421936e-07
-1.832994197660974837e-07
-1.832446220585417848e-07
-1.770736705525265351e-07
-1.410743626047942028e-07
-1.341280062439353148e-07
-1.038624729600402835e-07
1.742318676986195221e-08
