3.450746141723998184e-03
4.172608714526333459e-03
4.002979956121835610e-03
3.820962946765106213e-03
3.572941786973472984e-03
3.404168411070250273e-03
3.254070376490250400e-03
3.204401439292341169e-03
3.153376245345001529e-03
3.090898709311950231e-03
2.988671098336813121e-03
2.834547864985074647e-03
2.657238314799926279e-03
2.322803181313625159e-03
2.090709224864014185e-03
1.879623233190415950e-03
1.687952281238083545e-03
1.529245638031363243e-03
1.366199676356807599e-03
1.154174423920585266e-03
9.609519299708193553e-04
8.108098539492465022e-04
7.589873595515483949e-04
8.015880285719407085e-04
7.619558875438440073e-04
7.128246238055210501e-04
6.329787805723352534e-04
5.876295193069967044e-04
5.673219496534718251e-04
5.352969333897024352e-04
5.288006733413884572e-04
5.331422645960310789e-04
5.584288359646725130e-04
5.954180950136535311e-04
5.625074616876241801e-04
4.971761541162889562e-04
5.475915736158886707e-04
6.872924476622899875e-04
8.450202713084550149e-04
9.133948608754323449e-04
1.002908321619822843e-03
1.047753269508824988e-03
1.048877668069544923e-03
1.130018274521989554e-03
1.184731307004577641e-03
1.192079144239292787e-03
1.202767725308585096e-03
1.270104756607813275e-03
1.223264634140230076e-03
1.127837621733389188e-03
1.018051258545653488e-03
1.000935985709497855e-03
9.563203530675250643e-04
9.325444016967226460e-04
9.868068933275608075e-04
9.706680747840549768e-04
9.752337425290225808e-04
9.431802244812163361e-04
9.224186223111604382e-04
7.957383571887368572e-04
7.167544160227570446e-04
6.589447964100254504e-04
6.139125496094330380e-04
5.315069627582451458e-04
4.232356202842645944e-04
2.790972799764658541e-04
1.518300756771658023e-04
1.342700932161575545e-05
-1.634874950763981732e-04
-4.210633167147678595e-04
-5.728069874665269812e-04
-7.652798799768430237e-04
-8.041149983790150729e-04
-8.584224467647342182e-04
-9.179206283529117152e-04
-9.076891006922372523e-04
-8.551112631387980563e-04
-6.981732468411879639e-04
-5.086020030163903400e-04
-3.465893254359959257e-04
-1.789939055455634870e-04
1.119588070988184435e-04
2.401647835473236356e-04
4.389380997837699964e-04
4.734451048589851199e-04
4.940353645531199867e-04
5.441564686660333491e-04
5.405808883402508924e-04
5.470054440612476645e-04
4.749940617067908402e-04
2.515230881189054802e-04
1.255422014825532148e-04
2.902217561757539086e-05
-4.416121900538237796e-05
-3.642814568451457967e-05
-1.598708565850942093e-05
9.740165190393702604e-05
2.453139994768490902e-04
3.034426798892977603e-04
3.630828610955506353e-04
4.245652250885564752e-04
5.199817827085943161e-04
6.853347385171231149e-04
7.768472187481028539e-04
8.598928300363132410e-04
9.062071240838891250e-04
9.414147410523525210e-04
9.957621300466807518e-04
1.006787861748414470e-03
9.256365071991173128e-04
9.598935209162193054e-04
9.394010699071983841e-04
9.070782017402403627e-04
8.687043162761923926e-04
8.312725944044012209e-04
8.130375482602380599e-04
7.731347604582909303e-04
7.876355882115130972e-04
8.116491514577870749e-04
8.554121526673210069e-04
9.365167149540358374e-04
9.667818796890260491e-04
9.676717949463820760e-04
1.006822235124770230e-03
1.070996787538078645e-03
1.207703955923981323e-03
1.255522978896705900e-03
1.320415839183682744e-03
