1.866323439656815755e-03
1.910593596111526821e-03
2.182625106907396233e-03
2.426564767660532342e-03
2.572843076850391507e-03
2.794329154331866641e-03
2.947038402932668916e-03
3.102380668422142357e-03
3.277689831718276579e-03
3.443621997318320384e-03
3.617673970148829396e-03
3.776025083740309953e-03
4.056856540599782131e-03
4.256252452826887397e-03
4.389108367642489440e-03
4.478500103239566044e-03
4.572036432361528333e-03
4.698922855041221328e-03
4.844395124495214956e-03
4.944689352173730658e-03
5.019908080752009255e-03
5.120082954451247829e-03
5.165615949122918417e-03
5.262371697728144421e-03
5.300464614362786729e-03
5.365915958277300141e-03
5.420874479154032428e-03
5.490992124436578324e-03
5.559575722525565179e-03
5.491663281483484017e-03
5.414503189886639596e-03
5.351812815869824887e-03
5.170087587801491802e-03
4.887245131555705696e-03
4.631519873909008267e-03
4.287994002348173572e-03
3.955085930157781204e-03
3.681118302789574814e-03
3.435696298957659212e-03
3.220079926078314985e-03
2.996361473834256023e-03
2.822641241388770816e-03
2.603829051432254068e-03
2.352483059559462662e-03
2.194532970521757918e-03
2.085233075588646592e-03
1.955640621395253204e-03
1.843993880437451395e-03
1.831073114194039543e-03
1.830583063782884566e-03
1.797484931344376204e-03
1.706836130677038621e-03
1.618861071924404885e-03
1.513809246303942811e-03
1.415817294953398931e-03
1.352138737976433342e-03
1.329779654624050830e-03
1.279697413520852756e-03
1.221202654030175729e-03
1.167862541989443106e-03
1.084854668757844571e-03
9.922882651112339882e-04
9.109395828584236762e-04
8.564748510732895061e-04
8.140179333809884890e-04
7.669604780575909253e-04
7.156933701098979091e-04
6.509336404544855846e-04
5.479498888314009988e-04
4.784592754256106304e-04
4.210834545211256997e-04
3.614851158971357867e-04
2.894310921720602277e-04
2.041113052621275174e-04
1.214166680779681139e-04
1.507969923840372449e-05
-1.112859647649698064e-04
-2.310031657052777842e-04
-3.211565979619969880e-04
-3.766908105010745669e-04
-4.278231483017674863e-04
-5.013018704822170190e-04
-5.807219548042030126e-04
-6.673457737017550765e-04
-7.233229663946814936e-04
-7.849082694849828998e-04
-8.460045034856528276e-04
-8.778807710980167552e-04
-9.087474734586955399e-04
-9.302460301674882149e-04
-9.428798969374393426e-04
-1.025321073711438257e-03
-1.100410130296678194e-03
-1.184429922246789434e-03
-1.279769513428768947e-03
-1.398299675731195157e-03
-1.531904058592749307e-03
-1.608712654206888087e-03
-1.656431649172074262e-03
-1.681741523145764390e-03
-1.690693799289115853e-03
-1.647976242393752637e-03
-1.592945092930166942e-03
-1.462306048092079603e-03
-1.330128838700337561e-03
-1.161979199350717624e-03
-9.649649898422436650e-04
-7.314513646180528057e-04
-4.950510967718578211e-04
-2.843537400955167653e-04
-1.069936168055655366e-04
4.823069786408331797e-05
2.053378224003585501e-04
2.828884324872308893e-04
3.277160705614172551e-04
3.422941194479757476e-04
3.377603914262354372e-04
3.283211525489096645e-04
3.152039957450397103e-04
2.841351681362633513e-04
2.233342459109553628e-04
7.721182245962090584e-05
-6.844194840368305222e-05
-2.185633676429017322e-04
-3.574201546880621133e-04
-4.660769323977291220e-04
-5.425360382024356108e-04
-5.921863425704270746e-04
-6.080106615635059910e-04
-6.084567666190121441e-04
-5.907707023256641076e-04
-5.007417362651425717e-04
-3.425536742473441528e-04
-9.671599000901219979e-05
1.453557942650741280e-04
3.521481384416895802e-04
4.917252837881405962e-04
5.746033851577362446e-04
6.317693969208580673e-04
6.649789352699094673e-04
6.659017721588460790e-04
6.457621586749834460e-04
5.848245169067570453e-04
4.568969138657990453e-04
2.935171990646889698e-04
8.110337605962533367e-05
