-3.250010568665382012e-09
-2.988630265474004114e-08
-5.295839299897708167e-08
-4.306092562536333920e-07
-4.250057434613793575e-07
-4.081303189089580747e-07
-3.552448230105677109e-07
-3.265565627314545107e-07
-2.914402950401174185e-07
-2.847187804583928892e-07
-3.980414468622293938e-07
-4.769337039652212632e-07
-6.673201060297510099e-07
-1.448856222320058624e-06
-1.863725848708221188e-06
-1.876802093038810460e-06
-3.006979537998209229e-06
-2.999347727825538891e-06
-3.005839509331188341e-06
-3.005551390494722434e-06
-3.010160163650822436e-06
-3.002229715013073248e-06
-2.898650483051205190e-06
-2.820376490451804601e-06
-2.630019438744056413e-06
-1.843773177129666804e-06
-1.420645010353714404e-06
-1.277271945521658386e-06
-1.135432548017311979e-07
-9.247460060143754821e-08
-8.128742018481362256e-08
-3.364501903875622141e-08
-1.549556792321078873e-08
1.265621497615467061e-07
1.533763715092903706e-07
2.194188683679158928e-07
4.688957823469314293e-07
4.795277266449544074e-07
5.979888119453500712e-07
6.082785394892223402e-07
6.162141854358627440e-07
6.308175124873823949e-07
7.605968966119608015e-07
9.613584113496736569e-07
2.226473778574945369e-06
3.873850946103993643e-06
1.038417639624989416e-05
3.602515322124408428e-05
5.448953912506632625e-05
7.235881107698980536e-05
8.825755143292280779e-05
1.145550349107614868e-04
1.420002096748077718e-04
1.803220433837146293e-04
2.872061184344087384e-04
4.262347358268971337e-04
5.227623927407730291e-04
5.917797022430340819e-04
6.730141822802944733e-04
7.157354754298638844e-04
7.580699295228423727e-04
7.948645142944213383e-04
8.078916509112452939e-04
7.933884870986784637e-04
7.695193894307952040e-04
7.350243421621966084e-04
6.321841586417261023e-04
4.937513364881379813e-04
3.981755661988117009e-04
3.289145226456358377e-04
2.415589698169172915e-04
1.732900921964573534e-04
1.129759389127231992e-04
5.898187521475757724e-05
3.002268867128072262e-05
1.825354407077416758e-05
1.468372809665849355e-05
1.084062308521122017e-05
6.665417759253846777e-06
5.831408713858674072e-06
3.601718717270171950e-06
2.065316102882134114e-06
1.673275657598131926e-06
1.547629191667138104e-06
8.137657491924313788e-07
1.333408502619794699e-07
4.818934273849274125e-08
1.272420798310894256e-08
-1.239688766175363252e-08
-1.861772739837735038e-08
-1.372189086613928025e-07
-1.404664719280436249e-07
-1.604872003575882041e-07
-1.603655759876537721e-07
-1.603655677134741015e-07
-1.603655676702646215e-07
-1.603655676702343930e-07
-1.603655676702343930e-07
-1.603655675927451720e-07
-1.603652251465289071e-07
-1.494428441365119989e-07
-1.432277916732894697e-07
-2.462661206391253834e-08
-2.137954997961500965e-08
-1.459936348751754575e-09
-2.697843038530955417e-10
-2.697904435257623920e-10
-2.697904426657776575e-10
-2.690420073637505136e-10
-2.458324229846227920e-10
2.301922254635811881e-08
4.348544073884525039e-08
5.146760075007592292e-07
2.214750974412653477e-06
1.159334856004898180e-05
2.884637446822632274e-05
4.282253688088301694e-05
7.439940589248951745e-05
1.379592799647331167e-04
1.790671455964889245e-04
2.210107970493510805e-04
2.310469704902438828e-04
2.380539420173978223e-04
2.419195137776268057e-04
2.434327791187141212e-04
2.453181054910792084e-04
2.403245407599392802e-04
2.399777930037779285e-04
2.273144222896262537e-04
1.964998971179506904e-04
1.338545594830207401e-04
9.341721883223494274e-05
5.342658017305784322e-05
4.353349694341220651e-05
3.812081992259549063e-05
3.423591513683938185e-05
3.225194123549058293e-05
2.866653989621904334e-05
2.428150704337629669e-05
7.375055297020767407e-06
6.061092183248758751e-06
5.290991681705823696e-06
4.220018751487705670e-06
2.981708571191982599e-06
-1.360358492185178894e-06
-3.599185707294895072e-06
-6.763126304843908466e-06
-1.057330255003797608e-05
-1.689227403626864272e-05
-3.295806527799579624e-05
-5.781797693116736320e-05
-7.608501426867684419e-05
-8.152245813965434300e-05
-8.797995158309536727e-05
-9.308645812764290055e-05
-1.026018405056388049e-04
-1.151389559030196975e-04
-1.259452168483191959e-04
-1.373485511078172052e-04
-1.434100119511693674e-04
-1.557551824307422676e-04
-1.560999106314392166e-04
-1.504488894623798550e-04
-1.566824512153794065e-04
-1.995277631631022007e-04
-2.407143307876088653e-04
-2.824372595696405955e-04
-3.046327714815348447e-04
-3.256926860704196440e-04
-3.337038319485129828e-04
-3.481069989108558776e-04
-3.546919532758677717e-04
-3.661222369906994467e-04
-3.736071702404428663e-04
-3.869360202353301723e-04
-3.916414228104274299e-04
-4.114676020162079850e-04
-4.178939005141360432e-04
-4.036743362634419210e-04
-3.852754741705647647e-04
-3.713348207003304142e-04
-3.646315225386808083e-04
-3.503691544192500166e-04
-3.542105615550388367e-04
-3.382346759552060621e-04
-3.577287318156575804e-04
-3.702619966741763882e-04
-3.915825356224468599e-04
-3.563205439107591278e-04
-3.422393800625192039e-04
-3.660930912191919830e-04
-4.058745654010173704e-04
-4.227054266790920140e-04
-4.501117339116523716e-04
-4.630417835093461349e-04
-4.700556582605116217e-04
-4.793007368554172269e-04
-4.589059254913642753e-04
-4.261522970979215769e-04
-3.925206333210845837e-04
-3.676641257230430556e-04
-3.329287717336989398e-04
-2.835673775009647096e-04
-2.311848033096957549e-04
-1.933486148038290279e-04
-1.521158603668848626e-04
-1.263586578418436873e-04
-9.908345642813880076e-05
-7.578445482130384721e-05
-5.301901907535015403e-05
-4.109088261500279355e-05
-2.529713332716526533e-05
-1.736397178573032254e-05
-1.221354324984433992e-05
-5.198146614353757536e-06
-3.922918048598670597e-06
-2.931709221043351694e-06
-2.635217328136507357e-06
-2.710186686581671600e-06
-3.097623986906541009e-06
-3.102540504796168528e-06
-3.156039420884221714e-06
-4.415508544657741396e-06
-5.096246340698650961e-06
-8.054896004687280906e-06
-9.742583985130606064e-06
-1.013923131608402137e-05
-1.598347084898262902e-05
-2.043757779607977454e-05
-2.240345912310742405e-05
-2.684207701153834934e-05
-2.924762344800041554e-05
-3.366432398621402501e-05
-4.242948371857384587e-05
-7.175991150803622031e-05
-1.072814900634205809e-04
-1.244604119019864072e-04
-1.287440693524171461e-04
-1.350329532970826754e-04
