3.480655849529763434e-06
2.471931717323103009e-06
8.828090910580704777e-05
6.651189459063506398e-05
5.355501590225044816e-05
4.628279197566946128e-05
4.860158330802987300e-05
5.359053953239715286e-05
1.250373004332387683e-04
1.420005569072490040e-04
4.337105753507764275e-04
4.175962070939088122e-04
4.367264184057342868e-04
4.468828422579931760e-04
4.405616745925333764e-04
4.497794283431488511e-04
4.617046986656263394e-04
5.123778012541673485e-04
5.471378154651411084e-04
5.463981915186305128e-04
5.013074114594964553e-04
4.971402839988107699e-04
2.264518608752119546e-04
2.361822296406554053e-04
2.619338470395234835e-04
2.766152894282360099e-04
2.681389956219932288e-04
2.767935478467129320e-04
2.896284987168494464e-04
2.482071058780541172e-04
2.183704347956384967e-04
2.183076786482632866e-04
2.078822603382007037e-04
1.925701923105403029e-04
1.908295879907576174e-04
1.670603595577423205e-04
1.253379218250989433e-04
1.194885138352255808e-04
1.252724157332076277e-04
2.772698668136117919e-04
3.032986799708883743e-04
3.053552660627796025e-04
2.963591434389366177e-04
2.978107411171772539e-04
2.968153258744220344e-04
3.000666757423596748e-04
3.179470465227535419e-04
3.470036903833855217e-04
4.732297501345548193e-04
5.499338419782047764e-04
7.210071812316721021e-04
5.605778647984744050e-04
5.158888137045149463e-04
5.115761201136610108e-04
5.671468846665078363e-04
5.844132874691926457e-04
5.857044412300632706e-04
5.781040374006125209e-04
5.567218359708315514e-04
5.216805412521307401e-04
3.920050358687838664e-04
2.957894914283822779e-04
1.081950314406512063e-04
7.845469168216712683e-05
1.848882950730361124e-06
-4.106398060442112587e-05
-1.025562555430222883e-04
-1.323038083614974875e-04
-1.385549183528226225e-04
-1.439463876686713551e-04
-1.518836239143141838e-04
-3.239950278874908639e-04
-3.320229611419236049e-04
-3.329858953604932642e-04
-3.316663534666278667e-04
-3.233050455210888740e-04
-2.635954989725257185e-04
-2.335167428888858157e-04
-2.298513123838687915e-04
-2.255253558791269961e-04
-2.234259923206218012e-04
-2.195234372523801149e-04
-2.153927706582145854e-04
-4.331240138785820085e-05
-3.529055898914427503e-05
-3.398227979716533000e-05
-3.170036540508927510e-05
-2.267269443732964048e-05
-1.533052453619504127e-05
-4.526117808253894199e-05
-4.976831294801196178e-05
-9.004438754147617156e-05
-9.047585697893269945e-05
-9.615978471519680574e-05
-9.903290048564283540e-05
-1.005654860608686478e-04
-1.049300952011770739e-04
-1.107838428380593002e-04
-1.105297646459969769e-04
-1.077192702154747549e-04
-1.044091197053629818e-04
-6.946676696685408301e-05
-6.384030033387492868e-05
-2.343435234257486830e-05
-2.167333639712496645e-05
-1.506608730893822257e-05
-6.391074165597231795e-06
-3.982906529056578290e-06
6.005702972583029644e-07
1.812408136353463797e-05
2.626954778509506741e-05
6.459386189630154527e-05
