2.758490076749435960e-03
3.114031108156505197e-03
3.048372730703782785e-03
2.797263208609000653e-03
2.588163608565860994e-03
2.433851819751601565e-03
2.399330652057723220e-03
2.365305863074704425e-03
2.421972773434099419e-03
2.502555062882404636e-03
2.576576267992929624e-03
2.600671455620914407e-03
2.553023226804564030e-03
2.443992549697057703e-03
2.268352455996275850e-03
2.139462020357089673e-03
2.016948777044174409e-03
1.913190630777456469e-03
1.746616720394647028e-03
1.569012383751219658e-03
1.267404513520289846e-03
9.410929123977035404e-04
6.398741986862720990e-04
4.016981665597624848e-04
2.669391164702503822e-04
2.054106175996859380e-04
3.546605254873430070e-04
4.884799523535283917e-04
7.296497012902634569e-04
1.057550790903776699e-03
1.536241258593978734e-03
2.158895107740335401e-03
2.823558812173457711e-03
3.443745710473818458e-03
4.136665752996680073e-03
4.983989961009164908e-03
5.944331531203313722e-03
7.091994032493310895e-03
8.160410448388843302e-03
9.207720624123694533e-03
1.017033748893591411e-02
1.103229633256530562e-02
1.165806896528229220e-02
1.208400681153178231e-02
1.263719256118830958e-02
1.330948345844031738e-02
1.397414994515955473e-02
1.472731318943466643e-02
1.548476512164661915e-02
1.587949270510507702e-02
1.604346196879927189e-02
1.604809139965619399e-02
1.589248430245178423e-02
1.573043439975546978e-02
1.562623523275102552e-02
1.559089215912537463e-02
1.552358047427526179e-02
1.524352690856252412e-02
1.483647623211510440e-02
1.398933012420206477e-02
1.288061021291886377e-02
1.184721838219055488e-02
1.086959248951006873e-02
9.993703102733977189e-03
9.200255509466265247e-03
8.399870458377445628e-03
7.604839234593871629e-03
6.735132748331248975e-03
5.759083533006545928e-03
4.855359388836911518e-03
3.946662408142370682e-03
3.186104953003131204e-03
2.539475755655149370e-03
1.918334609094058882e-03
1.453725516451723080e-03
1.073458811458003880e-03
7.031526493804328556e-04
3.546753967202315237e-04
1.340053458239986747e-05
-2.733012752464695420e-04
-5.368205309594103634e-04
-6.949923088461055533e-04
-8.213228560040520187e-04
-9.184250270716696161e-04
-1.082981275811352277e-03
-1.256939483478120055e-03
-1.453363012322979276e-03
-1.597649821330124169e-03
-1.722954761430361753e-03
-1.823864627771444764e-03
-1.879373702064991367e-03
-1.958193810289006898e-03
-2.032866434809619226e-03
-2.149408565620343752e-03
-2.238504224880339712e-03
-2.299363262988214553e-03
-2.337017638698206130e-03
-2.374035240697137169e-03
-2.398479895422884513e-03
-2.459281398947567917e-03
-2.502134826486800915e-03
-2.681592365189914336e-03
-2.912672712489215027e-03
-3.196708351015614073e-03
-3.499088594321446682e-03
-3.797185745621705234e-03
-4.203004652672406340e-03
-4.542243030046075498e-03
-4.750033495749138648e-03
-4.914230671478412270e-03
-4.940960409869267315e-03
-4.884088853801561540e-03
-4.725347155074543018e-03
-4.400924839718870461e-03
-3.977206936023261995e-03
-3.460733373750054034e-03
-2.923887368332251432e-03
-2.366999542041222943e-03
-1.673486943560804213e-03
-1.079207185355025812e-03
-5.882448139633818587e-04
-1.126076860468199268e-04
2.317501606083444360e-04
4.818937452291369747e-04
6.075596238146192384e-04
6.931300028848536238e-04
7.446828491551793147e-04
8.060427244555340605e-04
8.648378316001978025e-04
9.290517963142832505e-04
9.325347152470083757e-04
9.009328680148828575e-04
8.732683491919990618e-04
8.148956422958953403e-04
7.847022978428992929e-04
7.521398056528197157e-04
7.589331442048229343e-04
7.213888640415251760e-04
6.478204682321583559e-04
5.659029068610002110e-04
4.656551669026559072e-04
3.599886190744572213e-04
2.503502571081298576e-04
1.776540070049064648e-04
1.136296544687730322e-04
4.267371218114775075e-05
-1.011579058647949940e-04
-2.479482965594121237e-04
-4.282696871327137402e-04
-6.093875901700651328e-04
-7.340470695687300500e-04
-8.324001780177663935e-04
-9.287043459101524409e-04
-1.033036452006863776e-03
-1.141367124290874370e-03
-1.228158025509761215e-03
-1.285660371056717355e-03
-1.326369227036938931e-03
-1.312838476919847780e-03
-1.253413533556212546e-03
-1.173973043024061557e-03
-1.076465553835647239e-03
-1.048699013342680635e-03
-1.058234786607515363e-03
-1.078575381366715137e-03
-1.176285630197989067e-03
-1.212022058804237620e-03
-1.280116856436859128e-03
-1.391500035802097773e-03
-1.536102019578597551e-03
-1.686666049321878256e-03
-1.852521528099992541e-03
-1.912234012542812995e-03
-1.924215612889622470e-03
-1.920829118529436899e-03
-1.928365567755881615e-03
-1.901399043119432518e-03
-1.787413924987752692e-03
-1.744912603889134167e-03
-1.707232917729330614e-03
-1.803597593464938099e-03
-1.901606121654674528e-03
-2.139216325805627476e-03
-2.416359106221146330e-03
-2.666244526388699462e-03
-2.899654611384462361e-03
-3.123913954904452683e-03
-3.304144067859178090e-03
-3.447089757115353020e-03
-3.617258994960360560e-03
-3.786040363072141427e-03
-3.996714839219181296e-03
-4.152520770318812032e-03
-4.294520224067253054e-03
-4.133800273616512234e-03
-3.957059351833279275e-03
-3.819875233632374217e-03
-3.678085008328209424e-03
-3.543081523007451158e-03
-3.411512741016079885e-03
-3.284139816843056458e-03
-3.184569497768291804e-03
-3.098429734051237963e-03
-2.914133429393384305e-03
-2.732517101945866958e-03
-2.607458799147355493e-03
-2.616629686568975374e-03
-2.644310388610869155e-03
-2.738915020020126368e-03
-2.877481170165939375e-03
-2.905901885157568133e-03
-2.930630231519156751e-03
-3.052102490897016292e-03
-3.184531056840854499e-03
-3.314795887501766677e-03
-3.490265439683286949e-03
-3.469396147483130768e-03
-3.344350395698950876e-03
-3.284147861349467293e-03
-3.214021366309216098e-03
-3.123578601983689144e-03
-3.032705934798525602e-03
-2.999030479609672475e-03
-2.988054816328089298e-03
-2.995684959395594413e-03
-2.911659619701810735e-03
-2.760915305611611609e-03
-2.606298168756158301e-03
-2.574017378224228037e-03
-2.559579184220339265e-03
-2.513013642808504047e-03
-2.484343765511104560e-03
-2.493589139661052737e-03
-2.534303342309353075e-03
-2.642825980258342936e-03
-2.759851401318631769e-03
-2.738024618888943492e-03
-2.706547740327993473e-03
-2.735068183885778353e-03
