-4.448200834110175774e-16
-5.244469341912517014e-13
-3.435203622058220419e-12
-3.853741214484296838e-09
-3.815522971040592248e-09
-4.245279688296762441e-09
-4.292099915503708149e-09
-5.856009123119461597e-09
-1.330194656563393619e-08
-2.836646123617290809e-08
-5.456626846812059975e-08
-1.003674518495162455e-07
-1.813792621984390638e-07
-1.983077894536319693e-07
-1.941275133661802939e-07
-1.764956805909704386e-07
-1.496854331401300759e-07
-1.028185725463048297e-07
-2.175994189603839445e-08
-3.267330691721674391e-09
-1.265504925979954041e-13
-1.447318306283227144e-15
1.230710312751622936e-24
5.696345705904719667e-16
1.666302411496672627e-11
6.209501010786276142e-08
1.105794610346862557e-07
9.077865406371702644e-07
6.039535261447663110e-06
9.760153682409490104e-06
1.444802198488261649e-05
1.830411177328821232e-05
2.157474653105540506e-05
2.668657676630355226e-05
3.785233226177390364e-05
4.139765059126731183e-05
9.930831711509751931e-05
2.098459611221826625e-04
2.522769304074976905e-04
3.147403358968090502e-04
3.758236316214059580e-04
4.020432455150220355e-04
3.915429207435087121e-04
3.661620283647855725e-04
4.148738412859793675e-04
5.782791729552169994e-04
7.952775872071756206e-04
1.271293898242901880e-03
1.865424667297765080e-03
2.471296080186587401e-03
2.919189573738666804e-03
3.205601548349866145e-03
3.182619200895284162e-03
2.964487631880815058e-03
2.582867541417191437e-03
2.122281026848416886e-03
1.724489980437690292e-03
1.338884524260485322e-03
1.291526258550987566e-03
1.143935866163146636e-03
1.053440779806945901e-03
8.767271901340902181e-04
8.543929079942678148e-04
7.531557105035814603e-04
5.407416632937480164e-04
4.138228177406355103e-04
2.502238955954551574e-04
1.951208636411795019e-04
7.417514602917349507e-05
4.284219358006247585e-05
3.121765634837108235e-05
1.435660167469974222e-05
3.841704867609235193e-06
1.298508410841173545e-06
1.415960611358318172e-08
1.663851679923145898e-11
5.104451667435316049e-14
-2.290699552006035328e-16
-3.791322675461797987e-14
-3.791339826689411089e-14
-3.791379609662118963e-14
-3.791379770987717644e-14
-3.767311916739055270e-14
-3.767310474406888606e-14
-1.739965326262790592e-18
-1.624255460840806052e-18
-1.226427174060820207e-18
-1.224813912141040315e-18
-1.224813911025213705e-18
-1.224814303029067001e-18
-1.223481867289857504e-18
-1.223481867289857504e-18
-1.223481867289857504e-18
-1.223481873228712859e-18
-1.223481873228714207e-18
0.000000000000000000e+00
0.000000000000000000e+00
0.000000000000000000e+00
4.537080887624623058e-16
8.009048242528107755e-14
9.766942685354147047e-14
9.766943672141139436e-14
1.175959446403953865e-13
1.375467699567198060e-11
9.647951319019144584e-09
5.885043199434229600e-08
1.061460359270438359e-07
1.707983063281200663e-07
2.212523267823262405e-07
3.766411046371140401e-07
4.769845599574676679e-07
7.371287565886304300e-07
9.887485411268566944e-07
1.106090212423386614e-06
3.540903663538387802e-06
3.528811506512323658e-06
3.420737486530848628e-06
3.122374552892956501e-06
3.612435413530612729e-06
3.591986613275318439e-06
1.124019942472447321e-06
1.088296094827259430e-06
1.220710957687560632e-06
1.386875113728317729e-06
1.060714603539885455e-06
1.929828484946782640e-06
6.485714576623622021e-06
1.355039530685582983e-05
3.048388886366657893e-05
1.008248731970815313e-04
1.485604074294566011e-04
1.897447421139067489e-04
2.680204043749095325e-04
2.902356880024419255e-04
2.965445541514304573e-04
2.444249827117227908e-04
2.051822329242613283e-04
1.719535644206617909e-04
9.191039221141814790e-05
6.329341874174874624e-05
3.999228866928508950e-05
2.159436191009186790e-05
1.263876171396619051e-05
3.652436510266322882e-06
8.467595150630702661e-07
6.689817229314385879e-08
-3.203872524789580190e-07
-8.190182533666202648e-07
-1.601677638846430536e-06
-1.040337690000896484e-05
-3.146408171919350073e-05
-5.634106934528701466e-05
-8.423607832983168663e-05
-1.200440173705269778e-04
-1.229400253095176232e-04
-1.164198097408957930e-04
-9.633101565108285666e-05
-7.175035132353127065e-05
-4.415624637357870602e-05
-8.984883768067375258e-06
-1.271872532991234402e-05
-1.293412693455198432e-05
-1.294606795688657905e-05
-1.302119402244857559e-05
-1.420856346427731375e-05
-1.980771060892742616e-05
-1.523265562476469778e-05
-1.788002120433598426e-05
-1.998921541310712583e-05
-2.357056114011662814e-05
-3.165173706903855378e-05
-3.021086001886420940e-05
-4.092529688941412054e-05
-4.520998010418136734e-05
-4.443176114669948303e-05
-4.457277188314094727e-05
-4.841849841529655948e-05
-4.930492021595271439e-05
-4.257788757536961526e-05
-3.593145525658923435e-05
-3.662316867029813140e-05
-4.064493158370204479e-05
-3.734258053990816115e-05
-5.280811592601469823e-05
-5.760227826217359943e-05
-7.874195150778063115e-05
-1.393804159022586609e-04
-1.840535957445412309e-04
-2.172364243883075552e-04
-2.293139373292683251e-04
-2.744397269188779214e-04
-2.695428072437114938e-04
-2.192014172002535149e-04
-1.784527743431054293e-04
-1.448626235999607556e-04
-1.248645219816805921e-04
-8.045904607092041775e-05
-6.942508517659434102e-05
-6.060128853971160544e-05
-5.198957627885474769e-05
-4.333101341616786437e-05
-2.977653309378398483e-05
-1.755658084230195913e-05
-9.703812462372944214e-06
-5.539967035687778326e-06
-7.064794090226535627e-06
-7.925415437793877768e-06
-1.008422640666052499e-05
-1.118574205105932584e-05
-1.158197537148348889e-05
-1.141831752986787416e-05
-6.846962187169778431e-06
-5.981196512069552903e-06
-4.249353613142141976e-06
-3.063838754447114359e-06
-2.552690084458524091e-06
-2.426745579854582392e-06
-2.093431188578232753e-06
-8.641158122726167994e-07
-2.730479663518643221e-07
-2.403280319833355168e-07
-3.790102830633821764e-07
-1.252980665514396297e-06
-6.902982086012027278e-06
-3.396774015435252307e-05
-4.452959300453032069e-05
-4.688843026065206708e-05
-4.722430677132831802e-05
-4.665320632305873088e-05
-4.103077920212210825e-05
-1.580037512446058891e-05
-6.373477489830066053e-06
-1.331904286371279520e-05
-2.736848546020691827e-05
-6.288744859200331571e-05
-1.229458779855879694e-04
-1.529060230740015745e-04
-1.641766174459078059e-04
-1.639591380937738361e-04
