beta2
9.807825704046714207e-03
9.844637939856726999e-03
9.914561326451921605e-03
9.958477007865947778e-03
1.000745106869509529e-02
1.005208661862581551e-02
1.022868164401054963e-02
1.039982252387582767e-02
1.045831837602145473e-02
1.049582298901444513e-02
1.055456146716628185e-02
1.059984886289299343e-02
1.062670593261679994e-02
1.063887250883757511e-02
1.065913258535731122e-02
1.069295299411664180e-02
1.064993081241646412e-02
1.071685407541977247e-02
1.062646975441955410e-02
1.054793560069399068e-02
1.048628947734260922e-02
1.041319833195819208e-02
1.037912628258145196e-02
1.034600274948799421e-02
1.032418535296321556e-02
1.027584095700705830e-02
1.019861546750569156e-02
1.013547366298459679e-02
1.010764425851920500e-02
1.005927489856590917e-02
9.951481172767846772e-03
9.995689614096366082e-03
9.963837436029347738e-03
9.930547432911489281e-03
9.852151966699427069e-03
9.824272586723820783e-03
9.719071478643672574e-03
9.668200025715840973e-03
9.650724174949804057e-03
9.654944770972190976e-03
9.695850581907233118e-03
9.665712172555180129e-03
9.639880493872387407e-03
9.618615269149890373e-03
9.596117076721644157e-03
9.583359015398248276e-03
9.602707762987751361e-03
9.556126381723178964e-03
9.505949572364186945e-03
9.468624361586509136e-03
9.426739064482592828e-03
9.510978677359817335e-03
9.592733147685671841e-03
9.636547881513520680e-03
9.709288628084967662e-03
9.791805101635388253e-03
9.876700744871388937e-03
9.952733472359542172e-03
1.002458499440386785e-02
1.011122363406195823e-02
1.019225806988615507e-02
1.011210658903417131e-02
1.011951171205592928e-02
1.014339277304793403e-02
1.019675451025872995e-02
1.022480720228327589e-02
1.024686145173099583e-02
1.030244620549766732e-02
1.033083056183940404e-02
1.038568015976576095e-02
1.041367424381111663e-02
1.047229619124450013e-02
1.052504319642968283e-02
1.053974533080817913e-02
1.051035935067770252e-02
1.053919887096427602e-02
1.056859176741357584e-02
1.049743724203504661e-02
1.039499064053994205e-02
1.027335576510731222e-02
1.018225023156445717e-02
1.008282422079620835e-02
1.005832694460162199e-02
9.979159008204500914e-03
9.869276238325799810e-03
9.815190873942697403e-03
9.768588780408447858e-03
9.765761963728402176e-03
9.726929912860777031e-03
9.713016646232943557e-03
9.672249955369735530e-03
9.667920724792259182e-03
9.682366208880454142e-03
9.674990438335907134e-03
9.652404597503065967e-03
9.664342161868098163e-03
9.650816978251097744e-03
9.674395698339719948e-03
9.671375840188470296e-03
9.653599474438140371e-03
9.629800147451399173e-03
9.624762826583501546e-03
9.630242729838436877e-03
9.633756799870506898e-03
9.647220473786664169e-03
9.648945536157037955e-03
9.670247592614167678e-03
9.657588177688893050e-03
9.723407909816838071e-03
9.819104569216533657e-03
9.914345953967172373e-03
1.002929550508920020e-02
1.009587626767524324e-02
1.016190625679992687e-02
1.014941498931535777e-02
1.014996000638870507e-02
1.012629850428750818e-02
1.010777031582630117e-02
1.005539299281285603e-02
9.993333373971007016e-03
9.979252754738026504e-03
9.977318151501667759e-03
9.959955630161311524e-03
9.953963712752219792e-03
9.982837212375472724e-03
1.001620181058539630e-02
1.005613242501944560e-02
1.008615046354315384e-02
1.007585627209392140e-02
1.006426422684444932e-02
1.005952518213398469e-02
1.005538441253110010e-02
1.002639858166117295e-02
9.994878057449644443e-03
9.991423043919403849e-03
9.919409333464791062e-03
9.875762530910367487e-03
9.854039052481087385e-03
9.823028328543021923e-03
9.804090440703600029e-03
9.767124419829267129e-03
9.742157782604895372e-03
9.810412346901161568e-03
9.880732984766603041e-03
9.895633236789946191e-03
9.908498240681852878e-03
9.909539208393609855e-03
9.877278291315336189e-03
9.811612268185321978e-03
9.807287306193318566e-03
9.814032614755992950e-03
9.808296867774681307e-03
9.804104093945539833e-03
9.900487398564843805e-03
9.870525589114807069e-03
9.846639089647732726e-03
9.902156344584422260e-03
1.000533560679740981e-02
1.001224367350223368e-02
1.006005795516903487e-02
1.005573030525031691e-02
1.003249909551025623e-02
1.004760296930769584e-02
1.006405189665150225e-02
1.007770710569082760e-02
1.007260028645624167e-02
1.005009475889222237e-02
1.003476031939784692e-02
9.959050899370696514e-03
9.800475070572623598e-03
9.811721606917633148e-03
9.820115504100470488e-03
9.807038921055116418e-03
9.829753244264310269e-03
9.947891397586498818e-03
1.002922525978445882e-02
1.004713413301471653e-02
1.008709562074338456e-02
1.011954874991050427e-02
1.016066817219919358e-02
1.021379339643483167e-02
1.021867388022917357e-02
1.024464088963944128e-02
1.020917776337841587e-02
1.014692117274381897e-02
1.011390381003855407e-02
1.008913727837155300e-02
1.002572668561201377e-02
1.004103431197568910e-02
1.004622196748910894e-02
1.003048951526067274e-02
1.003404623927446095e-02
1.002022289271886114e-02
1.002276315935790585e-02
1.007062560699161988e-02
1.013191787464318150e-02
1.012078062365861023e-02
1.012474199338756972e-02
1.013417514079726495e-02
1.015338725465094599e-02
1.021025059342637459e-02
1.026404428015237694e-02
1.033739722113034658e-02
1.040268858685253553e-02
1.038275427848121650e-02
1.038924722776993735e-02
1.030941807688394787e-02
1.025153555219236214e-02
1.016686817942561924e-02
1.005904919156951766e-02
1.008779068743405685e-02
1.011549984099709143e-02
1.012533372703353085e-02
1.010962675736389385e-02
1.016155108556371367e-02
1.013768682825023221e-02
1.014746042457154510e-02
1.005303951566456286e-02
9.962001328676179865e-03
9.872534905886777568e-03
9.779764871184407418e-03
9.671868789850861931e-03
9.607776284003277656e-03
9.579809988376861152e-03
9.528152859992339296e-03
9.506104587682136925e-03
9.492064628484300770e-03
9.464884903253652226e-03
9.471926623118426952e-03
9.532812464693573434e-03
9.570049064716958098e-03
9.628666026735935649e-03
9.686349992777867207e-03
9.716173012169716447e-03
9.768303629863930859e-03
9.721849778851435891e-03
9.738976615994486205e-03
9.758431319608608379e-03
9.784733096107573608e-03
beta3
-1.053101245834386104e-04
-1.534795809270557941e-04
-2.403836788937440566e-04
-3.068006123398727943e-04
-3.616978273135828918e-04
-4.883999436866391783e-04
-5.085509054666694992e-04
-5.245634173767583976e-04
-5.476224690438356683e-04
-5.232302267091008905e-04
-5.329689127427281702e-04
-4.285272971161069441e-04
-3.648149107719156565e-04
-2.766106270438276104e-04
-2.135340111372310899e-04
-1.609537538030263214e-04
-1.738628786917809543e-04
-1.593179490064695382e-04
-1.179398756716301206e-04
-9.991332495007982804e-05
-6.770275897593133470e-05
-2.261064391724198794e-05
-2.679983553379306136e-05
-3.787807705631073967e-05
-4.905586538751169492e-05
-4.618355527909765395e-05
-4.276766115897800838e-05
-2.553704157859782684e-05
-2.077551800293643330e-05
-1.762376242544022261e-05
-3.089017249629668986e-05
-2.124989669351086866e-05
-1.099159191610355808e-05
-1.769378764356163458e-05
-1.718219338930636510e-05
-1.834949976173004977e-05
-1.177459582357681978e-05
-5.288328729559366340e-06
-5.158294869707455618e-06
-3.144982710870590335e-06
-3.003476899275168261e-06
-4.783690677330227226e-06
-7.699816883995842977e-06
-1.765099993476045606e-05
-1.749657917061395737e-05
-3.135291744991510496e-05
-6.015231183752779438e-05
-7.375269698531049841e-05
-1.301174206013324232e-04
-1.449933875441609325e-04
-2.046252817475040708e-04
-1.216687086650440879e-04
-7.000115777176240685e-05
-9.764045275189472506e-05
-1.237459901349451997e-04
-1.883365069415524778e-04
-1.882033977714649500e-04
-2.429356786780386584e-04
-2.752795568283330813e-04
-4.219999611852104674e-04
-5.736627983398495884e-04
-6.035290750548711735e-04
-8.341179695769184235e-04
-1.152433897730764526e-03
-1.297032145241132752e-03
-1.155500312579486877e-03
-1.019196281862617005e-03
-9.619589324229714696e-04
-8.926711407875869298e-04
-7.942149120786368014e-04
-7.580504082627032882e-04
-3.467512452477870453e-04
-1.588862287158787656e-04
-6.527524452532838556e-05
-4.016714099747616964e-05
-8.428718358543198686e-05
-1.178428048271485036e-04
-5.348835792060754033e-05
-6.066344674222087194e-05
-4.656248350367883860e-05
-7.684941321997417049e-05
-9.679754322075258873e-05
-7.116134053875206901e-05
-6.081312068289239917e-05
-5.967205951262675404e-05
-5.002482330002372396e-05
-3.532120535620968750e-05
-3.580398908959579225e-05
-3.490471241778572405e-05
-2.651805638595602991e-05
-2.053541813552913997e-05
-1.102513778579358841e-05
-7.757457956491034534e-06
-5.247165413638262333e-06
-7.990310168988334143e-06
-5.978703468091317260e-06
-6.120056894667720923e-06
-7.353644780330333120e-06
-4.545120393963040542e-06
-1.131576405111878480e-05
-1.068759258660950030e-05
-1.438258759238589978e-05
-1.068470716267127689e-05
-1.301092427201668250e-05
-2.032304385790324229e-05
-1.812796289531584047e-05
-3.024519873244265155e-05
-2.591780458832687803e-05
-1.937690236393477977e-05
-3.210001725962144707e-05
-2.818773194747663420e-05
-1.629613986342500132e-05
-1.339150830625117479e-05
-1.891321542494833351e-05
-2.267649350428059725e-05
-2.469301357670111952e-05
-2.156140813080145198e-05
-4.099664631626622467e-05
-5.569968454155084102e-05
-8.278297915123663424e-05
-8.731535311729672849e-05
-6.716790203567715300e-05
-7.081195768797357137e-05
-7.282023215138573179e-05
-6.025095442508059498e-05
-6.499099179043605940e-05
-6.369310709000137831e-05
-6.962851589357486686e-05
-7.313673900454765954e-05
-6.615823653281124026e-05
-6.106923130624776345e-05
-6.057552282702885797e-05
-5.431634477233151994e-05
-6.032892627276005429e-05
-5.824951946468619548e-05
-3.174412021798714897e-05
-2.512944957024386200e-05
-1.863796314650511797e-05
-1.893452435797093512e-05
-1.466367118766300623e-05
-1.426344840676322680e-05
-1.178707766128007012e-05
-4.485541451453809117e-06
-3.396963812851256104e-06
-6.729732374960734877e-07
-2.003947441604017424e-07
-8.487918126830881992e-09
-6.308329955723951395e-11
-9.138214400071935845e-11
-1.001278881158346440e-11
-4.131936401882091846e-11
-6.938721160606655399e-11
-3.854038970209941565e-11
-3.598998552413710890e-11
-1.078147461232778184e-08
-3.814498215010050100e-08
-2.927119097351678619e-08
-3.633659101038544620e-08
-1.836337123250763982e-07
-7.620833590870627720e-08
-3.880626572925094333e-08
-5.638745501991144509e-09
-9.857308570846583572e-10
-5.949330238145388640e-11
-4.203365643139990114e-18
4.642047114932375877e-17
-1.947129082942108539e-13
-1.479950181008307229e-12
-5.541742570017864316e-11
-1.100105894213787341e-08
-7.062959747875751903e-09
-1.599061052462702035e-08
-1.149722772202077886e-08
-1.361906323323972817e-08
-4.013829398331238180e-09
-2.705613126378075342e-09
-4.884624681040042510e-10
-3.751387403842353421e-09
-7.845093224508455614e-10
-9.679816078858100418e-10
-1.090789757973490093e-09
-1.584607836480587063e-09
-5.486576776754824891e-09
-3.675019309962962181e-09
-6.268295063885921505e-09
-1.357509501886174254e-08
-3.661940627395978590e-08
-1.915462001136390496e-07
-2.563635129830147515e-07
-4.985658206017081460e-07
-7.636127935132815448e-07
-7.292621195834897272e-07
-1.002928769279761247e-06
-2.455688287440685429e-06
-5.064457811491663578e-06
-4.677313525292052647e-06
-7.026694905557091494e-06
-7.797000489270536848e-06
-8.771145091123192428e-06
-9.203203953735444485e-06
-1.068660703415560354e-05
-1.422665370333195303e-05
-2.390027358669011184e-05
-2.588125442127363527e-05
-2.738448161378917068e-05
-2.881166325823811210e-05
-2.503096383051057030e-05
-2.880010699690588495e-05
-4.638483182513630695e-05
-6.519302897724051278e-05
-6.387729496287484284e-05
-8.078471831331413477e-05
-1.253308611936767224e-04
-1.440139132187948469e-04
-1.704207381239834145e-04
-1.598277827369871506e-04
-1.813475600521472061e-04
-1.869361748628763087e-04
-2.012104219971668178e-04
-2.254607098702683882e-04
-1.979393986200594631e-04
-2.698397308592430420e-04
-2.072674910607056817e-04
-1.919143010374174934e-04
-2.195393074885627015e-04
-1.873455454532366713e-04
-1.905585519001317567e-04
-1.618134687888460571e-04
-1.414341238963241776e-04
-1.290400584540878949e-04
-1.086942722527326735e-04
-8.538976276076796395e-05
-9.460664034598899731e-05
-4.670787612013839105e-05
-6.308433131701476557e-05
-6.123143625524964128e-05
-3.689159481685122657e-05
-1.339802124670564078e-05
-1.486437497731550167e-05
beta4
-1.109956378785125711e-03
-1.072708098658677056e-03
-1.024771241152674711e-03
-9.620258515409228772e-04
-9.027063039884813869e-04
-8.398082812252978709e-04
-9.656348370865830378e-04
-1.144869229980565589e-03
-1.072086673834715329e-03
-1.057645458533784145e-03
-1.065815555328099382e-03
-1.063562570851166351e-03
-1.029219461926812827e-03
-1.090850258058657105e-03
-1.150498443448826069e-03
-1.229767800478947766e-03
-1.154396979404761093e-03
-1.052386463428728325e-03
-1.026305599816055474e-03
-9.589264677960964833e-04
-9.422124556413159074e-04
-8.610881383206594845e-04
-7.747888501148005990e-04
-7.558773044960006389e-04
-6.919691543846185483e-04
-6.480433939215187247e-04
-5.920308172208399444e-04
-5.382373862986050868e-04
-5.903726899465235566e-04
-5.666898866716504847e-04
-6.274476783495530141e-04
-7.422530620239083717e-04
-7.753149316158652188e-04
-7.949261920109512453e-04
-8.009943644226478424e-04
-8.279674408477098822e-04
-6.986619594485531017e-04
-6.228576777843817776e-04
-6.990793986260161134e-04
-6.856370639314679841e-04
-7.724808864867655899e-04
-6.237416913796199266e-04
-5.516250084951573006e-04
-4.495380469913088793e-04
-3.680982263844871367e-04
-3.048789714693841751e-04
-2.372518450045293026e-04
-1.451013062405765905e-04
-2.040136830033151326e-05
-1.626794148591157618e-05
1.006549525144242167e-05
-5.360379035838498912e-05
-2.007126123470848482e-04
-1.388355937069727665e-04
-2.502163409120248920e-04
-3.899552857243084600e-04
-4.827706137451642158e-04
-6.246004035814509223e-04
-8.583621266383405397e-04
-1.114775342146860897e-03
-1.411007053745582350e-03
-8.967539331701162913e-04
-7.615126871351832758e-04
-6.555593991614729749e-04
-4.574815088530740769e-04
-3.721610537830707466e-04
-3.192757673081467033e-04
-3.251794057628048509e-04
-2.470603027050722266e-04
-3.769111399177125718e-04
-4.510400866297671531e-04
-5.453308527979429518e-04
-6.880462682332135187e-04
-5.475250246237850938e-04
-5.210666504253749515e-04
-5.450157341614701549e-04
-6.313848268573586490e-04
-6.108435058524066402e-04
-7.135341922076775516e-04
-7.677796769442850333e-04
-8.611013193761340133e-04
-9.531172389219311376e-04
-1.156153419031106730e-03
-1.193881857476906255e-03
-1.198043674800039612e-03
-1.180741547880136133e-03
-1.246139814555189199e-03
-1.306451544725837927e-03
-1.395756444837289566e-03
-1.448519647534283680e-03
-1.463681173157407780e-03
-1.417869163286956426e-03
-1.369329695783931631e-03
-1.336669186794291154e-03
-1.461315598754315149e-03
-1.507843328724102440e-03
-1.559415304495171892e-03
-1.580875120853946891e-03
-1.674989444494139404e-03
-1.778617264221841153e-03
-1.865866567169556641e-03
-1.955432860680829561e-03
-2.135234855951958794e-03
-2.175974922178549025e-03
-2.215577000039593153e-03
-2.227584404173309739e-03
-2.296263041018642252e-03
-2.387621420855491443e-03
-2.838719414399528546e-03
-2.994215192284902134e-03
-3.398531730011375776e-03
-3.902635181705557503e-03
-4.206636079600902835e-03
-4.282740164334607712e-03
-4.327046219094885654e-03
-4.075686242561697530e-03
-4.044502104161664703e-03
-4.029907321771783804e-03
-3.827847444802725575e-03
-3.666595759476957810e-03
-3.431773600203929034e-03
-3.198758260040824274e-03
-3.042445223290991124e-03
-2.695224002963411171e-03
-2.479940466877094199e-03
-2.384913444113442860e-03
-2.286956437932836407e-03
-2.191557252941673910e-03
-2.075065740368200844e-03
-1.950141789279176592e-03
-1.833028549654533912e-03
-1.777806612038209657e-03
-1.725225914483469354e-03
-1.701068353875958509e-03
-1.688894329548541479e-03
-1.543885866727121546e-03
-1.486311753034158176e-03
-1.410020674667157321e-03
-1.339326445105609113e-03
-1.496350352727243271e-03
-1.587935584934471473e-03
-1.646148903205266710e-03
-1.646477485201705993e-03
-1.617578580655388946e-03
-1.554616487076634652e-03
-1.484150511724391646e-03
-1.415432320502609150e-03
-1.328122820070132618e-03
-1.245319042291218644e-03
-1.142417186637779188e-03
-1.060879642278027887e-03
-1.037056209680882208e-03
-1.072773136061415562e-03
-1.020698891225911651e-03
-1.229917644278483721e-03
-1.512815732751814340e-03
-1.455427970007156218e-03
-1.321464694745930115e-03
-1.325451610712047399e-03
-1.285674109308351321e-03
-1.250032592917257488e-03
-1.258597280787359263e-03
-1.211634625194029855e-03
-1.058141451168294203e-03
-1.015183355588165481e-03
-1.032335286492309153e-03
-1.059461602659123600e-03
-1.105147704578042294e-03
-1.114008316362773100e-03
-1.324612802476589921e-03
-1.391500075357687697e-03
-1.382171050803458843e-03
-1.426470356443768810e-03
-1.336883455577607405e-03
-1.313801336274375391e-03
-1.333046258691352251e-03
-1.277751429202549083e-03
-1.282143569825414196e-03
-1.285731960349041636e-03
-1.317409070955060258e-03
-1.283999995776667364e-03
-1.381671691209335109e-03
-1.481716513854899712e-03
-1.395820710147830388e-03
-1.557313579159179439e-03
-1.639249575933878020e-03
-1.721387135471587294e-03
-1.874118346411558431e-03
-2.035473520632823628e-03
-2.166439576274816533e-03
-2.369154215851106138e-03
-2.368686495169803653e-03
-2.217488756835490210e-03
-2.085352759680088319e-03
-2.016081627635369321e-03
-1.933925179797159116e-03
-1.847263770249592436e-03
-1.789212022336174671e-03
-1.751149964815089605e-03
-1.725391575413871663e-03
-1.576556550477231297e-03
-1.332219041657019785e-03
-1.208802527954477152e-03
-1.034545506131689290e-03
-9.472256062291392609e-04
-8.289885926170902867e-04
-7.469406457962482655e-04
-6.476408083057572877e-04
-6.109376273584975984e-04
-5.726551044907087678e-04
-5.295092721738193457e-04
-4.677827191279256393e-04
-4.203303263018640101e-04
-3.583341143856097911e-04
-3.400813471889793335e-04
-2.864044235788798477e-04
-2.510491866272779099e-04
-1.978320775097391047e-04
-1.841614506676152738e-04
-1.847048838347614805e-04
-1.856854456922736097e-04
-1.766241969159760465e-04
-1.573386665142995663e-04
-1.571541664621936996e-04
-1.554383825923552154e-04
-1.909324914107505460e-04
-2.001327282161923177e-04
-1.991967145933351427e-04
-1.534736497726022322e-04
-1.188884167197275905e-04
-8.066655071469037931e-05
-4.386610960590450162e-05
-1.812003723337796051e-05
-3.080686465830904938e-06
-1.442288643224138949e-05
-1.807043391066811397e-06
-1.343090234866841918e-06
2.875251615032011218e-08
6.427468631526201542e-07
beta5
1.768072276432299883e-03
1.925385033332178324e-03
1.974899441349133901e-03
2.036031261125168142e-03
2.121743885427190487e-03
2.279803346129039877e-03
2.442593399528803551e-03
2.618346107027333305e-03
2.551848222472450408e-03
2.401898238356064454e-03
2.206503066518298098e-03
2.115028257924605852e-03
1.976231697218297587e-03
1.891686488124054693e-03
1.809686096340334602e-03
1.705170816501268283e-03
1.741140006439947496e-03
1.978684965949328422e-03
1.905260379819558600e-03
1.873481031710010677e-03
1.888869472363291328e-03
1.914824138832138794e-03
1.939409310102567334e-03
1.876203336249599677e-03
1.844379459083712609e-03
1.837904301835113340e-03
1.855480418717868601e-03
1.902118186356069850e-03
1.882218275872144745e-03
1.680152224738702769e-03
1.721095073474194787e-03
1.751390058621325263e-03
1.789464633211047991e-03
1.856587308230347750e-03
1.961373992982584375e-03
2.180036995411579331e-03
2.258111408814910889e-03
2.381492291739572414e-03
2.458214162385080441e-03
2.290025008558158309e-03
2.318107379999225035e-03
2.047411286137938713e-03
1.746028269662221319e-03
1.483199895997170054e-03
1.130717302471300877e-03
8.618418278283381233e-04
6.414029792283528191e-04
2.244390226859498496e-04
-2.099540421462456840e-04
-3.778444027251775432e-04
-6.095334523545041083e-04
-3.649175450760817939e-04
-2.048100575393756477e-05
-2.459604442177677503e-04
-4.556730448449422934e-04
-6.036649825942883366e-04
-7.484759297470017919e-04
-8.951360879008005058e-04
-1.066792398111931226e-03
-1.250893218275447513e-03
-1.414810394749149020e-03
-9.346834099450772966e-04
-8.354851932198786423e-04
-7.367751578327548468e-04
-6.195621131238270799e-04
-5.176521949063302890e-04
-4.770663165135686666e-04
-4.369454840494953630e-04
-3.914925732982461274e-04
-5.664023744629660901e-04
-6.626189956995727232e-04
-7.703217112442800781e-04
-9.202645612182133511e-04
-6.820491569289603880e-04
-3.970854854680930636e-04
-3.781355306258606173e-04
-3.480249023423787145e-04
-1.737487287989214306e-04
3.623788827620829067e-05
2.385459952799162090e-04
4.393773900808637875e-04
6.856028519298641103e-04
4.644373169194506963e-04
5.403621135233703521e-04
6.272554602137838135e-04
6.680490254902004318e-04
7.479136683627856958e-04
6.821009849994053281e-04
7.748831347850392232e-04
8.188707572135437915e-04
8.900757122662472220e-04
9.517520604748241951e-04
1.036242150220697579e-03
1.101781655768451071e-03
1.148837682468984312e-03
1.088842614023412432e-03
1.099112670834628044e-03
1.069811231330046204e-03
1.067294615141004639e-03
1.019877118243974704e-03
8.963471085826715291e-04
8.143649557592524870e-04
7.532478379386479050e-04
5.906247202978558543e-04
5.635794397459384809e-04
5.231627868448764486e-04
4.619379747843199322e-04
4.042061755939385854e-04
2.294380282102896759e-04
1.672093051734792920e-04
1.008276274508129343e-04
4.303113425735255167e-05
-1.567105539995258963e-05
-6.673933470740199807e-05
-1.192038866028475252e-04
-1.064330970176677869e-04
-1.314412872423766847e-04
-1.920397581454004314e-04
-2.637655734280947278e-04
-3.343887629921319564e-04
-3.366133690559631824e-04
-3.246757296938105469e-04
-3.258136702191480219e-04
-3.267072270328197098e-04
-2.568213940356488495e-04
-2.292307931334619281e-04
-1.836148328664435848e-04
-1.218212802815038959e-04
-4.013642069727580661e-05
2.978752468241498537e-05
8.289039359022626189e-05
1.376314474491922651e-04
1.563337269931023643e-04
2.033442149580189377e-04
2.979994260456553159e-04
3.759044349021288881e-04
4.880611016181372191e-04
5.848833775278402787e-04
7.148304526942315593e-04
8.546899544691851681e-04
9.718612564452229919e-04
1.038839329221792574e-03
1.096707679107580217e-03
1.175802475566117833e-03
1.134614642887107634e-03
1.174001427141759066e-03
1.250214806203709620e-03
1.334842812904572145e-03
1.227343439960821344e-03
8.689292196941443341e-04
6.481967730310007284e-04
4.718715656420645549e-04
2.946911996789974863e-04
9.519021660878124701e-05
7.539936681674550424e-05
-7.620232337180007839e-07
-5.818827913640422318e-05
-1.664450537870155956e-04
-9.529592052699065359e-05
-2.875434480396269052e-04
-2.257390506941128901e-04
-1.793775759886759584e-04
-1.495635805833298027e-04
-1.958422204609891991e-04
-1.744532346570226863e-04
-1.322494332719940479e-04
-8.309499232768093784e-05
-7.173154267039582449e-05
-1.846615876322624836e-04
-4.883851200162399276e-04
-6.215911923568241595e-04
-6.879747773206341260e-04
-7.848236250615732781e-04
-8.185249862529369019e-04
-7.776348287781413050e-04
-7.653668156529934603e-04
-7.696695547734695199e-04
-7.925800495645295412e-04
-7.405368997119138839e-04
-6.908697936189584074e-04
-6.681979484903619211e-04
-6.751014720878651103e-04
-7.179169432561837479e-04
-7.606727873093893384e-04
-8.467282504852670106e-04
-9.963154246548874306e-04
-1.149883003828192952e-03
-1.324899529591718611e-03
-1.432877278843767239e-03
-1.567416987904652042e-03
-1.715173371330498643e-03
-1.757622296069405237e-03
-1.648061214749909405e-03
-1.563100927576032686e-03
-1.412960410967309876e-03
-1.501015615799591299e-03
-1.338539563824532336e-03
-1.229890079993482301e-03
-1.145332969273158471e-03
-1.099150978798755932e-03
-1.096148391054163574e-03
-1.129490900605561402e-03
-1.120133075838294565e-03
-1.147764639896749640e-03
-1.096880259324219814e-03
-1.037747762809459150e-03
-1.037442808576540757e-03
-1.076347384055450704e-03
-1.057801701779600067e-03
-1.036493436533320218e-03
-9.515245080459792341e-04
-8.796908388860875776e-04
-8.062152008773469745e-04
-7.300209212064963458e-04
-6.652862875756015287e-04
-6.000817117137442844e-04
-5.582074208473889647e-04
-5.713560346459430929e-04
-5.471447766143362670e-04
-5.001889784915306827e-04
-4.336100663285679269e-04
-4.082596737948996583e-04
-3.526005848752390118e-04
-2.914180860296010801e-04
-2.284845561871005426e-04
-1.806338540303961833e-04
-1.327493213439515421e-04
-6.213935680221625412e-05
-5.580226364092365937e-05
-8.424072980271746485e-05
-1.031095900880227615e-04
-2.242217447995713351e-04
-3.210357122611927935e-04
-3.270448940143816981e-04
-1.570612800565725567e-04
-6.364040684291458953e-05
-1.004207730948015591e-04
-1.344771751581477586e-04
-1.809981672909460469e-04
