1.515650425044094002e-02
1.467657929063599480e-02
1.268082604751634770e-02
1.288552015796453135e-02
1.324347610274582282e-02
1.583388785212273484e-02
1.532333384942969820e-02
1.559879828596624253e-02
1.514197233407207389e-02
1.361351114792856178e-02
1.145548794863425826e-02
9.365276919582317047e-03
7.964984952037394705e-03
7.217729980222777064e-03
6.869813484542522213e-03
7.968433641354662547e-03
8.716235312344413483e-03
9.510284201138355029e-03
1.079446575181916210e-02
1.063662234789500630e-02
8.600622197264413613e-03
7.675004107785056082e-03
7.161476993448079829e-03
6.890796550052338126e-03
7.091936789042086950e-03
7.516328526782854388e-03
6.471049689378598896e-03
6.855512249852099317e-03
5.249630806066891975e-03
5.690777278772804482e-03
5.357992337843570617e-03
5.538106222228482249e-03
5.610620877632904041e-03
5.244490727829580548e-03
5.827614143425603049e-03
7.092789995838674061e-03
7.784931489137238668e-03
9.432355980549488733e-03
8.884760901544105222e-03
9.004562346546432852e-03
8.924601486519212826e-03
9.301343995909039375e-03
8.192958597098343176e-03
8.714258120260422180e-03
9.592743479323755096e-03
1.028726191363281590e-02
1.217957315208786570e-02
1.219401916967075179e-02
1.312908712065529934e-02
1.320027408886738016e-02
1.290876044179932458e-02
1.056570489713420588e-02
8.674227617533300169e-03
7.050853634039797382e-03
6.095138890749077741e-03
6.758975787805972767e-03
6.386622589964280339e-03
6.256690998958617730e-03
6.207664871473131396e-03
5.656811041734739233e-03
4.687510256983651140e-03
3.970539913194777101e-03
2.962570964176131603e-03
1.501917418196574341e-03
9.670287488368685836e-04
6.602348290031144137e-04
6.065181591055376735e-04
5.444925102356991137e-04
2.952293547718036655e-04
5.130044508243950235e-04
6.100432622180133619e-04
2.666530919122059784e-04
2.801011679458353465e-04
5.695722368234731187e-04
6.294084859852644301e-04
4.310491140425165590e-04
6.319832833957662421e-05
5.981537102026917325e-08
2.428373745070461220e-05
1.453778817625704309e-04
8.673839863576432668e-05
1.129686664281431862e-04
2.271548091993820626e-04
6.220942571600555221e-04
7.142307446894810303e-04
9.946696701409968398e-04
9.686440002195466619e-04
8.748817012716191043e-04
5.315391505170641252e-04
-1.434826950613911462e-05
-2.111121637759400015e-04
-2.552123713161580463e-04
-3.714193885953417798e-04
-5.119546300512993389e-04
-4.892001693148202669e-04
-5.839043475811986307e-04
-1.097459264095938325e-03
-1.190512781724850991e-03
-1.879662505120587327e-03
-1.593196195129865239e-03
-1.096254720140332848e-03
-4.754423462518052963e-04
-1.247481887282019496e-05
3.061492614466911999e-04
9.387089976534553027e-04
9.728013632410883842e-04
1.554071294155471650e-03
1.760979318686157081e-03
1.833630176237377278e-03
2.436408190869627545e-03
2.436614163900426358e-03
3.486236682681439786e-03
4.603420279013703195e-03
4.531969659471999853e-03
5.159262633663703503e-03
5.890944128928531434e-03
5.254584964247948492e-03
4.888866822778764783e-03
4.904320265461448169e-03
5.384215755996296301e-03
5.487121822360907855e-03
6.291156270177941656e-03
6.817737065200184590e-03
6.778567324920275680e-03
6.958660159263476731e-03
7.642173102432961787e-03
7.079158767054447195e-03
7.523206218097348505e-03
7.076085900286466224e-03
6.715304179550948827e-03
5.653618350505729487e-03
6.149569174314948455e-03
4.869787155115963898e-03
4.198030097760246243e-03
3.463521249650342720e-03
4.202208210565334945e-03
4.466668482920973203e-03
3.664601539533486434e-03
2.982959796830680303e-03
2.389236923326625104e-03
1.086128207044630145e-03
3.370658728366524547e-04
-1.926129395492594027e-04
-4.696934051937441484e-04
-7.036856882791654418e-04
-6.857340550290762574e-04
-8.823693039648621049e-04
-4.903751260485227819e-04
-6.980053444600483985e-04
-9.893442798687797010e-04
-1.167518346817889713e-03
-6.408322499747650964e-04
1.024341048427090100e-05
9.418951097509418351e-04
1.950429436010675532e-03
1.985917594524439465e-03
2.302569308853958871e-03
2.342575250279753472e-03
3.546683447348699877e-03
3.944839394541014774e-03
3.466840135226755687e-03
1.736842749825475525e-03
1.122815663138467196e-03
1.022108456924316911e-04
-1.614768192444653678e-04
-4.471074009920073672e-04
-4.949728115113620052e-04
-1.374636551726975998e-03
-2.219987192233057252e-03
-2.714837323352450177e-03
-3.337576486781862733e-03
-3.916340981468703977e-03
-4.121080773802343437e-03
-4.510809634780035132e-03
-4.514452118082643885e-03
-4.598132987199602881e-03
-4.196693456322380528e-03
-4.203194543646424260e-03
-3.358888635131143403e-03
-2.913534365403717442e-03
-3.525321951350158470e-03
-4.844134851337136144e-03
-6.425655756594699820e-03
-6.223293854632779010e-03
-7.054946741815495623e-03
-8.646440740972097944e-03
-1.142299322712907704e-02
-1.203868728530616342e-02
-1.303293699653985428e-02
-1.349351780149696256e-02
-1.266796654101344510e-02
-1.145457892682834322e-02
-1.041343629125869932e-02
-1.111682466092096463e-02
-1.124462841455859882e-02
-1.063493429903159503e-02
-9.118344750522991427e-03
-6.964012555942316815e-03
-4.131632982190152660e-03
-2.299571773525548122e-03
-1.204055991631690706e-03
-5.997912634974343930e-04
-4.666553016358662514e-04
-8.231200651584411358e-04
-6.947167466236925121e-04
-1.968092776282022937e-04
-1.008790531889169288e-04
7.131888862081875793e-06
1.206779172387219842e-04
9.744116283629288607e-04
2.051773330415135148e-03
2.152743958879609759e-03
1.529208882031022221e-03
1.626838009686867870e-03
2.041078006796699477e-03
2.005232196491093816e-03
1.752419714273568529e-03
1.156266862520779386e-03
1.224934031651842177e-03
9.622301585814096222e-04
8.407203736685210258e-04
6.262581553229849222e-04
4.356105018656177604e-04
5.207317617320480693e-04
5.870150132813722887e-04
1.453637575702366666e-03
1.617039920754988116e-03
2.323616396456328406e-03
2.538685680310558048e-03
2.928509115435459081e-03
3.275358364937765686e-03
2.950006300961059268e-03
2.255568203741697021e-03
1.376270234805490990e-03
6.974870914944104622e-04
2.191608262017722894e-04
3.632061131405975632e-04
5.865138736317899440e-04
7.431382263774524407e-04
