4.772145644276893760e-04
5.025896715030364528e-04
4.386836751752388932e-04
4.016508471983223786e-04
3.651053066578687574e-04
3.365380117754918185e-04
2.879563990161975980e-04
2.729840163544920207e-04
2.630972315269400406e-04
2.365581763716644189e-04
2.126528461019089637e-04
2.169383319580805872e-04
2.156143559301496515e-04
1.973673214363992222e-04
2.565503892065083055e-04
3.138715404789214013e-04
4.214528738895093160e-04
5.495358651211295492e-04
7.313665272812489406e-04
9.267922434039709825e-04
1.084191683652639465e-03
1.275920445328792988e-03
1.350672294539862796e-03
1.461714053611849577e-03
1.829197670780959711e-03
2.121770049388453216e-03
3.278587961243624102e-03
5.004546668152634256e-03
7.125026025947758281e-03
9.592884581630255550e-03
1.092430419094751748e-02
1.197293687321326384e-02
1.113366690715288272e-02
9.471368407465943773e-03
7.446643151204923768e-03
5.071440503582449154e-03
3.430178937413433642e-03
2.184898827975786679e-03
1.870826262294204498e-03
2.293105529929891345e-03
2.622399667651969819e-03
2.963300711290306477e-03
3.266416394281598107e-03
3.131953830075066229e-03
3.078658496335306364e-03
2.746185554422176517e-03
2.634912005964169367e-03
2.621860601214164119e-03
2.845228947695668895e-03
3.389531662153687230e-03
3.877310432749408054e-03
3.821945298366248578e-03
3.719691418681115181e-03
3.244486171969762633e-03
2.598682686366572247e-03
1.908967224591952153e-03
1.326395566616819831e-03
1.037944165006263273e-03
6.564062799461397322e-04
4.493853706893881014e-04
3.325452631295364517e-04
2.995000829166071898e-04
2.052056453409163098e-04
1.292111720756347539e-04
1.058942976677447684e-04
9.766206240825808717e-05
6.604204067739186351e-05
3.289800569322545493e-05
1.337315818408794834e-05
8.781382852611837683e-06
7.190239501407409539e-06
1.427607527203092440e-06
-3.245306204817048122e-07
-1.925450000832796361e-06
-4.546152980800272379e-06
-1.934324810959902897e-05
-3.825159039844609152e-05
-5.002952001325242749e-05
-6.606943024382417684e-05
-7.326878828550389261e-05
-9.044958122429731632e-05
-8.966793191306919499e-05
-9.217616264651597223e-05
-9.958331544471423901e-05
-8.815235726537420490e-05
-8.993465879114714639e-05
-8.311336760385917919e-05
-7.705059343320364864e-05
-6.753979190013874388e-05
-5.404841312467730500e-05
-4.970118090697509358e-05
-5.350591416692851367e-05
-5.474392224441571031e-05
-7.912344919825690037e-05
-8.913279809318606136e-05
-1.006022240283706667e-04
-1.595989476135849575e-04
-2.193312897637019019e-04
-2.765950220661538938e-04
-2.565964152537186121e-04
-2.551904732750643495e-04
-2.718694020901801030e-04
-2.507045504457453846e-04
-1.858147693484712623e-04
-1.176551598914035273e-04
-1.092077813264606158e-04
-8.883941991885399624e-05
-5.497571109192001503e-05
-1.641836391518936933e-05
-3.306223758281699648e-06
8.567881404431043678e-06
5.243512112611772342e-05
8.642112635253736521e-05
2.109713702742020431e-04
3.610964666456897409e-04
4.331292909172448631e-04
5.433197950073682123e-04
5.797133742818945780e-04
5.930166276412031454e-04
4.957105891913661695e-04
3.637938631862173869e-04
3.467111404054375287e-04
2.822402248233404540e-04
2.673759679412003707e-04
2.466887364424541723e-04
2.478137479647760468e-04
2.796040663953106107e-04
2.686851464315024554e-04
2.428418418307449393e-04
2.084691903706328310e-04
2.347689287563033361e-04
3.399698373747050821e-04
4.898838978970819751e-04
6.300201576382316940e-04
9.680000645628347895e-04
1.767450421965196562e-03
2.623945481386304873e-03
3.209928971688527297e-03
3.345960217809537587e-03
3.577217612428080628e-03
3.554784801805593777e-03
2.780467210298663474e-03
1.894800424631627039e-03
1.179102472116182534e-03
8.433843941419223071e-04
4.188140860414235980e-04
7.458217355829892953e-05
2.220946848539944766e-05
-1.836087599634793954e-05
-6.629248796368244915e-04
-1.906525557960701790e-03
-3.221620348999964471e-03
-4.691007865186427352e-03
-6.448448567202766379e-03
-7.826758561823861371e-03
-7.879764748256081267e-03
-6.954881056591981532e-03
-6.034522585507812002e-03
-4.828666148114345129e-03
-3.391812741566230856e-03
-2.469575328047698710e-03
-2.016639076064420579e-03
-1.907373880562280829e-03
-1.616989488637692041e-03
-1.520701785113444046e-03
-1.256988043910105485e-03
-8.057114897381557070e-04
-5.961446136495532127e-04
-3.899545772300621704e-04
-2.816875266911016227e-04
-1.148684776883260951e-04
-5.791904578006023613e-05
-3.614294332171798062e-05
-4.959468470075146104e-06
-1.958157478719147347e-06
-6.705189475970464095e-07
-5.927899184125025141e-08
-2.784821969372032389e-08
-1.306128617443814760e-08
1.742426061210529666e-08
1.742440759919357032e-08
1.701523838096658442e-08
1.089342808125014268e-08
5.583165417233164120e-09
1.891545854194537004e-09
-3.594305867944781028e-09
-1.269063501963750703e-07
-1.451686772420828720e-06
-6.695211972058435628e-06
-1.402661088926334646e-05
-1.763639524169519575e-05
-1.975451151605319217e-05
-1.996319010704949588e-05
-1.871625168271646167e-05
-1.350349505719102259e-05
-6.268659202374777174e-06
-3.797021696632547007e-06
-1.729682881650888475e-06
-1.404750006257927883e-06
-1.351512707996964485e-06
-1.433909474865146328e-06
-1.339726119604046561e-06
-2.552739979767137733e-07
-6.459296862130363435e-07
-2.055707132698269082e-06
-2.059353169006835961e-06
-1.946280194818062141e-06
-1.940633488908149373e-06
-1.882034588617534709e-06
-1.397317810718440605e-06
2.494458889640735377e-07
3.601724291207618564e-07
3.630165687434286635e-07
3.603268878862967177e-07
1.922601485278065469e-06
1.541603599438285486e-05
3.623075283314428438e-05
3.804753074902559733e-05
3.807053087329726669e-05
3.807019712641881217e-05
3.650301836981491196e-05
2.267729534621876444e-05
-1.616948331027621920e-07
-8.158187470583997617e-05
-2.810134521170217056e-04
-5.981916437175498376e-04
-7.526091572636722489e-04
-7.661117950058548599e-04
-7.768553979856180009e-04
-7.020893840840114822e-04
-5.056443751923069907e-04
-1.889216553454363271e-04
-3.468233969862146359e-05
-2.089784572628155810e-05
-8.416595615358305838e-06
-3.663081052233384689e-06
-7.018377310128874654e-07
-2.463659797403772855e-07
-6.816762496686116762e-08
