beta2
9.175701583945754247e-03
9.247728956580682919e-03
9.254452200697722147e-03
9.281341877146105993e-03
9.270820375214310072e-03
9.294276181503004219e-03
9.443535997902631485e-03
9.729956598650828237e-03
9.807397926979287417e-03
9.856730911468252615e-03
9.933138217422331218e-03
9.871062300340851040e-03
9.805675629592516818e-03
9.716991768317773462e-03
9.706543994205160675e-03
9.581926598513130708e-03
9.543104135406155208e-03
9.513627160041697103e-03
9.438539712471979981e-03
9.493564423977534847e-03
9.395281868357373972e-03
9.362737611137308610e-03
9.268895939819448912e-03
9.209994966046377435e-03
9.140843813761793252e-03
8.884107578205454464e-03
8.826269612149465968e-03
8.739851053974241613e-03
8.701469023181123558e-03
8.667098973703369486e-03
8.712417489612772278e-03
8.675880055626878501e-03
8.437187155236150829e-03
8.318819304374204526e-03
8.334053880853248969e-03
8.399616152514575995e-03
8.396950613146374198e-03
8.277454734773245781e-03
8.148465514029340495e-03
8.100781989439798797e-03
8.139413516113611774e-03
8.143012977098851302e-03
8.251294419509383124e-03
8.359343011009472829e-03
8.411730020875224367e-03
8.589629097450183007e-03
8.688822207826331356e-03
8.813903943287054038e-03
8.991852604626510148e-03
9.151958875659706172e-03
9.221529938718667913e-03
9.518092022294599025e-03
9.754414713381939772e-03
9.885201256448466339e-03
1.004874866365325359e-02
1.004629049007722819e-02
9.869859632958059154e-03
9.778975029291625196e-03
9.947709114430377392e-03
1.011479564511981628e-02
1.037777719464549539e-02
1.063507920994515889e-02
1.107979016918558997e-02
1.117669683981532477e-02
1.128873151801353114e-02
1.139412764665704604e-02
1.150198715991394491e-02
1.178796371144914465e-02
1.178546911237097691e-02
1.172698364860017516e-02
1.160038932639957665e-02
1.157657917434499681e-02
1.161312411124096680e-02
1.161066193740828423e-02
1.155326732299762765e-02
1.159734840362844702e-02
1.157923823394252719e-02
1.137088583025534436e-02
1.099357968627276069e-02
1.064932667451365389e-02
1.065962430935776806e-02
1.088298517157619549e-02
1.105898124210706254e-02
1.102529803485374077e-02
1.093930322788071868e-02
1.096678532612008553e-02
1.099644214306587028e-02
1.120460257723716185e-02
1.129395944319287401e-02
1.143319501665171142e-02
1.150990758480012130e-02
1.146339368016348857e-02
1.138029704994040006e-02
1.131065965276926294e-02
1.124996101267772275e-02
1.128443247570531938e-02
1.121332381631477346e-02
1.116513242904027675e-02
1.108431046640604052e-02
1.096143036015469890e-02
1.076533671128183586e-02
1.063639273787227515e-02
1.045955023623163643e-02
1.026621667519430486e-02
1.011293035618913289e-02
9.916223988183387600e-03
9.931362319756845136e-03
1.003921060765471628e-02
1.016883201247291424e-02
1.031337066194245103e-02
1.059436798715763031e-02
1.086161483178997925e-02
1.090523876004180145e-02
1.100357378431598976e-02
1.085153934937936430e-02
1.079256766095664649e-02
1.073456251385387222e-02
1.075168423165878510e-02
1.063059052263217591e-02
1.056996360716424416e-02
1.051599615772624494e-02
1.045407657702197846e-02
1.033587288995677610e-02
1.016566363859305877e-02
1.020968042917900012e-02
1.021550811151107283e-02
1.021019116582538161e-02
1.015983088119160570e-02
1.011040940243745911e-02
1.009055772054649053e-02
1.008097925333904625e-02
1.012034902252641200e-02
1.007442501862039486e-02
1.013496646679911198e-02
1.016844546272201860e-02
1.026386508374841668e-02
1.023669824008115875e-02
1.027870040441392074e-02
1.043187117346119040e-02
1.060073941972958581e-02
1.073937601819499252e-02
1.081458730756850242e-02
1.075099999329209507e-02
1.070133463016173514e-02
1.071249320189702689e-02
1.077545079120378196e-02
1.079891754803334949e-02
1.081031520783081075e-02
1.073100736048442777e-02
1.083504714898056095e-02
1.093884154964719704e-02
1.104822641798657197e-02
1.111848945597013194e-02
1.119903608696369568e-02
1.096906634515531012e-02
1.083095370113839467e-02
1.069747650688200949e-02
1.076412723261174417e-02
1.103102196546474657e-02
1.118295495456050025e-02
1.132038448480774881e-02
1.149996020221801668e-02
1.157898540639411278e-02
1.173980788448036536e-02
1.180025542399205582e-02
1.179097951209917214e-02
1.181089277768010079e-02
1.178887750847597282e-02
1.165270846194734963e-02
1.140440023232770078e-02
1.107995489140421383e-02
1.080738860612932145e-02
1.087795262014333748e-02
1.084375667410077300e-02
1.107668662465888937e-02
1.139098022179274583e-02
1.130191264016968539e-02
1.129405994543160666e-02
1.125946086668293787e-02
1.130093050816881328e-02
1.124071143690351035e-02
1.113888625377034911e-02
1.103344541803710777e-02
1.103161299351728200e-02
1.098761682458164121e-02
1.100841280752786269e-02
1.116008754394632804e-02
1.110151151336193423e-02
1.098279344563177044e-02
1.099064965364783542e-02
1.096839186519432338e-02
1.099545117064838415e-02
1.109457744238486615e-02
1.100173062873562903e-02
1.083854353273888682e-02
1.074451439057629888e-02
1.051140289787589124e-02
1.047921699454018238e-02
1.047399406453965523e-02
1.030661846386662917e-02
1.021200364330806729e-02
1.006018970466868168e-02
9.920734967481203287e-03
9.728334377131959282e-03
9.751644683690705029e-03
9.821222868216024360e-03
1.001895768344485821e-02
1.016923174288595147e-02
1.022645336042931827e-02
1.019978465003956031e-02
1.003219436160641444e-02
9.942459616892568991e-03
9.828751129554509636e-03
9.760361112572276537e-03
9.799824793251199484e-03
9.811465440219675066e-03
1.000547649614373126e-02
9.948189227702658455e-03
9.923551210677054868e-03
9.857544520518240691e-03
9.844940907701328972e-03
9.718231984235973023e-03
9.582065331458285151e-03
9.315973874142222111e-03
9.011790896157417796e-03
8.750361221441380760e-03
8.633386972402226286e-03
8.534539361849672462e-03
8.480145571249868286e-03
8.508192479513839585e-03
8.534585934307165403e-03
8.537822267401542348e-03
8.541453617832754641e-03
8.619865003209681645e-03
8.740618602317264119e-03
8.852240515934160781e-03
8.962678922237921411e-03
8.815990842380275888e-03
8.690851372055991356e-03
beta3
-1.497001554141452488e-15
-4.127375861740938297e-15
-1.888040856878642715e-14
-7.237405059266285659e-14
-1.076606863997350793e-12
-1.117609807811293117e-12
-1.587136751958694404e-12
-1.056812123562573385e-12
-2.222441508479527441e-12
-1.328560004657887296e-12
-4.087295098674295808e-12
-4.672348916286157687e-12
-5.098501526910034964e-13
-1.220822029494516958e-12
-1.153205234123242114e-12
-1.883056521668702415e-12
-5.842885198283352249e-13
-3.876595072730948912e-14
-1.545284214527888291e-14
-2.461433656725824348e-14
-3.219390700239404444e-14
-4.368134135538902723e-14
-1.293222453158385452e-14
-7.912310105894673343e-15
-1.084133225705071510e-14
-1.318206417790510878e-15
-4.287319515798245694e-15
-7.017857166493039296e-16
-2.384525505375128345e-15
-1.797827645894725741e-16
-2.352272148749362470e-16
-3.278809531482916024e-16
-2.231749530956853063e-17
-7.361964158451978665e-17
-3.490159677319993128e-18
-3.734357998625594409e-18
-3.434518831873104191e-26
-6.530635035710765105e-20
-1.443876567043093729e-18
-4.801103575353018348e-20
1.435543213521827266e-20
2.911495640085821900e-27
7.451334393634219959e-19
6.937841093582860570e-19
8.992239019552392112e-18
1.959192561147185797e-18
1.226493577123081230e-18
1.082735866618739260e-18
2.457017848100540262e-19
1.030282065050623052e-19
3.369849373663447509e-19
2.031797799427501146e-18
1.288418313949369156e-19
7.116605020217028395e-19
-8.392994037568049986e-21
-9.346941662383883456e-20
-3.970604856123801352e-19
-2.132673650460431448e-19
-2.003589096678260300e-18
-6.207009596819154899e-20
-1.830790651146733453e-20
-8.603932026965852410e-24
1.099038987310108375e-18
8.954891658543428283e-20
7.854685253921059094e-19
1.467218770961671788e-17
2.331466414634972812e-16
1.872429443187987131e-16
1.194591320326130195e-14
7.083130050789624103e-15
3.230034314247072657e-15
3.575974342023639571e-14
3.687301038959554226e-14
1.797634896976749763e-13
5.123353983401453608e-13
5.523537571923836999e-13
3.515684944104387567e-12
1.379600771546360940e-12
6.908065732537457173e-12
3.651906746963997219e-12
3.912555871519281823e-12
8.340174446788809877e-12
3.491034868969026463e-12
2.554821240199052494e-12
4.355419789835375038e-13
6.360582037783047543e-13
3.557990349058439119e-12
3.229280061769585569e-12
3.242054409230459200e-12
2.913344370482877630e-12
6.499823780781634855e-12
3.268625452905178851e-12
3.045944704967438623e-12
9.697274153150299904e-13
2.991197612955952871e-12
1.545350527367049594e-12
1.002954696229529590e-12
1.104193253520437290e-12
1.593385279078737620e-13
3.866952659180387805e-13
1.728437489196923179e-13
1.403178859124608917e-13
1.925237450317855258e-14
6.114109360627108826e-14
1.481836720982303339e-16
2.754131929395901850e-15
1.719167315201211475e-16
1.841268488728858149e-16
6.498569359012296373e-16
1.924492536945370609e-15
7.507329330129314000e-16
1.542160037733438013e-14
1.716936738386020182e-13
3.077446032569581187e-13
1.407423511492034615e-13
1.537414832488131298e-14
3.619755475492430307e-14
3.853180661676341165e-15
1.648556768221772131e-15
1.098651475480703087e-16
9.107088182608506015e-17
8.142627325939630399e-16
2.132110965902226994e-15
1.357053170053616957e-15
7.945680188116494534e-16
2.262563599815990967e-16
3.376994799499240365e-16
1.196908853555869582e-15
9.790117908274142930e-16
6.759596209562990112e-16
1.662358323635316746e-16
2.980666119311803918e-17
1.944020900567308648e-16
3.808641019321477377e-16
2.309898262163750644e-16
3.231561942604114692e-15
5.047436021834055884e-17
7.863633056036481915e-17
3.940477831143939310e-16
1.066802616045561590e-15
1.627248905895842538e-16
1.307344063550613550e-15
5.968462762963838431e-16
5.828708250021203520e-16
9.476838651802946953e-15
4.408925855043614613e-14
3.792670489336672017e-14
2.526249852543977897e-14
4.121974254882461368e-14
5.519932816339128335e-14
1.116833687966295410e-13
5.219204193575124368e-14
3.238745957950272219e-14
8.694218691413305584e-14
3.078531269404119661e-13
3.001719419671322818e-14
1.256439697646511239e-13
2.134221658847462754e-13
1.792458305697534379e-13
1.434569689095958696e-13
4.601680800320629316e-13
1.860467947658802678e-12
4.948986028976068207e-12
1.770537860375246873e-12
1.918736834282899670e-12
7.400649193063465248e-12
4.668585032373042036e-12
2.317465021905472673e-12
1.331001461499741456e-12
7.530632460143071629e-12
3.769422257890406790e-12
2.234734871199143554e-12
2.664031304813297192e-12
3.357942270022343555e-12
2.188897221817025266e-12
3.490748430869615207e-12
9.065762406518314804e-13
3.220225894561127891e-12
5.922403844030159253e-13
3.267186005861055730e-13
2.636691880329304077e-13
5.147397470306686524e-14
1.120712621833632161e-13
2.165531332078738668e-13
3.782689821449811301e-14
1.048961212417353654e-14
3.794729572263088852e-14
5.658551268802657318e-14
4.881524109605930746e-14
8.731883693485721863e-15
1.469242077952846060e-13
2.618859170985059873e-14
1.470084840632453940e-14
1.051704101876007886e-13
1.942656959254356496e-14
2.355739717148272666e-14
7.470945228512424987e-15
6.591962725108279752e-14
4.282762934794542833e-13
7.134912567980626819e-14
8.549659620437911442e-14
5.543671212645240918e-13
3.259837712877857219e-13
2.165858550878926448e-13
9.483998796349947399e-14
4.841020735208079147e-13
1.293807975634045814e-12
1.697650293250381001e-12
3.312567906348841311e-12
1.170229181918803883e-12
1.712671872410742206e-12
7.027966495178486581e-12
3.061732216110144749e-12
4.927079194305506088e-12
2.031023342904974899e-12
4.728863058306640456e-12
1.195419245901432975e-11
1.259327293095139021e-11
9.929187545624743889e-12
9.680140716693434924e-12
3.704279734573149896e-11
2.525162090184308635e-11
1.350896454136781821e-11
1.166208026074675199e-11
1.514659816316853748e-11
1.916734099921727385e-11
4.314618309690947835e-12
4.851490683247774212e-12
4.511509828737841708e-12
9.006745724905009861e-13
2.449282943839599779e-12
8.968193278683481565e-13
2.020749984584027025e-12
5.570580518959114303e-13
1.506172836874551548e-13
2.718753960968484857e-14
2.535272944800331553e-15
2.161765806939862675e-14
6.180245390134751085e-16
beta4
-2.275068646599479570e-03
-2.128370826151514909e-03
-2.147932443446487396e-03
-2.072783723503631055e-03
-2.023075425263307255e-03
-1.893464015713487453e-03
-2.113353064698475416e-03
-2.433871766834430801e-03
-2.299156102813522569e-03
-2.537522757479429396e-03
-2.763534023043673089e-03
-2.891170828086842351e-03
-2.945898881636954160e-03
-2.611605837403321514e-03
-2.592188511823912724e-03
-2.447611089271816212e-03
-2.532208039537229595e-03
-2.559860387228405330e-03
-2.622630119937966603e-03
-2.828313568163779313e-03
-3.015362982460411366e-03
-3.301745478318678963e-03
-3.766873546163910548e-03
-3.953837833781489140e-03
-4.215036378740761105e-03
-4.548686482035671497e-03
-4.559175702847353615e-03
-4.657247304355238704e-03
-5.388321451569240070e-03
-6.157711355694858724e-03
-6.539135835384832229e-03
-6.715939605961288722e-03
-5.994583357970869469e-03
-5.698297606183472079e-03
-5.878808061561155603e-03
-6.483552773848881741e-03
-6.222529319328373720e-03
-5.728778124179504695e-03
-5.043476791859445932e-03
-3.959507762389906545e-03
-3.563631798462020290e-03
-3.000742455785723219e-03
-2.606177543582645362e-03
-2.171603189036098221e-03
-2.054287779361571066e-03
-2.248135771653893625e-03
-2.060481817987713446e-03
-1.959113585813890626e-03
-1.901403954146061066e-03
-1.308775191604175537e-03
-1.051511303018274734e-03
-1.383602960083802659e-03
-1.663419155490444270e-03
-1.546668240079820782e-03
-1.639989182866676129e-03
-1.749069553456878865e-03
-1.075829057565438895e-03
-7.308850851107860603e-04
-9.359998972131846826e-04
-7.755976067214079717e-04
-8.739552191429050387e-04
-9.313304753984726113e-04
-1.386412048575711656e-03
-1.446054437567908125e-03
-1.315909358637079758e-03
-1.344919275134040309e-03
-1.471843710485431795e-03
-1.774056464863092665e-03
-2.075836222519295265e-03
-1.778157774268938722e-03
-1.620453062413306725e-03
-1.403041275895808206e-03
-1.679098518973012530e-03
-1.614408735377345942e-03
-1.494378277243496589e-03
-1.644311988945502392e-03
-1.441544389402537891e-03
-1.109851820726543824e-03
-1.064869085211789636e-03
-9.605186500978176410e-04
-9.136775935419394479e-04
-1.306621110664557810e-03
-1.610890401223207240e-03
-1.656362986911524057e-03
-1.714585423789400081e-03
-1.523791208545566050e-03
-1.491752167112656230e-03
-1.573684658419610173e-03
-1.607535125094578790e-03
-1.567482448274807715e-03
-1.433552852792461477e-03
-1.594731744909161104e-03
-1.648456980497683445e-03
-1.902751339479323393e-03
-1.973601341781561127e-03
-1.896761122285817169e-03
-2.015354346278094323e-03
-2.182620833752803909e-03
-2.308791461948260168e-03
-2.628710267212259512e-03
-2.983142017584457153e-03
-3.298073648198333006e-03
-3.532288223051288992e-03
-3.517839696715820055e-03
-3.527761190576185826e-03
-3.549527141844767940e-03
-3.225360290940977939e-03
-2.961633324821924540e-03
-2.896845949948497791e-03
-2.704596577043427014e-03
-2.838276835251113753e-03
-3.043324084395917367e-03
-3.247578199522572172e-03
-3.040481653554813826e-03
-2.757334817003624650e-03
-2.843179722747017982e-03
-2.874915569860622688e-03
-2.808130710176342908e-03
-2.700541528188347105e-03
-2.464491140017092182e-03
-2.199320308265063049e-03
-2.305133414705788815e-03
-2.246851541785930585e-03
-2.488183720913063335e-03
-3.437263351924122086e-03
-4.194315533623696989e-03
-4.876377223153274820e-03
-5.308570380009779155e-03
-5.736686232062446905e-03
-6.229720837152600069e-03
-6.683222524806356306e-03
-6.749551884907825303e-03
-6.881742142362990908e-03
-6.940321359550607333e-03
-7.190738371591740355e-03
-7.654390465639394729e-03
-8.298100730673798470e-03
-8.581436585147858565e-03
-8.129360246398631071e-03
-8.192280769219826425e-03
-8.082758021194239723e-03
-7.386105629058494979e-03
-6.931729961514788117e-03
-6.592183982065831158e-03
-6.269079745330444382e-03
-6.046906325640512281e-03
-5.713246856391374431e-03
-5.437702428050822205e-03
-5.154726058134629155e-03
-4.852527894092832465e-03
-4.437982917509937855e-03
-3.776451538985460543e-03
-2.999501048041140847e-03
-2.377746928999020098e-03
-2.525590199175638956e-03
-2.720741858812601808e-03
-2.816107094822290630e-03
-2.346251998381370350e-03
-1.769475785525465375e-03
-1.466730574532338661e-03
-9.974519563044621610e-04
-9.941326870233728723e-04
-1.192848565515072963e-03
-9.763220389994848019e-04
-7.716505188867206185e-04
-9.505555539920666937e-04
-9.924098871818675532e-04
-1.061327251183788543e-03
-1.083877674575210162e-03
-1.224335866149557465e-03
-1.490622314372542579e-03
-1.622918703163958804e-03
-1.492542259514729065e-03
-1.694099466119388438e-03
-1.955067354520486321e-03
-2.081359128967360736e-03
-1.948182559908712185e-03
-2.005348388244868225e-03
-1.959795927742502466e-03
-1.738318819191898108e-03
-1.633138670505466595e-03
-1.590418634697810278e-03
-1.489006611354194015e-03
-1.555745246200601443e-03
-1.753450858207107957e-03
-1.948263043811694281e-03
-1.871444406064870633e-03
-1.920305138898555607e-03
-2.152443873002966336e-03
-2.488269035314609294e-03
-2.838440772475180410e-03
-3.022184191872604418e-03
-3.191860867954382334e-03
-3.415107121492772131e-03
-3.721162846497910910e-03
-3.964871050863055107e-03
-4.088140921712454280e-03
-4.128301768576920876e-03
-4.221857908784709679e-03
-4.505376175975839975e-03
-4.806843023001492951e-03
-4.959925079457524338e-03
-4.978247988349835881e-03
-5.223053934246353960e-03
-5.370551289023196319e-03
-5.435024661436235749e-03
-5.444690767059978329e-03
-5.591426177242386601e-03
-6.090715440417622528e-03
-6.738156568512673056e-03
-7.716061370228175995e-03
-8.008816909463988692e-03
-8.166220042859727996e-03
-8.254134447314230572e-03
-8.250612847785682852e-03
-8.377302516647852637e-03
-7.997959245516279847e-03
-7.413314972229748806e-03
-6.881033337782777384e-03
-6.251202926032570911e-03
-5.623393727793900634e-03
-4.998822974959592214e-03
-4.281275213403162513e-03
-3.600174556226411974e-03
-2.986730786571157974e-03
-2.554387099813421394e-03
-3.286867730652269330e-03
-3.771774733549820586e-03
-3.753645696376276854e-03
-3.909342364354067428e-03
-4.020477313600882840e-03
-3.929654432396494784e-03
-3.950611488356668179e-03
-3.808267911168381793e-03
-3.952996077614571308e-03
-4.100524723939883223e-03
-4.292201696362348690e-03
-4.451478414796292832e-03
-4.708064034981194676e-03
beta5
2.888343304036010916e-04
3.014128266389030334e-04
3.345923556999913094e-04
3.871973708916166129e-04
4.334625085543377114e-04
4.601001174892207883e-04
5.619107173162932699e-04
6.954426697416973228e-04
7.184746735267478080e-04
6.919492318042304042e-04
6.925827016570975129e-04
7.503128238883624221e-04
7.709573765274051324e-04
7.855626629729029874e-04
8.327539996011812211e-04
7.479353470216826847e-04
6.408348697010159134e-04
5.815230429102203214e-04
5.114106708476754901e-04
4.977618766941712455e-04
4.996955650194252144e-04
4.657060685198610391e-04
4.271584931444016896e-04
4.585248034364305340e-04
4.457944214736184923e-04
4.638247133994802740e-04
5.692737345654912476e-04
6.762730287826753750e-04
7.853258875861983531e-04
9.066099302345166470e-04
8.057868419415154882e-04
7.455369905564694080e-04
7.434850382362379615e-04
6.474106546877082986e-04
5.721310078652095971e-04
6.439603675442371862e-04
6.574272655009137135e-04
6.979345026152502986e-04
8.118037371050869757e-04
5.836926358868111103e-04
5.065215004504887864e-04
4.720658894268635677e-04
4.277895779480392867e-04
3.184052539378176712e-04
3.288171150645494882e-04
4.147114070661898455e-04
4.574159546588833824e-04
5.079077742371140240e-04
5.509238588966320228e-04
4.285212953190840326e-04
4.023317616951352089e-04
5.333140215616435399e-04
5.918300038880834352e-04
4.811083143483242284e-04
3.758173680021641930e-04
2.527747379968337720e-04
1.932580764572635332e-04
1.782806231903734991e-04
1.969347003495652425e-04
3.542826014854860727e-04
1.476395934196721529e-04
5.208759403051522530e-05
-6.910363845606794047e-06
-4.677093916688344406e-05
-7.482977529674573276e-05
-1.427844156167278489e-04
-2.458930456006388912e-04
-4.141919401116535152e-04
-4.798980746985036542e-04
-3.966065863185490813e-04
-3.011894504056939078e-04
-2.475074997591717092e-04
-2.991389206462830670e-04
-2.380468612431010911e-04
-2.006571735583871446e-04
-2.209561023362533664e-04
-1.739739179011025208e-04
-8.287113335072739226e-05
-2.896054447990523432e-05
2.972803666169466413e-07
3.074661470438448569e-06
-1.135899724223442108e-08
-4.660274682205400345e-07
7.521550892792883258e-06
4.525589012385669558e-05
5.564266281620500469e-05
1.072843141452391983e-04
9.947338103397652107e-05
1.674270736728252678e-04
2.568536347002935453e-04
3.502153399543022510e-04
4.756590228291990015e-04
6.837034233042507247e-04
8.392077359429973155e-04
1.125570056960054077e-03
1.293754649166740153e-03
1.344556005896396659e-03
1.432415049316645202e-03
1.577480352144844129e-03
1.414020835756587841e-03
1.217356987578994010e-03
1.066821065126498944e-03
9.548454703939792581e-04
7.535903470489017150e-04
6.211186130592634413e-04
5.502589028136392526e-04
6.126054137469442648e-04
5.706179525736326461e-04
5.566649212138456660e-04
5.412063706030491392e-04
5.035340716383208525e-04
4.606636670709813967e-04
4.318700748397057186e-04
4.189718400920939504e-04
4.158854991410456141e-04
3.812104782374313092e-04
3.767452496390882627e-04
3.525397675307622206e-04
3.744137464139219709e-04
3.754617022836638420e-04
3.898767361237047901e-04
3.623649099333868333e-04
2.904964680179057939e-04
2.088103150222434001e-04
1.985942914619861002e-04
2.156199492906262058e-04
2.315109404168035501e-04
2.900473793713302315e-04
3.764552638084412242e-04
3.925305045958600884e-04
4.446180292164541030e-04
5.226598914744361255e-04
5.982319058442466843e-04
7.790663676995079109e-04
9.530958390167672441e-04
1.099969408923530140e-03
1.286285235884128712e-03
1.516075834600416096e-03
1.590861788894577323e-03
1.771248924565523323e-03
1.833903529879638006e-03
1.687280520397494397e-03
1.592751350016448440e-03
1.452170493778351130e-03
1.495962955520608369e-03
1.337299232245788482e-03
1.520909180683214677e-03
1.827143235368152308e-03
1.924512708645018718e-03
1.687152410061248768e-03
1.543114319228809997e-03
1.231508130346929512e-03
9.487194206453802847e-04
6.515026277910960020e-04
7.034207775639541530e-04
6.047419109663154050e-04
5.892543318563723447e-04
4.758127620068911164e-04
1.820783240070044816e-04
2.093044209396509477e-04
1.768894397754897671e-04
2.246744336297426385e-04
3.564532271354205629e-04
3.443604467932943544e-04
4.051135952270483909e-04
5.574248266896747721e-04
7.780129524543122690e-04
9.591459017187545753e-04
9.378568209602803751e-04
9.206713832875955319e-04
8.446095218290156168e-04
8.368923644495801029e-04
7.794022119022986621e-04
7.480212007684300651e-04
7.469017981569007168e-04
7.963993935482048103e-04
7.726582490558791790e-04
8.229958683500527552e-04
7.141661629274042265e-04
6.407745765854883264e-04
5.769245702151176713e-04
5.442188948334161997e-04
4.859232857127815343e-04
4.523664327816731816e-04
4.282719935284533350e-04
4.172643390857380934e-04
3.859552801143392763e-04
3.729477644856989669e-04
3.078873193713318589e-04
2.308499569595256042e-04
2.266107549588547909e-04
2.618556395225597657e-04
2.751948056958134327e-04
2.686191826624652291e-04
2.628385120981898554e-04
1.973992182628163069e-04
2.028564808957279263e-04
1.675576827206347005e-04
1.368263167500126604e-04
1.496001677136994321e-04
1.808336210249710126e-04
1.899594017275324943e-04
1.760401318988692970e-04
2.451225265619223358e-04
2.204474071943992371e-04
2.314525738202968808e-04
2.373345598008159605e-04
2.957232387515906693e-04
3.968794457509427142e-04
4.887378710545753043e-04
5.810317695395298375e-04
6.712554869791411988e-04
7.333850806033102940e-04
7.746697107853568612e-04
8.610352586784484653e-04
9.855097335597388583e-04
1.031804510200668270e-03
1.052482871079184461e-03
1.039404363480064906e-03
9.880778783299430310e-04
9.026246815759892067e-04
8.108197848240567126e-04
7.262008102796929307e-04
6.531205902173218289e-04
6.028305878143557298e-04
5.394364100343074144e-04
5.440080708287023999e-04
5.636869327341374140e-04
5.463020816442812084e-04
4.856144663890388149e-04
5.331675659473421314e-04
3.951690899109624750e-04
3.367431297732903376e-04
1.977411664456364649e-04
1.846605340952796239e-04
1.147581367955643523e-04
1.377702857341591021e-04
1.613197082033235590e-04
2.020523708295258688e-04
