5.107040756676096104e-03
5.949759453341287897e-03
5.862419269217646230e-03
5.974719198272707144e-03
5.959496552180401988e-03
6.005085873558665792e-03
6.210036892108528918e-03
5.967544860182975169e-03
5.624741177081784942e-03
5.091200937090417135e-03
4.645721835863651089e-03
4.014979876959322118e-03
3.307178929602302281e-03
2.555322404456071561e-03
1.959593039328997883e-03
1.443229201621617054e-03
9.056827177613578292e-04
4.975859284001650550e-04
1.490548378452001468e-04
6.048552221159333036e-06
-1.991591402987037478e-04
-5.092830801489858870e-04
-8.659348215086457847e-04
-1.329593940392401761e-03
-1.666376488333680579e-03
-1.888271771577452497e-03
-1.827215503216022543e-03
-1.526501960025873671e-03
-1.170162293600521914e-03
-7.040407611567746143e-04
-3.540234057840898371e-04
-5.394882461386477351e-05
1.469425662016038078e-04
3.051608549279407365e-04
4.449952784876200673e-04
7.183795150825875858e-04
9.819045069290668892e-04
1.161092527699881475e-03
1.245825772170472412e-03
1.176698384696777582e-03
1.075205109995452284e-03
8.226080572641221098e-04
5.639170704668105974e-04
4.317442853441702945e-04
5.065924843586701873e-04
6.625438584344180886e-04
1.105131501198276540e-03
1.790559560609137181e-03
2.701392922245069318e-03
3.846290567651464501e-03
5.025801702705666972e-03
6.661128499353556436e-03
7.815862510393453005e-03
8.523009567138323944e-03
9.289161141574677968e-03
9.826545165391760081e-03
1.035205486935320517e-02
1.002579653938696740e-02
9.767143015728552841e-03
9.529924194838243143e-03
8.957016136357336816e-03
8.196272988236443305e-03
7.103297119103263446e-03
6.324444521009824072e-03
5.621378390102624474e-03
4.841170879549719190e-03
4.063105949840905597e-03
3.271753969742278740e-03
2.645087626771176152e-03
2.071316326409995516e-03
1.781612493601753130e-03
1.622702801195840096e-03
1.573204171580667998e-03
1.674770249191269086e-03
1.812112126073962522e-03
2.077094226586029702e-03
1.998533180698764799e-03
2.102649357318409507e-03
2.147070311997869001e-03
2.036979925996519874e-03
1.899046018451661143e-03
1.710237561045795411e-03
1.580483084232365805e-03
1.280834642785948609e-03
9.420544049829647016e-04
6.957042754413142937e-04
4.744026015714946742e-04
1.782902498229260203e-04
-6.924088779794173741e-05
-1.970687326220336543e-04
-3.075973028490068344e-04
-4.045151982721217963e-04
-4.424464219157709147e-04
-4.469305849423727017e-04
-3.899455696746544488e-04
-3.232515272349895390e-04
-2.127663991216258339e-04
-1.110799894300864714e-04
-6.297276341816011511e-05
-3.322618039598144074e-05
-1.836718524425396624e-05
-1.189806713486151303e-06
-1.161652306737011867e-06
-1.440916353414666852e-06
-8.302481433073597434e-06
-1.984681613837999779e-05
-5.515118567880153850e-05
-8.871609832535280596e-05
-1.005648629628552222e-04
-1.155756369273013505e-04
-1.392202342740071882e-04
-1.406255310010866776e-04
-1.118963710253614900e-04
-7.960573742877598280e-05
-6.775697279275273005e-05
-5.009365872569487068e-05
-9.503527147627634526e-06
3.983888409449647816e-05
8.484916417018081370e-05
1.101260266899015187e-04
1.798592800886486315e-04
2.274634574504838926e-04
2.639828590045496825e-04
2.662989763222842394e-04
2.635463867763063227e-04
2.508441757330290528e-04
1.853432849649932297e-04
1.531830843139755742e-04
1.300055897587313388e-04
1.394810596454184887e-04
1.391875944046578803e-04
1.661919694952888134e-04
1.948525031571979782e-04
2.099814097477701452e-04
2.034790562572318454e-04
1.616397176834446440e-04
1.262489276029622168e-04
6.325466235489319688e-05
-6.076462174006292668e-05
-2.062219401823598656e-04
-4.651036064279542620e-04
-6.585247006699869411e-04
-8.947000630868229927e-04
-1.179392358459999774e-03
-1.585379099642039886e-03
-2.204815970536050992e-03
-2.420396313414985377e-03
-2.744520527808082255e-03
-2.996909786562742314e-03
-3.282786754841554924e-03
-3.320083000769387307e-03
-3.005369671118996236e-03
-2.973376679340125617e-03
-2.933997170340635081e-03
