-3.153170783837971225e+00
-4.404714758506910854e+00
-4.969626044187920311e-01
-1.642584848957371890e-01
-6.902112286532017249e-01
-6.096292529452500969e-02
-1.511023530974428264e-01
-1.070355031811089652e-01
-4.287242692179434045e-02
-1.274199717454235214e-01
-5.122182758349148185e-02
-5.767484138897108203e-02
-1.097647393022695289e-01
-3.573733399818803114e-01
-1.827234478153695330e-01
-4.771965530077330042e-01
-2.386764425666575429e-01
-2.443172069073035885e-02
-8.329916466071307646e-02
-2.398247669378213709e-01
4.883524531831994440e-03
-9.460037982980017135e-02
-4.023889060370672510e+00
-8.630293885819798408e-03
2.607770194353676088e-02
-3.272297287503723052e-03
-5.160046668005215109e-02
-2.180281677276299790e-01
-2.813798313977975973e-01
-3.508378654498704452e-01
-4.174688974118320184e-01
-2.025176046635323579e-01
-4.985418601325900534e-01
-7.187574866398227513e-01
-6.557573243072304381e-01
-5.617851441102903465e-01
-6.571822757114399449e-01
-5.807470388392932392e-01
-8.458062423038742450e-01
-1.572686374346613514e+00
-8.813744444409509882e+00
-2.052643923998469955e+00
-1.787334461797952523e+00
-2.033788226617353700e+00
-2.794102472477531407e+00
-4.052900147001836650e+00
-6.263725526240695451e+00
-1.041477122959547863e+01
-9.548978264557046458e+00
-1.022484527805791821e+01
-1.266859259872322596e+01
-1.677627575314260611e+01
-1.939086954650489858e+01
-2.797271291016880923e+01
-3.579507253415729906e+01
-4.404323793258064512e+01
-5.667196272018553316e+01
-5.743189834965271956e+01
-8.867082420691968991e+01
-1.183767383441884817e+02
-1.482020122427226454e+02
-1.285989604148600165e+02
-1.258984085053649511e-02
-1.685887222800399876e-01
7.211659670785729517e-03
8.166699732940492507e-03
6.030812767676131669e-02
-1.880327348375646912e-01
2.750606513414648874e-02
-1.592936289302970820e-02
-6.404014397043304718e-02
-1.513830988546443490e-01
-1.246001868004486396e-01
-7.983963508763358696e-02
-2.076535812352255095e-02
-4.775648304094290073e-03
-9.008430043295066747e-02
-6.275491565188735799e-02
-5.765551452143363037e-02
-8.769078967637761179e-02
-3.203829264871497218e-01
-2.806565779560630802e-01
-9.284387381016664387e-01
-3.790912252970934926e-02
-3.177205237926003512e-02
-6.903636714071050007e-02
-3.193902138519911227e-01
-7.439401889457171457e-02
1.317960737349343700e-02
4.839468893020580100e-04
-8.598351745417887049e-02
-8.774573674164623527e-02
-1.505704570730388159e-01
-2.429203772625998237e-01
-3.526373718746244473e-02
1.146559965500740588e-02
-1.139907473850518271e-01
-1.221807330554880878e-03
