1.369889301891066218e-06
2.942417919432843023e-06
2.713926223452567070e-06
2.092610291901560950e-06
1.712796592094199232e-06
1.516652855901874729e-06
1.418011833198703827e-06
1.225564009694525467e-06
3.137011938241950825e-06
6.740714213832065342e-06
1.179190927223853156e-05
1.606089099066218280e-05
2.088391840567751690e-05
2.452654991586492530e-05
3.491279127806984171e-05
6.885075886584534569e-05
7.449038462196368637e-05
7.611806630197277433e-05
7.576196455509709806e-05
7.411200566987897933e-05
6.685572977787468266e-05
3.439024538221054393e-05
2.929564612818116084e-05
3.629461000917235422e-05
4.463678170016163613e-05
5.035671491949808310e-05
6.176615454013249947e-05
7.961021683369094097e-05
8.872623938832028721e-05
8.377466805718665206e-05
9.167761444801577969e-05
1.164402669382396906e-04
1.424510217694540325e-04
2.022434012458011602e-04
2.439249342137909254e-04
2.604955335276519816e-04
2.475983358588294326e-04
2.382269129301736157e-04
2.214822818011897285e-04
3.004694782885795716e-04
8.717677288395548610e-04
1.690878774146493263e-03
2.405951880002361702e-03
3.485208664217039065e-03
4.051918799869865494e-03
4.294180826858826072e-03
3.810621807295670131e-03
3.073618407918213714e-03
3.365530956670597599e-03
4.386524388061131124e-03
8.019222376944894898e-03
1.280651401390563333e-02
1.809335688669344924e-02
2.335375055501198727e-02
2.747664230681732059e-02
3.165202087721932095e-02
3.341639282753782608e-02
3.388326720530156905e-02
3.488240943108802256e-02
3.406395467665098570e-02
3.276868711268805107e-02
3.080745961229325314e-02
2.961239408298199302e-02
2.835299923594393479e-02
2.606334174588936445e-02
2.569601335914354842e-02
2.571774751379342361e-02
2.473968514768539254e-02
2.269495005735608015e-02
2.043396820347294709e-02
1.777247850152714401e-02
1.391892469838101713e-02
1.015592699395600519e-02
6.887920621390222764e-03
4.335496964519226087e-03
2.294853450917411827e-03
8.482516683822601900e-04
5.588660977351628300e-04
4.911354391848216138e-04
4.486134956561220444e-04
2.738856574425469338e-04
1.860495160986957693e-04
1.542600180162004601e-04
1.161963469497833123e-04
8.302265648115079099e-05
3.440396620244412523e-05
1.171039204130096094e-05
2.956042116644254998e-06
3.116756164563661647e-06
2.970627434979616660e-06
2.628372964384363092e-06
1.786067842720304707e-06
1.581283311191823874e-06
1.028806197948882870e-06
2.568786788352738305e-07
8.597608666956384427e-08
4.924121639087378264e-08
4.042819610788048459e-08
4.507602074345534891e-08
2.244655658570398243e-07
3.611718837808062458e-07
1.406405183733885706e-06
1.835943375799543173e-06
5.324478522507186628e-06
8.366521856442539080e-06
1.072729331510245899e-05
1.993530795523787704e-05
2.509344921226775089e-05
5.080026964544515430e-05
7.614284543420222313e-05
9.169153039420064634e-05
1.083535894863004687e-04
1.159893548965649932e-04
1.101795908565197745e-04
8.422856868150838539e-05
5.550330246305099085e-05
3.693869571784680138e-05
1.788448572242342004e-05
1.005296123275980222e-06
7.416839919214846880e-07
1.157749691376083361e-06
1.201511584834471176e-06
1.291412532225619264e-06
1.281352126266094029e-06
1.490559451640823777e-06
1.749352605551056399e-06
1.882875167585428755e-06
3.227391017415000543e-06
4.698210136591177856e-06
1.034923915945782916e-05
1.782635790497275031e-05
2.350997489777774830e-05
3.023434028360585054e-05
3.037728567307224482e-05
2.996895846940695923e-05
2.750749649570496450e-05
2.329093818698163695e-05
2.048970383375949328e-05
1.658906576927880676e-05
2.515852937396781679e-05
5.978416647557752037e-05
7.061420778297352403e-05
8.160707186086303764e-05
8.186293609348299822e-05
7.938221921254013530e-05
6.982503580346182878e-05
3.545312003049827759e-05
2.197033830105789753e-05
8.570127530038957619e-06
7.843884861207947874e-06
1.675927912492519616e-05
1.833013673917170843e-05
3.049442186713155652e-05
4.375102963574638689e-05
6.488904933935498419e-05
8.038483049686524285e-05
5.438916428748063548e-04
7.074165323049785153e-04
8.905804705589297947e-04
9.399932853416602093e-04
9.494826759261866317e-04
9.414748507071403439e-04
4.767110627911155113e-04
3.265031268889335655e-04
1.362109279395639456e-04
7.521529743237154219e-05
4.673030237533985618e-05
3.729856887849128481e-05
3.513337793755832143e-05
2.439786137295876323e-05
1.877473795594485650e-05
1.714994867831238457e-05
1.847742888494247288e-05
2.320101881636969679e-05
2.915338872081024376e-05
3.388616444832516988e-05
3.885408675347550830e-05
5.889665734917060675e-05
6.719619557899555627e-05
6.588340369993921986e-05
5.738449476216171924e-05
7.167448678716372475e-05
6.888294743703566767e-05
5.086299650665308244e-05
4.497781284895405971e-05
4.240879727562690431e-05
4.110052164498336961e-05
2.679344197831585309e-05
2.851459557887354716e-05
2.847375140486295582e-05
2.262498540820422876e-05
2.474984616360352668e-05
1.277881510354330924e-04
1.210737016756318886e-04
1.198657133575366343e-04
1.213580683039387032e-04
1.205728856731389241e-04
1.190914868049941310e-04
1.619805631758653624e-05
2.497125381729373638e-05
3.072040326861940918e-05
2.943713457117946925e-05
2.981115344002090880e-05
2.828005633168808697e-05
2.555875614231398953e-05
1.428721955113434161e-05
6.134733975402407568e-06
3.593781728051822328e-06
2.822320480018263543e-06
2.014077885576549543e-06
1.870961982730123881e-06
1.582095953366267524e-06
4.236151872441793114e-07
4.741264438963679831e-08
5.975323574299532933e-08
6.778115574003072573e-08
6.370014656229578921e-08
4.692231831675066096e-08
4.671599902931487980e-08
4.644138370044876564e-08
1.753341728265713399e-08
5.153516796136818404e-09
5.609997322983938169e-09
2.290075659506329220e-09
2.246703242398006176e-09
2.242860676858768779e-09
1.555928622583739255e-09
9.107189504070145417e-10
2.588490985520901446e-10
6.709672769386437739e-12
5.148795735203755097e-12
4.433456818591382417e-12
4.271227664627009350e-12
4.102991889522440793e-12
-3.755932859983458353e-13
-3.793150247528770143e-13
-3.516867826795239004e-13
-1.665404995294547957e-13
6.389118572735026585e-14
