1.521055031447256813e-19
-7.293890174843303233e-37
1.505875944941173407e-58
-9.905579679871705101e-64
-1.768668345053385691e-65
-1.921380859331680315e-20
-2.107519421190697779e-25
-7.543359593890449136e-10
-4.322771888136458340e-09
-3.517588422450966622e-07
-2.172250508200906874e-06
-1.828039240639581607e-06
-1.510734422928957169e-04
-1.043814561130249000e-07
-1.300113341428403152e-09
-6.278759127537958298e-18
1.933816670224456565e-21
4.953199900854256909e-10
6.033349325097677878e-08
6.269099583357658851e-09
8.522457474587611993e-07
5.895504633887928017e-07
2.411216036203746187e-06
1.043434364639779438e-08
4.064281310522067444e-14
8.199667418018565807e-12
2.833497383187523995e-47
3.492327386993129131e-44
2.879517338537003084e-13
9.179438908385361765e-08
8.675402406810399223e-07
6.510876997584307135e-06
8.178589786784203365e-07
7.093804023415833503e-05
5.655605279736462338e-05
5.866770314666508188e-06
8.494631876808506461e-06
3.130555087329085187e-04
5.099565033906734322e-04
1.211729614945180646e-02
1.517935719336908559e-02
2.093600143344484521e-02
1.785886507334930734e-02
2.061708960592755630e-02
1.664187539901925555e-02
1.289763382078468190e-02
3.465319200957507270e-03
2.318345836128246802e-03
1.994210716498855639e-03
1.481040863622234581e-03
2.911344429934497788e-04
1.245396385617854665e-03
1.584253370473321439e-04
4.514514686309640699e-05
5.240268051243054687e-04
3.202202747561509570e-03
2.413448783007045030e-05
1.024261569542923041e-05
4.832956991460140150e-06
3.191851750753240921e-13
-4.554981212242012073e-27
-7.835192737592779259e-08
-1.078637708137389194e-07
-2.707591100564566975e-06
-3.768363931333527741e-08
-1.057334725154017370e-06
-1.477247637873533036e-07
-2.063259947318447417e-06
-2.357155474890985605e-06
-3.126743194412503190e-06
-3.365546593363796985e-06
-1.955740324125052645e-05
-4.709085540534373344e-03
-2.456626308187736347e-04
-6.425862891204187717e-05
-9.283960694862033102e-04
-1.565391821054357927e-03
-1.459904335886530219e-04
-1.519675075017419422e-05
-3.333543027962274162e-05
-3.395566727581987316e-04
