2.620305811100509530e-03
2.612647347298339452e-03
2.224225603230321410e-03
1.767793097507217937e-03
1.531034854990100330e-03
1.353189415441164410e-03
1.093447198627333109e-03
7.396705907309200157e-04
5.191606373941807942e-04
4.588223470488636112e-04
3.658045264685249264e-04
2.938716940608489064e-04
1.177717788938410884e-04
3.800889521826802476e-05
1.797378872317638237e-05
1.549202629882044159e-05
1.343261742253601328e-05
1.143832652614742874e-05
1.243168954002605186e-05
1.225536645907600426e-05
1.334650675823553211e-05
9.757262748778788904e-06
7.503646122533866922e-06
4.104690744745199413e-06
2.369050176437179120e-06
2.007203823151960700e-06
9.766987767273767431e-07
1.034551405484971067e-06
1.078816766730857286e-06
1.226701695492914678e-06
1.705406467419065810e-06
3.154105350569125393e-06
2.871684115216754508e-06
3.570046638631081159e-06
1.244807538384654976e-05
1.889169183845784263e-05
2.716129130264147615e-05
4.536401071542782757e-05
4.770426773743086124e-05
5.104309092435990492e-05
4.590822956903903247e-05
4.147807102481382936e-05
3.347561123514064763e-05
1.382217945989427760e-05
1.104930858587348869e-05
6.950736426799173892e-06
3.160607212384443454e-06
9.983067800088795156e-07
1.194130597996442473e-07
3.431118915484406751e-08
3.418339937512584505e-09
3.008965702741458919e-10
8.553105085647190477e-11
-4.044527039124602449e-10
-6.540867227250742019e-07
-3.270576238936750320e-06
-1.352508366422601754e-05
-1.933725170715862022e-05
-2.817717174098369298e-05
-3.076538545918306681e-05
-3.541907333349398197e-05
-3.791075030781612291e-05
-3.160573152838104251e-05
-3.062175973401862656e-05
-2.319288914649281618e-05
-2.279070967115291507e-05
-2.069950640093076396e-05
-2.340973481196586474e-05
-2.576192836206600331e-05
-2.849667840821846999e-05
-4.109483253594452468e-05
-7.110234835281627663e-05
-9.403776664808446062e-05
-1.209637889674251648e-04
-1.437839551701425268e-04
-2.638975411665820032e-04
-4.755587801336778214e-04
-5.652200086069964760e-04
-6.138914212833140958e-04
-6.624488249435442995e-04
-8.422121803403971900e-04
-8.247166912179614180e-04
-6.848771725970448062e-04
-5.872386941002278324e-04
-5.236137548784615273e-04
-4.489610199312184594e-04
-2.543368135046809083e-04
-1.707129850836606132e-04
-1.442436671616443785e-04
-1.899097596821336473e-04
-2.486497630517277443e-04
-2.974011824146939533e-04
-3.799572034468744132e-04
-4.949411969302581690e-04
-5.847467847816567891e-04
-6.932465385497856144e-04
-6.529891269763818612e-04
-6.053937760310480927e-04
-5.149175975885034650e-04
-3.743463608476173678e-04
-2.264920874051584547e-04
-4.827930193582124450e-05
-1.863625029815702688e-05
-8.834696118848435619e-06
-2.493869944597851722e-06
-1.524413685893239815e-06
-2.233005163412273156e-07
-5.928725403320436817e-08
-2.196497209952909057e-08
-1.850654642917023566e-08
-1.853874514920179926e-08
-1.800559609274073030e-08
-6.235262052946649020e-09
-1.469449072699158168e-08
-6.070386935129067574e-08
-6.117474993088558888e-08
-8.212765461227054778e-08
-9.120785268051931711e-08
-9.324661136458515509e-08
-8.422666729675087284e-08
-3.920490788425390377e-08
-4.906595561054748902e-08
-3.485989025472348723e-08
-4.485508954641233858e-07
-3.567942661215579444e-06
-1.458877958352106601e-05
-1.777202107378979634e-05
-1.784423960831505885e-05
-1.785345142598974245e-05
-1.743081855676635901e-05
-1.430923251787842171e-05
-3.270810591193005004e-06
-8.348392358938621770e-08
-8.292960146316756553e-10
1.517234017628931216e-08
1.535240685298631284e-08
1.534422066023856698e-08
2.889718413043526252e-09
-7.679895321661462734e-09
-5.223413154411489564e-08
-3.128600711045370508e-07
-1.207942488015425186e-05
-1.796770042310305050e-04
-5.197598369278894678e-04
-1.083148889626586080e-03
-2.290366628859979558e-03
-3.435311117725121672e-03
-4.694466248542279209e-03
-5.996585570865101307e-03
-8.053729820530403094e-03
-1.088497031091757543e-02
-1.366611007630494368e-02
-1.656765075958621311e-02
-1.950736274107586765e-02
-2.089131403792405042e-02
-2.056139828492308322e-02
-1.942842106629070684e-02
-1.742198388685723895e-02
-1.509071172785908001e-02
-1.238300598720770002e-02
-1.055702817858164035e-02
-9.273916715075129422e-03
-7.240469954767579479e-03
-5.277346651090006162e-03
-3.569979212900533608e-03
-2.067350443551808480e-03
-1.039660053679153547e-03
-2.553243758259345249e-04
-2.231545913693922491e-05
-8.285251673375093962e-07
7.487599566990762170e-06
1.105036896166835269e-05
2.054899076254091805e-05
3.284813810615174655e-05
7.294702477801967447e-05
1.000105760858503013e-04
1.255822057338567676e-04
1.978237643372294065e-04
3.027344544559007326e-04
4.115331149205590767e-04
8.185601261432419798e-04
1.440489047805095695e-03
1.800241212158650407e-03
2.059055404500024795e-03
2.087684748926565102e-03
1.978913449049591895e-03
1.534862173164052443e-03
8.837378057844081638e-04
4.982166859913130181e-04
1.638972911586612064e-04
2.085863483569987698e-05
8.396461274957020085e-06
5.261445470490323569e-07
1.271795334252576901e-08
1.542042443838518340e-10
1.491867285692499573e-10
-1.230861582741859955e-09
-1.271480724941572161e-09
-1.353823925685001081e-09
1.537959567686051860e-09
5.277536315371454408e-08
2.957656983679189971e-07
3.046273020168474876e-07
3.046679038825087031e-07
3.031123663207288391e-07
2.160732526364410677e-07
-6.339991743224482450e-07
-2.530385975716749539e-06
-3.941980765154233808e-06
-4.173686369899771287e-06
-4.319148099045174768e-06
-4.244451604595719087e-06
-3.481858557940026132e-06
-2.123832573446262057e-06
-7.933076826829403349e-07
-6.669073115753623436e-07
-5.780051239478296192e-07
-8.062671380041371475e-07
-1.307343120343968110e-06
-5.331570425276871025e-06
-1.753439656904638515e-05
-2.212409761402472287e-05
-2.305226201295642490e-05
-2.311751766465739908e-05
-2.280420830699618145e-05
-1.919055146829371994e-05
-8.605431191962396270e-06
-4.477623662774176876e-06
-3.674835671384169956e-06
-3.425555675482821179e-06
-3.414284236323174474e-06
-2.712516158450599749e-06
-1.021223557596555214e-06
-4.540248034839920230e-07
-2.704938056495818586e-07
-2.167438539042632788e-07
-3.327945706043087642e-09
2.018852003666452970e-09
2.078748702317614577e-09
