-2.590925510218529886e-05
-2.621205735012186328e-05
-8.483855859260237600e-06
-1.096430536824347796e-03
-2.477553235797276847e-04
-2.689625935678986398e-05
-1.128718849456530734e-05
-2.272989359618265155e-06
-3.416404735207388119e-07
-9.839308866912344000e-07
-1.391620023107405942e-07
-1.350155073725712877e-07
-9.448302222003995071e-07
-3.091095549401433781e-07
-1.717494203380174548e-06
-1.564093237870640617e-07
-3.917014656253991884e-06
-1.797802167406810328e-06
-8.509030162275491656e-06
-6.013427332417854075e-05
-1.320268977300292435e-04
-8.569686356204708061e-05
-2.175851945146878427e-04
-1.383401482098201019e-05
-6.992550072488703196e-06
-2.951262721966267865e-06
-2.084839843806555187e-07
-4.573014328492739989e-10
-7.320555688766177223e-09
-7.019198663238451952e-10
-6.868884958455991278e-13
-4.126557701082853405e-18
1.495573028879055593e-30
7.076711630483706080e-19
1.010505090248264720e-09
2.064962564587375864e-09
2.412304837539675020e-09
7.975160641116973611e-08
1.322670155361652156e-07
2.406657302185763480e-05
1.328543404666738143e-05
9.962521860884079633e-05
5.780904733064811014e-05
4.968509350757929072e-04
5.216466302328864532e-04
1.179984035107450987e-04
1.129526754085039583e-04
1.260781840341170554e-04
2.821058241169058451e-04
1.680376607403961031e-04
3.112259493559646527e-04
2.971729295121845616e-06
1.975333479465391626e-06
6.711442724170840826e-06
1.648975472486264096e-04
2.037603290849241643e-06
6.947062856074576475e-08
1.586166685997173230e-08
3.125097953248037119e-07
2.911035560343812316e-12
7.675396192925830756e-36
-2.085225295364263350e-21
-7.139055710526914539e-09
-3.111911615985792133e-05
-1.383589797152552582e-05
-7.353621197276230905e-05
-1.173133095592365544e-04
-1.418073380970259409e-04
-3.990003726782342421e-04
-6.011573281034428024e-04
-4.025930880980562203e-04
-9.337763880617620717e-04
-1.346545456065755464e-03
-5.671837209708889679e-04
-4.972292667319263334e-04
-8.268414716218735333e-04
-6.976120699288251154e-04
-4.792623356993214157e-04
-6.098565584201244691e-04
-3.460395463745400920e-04
-4.785186237449604550e-04
-8.764338153015173005e-04
-1.197981990088518855e-03
-1.804469187637208023e-03
-1.032003912580950131e-03
-1.411323907065467577e-03
-2.286470033854563766e-03
-2.004532001740376781e-03
-3.981290475626656292e-03
-4.678320909988662249e-03
-3.112534664312866569e-03
-5.114261034927637325e-03
-3.440603832171720833e-03
-4.532762811502969065e-03
-5.561355448886074609e-03
-3.634743791287195665e-03
-5.182834949415614581e-03
-6.079198757827196029e-03
-7.462774207204472474e-03
-2.893941889679900632e-03
-3.671210782328774951e-03
-4.336718806640348089e-03
-7.403240857025483734e-03
-3.326823853002560533e-03
-1.269266838771777742e-03
-1.961563654850128919e-03
-1.092403781203667330e-03
-1.243976058939812168e-03
-2.089286799932602457e-03
-1.134606023247098500e-03
-1.057505422833063518e-03
-6.463667055262157894e-04
-6.176772323916057033e-04
-7.984080780679501249e-04
-2.449236895258090352e-04
-1.041098102778793410e-04
-2.977789327964613366e-04
-2.445204288803424934e-06
-7.529603973450863599e-13
1.193491233557326609e-15
6.033607732930049183e-07
1.584849223074864207e-07
6.448022197144677336e-06
6.603327830538277050e-06
1.063103646196723324e-06
2.094495732997563193e-06
6.348764513557653048e-06
4.376291601195329455e-06
1.770996149034664158e-06
3.903167881079776124e-06
2.068068739164977734e-05
2.432869925519488624e-05
6.045425345868046330e-05
5.187410531308117069e-05
7.493944442623968947e-06
4.211770489503565546e-05
3.019838238489729677e-05
1.302340809012262159e-04
7.400337089230886564e-05
3.529665859098274588e-04
7.302013816295617032e-04
1.356777479310818774e-04
6.919624430461721910e-05
4.709122854444329221e-05
2.329685347531167635e-05
6.111391407348939784e-06
5.743197826807072340e-06
1.680352785913555712e-05
