8.767828866698306519e-04
4.992461153468390244e-04
4.271053404948815281e-04
3.639403209070728217e-04
3.669063086693082803e-04
4.020373400549256786e-04
4.163773811535138630e-04
6.689002512203561998e-04
1.211191265805961143e-03
1.366670539177984979e-03
1.513912240637436480e-03
1.525895840832525120e-03
1.436754471413293323e-03
1.258471546052758938e-03
7.199306705472724660e-04
6.097285406505794552e-04
4.581765092057899728e-04
7.796571057782273294e-04
9.139685055040645259e-04
8.878953472644430947e-04
8.785856293319777846e-04
8.090870071615509753e-04
7.585844771945902390e-04
3.503432406401877654e-04
2.458290571138920465e-04
2.063268740615985470e-04
2.961044569237841241e-04
3.712377287010443943e-04
3.976480602477723320e-04
3.893848361940415240e-04
2.897114629950914354e-04
2.610267964598567570e-04
1.377010166062937887e-04
6.204911882746071735e-05
3.522246788790691518e-05
2.741540125559502553e-05
2.917005990836972170e-05
3.192343022535214871e-05
2.408159583254541053e-05
2.762403305090662124e-05
2.142586998146462762e-05
1.600342895467026877e-05
1.279577451030926912e-05
9.777576643275719674e-06
9.586893031409840580e-06
1.708798546970997988e-06
-1.615008758442179404e-08
-8.887380868646977612e-07
-1.656964212684384796e-06
-1.657301290897458107e-06
-1.654305908636477101e-06
-1.652754303164881122e-06
-1.628839873751303701e-06
-7.685632053598698626e-07
-1.135224525234851186e-09
-3.076940283076304795e-07
-6.472049867615703954e-05
-1.379886235389843287e-04
-2.077788788652190058e-04
-3.873817681411955718e-04
-5.876845362853967258e-04
-7.000125247092429254e-04
-8.714800043040779251e-04
-9.669550393504736455e-04
-1.423877360390929598e-03
-1.480542418032991308e-03
-1.304992577955994522e-03
-1.223744730989282476e-03
-1.002652202998260489e-03
-8.472125322003353073e-04
-3.478366536453901688e-04
-1.250516050608242713e-04
-1.765731232838286396e-04
-2.531728544208530470e-04
-2.925362529637711654e-04
