6.440357411068839411e-03
4.949593085362867344e-03
4.457060225049017284e-03
4.223431573465724273e-03
3.954359680506383187e-03
4.036003996924171500e-03
3.713705791472573983e-03
4.053850519750526807e-03
6.555110150616473563e-03
6.458507293658897162e-03
6.403272851997995375e-03
5.937721391648244189e-03
5.535995442414888730e-03
5.003263369780792773e-03
2.499599102369423620e-03
2.728581967184316032e-03
2.871838710238873178e-03
3.298942735442563640e-03
3.633639056932343528e-03
3.601717461240165358e-03
3.244464340992736506e-03
2.772917560618818906e-03
2.439998451586019527e-03
2.092784850694777519e-03
1.726338255979228270e-03
1.743268782067261069e-03
1.946544125015272795e-03
1.979885272349019443e-03
1.928744685302319697e-03
1.831706493455320878e-03
1.916344344334835331e-03
1.937825130519836700e-03
1.946769469413569967e-03
2.121130495237738989e-03
2.584215457114098693e-03
2.699723522018027556e-03
2.632434721049390237e-03
2.806881130356927295e-03
2.934277875236579718e-03
3.442815227586269386e-03
3.817006875713240596e-03
4.295020385811754160e-03
4.766014564522570891e-03
5.275078963129835319e-03
5.643182160586814738e-03
5.575555498440652735e-03
5.495030335170711204e-03
5.571790624545599341e-03
5.815340846442700225e-03
5.587485429931179741e-03
5.465304637056183669e-03
5.155469940740551628e-03
4.971318916999266195e-03
5.169580210247441861e-03
4.750471312304043771e-03
4.598692553601609577e-03
4.332933164521160334e-03
4.170599337617178666e-03
3.898315809230105955e-03
3.256268576980182478e-03
4.436633393600612763e-03
3.210746652659888373e-03
2.712589351623820397e-03
2.259316162059264808e-03
1.807783092686249824e-03
1.422019574463719710e-03
-3.221491347328410762e-04
3.320490596640988620e-04
3.919118043825719935e-04
5.062137917771394446e-04
4.758914990420186884e-04
3.237260272882173506e-04
2.003565420350625088e-04
6.568508360083786005e-05
-2.103391036121349646e-05
-9.804358079072987738e-05
-4.043033618949205468e-05
3.093859499926234462e-05
1.256012026775416392e-04
2.299326829305889993e-05
-3.263269898520181609e-04
-5.281440529281411760e-04
-6.850511642612304832e-04
-5.986773210921748087e-04
-4.500212766388844818e-04
-3.942642880962533202e-05
5.238680380631986766e-04
1.105369598321016790e-03
1.492835527274387862e-03
1.696764622257731147e-03
1.890007513098956524e-03
1.886140271565357567e-03
2.077075107174569408e-03
2.268976336249325931e-03
2.244684417727329118e-03
2.182223621251973104e-03
2.064490092012445828e-03
2.152120446751809146e-03
2.191382023021867798e-03
2.017553671047412570e-03
2.052630228595978684e-03
2.141248116676004037e-03
2.347670602464726596e-03
2.408067254500237137e-03
2.316529823190039469e-03
2.323396389449545671e-03
2.716766775216712237e-03
2.987587303113485148e-03
3.160834817513040722e-03
3.242859073321881832e-03
3.426800335363135511e-03
3.517064320176206595e-03
3.333485826551553510e-03
3.194952645795576338e-03
2.949764983096440311e-03
3.065420418286377013e-03
3.025343256364010965e-03
3.002485123290605639e-03
2.913514570584957181e-03
3.038530607926723508e-03
3.051378405072178914e-03
2.909146400532230687e-03
2.770410449983870538e-03
2.849216331538870911e-03
2.911759073136777325e-03
2.617008704943980021e-03
2.500083838260596086e-03
2.443289454276765475e-03
2.648906009990437214e-03
3.333930683589766963e-03
3.482722282764924484e-03
4.246440509033200771e-03
4.805310965196731704e-03
5.399066910822431474e-03
5.791876458271776919e-03
5.771310270292700530e-03
6.198016029126993121e-03
6.425065856157905625e-03
6.307836931567529538e-03
5.877907160323193013e-03
5.521412418232385204e-03
4.869693005863462085e-03
4.279719037544466205e-03
3.341939395136894059e-03
2.954932717894542815e-03
2.497989660293889816e-03
