2.794246542839779759e-04
2.892828719394625533e-04
2.307806555454564425e-04
1.737822592972672082e-04
1.414064335110363753e-04
1.189488554888224825e-04
1.026870804753373328e-04
8.991074488560317523e-05
8.013877214408927875e-05
7.253856242840577115e-05
6.601404447985488014e-05
6.056885092899923998e-05
3.738913436164447481e-05
1.337797441043045345e-05
4.429382390107498820e-06
4.849219466107603019e-06
4.192047121429363534e-06
4.564563155663783042e-06
5.834434354568668584e-06
6.732839697737485801e-06
7.083074345449364956e-06
6.761890625844562773e-06
6.759961242218810933e-06
6.708386239011311028e-06
6.687482284900105946e-06
5.796242536135486111e-06
5.299561689414459456e-06
4.770017159053184515e-06
4.641009419636904066e-06
3.893370740589019107e-06
2.215702037116067971e-06
1.395144290609471263e-06
8.859700411437793180e-07
8.628548473307696817e-07
8.046069394567410929e-07
8.009442179340297110e-07
7.162177153437838990e-07
6.901932827154237826e-07
6.541142550442363505e-07
5.315658300137830811e-07
3.258183835988841097e-07
1.458605802662680066e-07
1.272888852987943684e-07
9.741643898719350166e-09
5.102225770037874578e-09
4.728517969016899542e-09
1.400920334858847316e-09
3.292920648364314585e-07
1.392283948698124342e-06
1.711440085235853434e-06
1.759641024956381309e-06
3.769652839309369690e-06
3.989505849710747065e-06
4.084457649934765684e-06
4.246816841970664330e-06
4.554778381620408676e-06
5.267140289879758777e-06
5.683565564466109645e-06
1.564395713200688001e-05
1.633050339623163535e-05
1.598608056678402740e-05
1.571238531508339960e-05
1.577015108638799872e-05
1.387397116258879617e-05
1.369028051711929652e-05
1.365256636273559740e-05
1.377102375885307563e-05
1.351764774930897842e-05
1.285172958396069077e-05
1.244417697993712574e-05
2.494038804774604338e-06
1.479078091785409809e-06
7.796708459154334394e-07
7.393056101905027698e-07
6.380599899925793569e-07
5.378603117927593012e-07
5.078920692790865215e-07
4.523892775351637946e-07
1.732914060507525500e-07
1.215588067950572267e-07
7.574578616991823711e-08
6.684787858728530270e-08
5.608317714641125976e-08
5.588644812125653718e-08
3.670632057421919986e-08
3.166827200429829857e-08
2.694719465279047696e-08
1.331499151003165378e-08
7.120869091827923899e-09
5.386014995430436785e-09
3.667298326463421290e-09
8.143657590234897991e-10
1.801456907535060648e-10
1.550883249159115203e-10
9.920365930516400434e-11
8.013921194293884994e-11
5.762527343056239546e-11
2.442591736593147946e-14
9.211705974142537272e-15
-3.886831614859471324e-18
-3.886833589169872153e-18
-3.891374601502630293e-18
-3.937138129589686444e-18
-3.934282346685637268e-18
-1.551433642986646911e-13
-2.567229794503609278e-11
-3.053002851054718335e-11
-8.543285173463569126e-11
-8.580623303301312935e-11
-8.695517119342969837e-11
