8.144260913295126552e-12
1.326698323761403009e-11
8.383520382910893351e-11
6.361180279192694424e-11
7.346506519207549397e-11
6.454033721274199842e-11
7.554044360078289013e-11
1.053289370293759494e-10
5.022063383470280220e-10
4.520148312598204049e-10
4.109259685433933962e-10
3.769075113509134466e-10
3.762288448355558494e-10
3.746963693996595768e-10
3.559487323254486940e-10
3.557035990306418073e-10
3.462970906153858209e-10
3.446374207954578696e-10
3.328423318052385022e-10
3.066883302501252082e-10
2.528678428570355866e-13
2.285955554029152175e-13
2.254837738093529725e-13
1.102543398790124393e-16
8.836025614863036125e-17
8.833265805538486143e-17
8.835614349302842371e-17
8.834426357882640905e-17
8.902491938920892983e-17
3.406851573134622199e-17
3.306394111767766164e-17
1.731590058137078732e-16
4.128545378250889921e-15
4.128582508684015994e-15
4.447993823880485231e-14
3.104177060340705158e-11
5.938575346086705041e-11
1.213964581038254922e-09
1.308359117112416941e-09
1.379090191215215649e-09
1.393419611430999559e-09
1.452314322052119433e-09
1.510674490712553294e-09
1.580624725179452206e-09
1.585432440866885992e-09
1.675969430099854036e-09
5.848911038294666147e-09
6.530443897809067023e-09
1.063551233564531376e-08
1.010177183418389240e-08
1.077198459495396549e-08
1.106050410324974083e-08
1.119318175160913983e-08
1.331104037948770638e-08
1.703568631682232124e-08
1.696588029127652455e-08
1.696106862020911507e-08
1.687053163093689131e-08
1.269754967138634957e-08
1.198501952120678080e-08
7.851607100513073919e-09
7.230768774359755448e-09
6.466161472123367324e-09
6.062755916603566504e-09
5.915748846196267042e-09
3.738995507696550633e-09
-4.401059846445643504e-11
-4.415497851130483073e-11
-4.415496387804123385e-11
-4.415493360845794964e-11
-4.415444952189942300e-11
-4.362062896738447678e-11
-4.362049074473067945e-11
-4.360922690093426313e-11
-4.358638788533603334e-11
5.735680937906624690e-13
5.861928729593214908e-13
5.862159685771466115e-13
6.979899343108544255e-13
1.031847678760834777e-12
1.033641819899415793e-12
1.033612604898485799e-12
1.033342509579353448e-12
8.309626949453147243e-13
1.733215979509484100e-11
2.144218672077893981e-11
6.389486856986425725e-11
1.092002784829977008e-10
1.094405856258446388e-10
1.750754396887231037e-10
2.166741988445759557e-10
2.387065504036705311e-10
2.047066951344868191e-09
2.150919555341410149e-09
2.277781704662352331e-09
3.390375122380779458e-09
8.878073995815528783e-09
1.544812768194903085e-07
5.357714092835583230e-07
3.343830394326551105e-06
4.650307392242675678e-06
9.064784437029667534e-06
9.561678935126235651e-06
1.164927540383784204e-05
2.898292376829851366e-05
2.972179127987907197e-05
3.073066710121428107e-05
3.098878299237675497e-05
3.117614450502402985e-05
3.132033726102651823e-05
3.134719997389864957e-05
3.606934136276594509e-05
4.549631775179997583e-05
4.118217882959285058e-05
4.077914206211167799e-05
3.891091116757528103e-05
2.205261177890556519e-05
2.131473181940732263e-05
2.030577454144698047e-05
2.004654572542604826e-05
1.985368001257001091e-05
1.956385540895783505e-05
1.915565881328621818e-05
1.162541310173504639e-05
8.919594618529735116e-07
7.915557043959511718e-07
6.976562632474259057e-07
4.782683228629125998e-07
1.110984862233987527e-09
1.958017487114053051e-11
-2.582556330382034412e-11
-2.582556330659244930e-11
-2.582556330749314559e-11
-1.302523493069357164e-12
-3.499072272075961018e-14
-7.743894843540849122e-15
-3.808233738288449115e-14
-2.040909474735133107e-12
-2.322079125605158588e-12
-1.749406924590152763e-11
-1.781433395606746061e-11
-2.049522104881781934e-11
-2.221012982367841731e-11
-2.121824533548660390e-09
-3.612100951125517300e-08
-3.626976591198700150e-08
-3.732750097083646196e-08
-8.395577703001883365e-08
-1.507569338479433751e-07
-4.348593702826724790e-07
-1.110620032318510896e-06
-4.493067082705503100e-06
-6.476615479118493868e-06
-6.313483055184337402e-05
-6.644972957826290254e-05
-6.666097615346945984e-05
-6.669654016422251429e-05
-6.677571714743951996e-05
-6.750719105688354630e-05
-6.828232919070484103e-05
-7.557775749911666702e-05
-7.740564741580765887e-05
-7.684895208726303946e-05
-7.350212223880932738e-05
-7.158987684241826242e-05
-1.508077522273128399e-05
-1.182509168316046455e-05
-1.193244601351391801e-05
-1.186677689226921848e-05
-1.184301229297652063e-05
-1.111612074417609141e-05
-1.035611102726894918e-05
-3.072385296347810397e-06
-1.126985601705611836e-06
-1.051830090034568816e-06
-1.214468147082754639e-06
-1.269864248633976230e-06
-1.717268711503770258e-06
-3.560054769409242434e-06
-7.615819147733144386e-06
-7.764051317385132570e-06
-7.831574018519215201e-06
-7.831744811189652309e-06
-7.794069617895043467e-06
-7.730218528555264393e-06
-7.567975010670031000e-06
-7.525599816162247219e-06
-7.333588014208429723e-06
-7.207541544190761939e-06
-6.618863556722760296e-06
-4.717305755122116257e-06
-3.410659163609836091e-07
-1.889403002300742650e-07
-6.585645831547078852e-08
-6.004556265545134608e-08
-3.596406297544030669e-08
-2.131135251323980946e-08
-1.695581990166724234e-08
-1.239098508661193633e-08
2.313258149988360909e-09
1.329712373438517737e-07
2.311061390619781322e-05
2.315232361405289438e-05
2.315429739056997993e-05
2.315431015754854178e-05
2.315431015754854856e-05
2.315431016019285667e-05
2.315431016656986280e-05
2.315431013420425954e-05
2.315434695452107798e-05
2.315136259117362089e-05
2.314304547602894012e-05
2.301311905594523893e-05
4.331941563171592361e-08
2.126014979581392055e-09
3.773001225298362575e-10
3.651611808502898595e-10
3.651611816190762771e-10
3.651585373217708651e-10
3.651522733899428031e-10
3.651494840725167658e-10
3.239399811188086010e-10
2.783769956960683784e-10
1.498779215922466480e-10
7.161875157622893316e-11
7.286521001190093532e-11
2.484137042644232455e-12
6.426731216301632521e-10
6.756599317241160425e-10
1.167833567061075952e-09
8.983982670047707986e-09
9.604681347146839810e-09
2.234202341916153963e-08
2.453840458280439191e-06
3.960071701012008538e-06
5.218014713816506899e-06
8.590372247233003271e-06
1.011009634845903158e-05
1.021476998789523557e-05
