6.264489264042495805e-04
1.058179127785417685e-03
1.573693652572814286e-03
1.745374578248943577e-03
1.764269141630123812e-03
1.584660464348797149e-03
1.482204643736859378e-03
1.207188899953831607e-03
1.014046190479507602e-03
8.310031946663921356e-04
7.326656321199473887e-04
7.501120560120759896e-04
7.255673397694585407e-04
7.126485487169025067e-04
5.697752994816983503e-04
5.074757455065110863e-04
4.754179964101810409e-04
5.881338186334020756e-04
6.698390555038242827e-04
8.582567547429901687e-04
1.031132405667064969e-03
1.148474069503181661e-03
-5.204460687433119272e-03
-5.220855171887986423e-03
-5.136056325772716917e-03
-5.082848463624602305e-03
-5.017665479621308093e-03
-4.932232891835368511e-03
-4.911682734241172750e-03
-4.722965085471751180e-03
-4.545518423848556207e-03
-4.366210924089599689e-03
-4.319503881485309803e-03
-4.128528426622781605e-03
3.025439325600649734e-03
3.311191578554791102e-03
3.665807370037047538e-03
5.310556346083120625e-03
6.460633100095594487e-03
6.476007315559324101e-03
5.977266241914836430e-03
5.176339324545160998e-03
4.200906148386764592e-03
2.949318061921685913e-03
1.491269241311986163e-03
-6.033742895401147032e-04
-3.625937337734649792e-03
-7.486563871434753249e-03
-2.376986351210093329e-02
-3.341914421672640551e-02
-3.518684297077880052e-02
-3.635500998942880341e-02
-3.588642033901704581e-02
-3.520504386166062316e-02
-3.470314205177253003e-02
-3.368697647141873780e-02
-3.249113704606051284e-02
-3.066208821970928255e-02
-2.846404439630053143e-02
-2.504233297688911522e-02
-9.390472425144473848e-03
-1.741307874229105655e-03
-1.549603358498953054e-03
-8.613567879849218581e-04
-1.156060710397273329e-03
-1.590937232953202251e-03
-1.619580247711573280e-03
-1.819195800014913921e-03
-1.936052498945750773e-03
-2.026084531835225210e-03
-2.149737568767294202e-03
-2.215840938643754473e-03
-2.224420833582248756e-03
-2.154512090584361547e-03
-2.031966491675712364e-03
-2.166385500689177023e-03
-2.766261463575267129e-02
-2.824297532596539359e-02
-2.847061011953392826e-02
-2.867823409540984012e-02
-2.891608272608372707e-02
-2.917304685040083070e-02
-2.946942276357402898e-02
-2.974178402263931084e-02
-2.959511835707701044e-02
-2.951760510740657553e-02
-2.944960573338433960e-02
-2.504979585991387245e-02
6.646640172305781072e-04
1.436266436069252167e-03
1.858957722458864708e-03
2.174775783008861627e-03
2.679873427458739129e-03
2.981709688101273365e-03
3.135317241124493948e-03
3.154072912419512726e-03
2.699892603191496061e-03
2.370640701729442596e-03
-1.725835327403594686e-03
-5.839901564052472904e-03
-6.019612666440473693e-03
-6.305324797648444862e-03
-6.504692509121132692e-03
-6.670498289361355589e-03
-7.028799173353295765e-03
-7.267861390606002864e-03
-7.260172970629404608e-03
-7.152629891000663633e-03
-6.920905116925076157e-03
-6.647167452729686038e-03
-2.561786353890529219e-03
-2.555401709344643033e-03
-2.490058830988912085e-03
-2.187100502441141191e-03
-2.044438988732940558e-03
-1.949998694972303976e-03
-1.878298952046237452e-03
-1.742226265412188252e-03
-1.753608587239719992e-03
-1.821349516880978875e-03
-1.884304819282808319e-03
-1.943229317631091010e-03
-1.884331949045127581e-03
-1.818506653498637915e-03
-1.768529999616834207e-03
-1.777782003742470196e-03
-1.746630851919328585e-03
-1.639545084944997932e-03
-1.452193657843079333e-03
-1.263903608981116651e-03
-9.657694862940931040e-04
-6.096987611822713912e-04
-3.342644389899877768e-04
