5.900159708409185568e-04
6.542682330680340066e-04
7.405148602004483658e-04
9.917334656256565888e-04
1.297468186465660809e-03
1.326131547087599540e-03
1.389594364569087664e-03
1.482441921765149375e-03
1.461776288183236306e-03
1.279300783852472439e-03
8.992352434155849623e-04
7.610151956453284740e-04
7.964797361778964231e-04
8.323694972270499108e-04
9.800650175550383852e-04
1.159150287097378924e-03
1.403521911439941554e-03
1.606736103377612128e-03
1.637628337614489013e-03
1.577192104867874848e-03
1.499628104633231795e-03
1.319334438450901802e-03
1.117008970003142759e-03
9.974286125568967726e-04
1.042586374574795520e-03
1.030129144702464708e-03
1.157590511589625054e-03
1.412076563393653084e-03
1.717863689804141570e-03
1.867526490653949323e-03
1.815931661671318226e-03
1.793925986373639050e-03
1.790482096741489960e-03
1.804925242752232137e-03
1.828862247068260274e-03
2.002187466415047967e-03
2.198894591391469065e-03
2.357291238498239461e-03
2.258707818983175537e-03
2.113030747220236757e-03
1.857511068773687324e-03
1.416320807039975205e-03
1.031277186357638020e-03
9.559405199744083238e-04
9.976923447618183793e-04
1.075467351165585415e-03
1.190536735669865589e-03
1.486502035914248144e-03
1.769661328023935986e-03
1.754812526058328317e-03
1.778043629971358701e-03
1.512108148297452949e-03
1.275470199641031473e-03
9.617526700555347830e-04
6.383503126150711846e-04
2.034426712213215202e-04
-3.248499333000973545e-04
-4.700190680609940834e-04
-6.019152973581857764e-04
-7.859241170166290447e-04
-9.589362458644056257e-04
-1.259061961430764766e-03
-1.466175196528047642e-03
-1.970334559898911323e-03
-2.656597541850056268e-03
-3.017938160424380335e-03
-3.103938439975034366e-03
-2.733952633709600417e-03
-2.491918019662489603e-03
-2.006588099310042516e-03
-1.467465169757966844e-03
-1.247532937853342494e-03
-1.366226065453160152e-03
-1.773945297421200594e-03
-2.144585337986282692e-03
-2.689434058475907805e-03
-2.997626421038459502e-03
-3.152432261543337486e-03
-3.081439288453750522e-03
-2.838518333558944298e-03
-2.604483189508239715e-03
-2.377965463603999054e-03
-2.230815849162328269e-03
-2.062729778543373558e-03
-1.908771149477603768e-03
-1.749071243684665808e-03
-1.632564803825382752e-03
-1.287789320548317394e-03
-1.020095980027927026e-03
-7.512912727451266821e-04
-5.367405600927969717e-04
-4.461909544576442223e-04
-2.924058472517874758e-04
-2.701816330955945922e-04
-2.129120744642322221e-04
-3.323321036732107114e-04
-5.354185472328192421e-04
-5.275267671084315222e-04
-5.381922110054369185e-04
-4.805885358254503078e-04
-4.601794462237912748e-04
-4.379663553210250723e-04
-9.191655656362159249e-04
-8.784722805847822299e-04
-8.376285119402281489e-04
-8.828088045995831487e-04
-7.837607101178526402e-04
-6.915135990992940908e-04
-3.687474552566821773e-05
5.396985008753509152e-05
2.047963831242974059e-04
3.558404678914415284e-04
4.416586618642767020e-04
6.367093682573540326e-04
8.163062861765211066e-04
1.028272347126848313e-03
1.791032830007911704e-03
2.002810202623618238e-03
2.026001380797125967e-03
1.972605443832229754e-03
1.784903804419682568e-03
1.583720430816088799e-03
8.540275453617795403e-04
6.569381813315717513e-04
5.624871717055467775e-04
5.102674977778997494e-04
5.441203582305162564e-04
4.336796456093361938e-04
2.937475953118121800e-04
2.146364483510071551e-04
1.800034868466583152e-04
1.959454814605799766e-04
2.513395020533534807e-04
4.146518076489818573e-04
5.534599248657240053e-04
6.986438065540206055e-04
9.139457345437546976e-04
1.074168470385763888e-03
1.133366084550222310e-03
1.309035137105439691e-03
1.414321768145879871e-03
1.492791543717047554e-03
1.439228000812084636e-03
1.320283952374627081e-03
1.311641713465663177e-03
1.131443722382187910e-03
1.120762328395656779e-03
9.982632801952351712e-04
9.315977220464197704e-04
8.821696822287764320e-04
7.770752551833328076e-04
6.261971703175806718e-04
4.032604618708258309e-04
5.705816290084637140e-05
-1.127698371824908838e-04
3.506052135030567274e-05
2.508109563985492976e-04
4.052531573433405094e-04
4.405072450835811719e-04
6.474001506403995838e-04
7.013628447579619033e-04
4.770103523278376831e-04
2.331513330265932722e-04
1.659811471393646525e-04
8.439902782054018598e-05
2.486712291667700380e-05
-2.771691702542956423e-05
-2.316615174320030095e-04
-3.931164852816813708e-04
-5.537599048592145969e-04
-6.173576960296342292e-04
-5.936633938922454513e-04
