beta2
9.794859653243248934e-03
9.750502803198324991e-03
9.629182953044459342e-03
9.549572870180551842e-03
9.765829390497332563e-03
9.761955941626751510e-03
1.008074477409667130e-02
1.076521818895528546e-02
1.133426993351308032e-02
1.185247084717561475e-02
1.215957414240406188e-02
1.280231303903163996e-02
1.238289344352617657e-02
1.201700534390384885e-02
1.131526065689767227e-02
1.083655918314561060e-02
1.022090257153185182e-02
1.006981944024625680e-02
9.038952789276133437e-03
8.492877203124969340e-03
8.614421053062180228e-03
8.764140122834416374e-03
9.013968475820428872e-03
9.087869805332705192e-03
9.146699616698188498e-03
8.857175017677413470e-03
8.782520840248150829e-03
8.775374772088548325e-03
8.637080904605218962e-03
8.531439532159946354e-03
8.495057714808650073e-03
8.767994742626699159e-03
9.594188872477149577e-03
9.648788888571152578e-03
1.024656549272772582e-02
1.015824526296408604e-02
1.021772009160766027e-02
1.026182954298780065e-02
9.889684733082684115e-03
9.696891815323972416e-03
9.763194748045182433e-03
9.921149604943342581e-03
1.002136260582241201e-02
9.938801192736164414e-03
9.911544365369189327e-03
9.845091698079308160e-03
1.002980820140693050e-02
9.901303960042342686e-03
1.011828275430902771e-02
1.025173175439992798e-02
1.080093924705007730e-02
1.201220818442032441e-02
1.307366087374244902e-02
1.438848846075093356e-02
1.571498531193247367e-02
1.622225237644703277e-02
1.693622692793780860e-02
1.763595000028816626e-02
1.753959622961449860e-02
1.766548367474707337e-02
1.802728414004987900e-02
1.767992984916592208e-02
1.845681114008036749e-02
1.800426100831122034e-02
1.772459733397454412e-02
1.728050605438251341e-02
1.697030205500390729e-02
1.721336678781341598e-02
1.646810439136399060e-02
1.536129460909787386e-02
1.417546349023246846e-02
1.318338784514262035e-02
1.248608106204509086e-02
1.160889235174378253e-02
1.103401148013727698e-02
1.077179837306768348e-02
1.063335524259283876e-02
1.014573653692738345e-02
9.508448365791278417e-03
8.900309292044598919e-03
8.844903485705060686e-03
8.816194854858218355e-03
9.365433147484471949e-03
9.375959758697288704e-03
9.524170580725242405e-03
9.625814385765195727e-03
9.711381916701561715e-03
1.006524265580932727e-02
1.019326394595965884e-02
1.036105901146189626e-02
1.090500400788509475e-02
1.107940976470165109e-02
1.120091235017413485e-02
1.080217550963075493e-02
1.044056525363868705e-02
1.034418654185749464e-02
1.049123618450337365e-02
1.065771693552792186e-02
1.077753058981006061e-02
1.102406811986913690e-02
1.100151634845731446e-02
1.108357994793429495e-02
1.105695345612980537e-02
1.101425036781740474e-02
1.088223768177983691e-02
1.058574277487519914e-02
1.033852611519298949e-02
1.024839805236216900e-02
1.006297328417475254e-02
9.891486436872530888e-03
1.004365281441441451e-02
9.840980019728471501e-03
9.393321019727901219e-03
9.069013061788663496e-03
9.311997943569346597e-03
9.561530454471705437e-03
9.767611565078344188e-03
1.005450058657121962e-02
1.015805753613122780e-02
1.033609718982329145e-02
1.020716424565974202e-02
9.970653344056567419e-03
9.889254475388317353e-03
9.747784592521619232e-03
9.933950771687641290e-03
1.002581715905894594e-02
1.009496070908941223e-02
1.024611284886903576e-02
1.021479645282015632e-02
1.040838446466453571e-02
1.039576472374798000e-02
1.039702451321065924e-02
1.020089461723905008e-02
1.013935480304693250e-02
1.010990291712536571e-02
1.025001413100807071e-02
1.000919411201530926e-02
9.846261778233668729e-03
9.992634258015192783e-03
1.031961481711075185e-02
1.058235355628388968e-02
1.087241094887029386e-02
1.112051907684610298e-02
1.147633185830792407e-02
1.186700045453539798e-02
1.260873916780072199e-02
1.323845411413697784e-02
1.288969063750986313e-02
1.259817097560985560e-02
1.303779226216031373e-02
1.348950986987933025e-02
1.410352002239317198e-02
1.351797035673847971e-02
1.306938288057019233e-02
1.174528859440560763e-02
1.059584027642893056e-02
1.015276649866910658e-02
1.007339970074644028e-02
9.529945772160580003e-03
8.879900375273312024e-03
8.557727165068550190e-03
8.169509173059528659e-03
8.451548162818511845e-03
8.537553221305858864e-03
8.184155224200344303e-03
7.871731050566892554e-03
8.130527794721587390e-03
8.433462681618457066e-03
8.431839530458047280e-03
7.857211009630007958e-03
7.995178146410772749e-03
7.957442518012232402e-03
7.569961182058992932e-03
7.562741003599613224e-03
7.747940114710426956e-03
8.119735254133984143e-03
7.982033183940914073e-03
8.552111828469760937e-03
9.041334073446363404e-03
9.294107976141812583e-03
9.265586230046356231e-03
9.169055900369682197e-03
9.055770346715851654e-03
8.901007717096273697e-03
8.999166160275221329e-03
9.026205593307778594e-03
8.787484903228840599e-03
9.178644282442654026e-03
9.028535856493352663e-03
8.837186274204253400e-03
8.727319803513031160e-03
8.757674533613438173e-03
8.620986073620388185e-03
8.402025256839728770e-03
8.452662603725806870e-03
8.582434513360484227e-03
8.142434812014915854e-03
8.385391972028335278e-03
8.613293351960451399e-03
8.601022381982844495e-03
8.870112297886940250e-03
9.220187428570676691e-03
9.451683635763780816e-03
9.792909178495904504e-03
9.271622222897700494e-03
8.861512098789832426e-03
8.495425120223165649e-03
8.339244521066876276e-03
8.460579328901471352e-03
8.448070169378995437e-03
8.878403929675302009e-03
9.353129021919120989e-03
9.330341308765251890e-03
9.168570380359057637e-03
9.729756018732330786e-03
9.956051687160658720e-03
1.029546854522445272e-02
9.960124898399315765e-03
9.554432078185228980e-03
9.236096027166434963e-03
9.059348137410756438e-03
9.032989202779253407e-03
8.872979870187933452e-03
8.957096817768187696e-03
8.682097829800790312e-03
8.691173039829292596e-03
8.929677885379651986e-03
9.138236518759392316e-03
9.587069160934467288e-03
9.149503724660432158e-03
9.007708992342109214e-03
8.936498497747420722e-03
8.995712319116078506e-03
8.917459182393552494e-03
8.808073780728401664e-03
8.201659287629382150e-03
7.657351814762411793e-03
7.723353882436442136e-03
7.735506273696578922e-03
beta3
9.902758452299434237e-04
1.018530387621378050e-03
9.473559169862550344e-04
8.285829615746346036e-04
8.879146396428689008e-04
7.922893204865442615e-04
7.297890479014212213e-04
7.504494053173004853e-04
8.013032869521460270e-04
8.773677552508663945e-04
1.069181452989093712e-03
1.075950329783100564e-03
1.221256230160875592e-03
1.326466038372463080e-03
1.453912389809993008e-03
1.536227227154058402e-03
1.562818385143640828e-03
1.703881465644913008e-03
1.967370804835513309e-03
1.815084388080089560e-03
1.784876195331430411e-03
1.786819736246099063e-03
1.703602945373839349e-03
1.753673312435452807e-03
1.751678474265723918e-03
1.740594655772176400e-03
1.748773722956801537e-03
1.762865160380162888e-03
1.722209452712698211e-03
1.649808427231921285e-03
1.578797535160019654e-03
1.493174204895633770e-03
1.396977008978161298e-03
1.489413001019399170e-03
1.569280245317383098e-03
1.739456504691562749e-03
1.859645017602076528e-03
1.959600795281897338e-03
2.282832820586340027e-03
2.799916795608445828e-03
3.165434424515579763e-03
3.664443249773707660e-03
4.131889536842977759e-03
4.543669073489106473e-03
4.914544427315065134e-03
5.402056653198925203e-03
6.245503122131713936e-03
7.016506457430422145e-03
7.840525111722092613e-03
7.798162766108891579e-03
6.581456780398943669e-03
6.147824977910130127e-03
5.592518901187262283e-03
5.150932289343280665e-03
4.815894298097983181e-03
4.499545629692750827e-03
4.251282957448743009e-03
4.065207317744407543e-03
3.787508820997929123e-03
3.462430695787675587e-03
3.416214586827105021e-03
3.421870199259176466e-03
3.276001303008852991e-03
3.213546980568512089e-03
3.293701710525986578e-03
3.656825667692999680e-03
4.118400470704226823e-03
4.533311259797657283e-03
4.575076846949618047e-03
4.277631881732173874e-03
3.952083041878223443e-03
3.987727405009341974e-03
3.941672855354200894e-03
3.806549226384370235e-03
3.957284410138380004e-03
3.804340882661254655e-03
3.825369496736403217e-03
3.905190306037337189e-03
4.000368066198273231e-03
3.946822077711655691e-03
3.720504669560737061e-03
3.549038364269694289e-03
3.557408181145812510e-03
3.574893808757968142e-03
3.595222682706581720e-03
3.638672853543338352e-03
3.619750582383284530e-03
3.700405514445787546e-03
3.664595472477592299e-03
3.652732550011541200e-03
4.186790347434299342e-03
4.276527526216922052e-03
4.497914637134008305e-03
4.535888992190248437e-03
4.507658874508328056e-03
4.254270295423958834e-03
4.286478694964738351e-03
4.264139671524672798e-03
4.298910407390032704e-03
4.476644781355180319e-03
4.734834663703977459e-03
5.017412412504921454e-03
5.226402609193740376e-03
5.311385825774286688e-03
5.081175031425941985e-03
4.973223516453004200e-03
4.857278087180297299e-03
4.742390537543168805e-03
4.589795439305134617e-03
4.430108906414619886e-03
4.479563141829873141e-03
4.213425999554530101e-03
3.725562211668126573e-03
3.522589962573223835e-03
3.620702879632695624e-03
3.730382164442720694e-03
3.831858095967440210e-03
3.981290011405395034e-03
4.147724033334356311e-03
4.372792148766178541e-03
4.093532815007011952e-03
3.827167101481675736e-03
3.786626558532027887e-03
3.644759553653689754e-03
3.675670634956056289e-03
3.718680528068415633e-03
3.559700960669896774e-03
3.376675783050874999e-03
3.315577670318031224e-03
3.331217278735283151e-03
3.338280986029098542e-03
3.228889306177353414e-03
3.123392369572192302e-03
3.041976549782098808e-03
2.830759893174769788e-03
2.582675624439731248e-03
2.445995659748498308e-03
2.249912008869675573e-03
2.136197324053437999e-03
2.040336409332707285e-03
1.991043802866647797e-03
1.935694839492408271e-03
1.871068369917227529e-03
1.789917036838496690e-03
1.743311002776900447e-03
1.668675293655772114e-03
1.657122469743177971e-03
1.623765941608005647e-03
1.681161678252914363e-03
1.706640881039084290e-03
1.781949046873345602e-03
1.849239437062622556e-03
1.972220976000633834e-03
2.069046626111387295e-03
2.020129753974743165e-03
2.101451127310700016e-03
2.268954283939408553e-03
2.459934502003519041e-03
2.640970377567197856e-03
2.806264680532508972e-03
2.891902600435690765e-03
2.990493724116900440e-03
3.137780043139319977e-03
3.412306641620681431e-03
3.485971995433408480e-03
3.654570452308370226e-03
3.624725440342617920e-03
3.756827999451881409e-03
3.918043918138726031e-03
3.895331985142428278e-03
4.022116794311626081e-03
3.886970948024088060e-03
3.779131820071890847e-03
3.748319661953366209e-03
3.798626029658578804e-03
3.973114339036422880e-03
4.008001219978771061e-03
4.184887751789380730e-03
3.969174482815363003e-03
3.720086983193211360e-03
3.812732711486778881e-03
3.822538407742486800e-03
3.624191703293330388e-03
3.503344746592949172e-03
3.483626663068173368e-03
3.454405601102416776e-03
3.372119069181356635e-03
3.502351557626926740e-03
3.447947542622299775e-03
3.396768032118911360e-03
3.407196689039032351e-03
3.347878710050300986e-03
3.315471098622057959e-03
3.319057567147446451e-03
3.298304039532949997e-03
3.356726541193425992e-03
3.345224038352580601e-03
3.475406564735809660e-03
3.474338140009857433e-03
3.474927918662123420e-03
3.532753018653655465e-03
3.636006693896992603e-03
3.689899824413333130e-03
3.737344078544523399e-03
3.725573018286476752e-03
3.655483927351774968e-03
3.601634820194571374e-03
3.339038903449735498e-03
3.175270323236573360e-03
3.041833275312111513e-03
3.011498458939281583e-03
3.063191609653956489e-03
2.856935607368356680e-03
2.719074211912637321e-03
2.757284768386503767e-03
2.792567044110261590e-03
2.823501022482538363e-03
2.846578147905148414e-03
2.903962411913075647e-03
3.159428952121795184e-03
3.258605219038876802e-03
3.464299128090590763e-03
3.492715381484883148e-03
3.592647329238318928e-03
3.186305826399349513e-03
3.138772945517545078e-03
3.105388669523997166e-03
3.245712962342315634e-03
3.530983796797775021e-03
3.772202495555058467e-03
3.647256568256923050e-03
3.636225456013616499e-03
3.708440059970515880e-03
3.991516874525573993e-03
4.205664122916348557e-03
4.439778638306373162e-03
4.738547666401549466e-03
4.924504787316980395e-03
4.774093788111886602e-03
beta4
3.871423386374580655e-07
3.533526046158400628e-06
8.830134343100902716e-07
1.717775866262359991e-06
3.887379840559754756e-08
8.250062560885676689e-08
-1.480432962250534638e-07
-1.661191482775486500e-07
-4.013894652354892292e-08
-4.023789698107291993e-06
-1.618917767944624657e-05
-5.903778232240557123e-05
-5.196970102108563929e-05
-6.239465049450270404e-05
-5.131514760567171658e-05
-6.017087820211326575e-05
-5.266965680590268874e-05
-3.376238883131135271e-05
-1.688268852984557388e-05
-2.192213278979061205e-05
-1.651704818265580009e-05
-1.369401350505040000e-05
-1.341104069752717355e-05
-2.825008884981866883e-05
-4.734122071698511390e-05
-1.026325273032289835e-04
-1.301121968553013643e-04
-1.634549420838273957e-04
-2.108771707331668559e-04
-2.388797115827151160e-04
-2.708632898663813167e-04
-3.116653582363017121e-04
-3.911706953107986669e-04
-4.538992935395617023e-04
-6.298067633966778021e-04
-6.923328704356800610e-04
-7.725675602484258220e-04
-8.503657795535756164e-04
-8.379373861823617752e-04
-7.418429249160104696e-04
-7.324923254306934129e-04
-7.714270959870213763e-04
-8.663644264375831633e-04
-9.662815835290708075e-04
-1.034977310595487556e-03
-1.156102891525631095e-03
-1.593099072346078511e-03
-1.887893781697332594e-03
-2.149790371975711031e-03
-2.167757246636290575e-03
-1.707310850108135439e-03
-1.882772626489044674e-03
-2.029524075531008095e-03
-2.335794372949164151e-03
-2.559189585131002153e-03
-2.695598687962489064e-03
-3.010826149766117343e-03
-3.546011028921572557e-03
-3.426159923918803678e-03
-3.430966878010455710e-03
-3.748868895348818342e-03
-3.647822118254179669e-03
-4.116066707584627865e-03
-4.193348986208527557e-03
-4.015999936114842891e-03
-4.143422664669564950e-03
-4.504783284926868608e-03
-5.195455802588660327e-03
-5.612306521205182377e-03
-5.035149007086582237e-03
-4.473928303424058728e-03
-3.884106554622049692e-03
-3.923894539264715167e-03
-3.572204654125931203e-03
-3.228446265864740213e-03
-3.104382826483708877e-03
-3.065588586703308499e-03
-3.015086176625590610e-03
-3.029684001485261069e-03
-2.864900461254632231e-03
-2.740904696967479993e-03
-2.753871367229071554e-03
-2.911489542363161070e-03
-2.852787462035072386e-03
-2.680243873223126308e-03
-2.541985191963178504e-03
-2.235255342820840520e-03
-2.016050035577289078e-03
-1.841316114803154356e-03
-1.560040027169489482e-03
-1.570950371690216360e-03
-1.804963054886767580e-03
-1.986031707823178623e-03
-2.205790974382839612e-03
-2.544443014917323852e-03
-2.825257492473100783e-03
-2.953905062714277073e-03
-3.134447271416992455e-03
-3.298159171500873125e-03
-3.376956067074956234e-03
-3.405281895141701667e-03
-3.514120013682689014e-03
-3.507886338366497138e-03
-3.340211562655893279e-03
-3.206264744112363209e-03
-3.041809092699721082e-03
-2.888106754572866090e-03
-2.713276962980800712e-03
-2.589087191125900595e-03
-2.357525569258494581e-03
-2.468878877371767991e-03
-2.667091425172900699e-03
-2.725310880680634640e-03
-2.589137293784966876e-03
-2.594190836120090389e-03
-2.509703306141365144e-03
-2.442939655312829049e-03
-2.446575422202245699e-03
-2.322827487261540542e-03
-2.275559420522933231e-03
-2.348757519959442618e-03
-2.586403047063468713e-03
-2.838929093884796657e-03
-3.042310641805586000e-03
-3.574437261355241022e-03
-3.969163153796836756e-03
-3.992236986056843517e-03
-4.218832692781658046e-03
-4.271026759275703757e-03
-4.362170469228623254e-03
-4.678845705395744473e-03
-4.525752839819789305e-03
-4.430800316517884314e-03
-4.368764933622809946e-03
-4.356665174837749330e-03
-4.393749298376043236e-03
-4.446160331409329883e-03
-4.492067364569158477e-03
-4.174227889629938265e-03
-4.197429696410522049e-03
-4.166658571952647737e-03
-4.257123226460279158e-03
-4.341855417060348429e-03
-4.445471991461065475e-03
-4.572332172340666176e-03
-4.535749602920207194e-03
-4.698075389148874924e-03
-4.890012765538855402e-03
-5.122142408037737814e-03
-5.335503287909038744e-03
-5.450078935688360687e-03
-5.287135647541406011e-03
-4.520135946432401845e-03
-3.971388921189923996e-03
-4.025132392111992891e-03
-4.310708372824382378e-03
-3.768852030785352185e-03
-3.027536942631686625e-03
-2.602836501639806382e-03
-2.264898430660640394e-03
-1.883581452924913777e-03
-1.699891814666129510e-03
-1.150140673506279843e-03
-1.068187197591468750e-03
-1.042436827579751356e-03
-9.160533871357058773e-04
-8.401619674113668026e-04
-8.116240376166682915e-04
-6.073111235052444700e-04
-6.512497791600553891e-04
-5.884626829258860804e-04
-6.350872893081092613e-04
-7.272477693947767153e-04
-6.725066776534454173e-04
-7.131721251020973909e-04
-6.765121608561176954e-04
-5.167161059815740662e-04
-5.780810316149596027e-04
-5.997997747465995920e-04
-6.868013174257124641e-04
-7.640400022448166472e-04
-8.957085922744354931e-04
-1.148556902779729241e-03
-1.259697684982992796e-03
-1.168567736686746024e-03
-1.123356806359745519e-03
-1.213395029897446640e-03
-1.153543594225819521e-03
-1.200231819554342097e-03
-1.260097518265303890e-03
-1.255441150486134774e-03
-1.121856518128650729e-03
-1.032820491479493653e-03
-8.763403039328280988e-04
-8.324987778378866408e-04
-7.480413861510361306e-04
-6.937240292445575685e-04
-6.257997042237638469e-04
-5.051571359008381109e-04
-4.393570264975948372e-04
-3.537926937046093978e-04
-3.924718033700536177e-04
-3.175920072823476895e-04
-2.672540345963574353e-04
-2.523227844688429402e-04
-2.352703358746913837e-04
-2.169205578235935809e-04
-1.855307313053690117e-04
-1.767251936829497235e-04
-1.332436631746491864e-04
-1.064909312603118038e-04
-7.913674501508430206e-05
-2.840565865096094397e-05
-4.037449866339959138e-06
3.023432601724896435e-06
2.137776778594886160e-05
4.411687526441121021e-05
1.186929634985885249e-04
1.157057464674080048e-04
1.444665544503674496e-04
1.383393386702873079e-04
1.635555901726973760e-04
1.570477623044914787e-04
1.783886611575029053e-04
1.730005226450998098e-04
8.029395490005597122e-05
1.601658584459407926e-05
6.778462970134584659e-08
-2.260747255377576596e-07
-3.310300174581856404e-08
2.207007879335623779e-06
8.121440419023905017e-06
9.402066238022767903e-07
9.814724313959632237e-07
-2.819192248072901316e-08
-2.448459109907148933e-07
-2.208539652298637093e-06
-2.365026484340231271e-06
-1.608027748748352302e-07
beta5
-1.364644221663648019e-06
-6.332453147460228062e-06
-4.496407659207608403e-06
-6.200053153492603806e-06
-2.055214350562717016e-06
7.024994387020262757e-12
1.816626940664885645e-08
4.705129256700859936e-06
9.424546465976739557e-06
8.991032969214434470e-06
6.575480435496265008e-06
1.055593985272233715e-05
3.542644839629697734e-06
2.050363955410332933e-06
1.356509578487448687e-06
8.768685020060716466e-07
2.117762380754302093e-07
2.955846720155577296e-06
1.877292466940068713e-06
2.464061478493820279e-06
9.440137172528445430e-06
1.662373358310380148e-05
2.470996214775037438e-05
1.899995598106393540e-05
1.610985540622585788e-05
1.477744206141590098e-05
1.666100551765762857e-05
1.892563537715220379e-05
2.152191396203517661e-05
3.956988313838335949e-05
4.023233730812717987e-05
4.264342486902246264e-05
5.635801690249168602e-05
9.574166008046672977e-05
1.420293601887626100e-04
1.401199565796732653e-04
1.494633656006532827e-04
1.273491320766173465e-04
1.525543952718784099e-04
1.353601073124626863e-04
1.447748241274394347e-04
1.808877724140888713e-04
2.085490357435546937e-04
2.625232194327002753e-04
3.389965728208132892e-04
3.903259416902363828e-04
5.374439054889932179e-04
6.107626723656282798e-04
6.805261605829942585e-04
6.549641793504087234e-04
5.357338848093847654e-04
5.658696225994354258e-04
5.871111996529809664e-04
6.755621163291325188e-04
7.495232318925878004e-04
7.306354478491281033e-04
7.934578440085577212e-04
8.474536121562438462e-04
8.236500684811370919e-04
8.350362461094535012e-04
6.133361604620734490e-04
4.994894266186974963e-04
3.181795425555941246e-04
2.833743919176350380e-04
2.579709840606728448e-04
2.274225362963142884e-04
1.899204073959870332e-04
1.174534399281154228e-04
1.220884437507020509e-04
2.021862561405184957e-04
3.126111533875463363e-04
4.327192291125285658e-04
4.602589628426101767e-04
6.257016929695179142e-04
7.437684436673993801e-04
7.821642651449844334e-04
8.102154932400566344e-04
9.241508300005341157e-04
1.058799676451147725e-03
1.235160743372194867e-03
1.331681514974853049e-03
1.454906869369750402e-03
1.203643005026260558e-03
1.220371874332689625e-03
1.245735549756860679e-03
1.256911291388525817e-03
1.249820684875213844e-03
1.201778555801315262e-03
1.284334225346012940e-03
1.347463616384794250e-03
1.443634506097108729e-03
1.568044783608511404e-03
1.688342763873555783e-03
1.772096239958281675e-03
1.879158850863189715e-03
1.784174271821359825e-03
1.818906713262820676e-03
1.877972100394691363e-03
1.970997333247237471e-03
2.174140874291140106e-03
2.248227912727832761e-03
2.378294278655422068e-03
2.478352909281990486e-03
2.549205926484940550e-03
2.370275520427193340e-03
2.256858148612041117e-03
2.217912236901276209e-03
2.179589392965973135e-03
2.167271088241075165e-03
2.154551624569789325e-03
2.130000622208677759e-03
2.090395745837384141e-03
2.016173880490849946e-03
1.989648164415695145e-03
2.046885830579982853e-03
2.153726788510504191e-03
2.215142869520406871e-03
2.307038841801337808e-03
2.373726346333716528e-03
2.448687215920661731e-03
2.341065724351591108e-03
2.166869048957957566e-03
2.032442071293222817e-03
1.881676022196526830e-03
1.845724362813297176e-03
1.884080638488371982e-03
1.893842332425085470e-03
1.822690614012020772e-03
1.816904015670772667e-03
1.774785272579231833e-03
1.871805242678921703e-03
1.967679017026815677e-03
2.031550011187274220e-03
2.099555950171091024e-03
2.170389658334710530e-03
2.248786829474862942e-03
2.394859176290574636e-03
2.549003268391979854e-03
2.652645639751522941e-03
2.751390748899497796e-03
2.833327539689925630e-03
2.971303498594732567e-03
3.100101057280212763e-03
2.980122621321317725e-03
2.876517943041014946e-03
2.576665903964857514e-03
2.492266571205718935e-03
2.476099997146913485e-03
2.469432355147653177e-03
2.154734382994603209e-03
1.818496324809020567e-03
1.440057269613204821e-03
1.154689416084728713e-03
8.261268952176271853e-04
7.589396236415382919e-04
5.826193129312487711e-04
4.759627245688837003e-04
3.419456382759907833e-04
2.949249835059614697e-04
3.329000635440992504e-04
2.721570895769938564e-04
2.866528946298412157e-04
1.858804075301644836e-04
1.672447840447247470e-04
1.887542654503576744e-04
2.269488214241206000e-04
2.641240055825568988e-04
3.195489023739948734e-04
3.164759516588316890e-04
2.634278744815082536e-04
2.443819190257644561e-04
2.103044550398770870e-04
1.803859287081609132e-04
1.697386155098621881e-04
1.714945698568219492e-04
1.405871908663317059e-04
1.337877573576043769e-04
1.488130244759305323e-04
1.344006211562461905e-04
1.401685017495793071e-04
1.447852070190865288e-04
1.520901894858066187e-04
1.276465179366516062e-04
1.130556874115347252e-04
1.101352694631018716e-04
1.157413692804671012e-04
1.067722340809798873e-04
9.590123205757061710e-05
8.862205191079088485e-05
7.150152253728800779e-05
2.841834165478268639e-05
1.045010337317281967e-05
4.761825400735489409e-06
3.825565443482062210e-08
-1.758241900071450316e-09
-1.266568301756993992e-05
-5.352688823741362432e-06
-1.989822049255655711e-05
-2.072488657450993266e-05
-2.383034920426407068e-05
-2.766037268825971844e-05
-3.901036006680064249e-05
-3.979581009791871977e-05
-4.741069135189520159e-05
-4.220812681467508699e-05
-3.743082815458330696e-05
-2.579858055782873226e-05
-2.784272457388517350e-05
-3.036463094566064643e-05
-2.522206686257648020e-05
-2.341903829167940156e-05
-1.846173034694857987e-05
-2.296923839219210513e-05
-3.181679670292279934e-05
-3.042625090483915825e-05
-3.601015665930441432e-05
-3.886696081662765909e-05
-5.978670189280227507e-05
-7.569020647679502783e-05
-8.348442242351193014e-05
-8.012327131368792495e-05
-7.647626614237347054e-05
-8.600376527458012505e-05
-7.907005669474433129e-05
-7.415140128741960963e-05
-7.884012321931178576e-05
-6.994685341516275435e-05
-6.916368441048956033e-05
-7.932143963594030474e-05
-7.449566110819330622e-05
-9.898337095035750536e-05
-1.049403496658166818e-04
-7.985204427507482463e-05
-5.007379493980248098e-05
-3.547431972275152864e-05
-1.483570264020905826e-05
-8.093606205846639351e-06
-7.421667640243017941e-06
-1.064820486787048130e-05
