-6.644515316537416005e-01
-9.119234276931665883e-01
-6.811689879344938747e-01
-5.186649551972499772e-01
-4.228612236102041178e-01
-3.586361896514955183e-01
-3.123619605899121687e-01
-2.767832843754989280e-01
-2.515233205342086720e-01
-2.319172942780098334e-01
-2.146386895876289391e-01
-1.996972042268146674e-01
-1.473823464472580058e-01
-5.263101591394425682e-02
-3.583622121704550800e-02
-3.506586524109749775e-02
-3.366545577454996274e-02
-3.244372979679843033e-02
-3.130346650617273074e-02
-2.862462125094796320e-02
-2.469199910613298007e-02
-2.012819857869709364e-02
-1.656001441186522385e-02
-1.335664455951163405e-02
-1.036242628947835198e-02
-8.416321223694497866e-03
-6.812623501468220537e-03
-4.989655204998086173e-03
-2.976829173675089781e-03
-2.014334531717526782e-03
-1.615485387430011521e-03
-2.923593277903464502e-03
-4.029068612277492828e-03
-6.175424397669500298e-03
-6.969327506533874728e-03
-9.727317371471729326e-03
-1.179749245360323107e-02
-1.390389405008840562e-02
-1.827238944000588936e-02
-2.468381968345859448e-02
-3.371346815393658214e-02
-4.215158038003381097e-02
-5.150101724822594290e-02
-6.329750816242955824e-02
-7.574980872378964114e-02
-8.990037830932680329e-02
-1.081707526252058266e-01
-1.296292058479075748e-01
-1.298995892236017857e-01
-1.311684439353425768e-01
-1.305613492037296097e-01
-1.295441240319914755e-01
-1.258571247295138251e-01
-1.219067323622743393e-01
-1.173754506500738898e-01
-1.124232618501752462e-01
-1.087498906022576345e-01
-1.023731257577544240e-01
-1.017348911550086665e-01
-9.142026776104511532e-02
-9.611285884027000181e-02
-9.706689516927276273e-02
-9.803317040263299920e-02
-9.858534266637432320e-02
-9.919951013874185597e-02
-1.003298257392467446e-01
-1.018466170127338838e-01
-1.022138743403524508e-01
-1.021747154162068044e-01
-1.038632599085806268e-01
-9.936272135636843583e-02
-8.566534090930694179e-02
-7.957205381609612493e-02
-7.464772498239626020e-02
-7.021497404167620360e-02
-6.363542847835020055e-02
-5.812880244043160810e-02
-5.098412081451220157e-02
-4.331631637107080657e-02
-3.498899336102333224e-02
-2.626586049868895323e-02
-1.626678994586240601e-02
-4.302941093808953892e-03
-6.332919524233475428e-03
-8.812756702470662951e-03
-1.015839642708638024e-02
-1.229084094874337112e-02
-1.585533078205220853e-02
-1.872598634062138875e-02
-2.289699308492998756e-02
-2.406925973456167447e-02
-2.651880778504740396e-02
-2.708689401019359275e-02
-2.659370384427263770e-02
-2.590204100917598007e-02
-2.560921743770622552e-02
-2.389999428213234259e-02
-2.560795842582270707e-02
-2.648814828897743875e-02
-2.615125391985074002e-02
-2.624863908947410937e-02
-2.237236966881410438e-02
-2.071919695037773360e-02
-1.782880708269712206e-02
-1.557132309126477154e-02
-1.377660793477166086e-02
-1.211974284390743284e-02
-9.977468087467787974e-03
-6.958608965006940483e-03
-2.991746082200046671e-03
1.557988420156759812e-03
5.346089011558673339e-03
8.869363300528345165e-03
8.669135302785889799e-03
7.365414672631822451e-03
4.535816657384180751e-03
3.210537066464624455e-03
1.487114109676069109e-03
-1.023881938197314465e-04
-1.736894002279769150e-03
-4.606404908351352176e-03
-8.314797236022302904e-03
-1.186888555296036762e-02
-1.520116266531060766e-02
-1.763695081098781009e-02
-1.813003116980847762e-02
-1.757474671288026397e-02
-1.494675923193177457e-02
-1.330297378748226088e-02
-1.155717550276771227e-02
-9.876537804478712282e-03
-8.099187523884750564e-03
-5.130163515197339735e-03
1.447969823210595516e-03
3.510719488221349452e-03
5.737228154884685405e-03
8.173383227440041837e-03
8.834369458590340951e-03
8.547350636442661159e-03
5.672968627814616721e-03
2.304390093517887355e-03
-8.101870288232247046e-04
-3.889147703306224373e-03
-7.295935101026842194e-03
-1.124468403361913484e-02
-1.911943917568044091e-02
-2.303533782203387101e-02
-2.745087673872995127e-02
-3.189531123306516697e-02
-3.875089338144019346e-02
-4.653672281937301647e-02
-4.703887647444828651e-02
-4.659158437903489908e-02
-4.936613881850510782e-02
-5.616847529883128853e-02
-6.435169220255713973e-02
-7.412634309260221488e-02
-8.525102359281773456e-02
-9.806269657065862233e-02
-1.038547270766757707e-01
-1.103324744462492180e-01
-1.210687251326107022e-01
-1.177606407828567930e-01
-1.167366168006150479e-01
-1.172588319419300418e-01
-1.138662089335773647e-01
-1.065265654784651322e-01
-9.774186343891839990e-02
-8.723083202629654254e-02
-7.416054506278789427e-02
-5.951461159975365151e-02
-5.265972791330379016e-02
-4.342269408095637134e-02
-2.889373765189838170e-02
-2.565286251036150156e-02
-2.548862921316951899e-02
-2.471969976816593140e-02
-2.375703757375102407e-02
-2.309168038182467242e-02
-2.216285551492193015e-02
-2.193554707124057909e-02
-2.315982398880097812e-02
-2.443244580838654575e-02
-2.477649871756043565e-02
-2.663782649501204511e-02
-2.804945190583315109e-02
-2.972639369290940026e-02
-3.240211712021435347e-02
-3.467470156188510316e-02
-3.837288611480148964e-02
-4.220016446320858788e-02
-4.582820595938184166e-02
-5.059850902663281386e-02
-5.547412669308863370e-02
-5.795613643811194787e-02
-6.075629352342415412e-02
-6.822985397980806110e-02
-7.554471768687827382e-02
-8.393952469156885920e-02
-8.415217354921529502e-02
-8.476694297267876876e-02
-8.484433827577453346e-02
-8.211113521931896753e-02
-7.984859242271580282e-02
-7.625546492668680565e-02
-7.165676836604474575e-02
-6.902343247576102347e-02
-6.643384051832362802e-02
-6.004056500574180694e-02
-5.321525113483119990e-02
-4.680118400401684503e-02
-4.716850262257021864e-02
-4.657826076041025193e-02
-4.622840790218557538e-02
-4.684063834644092844e-02
-4.701487098079820681e-02
-4.893056056663289827e-02
-5.085460681146614786e-02
-5.305795743990941032e-02
-5.530518597412394793e-02
-5.747640116735943522e-02
-5.970050659920728836e-02
-6.222185707423572021e-02
-6.591262180451677721e-02
-6.889563999692004115e-02
-7.146713092010034685e-02
-7.031616492393545637e-02
-7.098758919248471244e-02
-6.815492757725091777e-02
-6.342882616592347700e-02
-5.795000994959798035e-02
-5.199269418696608747e-02
-4.600199333769561250e-02
-3.953277526685734095e-02
-3.225600595011215294e-02
-2.401394382038045047e-02
-1.700316048970487368e-02
-1.065782151434833437e-02
-8.926272813023392386e-03
