beta2
8.429894931012487866e-03
8.522942094841152658e-03
8.613653191937615736e-03
8.671268957786481407e-03
8.682716345566589278e-03
8.705473787600427615e-03
8.815978013469305888e-03
8.899085762687015261e-03
8.958984846974304625e-03
9.041345463627892265e-03
9.012305666849905125e-03
9.050798334184500041e-03
8.939447242169129906e-03
8.841040714758469088e-03
8.829191995075057198e-03
8.771447114418115532e-03
8.692681750759718995e-03
8.565170273924860647e-03
8.432788090770642828e-03
8.380656584093995609e-03
8.542093883258761872e-03
8.578629268581083531e-03
8.665643299087859297e-03
8.741398269381977712e-03
8.817172940423815067e-03
8.685187036818713471e-03
8.720902947963467267e-03
8.732140013195430206e-03
8.739231914623390995e-03
8.864219620593770388e-03
8.980086912292888773e-03
9.255968689521143142e-03
9.392586082288961746e-03
9.428043518189446748e-03
9.594137427351854402e-03
9.664382419971122989e-03
9.744173100210338362e-03
9.773532516510332474e-03
9.633985204960700613e-03
9.503812003537261133e-03
9.429281147184834927e-03
9.264980533455754313e-03
9.103423173015816328e-03
8.954680221299027298e-03
8.785285013792536873e-03
8.724939958496857537e-03
8.730926014261765344e-03
8.741035077311628751e-03
8.759695340614116407e-03
8.741205488941056201e-03
8.589250799218576399e-03
8.418926166275354783e-03
8.409549506707018895e-03
8.405914416363662739e-03
8.311735652461250609e-03
8.173844552898655233e-03
7.977351419675461630e-03
7.861591632176081687e-03
7.880471208228916752e-03
7.880712727627636749e-03
7.872482665929310050e-03
7.764275649654469279e-03
7.832832317413449333e-03
7.961753085104151390e-03
8.064910760935805473e-03
8.078238044430110371e-03
8.089881611007494755e-03
8.160845750084362582e-03
8.261530779793350987e-03
8.286081989472494219e-03
8.416214367548236625e-03
8.488888216866590647e-03
8.559620899793684429e-03
8.575908285405008796e-03
8.587690000452764816e-03
8.752297143155313153e-03
8.944173062323278189e-03
8.986872019448824411e-03
9.086212515472058895e-03
9.175475659994079131e-03
9.093772234996687007e-03
8.903482610505476791e-03
8.759198428696103947e-03
8.702171546290703510e-03
8.697477563706777770e-03
8.706126245091021926e-03
8.730102630747301612e-03
8.797096452523672089e-03
8.772463920523526637e-03
8.773040572414073784e-03
8.844583410130311268e-03
8.875172769850048909e-03
8.926152264109043361e-03
8.984684639782254678e-03
9.009489187310464747e-03
8.930197412916522984e-03
8.943169486950638611e-03
8.937546473421055168e-03
8.933151383759619854e-03
8.845506453272870134e-03
8.725627323831591439e-03
8.652504818362417860e-03
8.601481003489033078e-03
8.531157983873641562e-03
8.466746407977794597e-03
8.351076861765394099e-03
8.436988166224658470e-03
8.537576072160081575e-03
8.591054064575227855e-03
8.513977599238990723e-03
8.486881246125510536e-03
8.436788012872092901e-03
8.457493071985261457e-03
8.483499044141104214e-03
8.604925702349389832e-03
8.688358053893487087e-03
8.769790160849199809e-03
8.766984824813714092e-03
8.790923359709398519e-03
8.783253820251418417e-03
8.879989368417263301e-03
8.960094737653294394e-03
8.970643719857819554e-03
8.961586602774759477e-03
8.882321261705605417e-03
8.797750684372303634e-03
8.740858565404824310e-03
8.653804123116535379e-03
8.669695428837484452e-03
8.791457616120653545e-03
8.867291987429259253e-03
8.939709922738188486e-03
8.999444051045068019e-03
9.010180658789918029e-03
9.099372905072258128e-03
8.974083632255221155e-03
8.889878303362040712e-03
8.833366162557695217e-03
8.786700693548133573e-03
8.773532311612803822e-03
8.639526904294040494e-03
8.537163513755888916e-03
8.522164135900688747e-03
8.500499876134780947e-03
8.569691380824539378e-03
8.566048130509019976e-03
8.608697000127125964e-03
8.643345452148138569e-03
8.688478411982180488e-03
8.850006992950918208e-03
9.028714815390831427e-03
9.203426042930373460e-03
9.247698301402202184e-03
8.993787601001973497e-03
9.164760729811831722e-03
9.353625822413922514e-03
9.217293821832761233e-03
9.313631145065710479e-03
9.222133138815187189e-03
9.060659529371796819e-03
9.070649893169342379e-03
9.072216386582187403e-03
8.876551105551772070e-03
8.686826843846893326e-03
8.615430793410414068e-03
8.571884560600977199e-03
8.645735648851774272e-03
8.703256661880808334e-03
8.850925614568714433e-03
9.031293640829050548e-03
9.345886370536328480e-03
9.705649593232718378e-03
9.731032556254095439e-03
9.821598942168505500e-03
9.693375223431966239e-03
9.671654929792428829e-03
9.734349172349589241e-03
9.857968107953783005e-03
9.998198852898380201e-03
9.976409213707435747e-03
1.000394857100141144e-02
9.919488795710756576e-03
9.844059247311194583e-03
9.696796552146526998e-03
9.577761893415880079e-03
9.403758694859036538e-03
9.385246247543652109e-03
9.489732374036479595e-03
9.374698733627711417e-03
9.267878513292649931e-03
9.164202777902908520e-03
9.054844917101578100e-03
9.081192602567239244e-03
9.241101712745782362e-03
9.464201047630559430e-03
9.695320863403682210e-03
9.741162044878824006e-03
9.650772995998497389e-03
9.624939273353000715e-03
9.565029295405369503e-03
9.585663644602698819e-03
9.677256252813071224e-03
9.708186836106358353e-03
9.781153303057177339e-03
9.554204300847152914e-03
9.406423459651393898e-03
9.344164835233051414e-03
9.308816751879549212e-03
9.223945588983949173e-03
9.140820394349815844e-03
8.996499085202058765e-03
8.816771942348641117e-03
8.848297484107241900e-03
beta3
8.316984846022479696e-05
1.441724571844971842e-04
1.942512929389015642e-04
1.592593455844426554e-04
1.365371874730384469e-04
7.479043584718932016e-05
7.026648722990562631e-05
5.646308156199953635e-05
3.924118750171570465e-05
4.217780998690960924e-05
4.198752743608617620e-05
3.601635864639599017e-05
3.286244620941430503e-05
2.395744917282762278e-05
1.624653637229190155e-05
2.379453366999707874e-05
3.358800324081307202e-05
2.313535415619485036e-05
2.981346638743120862e-05
8.835916689534341681e-06
1.653924533543064319e-05
1.246858392087792979e-05
1.386598404993600777e-05
6.147719991181886577e-06
3.041753327340754613e-06
3.426190919399556031e-07
-7.724167266878851975e-11
-8.438559766650716900e-07
-3.215071329716586068e-06
-1.758616579526589040e-05
-8.610633551016049869e-05
-1.341064060856739779e-04
-1.986934907427158358e-04
-2.233021672562391432e-04
-2.872658493810650838e-04
-3.086765165582353379e-04
-3.675287629619595564e-04
-5.576775626433645369e-04
-4.336086686902287718e-04
-3.947371366335285865e-04
-3.730538544499277303e-04
-4.753025415269186140e-04
-5.280656778080729946e-04
-5.601899756146142689e-04
-5.467911903822319283e-04
-8.356578057449326469e-04
-9.704542447843387837e-04
-1.072567313445653512e-03
-1.256756998404758973e-03
-2.571195667817336664e-03
-2.523811417327860140e-03
-2.752893743187496967e-03
-2.470832439293277165e-03
-2.184460269743548726e-03
-2.089376970745073295e-03
-1.968462336819539089e-03
-2.070653642506240476e-03
-1.779702491576041568e-03
-1.376036860746720179e-03
-1.117750038513039799e-03
-1.129101636056663478e-03
-1.067865033161974776e-03
-1.213462358313512112e-03
-1.417958655786958136e-03
-1.881153806597769037e-03
-1.265288675937939131e-03
-8.571268101978549245e-04
-6.529006609219824937e-04
-4.585915838966093949e-04
-4.509753561265748964e-04
-3.198019536514180167e-04
-4.154135559512219097e-04
-4.641978593154466679e-04
-5.454179658901432302e-04
-5.773281648881398165e-04
-9.679138411410280734e-04
-1.211161355933805962e-03
-1.318767908456723028e-03
-1.393588508635788944e-03
-1.493336008747508416e-03
-1.480191371410533464e-03
-1.345739970925769130e-03
-1.120278133489779502e-03
-9.999905392968219068e-04
-9.608000436286356872e-04
-9.369026337455988417e-04
-8.860796214882941078e-04
-8.314141364666060739e-04
-9.643015902241090440e-04
-1.007539208958666346e-03
-7.266305644827177578e-04
-6.590829391861161013e-04
-5.664093339765230092e-04
-4.266503070200440345e-04
-5.166057038947525484e-04
-5.554964776093103320e-04
-4.455436270940320428e-04
-3.691822949655593732e-04
-2.863686214109455478e-04
-3.900735678859638435e-04
-4.115380047903821506e-04
-4.058524419533207856e-04
-3.655479930764220144e-04
-4.100479536337597137e-04
-5.039974082727845641e-04
-7.136565751982403959e-04
-5.556846526727444915e-04
-4.947655839202968640e-04
-5.294947057776673571e-04
-5.153777157231689051e-04
-4.601024355698197892e-04
-5.167948223796791111e-04
-4.608478544770251749e-04
-4.848083373587231890e-04
-4.534872560490583429e-04
-4.395240992268207181e-04
-3.995288613035520402e-04
-4.364108719006494757e-04
-4.623255472002236934e-04
-4.976649967566469310e-04
-3.718677891895799063e-04
-2.814614080447408397e-04
-3.538348941490841205e-04
-3.724306023990961922e-04
-5.007985960214492074e-04
-6.228473708211562741e-04
-6.172353287937503048e-04
-5.947762984325649952e-04
-6.861541969009268957e-04
-6.466227584273598859e-04
-6.344278209618094003e-04
-7.386602664422019932e-04
-8.597896292574683068e-04
-9.680551134238557032e-04
-1.112040798429705067e-03
-9.806333096388239814e-04
-8.268177460247228818e-04
-9.524486983474159726e-04
-9.590427328253256067e-04
-1.025655304549887795e-03
-8.978917236521540956e-04
-8.252265245341266131e-04
-6.566375225647765610e-04
-5.704689672845787967e-04
-4.727087513746454600e-04
-4.174463350478542891e-04
-4.081736508628091881e-04
-3.449042169935091426e-04
-2.418247109364133848e-04
-1.955206706561787291e-04
-2.520595391166345340e-04
-2.933918506608808167e-04
-3.150423868020033741e-04
-5.076425570130350777e-04
-3.872293036783267363e-04
-3.034019963225290540e-04
-2.900366586474318687e-04
-2.602736084884453875e-04
-2.303187056460682968e-04
-2.311001945178650381e-04
-2.657728200984297608e-04
-3.005204277563016009e-04
-3.802734756257279670e-04
-4.715334693902954039e-04
-5.444361166064032743e-04
-4.428481893018254350e-04
-5.084254181356344729e-04
-5.033470896538432861e-04
-5.966017709961141634e-04
-6.959508912801770251e-04
-7.795783896428900650e-04
-6.525218604284110111e-04
-6.140388467434916391e-04
-5.832834700116119658e-04
-5.643939273281253690e-04
-4.828833892049332879e-04
-3.840540174454292084e-04
-3.739602056598246779e-04
-2.959710374813450838e-04
-2.358436218526618780e-04
-2.339499384082886898e-04
-2.512002389669224563e-04
-3.079822180412115440e-04
-3.358356097880903961e-04
-3.283375371197325317e-04
-3.745836415556483973e-04
-3.136926404213519269e-04
-1.843423283884554711e-04
-1.861567303716411890e-04
-2.118035113633562187e-04
-2.126522534927730468e-04
-1.970809368590305971e-04
-9.911929594593938309e-05
-9.511220254129521164e-05
-8.983387857601648238e-05
-6.987240919902856827e-05
-6.989908142835719678e-05
-6.291681102980726950e-05
-7.038829547811038096e-05
-7.296774089961566040e-05
-7.923643272522174223e-05
-8.043290072535881955e-05
-9.075805872186677964e-05
-7.152314952120153121e-05
-1.037483360104489536e-04
-7.750273687001204745e-05
-6.132184374226594642e-05
-7.726410690111717408e-05
-8.560093967599759711e-05
-1.345457842636040577e-04
-1.832409780844172645e-04
-2.579727555243131179e-04
-2.350318866534241500e-04
beta4
-7.766105716188260912e-05
-1.109683164596919191e-04
-1.905047156544423140e-04
-1.681818550320497143e-04
-1.817075823118779977e-04
-1.778539402824881350e-04
-1.963865747158981354e-04
-2.374940742517241403e-04
-2.752747839371848552e-04
-3.095855087767125711e-04
-3.624134214936717397e-04
-4.698277429359884721e-04
-5.528492098886244981e-04
-4.296544123191767565e-04
-4.305947637731616503e-04
-4.276223356190570748e-04
-4.105428008594432833e-04
-4.323583437996959431e-04
-4.911636003747962918e-04
-5.535549053857790908e-04
-6.216045535748298493e-04
-6.248342257828178991e-04
-5.759264063196346643e-04
-5.335079539652534848e-04
-5.314298519355930726e-04
-5.200980149681863922e-04
-4.392929860649114537e-04
-3.439277774245575120e-04
-3.095182574441065603e-04
-3.178138060582529284e-04
-3.126857624411198341e-04
-4.244034357448147514e-04
-4.883844344242372704e-04
-4.912640493807914933e-04
-6.586757951130453419e-04
-7.015069534048544832e-04
-7.277607328674221693e-04
-7.178040419453139221e-04
-5.491832101087634668e-04
-3.700123189872868553e-04
-2.985092190206241987e-04
-1.094593364901623499e-04
-3.173007617204834530e-06
5.838941529186557962e-05
1.736508949161027766e-04
2.735443370991027775e-04
2.484913796943338522e-04
1.920541468208368345e-04
2.112555254748452595e-04
3.829728815907646692e-04
3.567350655705529535e-04
4.741671885654843554e-04
3.628557746521499702e-04
3.075939960681792120e-04
5.977658828507913811e-04
8.631960474694980526e-04
1.464198988965571217e-03
1.793024631528176375e-03
1.596656250617038957e-03
1.402675800485189347e-03
1.470910705812403067e-03
1.870162683730410263e-03
1.794377257626570462e-03
1.752252433802119159e-03
1.575673043348544897e-03
1.114552221580246329e-03
8.300623069299290727e-04
5.732924701685602120e-04
3.464498772356234190e-04
4.203985701615443838e-04
3.836430776845085378e-04
3.578348780706805269e-04
4.026415278645047342e-04
5.437300732613376160e-04
7.209430248663270275e-04
7.208677203440716453e-04
6.173160591977189075e-04
5.678435000276969326e-04
6.194106700244604276e-04
5.480263486650817925e-04
5.391706941498323980e-04
6.794910486484027467e-04
8.119825895676121164e-04
8.971053658473004087e-04
1.048069579392239478e-03
1.254348175680808624e-03
1.245543403670106236e-03
1.221539915228906335e-03
1.242880511064993953e-03
1.503306566011751401e-03
1.517380680656857080e-03
1.455801731493888956e-03
1.477616460133567488e-03
1.499800210486021326e-03
1.365843437750341883e-03
1.113827979805703545e-03
1.058357444322994200e-03
1.081133113960182617e-03
1.120004081902896322e-03
9.515451262102577780e-04
7.398813463352864718e-04
6.886544837282638490e-04
6.339679702372833479e-04
6.086678675788219535e-04
5.519922848845703169e-04
5.935972025736010842e-04
6.988065065496044037e-04
8.525018203527037113e-04
1.247829225346381524e-03
1.306580838502023785e-03
1.279030913725423026e-03
1.269083395727435472e-03
1.270586922377028253e-03
1.208167952712304455e-03
1.150651310827422325e-03
1.199965301028922378e-03
1.171789103540199972e-03
1.067856084723786420e-03
1.033540184957838434e-03
9.404723495666242675e-04
9.473339867065240678e-04
9.277535091375807477e-04
9.688142754639510450e-04
7.644746481171132675e-04
7.078479368241479344e-04
7.904260461027403295e-04
6.776169192836377364e-04
5.841463081676402918e-04
4.488313278768369134e-04
4.015069211319137335e-04
3.356210062904944154e-04
3.108547093546112938e-04
2.762563731263283973e-04
2.548194551736085358e-04
2.212944033821719839e-04
2.504906691235276586e-04
2.485162191436353710e-04
2.667561423154783500e-04
2.823735005758231309e-04
3.114058898999456752e-04
4.110233299863187044e-04
3.996424601161591150e-04
4.845990698466760230e-04
5.743274055335172677e-04
5.928581644936297985e-04
6.013665318431800529e-04
6.232074194021668297e-04
6.542326744672965003e-04
6.719630496160003581e-04
7.377429543402359586e-04
5.857515553789399091e-04
4.663051223372452351e-04
5.239237028899293436e-04
3.873628689053259275e-04
6.938298940832178085e-04
1.120231447538235598e-03
7.125252865285713628e-04
7.492530198377176948e-04
6.861840556329574983e-04
5.966444259987410724e-04
6.076150871933713813e-04
5.542801277213345789e-04
3.506167634662406317e-04
2.606796426968225082e-04
1.871583335771793196e-04
1.634078996502100309e-04
1.720176467678944797e-04
1.481466093472320021e-04
1.308553467970890180e-04
1.209273614041834111e-04
1.193520217390758360e-04
1.887486521651762761e-04
1.495822455922721781e-04
1.716104531642274346e-04
1.882004799154463255e-04
2.401190663829443983e-04
2.498868364626152089e-04
2.681789148665481796e-04
2.837564356489260847e-04
2.403095381384622508e-04
2.049870543584014684e-04
1.480487139716325101e-04
9.947434390505724010e-05
6.082228704306709188e-05
7.127976772486544410e-05
6.499795501572198215e-05
8.529774489482563806e-05
1.525253929278683369e-04
1.724035152268014993e-04
1.927913916917739501e-04
2.205066500524134067e-04
2.538439372247337095e-04
2.401448209823212662e-04
2.374084991300239749e-04
2.656392271592155057e-04
2.448168295871412463e-04
2.322606205805894958e-04
2.291410678765693626e-04
2.022958887651492180e-04
1.993634824789531203e-04
2.527485679808077991e-04
2.301080254856033736e-04
2.437900267084408198e-04
3.067319859869557927e-04
3.243480329803905731e-04
3.418390599200772867e-04
3.676030784441163121e-04
3.682177963998151831e-04
3.980042962748019260e-04
4.226929248853409597e-04
4.771377732282318590e-04
5.012056231566493388e-04
4.876087048123118640e-04
beta5
-5.723083542911383003e-06
-1.081166740394116434e-05
-1.167401453104660866e-05
-9.810340808013149046e-06
-1.087497823439212595e-05
-8.912034707097151481e-06
-6.414665545319475019e-06
-6.435040046993956752e-06
-7.109140872710062079e-06
-7.976611952555423375e-06
-7.355319237484612028e-06
-6.397385021015602053e-06
-5.644958084815375246e-06
-7.782103405651033718e-06
-1.908169620582244642e-05
-2.571129935137262724e-05
-5.751082879084978204e-05
-5.335214590644912715e-05
-9.411503117970590102e-05
-1.162748546692310496e-04
-1.250667999694263796e-04
-1.538207154300025542e-04
-1.949251031590363615e-04
-2.374243857658533117e-04
-2.527616695992663349e-04
-2.916524450014829203e-04
-2.707484841191498963e-04
-3.099151449172096512e-04
-4.219008044341738509e-04
-3.536258093487539131e-04
-2.583192050986426232e-04
-2.744125046091088664e-04
-2.226030182810552005e-04
-1.691652806631881493e-04
-1.014898170491737914e-04
-1.011302087143843738e-04
-1.201721526229680568e-04
-1.259299131738287562e-04
-1.365112907438731447e-04
-1.364370130569716772e-04
-1.076887485205226805e-04
-1.625632364544154097e-04
-1.988141432936416390e-04
-2.641717846839475412e-04
-2.757764493954871694e-04
-2.672578029817952250e-04
-2.386797654339423537e-04
-1.863934939075239045e-04
-1.486626856736016989e-04
-2.475690796352109698e-04
-2.444664364643669681e-04
-2.950397728445640399e-04
-2.748367070888946880e-04
-2.188138059162634869e-04
-2.020702564635945509e-04
-2.475802472302686039e-04
-2.600077569069973987e-04
-2.146156616091291673e-04
-1.542185539646776708e-04
-1.146768112170314536e-04
-7.630222140375294540e-05
-2.718154078997722125e-05
-2.298477705211900211e-05
-2.031771160002677644e-05
-2.260370348799418347e-05
-8.976091260023657181e-06
-8.191049301791393915e-06
-9.241472906444113907e-06
-4.845872648385889938e-06
-2.612154556440234427e-06
-2.033084505334824581e-06
-1.809170880611055295e-06
-1.663776028162172429e-06
-3.153776952930899819e-07
-2.423531892229274486e-08
-9.541496022594421051e-08
-1.027021646589890536e-07
-8.664563881129937099e-08
-9.264677541178875996e-08
-9.911945517532114108e-08
-5.161015862310100832e-08
-1.053354505480449243e-09
-1.424184946459109938e-10
-1.939275264446444075e-11
-4.425383543588177640e-11
-3.882835766057215879e-10
-2.382835118005703101e-10
-6.047559483868810072e-10
-1.081301430670281358e-12
-6.311834578080475090e-19
-3.789876642219052622e-21
6.076454843966828454e-32
1.119619992292038358e-13
2.260794046902524471e-12
2.033514557996331239e-12
1.065924092591043384e-09
2.090247628214153995e-08
1.707173379881035426e-07
1.832672426815643995e-06
8.326083444994313422e-07
4.201813595994749168e-07
3.932155234603632891e-07
4.785941108112762779e-07
2.044364992742008459e-07
2.791400711799281445e-08
1.801457275960641057e-08
1.715855808675676965e-07
2.222253280953032686e-07
1.007040592001018478e-06
1.101489671035719032e-06
9.868975822680081527e-07
2.314506540554647801e-06
1.125789586348791232e-06
1.851719926063502970e-06
2.277127951937948423e-06
3.856759383462363746e-06
1.930590799827045476e-06
1.530418942165602871e-06
1.370702591410919863e-06
7.017565402903231905e-07
1.079029393962234050e-06
7.505687995592709350e-07
3.889034060121540911e-07
1.593307911970760278e-07
1.083425537648398074e-07
4.483334452170726487e-08
1.765654171836765307e-08
1.025616823627511903e-08
5.330276821585962303e-10
1.001588121058705315e-09
2.106064050474413634e-10
3.485686301267853762e-13
3.297634607869824908e-13
2.065232990739080733e-12
1.198495208394695810e-12
1.496666954070297078e-12
8.494233816003281172e-13
5.058858085416537843e-14
2.891622219787685023e-14
6.154021342071319173e-14
1.291001155984906307e-18
1.185852516088007407e-18
4.862833461489911676e-16
-6.230514827158747645e-31
-4.075207703177838042e-20
-8.365006970410495853e-37
1.924813366503757458e-22
5.116672054572316447e-17
1.801667610236335848e-14
3.309408208420391016e-21
1.683574423253841524e-17
3.815154241014180878e-18
2.806539499394217594e-14
4.941605502732153947e-12
8.104072642622605465e-13
6.151045962561795389e-15
-1.571671481467631385e-18
-2.076186362600521854e-11
-2.131536891215117013e-09
-7.600465227770342069e-11
-1.018643141935116373e-08
-1.144617813960976821e-07
-6.319327833615985291e-08
-1.318208510508533321e-07
-4.124269478741948429e-07
-2.469194836625797169e-06
-6.304488107354011177e-06
-1.458246445037444122e-05
-1.946162906515058215e-05
-2.699006953063856496e-05
-1.901350572637562858e-05
-1.776606394316154888e-05
-1.668981131334516224e-05
-1.600555405397690575e-05
-1.726659756824757043e-05
-1.664501830533136575e-05
-1.530887095255133434e-05
-1.246260849701448651e-05
-1.022447943371306234e-05
-9.253601951254945688e-06
-8.681672510725473393e-06
-6.152468188327887486e-06
-4.991410099482510281e-06
-8.656926978689236107e-06
-7.204275352843041041e-06
-6.693208315080363436e-06
-7.101956550783474216e-06
-4.516753768410273649e-06
-4.007729052866887092e-06
-5.798321241915292267e-06
-4.172697865676662507e-06
-3.924081619191003144e-06
-1.393480634314334403e-05
-4.113705967099364673e-05
-7.167365525453082715e-05
-8.219809533390448196e-05
-8.374487988405666353e-05
-6.431039277971585576e-05
-5.335074134044321873e-05
-4.180444072025242200e-05
-3.939642920300290491e-05
-4.637502566952699223e-05
-5.475247305872428684e-05
-8.197815572862259047e-05
-7.182835506334686517e-05
-9.231040773715926432e-05
-8.556210039990547623e-05
-7.053785090925212263e-05
-6.506698715662000035e-05
-5.826651260945308187e-05
-6.281076526804995534e-05
-6.372244752564941623e-05
-4.436300810842743787e-05
