8.792176828496579138e-03
9.230892995482894992e-03
1.098134889086357924e-02
5.687385298461711605e-03
5.868054876477768987e-03
4.538737948164723104e-03
6.648788216140832756e-03
7.567077236463119229e-03
1.209838330677097049e-02
7.613478695442823900e-03
5.408792154554167148e-03
3.901544833108329564e-03
1.600565941679839115e-03
3.127498054259385003e-03
1.754492873453155580e-03
2.730304046355931918e-03
2.757060755095463566e-03
3.832249402262906390e-03
3.544827806990210727e-03
1.941169349071406947e-03
-6.922266930548166570e-04
-7.561233037236218119e-03
-9.786463579365162202e-03
-1.238926667090322481e-02
-9.171097546169175441e-03
-7.237807930563215641e-03
-8.141123756029031155e-03
-1.293201789505998497e-02
-1.912477479892784119e-02
-1.984861315004733673e-02
-1.392172862270402156e-02
-7.134463736825039093e-03
-9.215854655184938307e-03
-1.682824509297101839e-02
-1.324594997562357317e-02
-1.356752794616017214e-02
-7.186636074203955199e-03
-1.702181010182864628e-03
-5.367794859151937478e-04
3.744255339650971130e-03
9.018924544682130340e-03
1.152137902079887130e-02
1.295161281187699048e-02
8.877263524901739949e-03
9.898128708101796777e-03
1.154004760072656170e-02
1.478253846121941467e-02
1.362696962065882908e-02
8.463389655911222886e-03
3.943701297617542567e-03
2.640839796665563673e-03
1.400441934403650474e-03
9.064223977773330342e-04
1.767461042771881533e-04
4.466593667668863188e-05
-4.447470506713598718e-06
-5.142322810584733618e-04
-6.778615574781765574e-05
-1.429080822013410755e-06
1.416769306864710902e-04
-1.344189922273186994e-04
-4.387189208593447200e-04
-1.956460418108376623e-03
-8.189590893880731651e-03
-6.461375153465296131e-03
-5.093289099341207979e-03
-1.733763683961369673e-03
1.731283747696941598e-03
9.214795789080064761e-03
1.921568089065468776e-02
3.811762578269593804e-02
5.113319866514835776e-02
5.389615638854400315e-02
4.920081442703613805e-02
5.343301574496194667e-02
5.458394215752208206e-02
5.497774574097885614e-02
5.455892682290812423e-02
5.336942015698176861e-02
5.181648468401202356e-02
