5.212247099274325453e-03
-7.564705414786661308e-04
5.941598655421338705e-04
1.184683677214597077e-03
1.947868505272208573e-03
2.720254936373323138e-03
3.409261780705785411e-03
3.576950234230088198e-03
3.564726838772818394e-03
3.380958003113168023e-03
3.082959074696531212e-03
2.918117269787844862e-03
2.558258524658328387e-03
3.182923078792773350e-03
2.973966534252006546e-03
2.851960592679249600e-03
2.613877507326991308e-03
2.154973242448758684e-03
1.627870654674676678e-03
1.473795594901909601e-03
1.492688266933714760e-03
1.787632073498177099e-03
2.164767216898679739e-03
2.476305666947755096e-03
2.774193062889179860e-03
3.106603938922635269e-03
3.727947769610589785e-03
4.198912715482585462e-03
4.711354118338370416e-03
5.406727521290818732e-03
5.805448568748573790e-03
5.926159548003824031e-03
5.928981996989927082e-03
5.932344491497703633e-03
5.812723858224498087e-03
5.583248753809906713e-03
5.354900678736674614e-03
5.117483955166139686e-03
4.556111967573113486e-03
4.168756139507990253e-03
3.774447475745444994e-03
3.350651923640380388e-03
3.583803476146881894e-03
3.853933140860805583e-03
4.352617975355125256e-03
4.653336394726439139e-03
4.993491608313691162e-03
5.575053448013248848e-03
6.099976766286267088e-03
6.630533272185609207e-03
7.315734829445708250e-03
7.950096695213841602e-03
9.046558391741501767e-03
1.013549307897628794e-02
1.075070806352286350e-02
1.126430699185246818e-02
1.097734782757689952e-02
1.055550325630101073e-02
1.011630838867051685e-02
9.530037743776897594e-03
8.974823530853834677e-03
8.348408947994136187e-03
7.577321463973135662e-03
6.613607627415245271e-03
5.122099717271492818e-03
3.617428779907039347e-03
2.242603078939587637e-03
1.089409439565346529e-03
5.875073055248970734e-04
2.246827622545254782e-04
-1.384049052493502643e-04
-3.434315492304663357e-04
-6.633629288609675483e-04
-7.362390989689365306e-04
-8.083111326714900388e-04
-7.781245913620998518e-04
-8.180854563265005375e-04
-9.767276546241974479e-04
-1.191513133813682738e-03
-1.329805141547532252e-03
-1.533719796305590922e-03
-1.644879938108994048e-03
-1.617113245651027181e-03
-1.668743739482945890e-03
-1.506323293435119252e-03
-1.654617687387168390e-03
-1.725003396294470673e-03
-1.750780108440204907e-03
-1.681093694906456854e-03
-1.468370484549205539e-03
-1.232669757585156539e-03
-1.135974700177136637e-03
-9.669515445628373883e-04
