-1.370685759519617991e-02
-1.281929104777905157e-02
-4.354140723703860995e-03
-1.119871747096702359e-03
9.734749081060925990e-04
2.321214978172887137e-03
2.830896891265655742e-03
2.766666428929045150e-03
2.986858516755191376e-03
3.391661782884378227e-03
3.835650235948050071e-03
4.586330719202727328e-03
6.690857877789421586e-03
8.508969905607585357e-03
8.452228491260255563e-03
8.955838869988240122e-03
9.614478467484834784e-03
1.051019050895739097e-02
1.169305176127343783e-02
1.343726695590659846e-02
1.506101215538711152e-02
1.640924205926274498e-02
1.766539870010101765e-02
1.874824996285277823e-02
1.939712103866561912e-02
1.975887478125651700e-02
1.973195523240484431e-02
1.913541620837500359e-02
1.834584199936811419e-02
1.719366958988737329e-02
1.564020565836617485e-02
1.419672650814736946e-02
1.278947368817807094e-02
1.136690922359819521e-02
1.032257733073368988e-02
9.156867131849004762e-03
7.780547165861441405e-03
6.974001170568185082e-03
5.923082017132403655e-03
5.862626117814472709e-03
5.478275156045371401e-03
5.268391260274722654e-03
4.850078069617708154e-03
4.606672838673175202e-03
2.240807151451787785e-03
-4.633160406318997428e-03
-9.536777082491584498e-03
-1.010478554351314229e-02
-9.814375998421021388e-03
-9.817043318777954677e-03
-9.012166591483213376e-03
-7.993981798863051061e-03
-7.631865863683813533e-03
-7.206195834989157119e-03
-6.327430792278558071e-03
-5.819689191516187743e-03
-3.125449435794146191e-03
4.284203346168941919e-03
9.195949553487925768e-03
9.525576552527796961e-03
9.373833792071630325e-03
9.388042478259106885e-03
8.791736700901142329e-03
7.491213877911045982e-03
7.195505933728263588e-03
6.772985477485030277e-03
6.492914430180861222e-03
3.903092898250071913e-03
3.427649451502200271e-03
2.445848874990437776e-03
1.637507146168818220e-03
9.472589118507424586e-04
5.948057054444257563e-04
3.032217211297465772e-04
2.309926359550930981e-04
-1.432876398775984430e-04
-5.509949968740629695e-04
-9.570476050066753330e-04
-1.191994617236990942e-03
6.223221164953244774e-04
7.432998924443267989e-05
-2.548703982964178514e-04
-5.346052856601195367e-04
-7.270962334345480510e-04
-9.983478390535841136e-04
-1.628405917450934104e-03
-2.355111661784174779e-03
-3.384445473108814093e-03
-2.739466903016450974e-03
-2.538507666782112340e-03
-2.509972630039122941e-03
-2.349361293085535773e-03
-2.147651541345413796e-03
-1.707509622754043929e-03
-1.370599265412019742e-03
-1.064015923035862557e-03
-4.459933790295560565e-04
1.837325627655221529e-04
9.779940286979271064e-04
2.206998346964600659e-03
1.821793806416273321e-03
1.944686242071850786e-03
2.099757865695015945e-03
2.269920761736574349e-03
2.530463907571293015e-03
2.638426233839294421e-03
3.001664220600458715e-03
2.985845173607608316e-03
2.820153126044850495e-03
2.857072744364455921e-03
2.898802107046430983e-03
2.955122097274304194e-03
2.787826114378921458e-03
2.649234721818305525e-03
2.543566614571654994e-03
2.416884197967006289e-03
2.239214453139298441e-03
2.117206072194409688e-03
1.794680534225232297e-03
1.740771429338135038e-03
1.591690117683705651e-03
1.256011783010217448e-03
8.434605571636696712e-04
2.766832397923113941e-04
-3.645469005527235005e-05
-1.914227080181377008e-04
-3.105166157120385303e-04
-6.295025292524270314e-04
-1.066324359188648447e-03
-1.595655537147890697e-03
-1.642237339216311457e-03
-1.870464897078709561e-03
-2.394458228367016620e-03
-2.359914973201938590e-03
-2.147090203009550512e-03
-5.066425918452647538e-03
-9.345303457483224163e-03
-1.413803710143998575e-02
-1.913612919938339693e-02
-2.212911419435053748e-02
-2.424130967326161915e-02
-2.647179458633517821e-02
-2.924892536216958452e-02
-4.114245196612945077e-02
-4.823226576848276687e-02
-5.278615734104116081e-02
-6.296353601172142989e-02
-7.035245694025339669e-02
-7.176551967411676225e-02
-7.593988975550099163e-02
-8.186901868405771499e-02
-8.621021322019473132e-02
-9.519725094679863664e-02
-1.052335682101304681e-01
-1.293010790934392695e-01
-1.273467928272499494e-01
-1.454011211051719765e-01
-1.518354492412395396e-01
-1.813634012267279216e-01
-1.793404922168353177e-01
-1.990011630948553545e-01
-1.981228480693793814e-01
-2.076345887529900958e-01
-2.526641894574124803e-01
-2.476813072195684640e-01
-2.481661324972809224e-01
-2.280528988719362771e-01
-2.252664976388870643e-01
-2.122380280027064414e-01
-2.122254420038812428e-01
-1.848796585907640233e-01
-1.863926252727944044e-01
-1.725176600776587021e-01
-1.761487749188932472e-01
-1.673973861223037041e-01
-1.268018568766669796e-01
-1.345073363294276569e-01
-1.333582606717673147e-01
-1.398382893076140499e-01
-1.430608061149681309e-01
-1.453917906376791802e-01
-1.496575110613165005e-01
-1.539051963015448388e-01
-1.612269233855686268e-01
-1.660782813978795291e-01
-1.692099302921106219e-01
-1.734730769783504323e-01
-1.755419783692931668e-01
-1.783051894756483013e-01
-1.837724229653195929e-01
-1.786061403581673257e-01
-1.758869689597226671e-01
-1.732722168897816994e-01
-1.694120451041617736e-01
-1.506130644572306332e-01
-1.333566681427539313e-01
-1.169562648403153354e-01
-1.022320755993256780e-01
-8.652614123986103467e-02
-7.275716291013133163e-02
-5.612306129707764213e-02
-3.885682554413202872e-02
-3.120756545160346604e-02
-2.377598335057973244e-02
-1.172673238698242193e-02
-6.070622742591786367e-04
-3.245746399624485287e-03
-3.489665682027057961e-03
-3.769930237001896736e-03
-3.944320814314704500e-03
-4.102114961316985671e-03
-4.485875225788312805e-03
-4.928473731576665622e-03
-5.707665901983609118e-03
-8.328730974106619486e-03
-8.849526545079316672e-03
-8.974501621821661182e-03
-8.987945233013236099e-03
-8.922029468849027034e-03
-8.801185452075753132e-03
-8.752201140917173147e-03
-8.630462532649051804e-03
-8.528975220861878537e-03
-7.490762399146445698e-03
-6.514891501301289627e-03
-5.190928897212073768e-03
-1.754080615928988894e-03
-2.416987850261657249e-04
8.431877705677316009e-04
1.592875456601342129e-03
2.367348205824846338e-03
3.825478936365063389e-03
4.525492852268060695e-03
5.128431854595745000e-03
5.560642189553387932e-03
6.409517748719949747e-03
6.082038170389198091e-03
5.602018695968189604e-03
4.942880429846251665e-03
