4.142168245990545045e-05
3.055530490712128118e-05
2.198000321768853250e-05
2.924884024950047620e-05
3.663009484688875897e-05
4.404434686257127228e-05
3.844852894295035462e-05
5.224079754341247767e-05
5.266744118981957060e-05
4.477500667263076126e-05
3.506190904474455115e-05
2.160029662002054449e-05
2.029460872022242061e-05
3.220912452945706153e-06
1.989415524928993495e-06
1.372624817978972433e-06
5.987023979154514188e-08
2.214841032620547071e-09
1.069171340771016640e-10
4.669155915112101000e-11
3.159588824558824753e-17
1.437355451373261100e-17
1.536573843894122792e-17
5.914908223952890391e-12
4.878920351353399572e-11
3.027824247806051908e-10
1.177974652660663385e-08
3.878659679088649361e-08
3.981536313289807587e-08
4.299166714326676408e-08
5.027709790716633938e-08
5.174223493708997611e-08
5.140863797718486089e-08
2.174355533710122981e-07
2.188202671145065583e-07
2.494438764160315283e-07
2.488798443896739661e-07
2.638628101021292083e-07
2.530318574455676492e-07
1.229534239582750830e-07
1.527470364492690639e-07
1.219137762365616350e-07
1.161807516629342635e-07
9.971081472702051393e-08
9.940817311804779694e-08
3.646527338695953115e-08
4.299384764966742505e-09
1.330243153394530776e-09
2.483647349112667003e-09
4.410257844565059174e-09
5.066732030632093129e-08
5.065488802509803290e-08
5.061368460574181914e-08
5.061025824164487196e-08
4.842560558672400891e-08
4.626683606353945588e-08
7.253969425625140437e-16
5.668933683414318905e-16
3.074319003263655627e-17
-3.984996308026970263e-18
-5.250560698081603691e-17
-8.896795313163550138e-16
-2.311789530895682879e-13
-1.547943400186330560e-08
-1.555515220046463218e-08
-1.555750584084199051e-08
-1.555851438114936244e-08
-1.555852152655715161e-08
-1.555829127140278925e-08
-7.908845331968152575e-11
-3.372333019904435917e-12
-1.018689463897521914e-12
-1.434472081525196687e-14
-6.366611991395300847e-15
-1.080416158443509013e-14
-1.079971778465097786e-14
-8.721416233730170122e-15
-8.723737108983084693e-15
-4.479706232070624451e-15
-4.475233953468382402e-15
-7.976892889833186285e-18
-2.254485093398756340e-17
-2.259732941052234496e-17
-1.947615423792061132e-17
-1.975500110049272988e-17
-2.019330637825083726e-17
-1.578157913471550425e-17
-1.065410828790712885e-17
-1.060172873343392004e-17
-1.060172756118763331e-17
-1.027032198819797835e-17
-1.287662484783244442e-17
-1.287662865754521450e-17
-3.052831946236207500e-18
-3.052733022842923523e-18
-3.052733022842923523e-18
-3.052733022849276396e-18
-7.513750328593423961e-21
-7.509940610572992341e-21
1.677239386853858893e-18
4.278696811127637685e-15
6.411994800118769857e-12
2.286406323149453554e-11
8.923461922900331995e-10
1.171037852026233722e-07
2.352134926076958616e-07
4.918077584873997792e-07
1.360962638514483120e-06
7.527636573020616083e-06
9.503047321606767999e-05
1.325233019099713661e-04
2.101205035272577318e-04
2.171506120125715278e-04
2.239564017507449849e-04
2.227897718636114759e-04
1.474319637418204567e-04
1.151356247272226864e-04
3.968166861788797924e-05
3.540653415315471762e-05
2.817324473932047372e-05
2.424371373922135897e-05
1.244836918248690368e-05
8.254713487525252159e-06
6.253059199531072099e-06
3.309123446801442598e-06
2.911674669208193414e-06
1.903942165148085982e-06
5.842893829686006853e-06
6.763848421829649856e-06
7.519233965734485359e-06
8.088335012257809382e-06
9.280301493265965084e-06
1.021763155391636918e-05
