6.967716190662445491e-07
3.900639069852605396e-07
1.346916152851607042e-06
4.006544708938164018e-06
3.486816668515617457e-06
5.538852661730064874e-05
5.388978028685129790e-05
4.764512222215314282e-05
4.507217576920570013e-05
4.122784532030822119e-05
4.147249266760249321e-05
3.915702854312452693e-05
6.592061435868613580e-05
6.602083627638785526e-05
6.627312815698755235e-05
6.550429356606415974e-05
6.587502271345184891e-05
4.167217764740530745e-05
1.243441695328763449e-04
1.248014433540099038e-04
1.234417134455292843e-04
1.254116610130013838e-04
2.871874827298632983e-04
2.875648066532790308e-04
2.611529154587994878e-04
2.610457496540576940e-04
2.605217394010005453e-04
2.602917881283217248e-04
2.598037336053661984e-04
2.577651556413105725e-04
1.713517218971599221e-04
1.705667384285875431e-04
1.698857513249326517e-04
1.673633978174413051e-04
1.927662255533960006e-06
4.097614009626629840e-07
2.478291754664534619e-12
1.575644524870622862e-14
1.165228971494750398e-15
9.936514752644666177e-19
2.135403986165652730e-20
3.210949688925274440e-16
3.210949651824858133e-16
3.210949651824858133e-16
3.210949651824858133e-16
3.210949651824858133e-16
3.210949651824858133e-16
3.210949651824858133e-16
3.210949651824858133e-16
3.210949651824858133e-16
3.210949651790124588e-16
3.210947185221509338e-16
3.210943255481615630e-16
-1.647016658982131331e-17
-1.411558260227784772e-14
-1.412740081225994589e-14
-1.658568967586410162e-11
-1.784299220364446584e-11
-5.838635105286617124e-11
-1.987905740210035282e-09
-2.000349512620423512e-09
-2.038811011721109805e-09
-2.040005116430252896e-09
-2.044261188409401432e-09
-2.380584446115706911e-09
-2.209538774597300090e-08
-2.209782994652843378e-08
-2.238298517533836565e-08
-2.236904014632002108e-08
-2.237040604854818457e-08
-2.233128684059531663e-08
-2.053736923849835132e-08
-2.052495437098458415e-08
-2.052943224417829726e-08
-2.126410068669311739e-08
-2.127696226176076586e-08
-2.094122698023624801e-08
-1.240256816187916967e-09
-1.300779096893473012e-09
-1.138507419324404697e-09
-2.724667629115658157e-09
-2.764939881517026184e-07
-2.940410597103382223e-07
-3.062101743963310930e-07
-4.324560545176286918e-07
-1.350957701432314440e-06
-1.462457914423106706e-06
-1.532645219535651325e-06
-1.721880655748756166e-06
-2.049785537507446636e-06
-2.314235069906116310e-06
-6.456294957588716426e-06
-6.527634898041330278e-06
-6.301487350809030600e-06
-6.363971059883352575e-06
-7.099265087658117529e-06
-7.153399598678203620e-06
-6.271626133343771762e-06
-6.661714392438978853e-06
-6.605933670077488366e-06
-6.424770655096814011e-06
-6.115092809938398764e-06
-5.912380020291663381e-06
-1.771493498443911782e-06
-1.701730681155411660e-06
-1.654106879137956085e-06
-1.574075318555709022e-06
-8.264765743080425758e-07
-6.460961542758066001e-07
-6.093250333232607001e-07
-1.070006986900381262e-07
-9.257699829193625977e-08
