-5.314984761940538695e-12
7.663937783068150557e-09
9.052719920131795470e-08
7.526374666737726899e-08
7.539383589632209139e-06
2.406970447192232818e-05
7.420279686205265355e-05
1.293759099093885452e-04
2.238471532377469273e-04
2.536050536269632305e-04
1.569592218137216052e-04
1.989865855504766587e-04
2.208200671657987915e-04
9.459531790203408973e-04
8.857064545600736027e-04
1.104332717760242487e-03
9.540976705678078746e-04
1.316671460619155826e-03
1.062358716883782380e-03
1.159648476143349243e-03
1.036494972680980899e-03
6.373305026146651366e-04
1.029929014072584852e-03
1.783727688450894742e-03
1.891046535231072096e-03
2.270597964521722974e-03
2.800460734152218460e-03
3.186654904100698522e-03
3.091438371950942874e-03
3.144447132977591045e-03
1.860595020217263454e-03
1.469617412281116900e-03
1.765517432522242499e-03
2.711092416661378159e-03
3.202751419581603178e-03
2.093448974428631891e-03
2.322312585155294866e-03
2.201036370398398116e-03
1.598365025982665701e-03
2.249432134845255615e-03
2.559227917110505450e-03
1.627660676716805163e-03
1.094808959400290181e-03
1.768004714790443301e-03
1.076624110968281639e-03
1.108118295797993688e-03
1.900864158460918805e-03
2.121507285948386404e-03
3.380367107518578683e-03
4.198112376762341315e-03
3.548661276748618643e-03
2.597735097526633358e-03
3.040187062153572838e-03
3.208170599596934375e-03
1.812281389367999002e-03
1.466333522546205744e-03
2.068531278367757853e-03
2.548554122774270101e-03
2.041356100796151620e-03
2.828146464094963113e-03
2.839600136147015820e-03
3.559473140635959973e-03
3.835154947602135121e-03
3.223035156480231946e-03
1.858358725608900280e-03
1.549338317249440190e-03
1.287727269219829601e-03
1.288443019928955631e-03
1.040977856618425504e-03
7.689815037719780876e-04
6.382453478823185049e-04
3.170117912080737941e-04
6.972773770205140369e-04
5.607436486485567907e-04
5.680529263133191151e-04
8.992671277259134312e-04
6.170549225502227567e-04
4.193970480194990857e-04
5.437299269152346282e-04
5.326272079916281876e-04
3.366000258395729903e-04
1.998143261301230241e-04
1.468566764433768489e-04
1.815971101669467758e-04
4.269009944011631602e-04
2.491932142282262340e-04
2.426567068963153030e-04
1.300274954918606563e-04
1.855058386833487421e-04
1.103224500645862176e-04
6.383178808487107651e-05
1.798474947374882217e-05
8.195844515011953502e-06
6.689715946612637453e-06
2.514371515168923742e-05
3.336559225934014928e-06
3.945124795005853827e-06
8.063033677885936967e-06
1.906297550972320420e-07
2.034993950368003703e-07
3.003058036623774883e-06
8.693049182949980837e-06
2.288932870467526515e-05
2.314487415030028899e-05
7.287153059563721133e-05
7.980743832973762227e-05
1.073306666540186272e-04
2.041238039675288731e-04
6.582366806519082398e-05
9.808277409193471761e-05
1.439878954317572136e-04
2.375138696105201367e-04
2.179325483702280238e-04
4.367273542014880536e-04
4.184974936773178718e-04
8.011709055821306883e-04
1.080256942322695059e-03
1.210877307359822016e-03
2.508502708326968388e-03
1.750017392521747072e-03
7.582150217182949316e-04
1.155494944361994385e-03
1.133966477556809776e-03
3.836168082221697809e-04
3.161272623455442998e-04
1.417377921488160671e-04
2.357964089942974446e-04
1.810799518645483963e-04
2.922627828707162804e-04
7.348567756924639146e-04
7.411787545180798485e-04
1.501678474403039419e-03
1.290458816431549723e-03
1.573411568887567733e-03
1.431657178566555014e-03
1.629917767761766313e-03
2.066847760589116123e-03
2.032208678668596773e-03
1.424098734090645853e-03
2.761226493849875362e-03
3.339420343130043104e-03
3.215584481640981068e-03
3.426090390630125160e-03
2.725928715214746660e-03
2.936388463961636316e-03
1.279164114287070645e-03
1.605840087775334398e-03
9.255991921308011090e-04
6.983523842361529432e-04
1.373212931971992483e-04
1.652067958866141852e-06
5.245769148503239387e-11
1.892169932284435441e-09
1.771714024541701075e-08
2.218626676590567011e-04
1.785401672377620315e-04
4.494454161418171630e-04
2.400116048759345401e-04
-3.068440797135290536e-08
-5.771566832314470059e-04
-1.982674002498992574e-03
-1.925994163527346712e-03
-2.310638751165287365e-03
-2.214194648184545158e-03
-2.607887553067631762e-03
-2.239152925875285624e-03
-1.854410271481523372e-03
-2.081731140019462897e-03
-2.442376359100767360e-03
-2.532191497822034940e-03
-2.583051182371496647e-03
-2.419440418152347082e-03
-3.928529477090388078e-03
-5.290095117632391541e-03
-4.112606028359178274e-03
-2.407112247115613009e-03
-2.488082293565078897e-03
-1.916414275260963293e-03
-2.103848127398278735e-03
-2.384928448342991340e-03
-2.227311853528118023e-03
-3.742412965883448392e-03
-4.496858083383677845e-03
-5.131212189351240863e-03
-5.685211052618175352e-03
-3.596401911657332463e-03
-6.940257629924638516e-03
-1.112575289109901666e-02
-1.098954806974323899e-02
-9.171693114342134578e-03
-5.621051564786278681e-03
-2.404416502539638741e-03
-1.099920288214703513e-03
-8.978428950687138491e-04
-8.360024793159745752e-04
-6.730582785225952113e-04
-8.293230371776794205e-04
-3.483028229283932761e-04
-1.886654015311727017e-04
-2.115435881718648542e-04
-3.876955609669309683e-04
-3.432392370704570811e-04
-5.812560567685159333e-04
-6.479138248613445540e-04
-7.214798975275391827e-04
-6.228925081685975865e-04
-2.721544947338596027e-04
-2.758572712817207998e-05
-3.128199844897582004e-06
9.075588560452860221e-06
5.031120474444271341e-05
5.132331037984756575e-05
1.066092825235310544e-04
1.605123600480234025e-04
1.147669365407101555e-04
3.210997034014489407e-04
3.371026555640011272e-04
4.192074659184306809e-04
2.989608048438695265e-04
8.635170225013898094e-04
6.554931532628785647e-04
9.258004460649812365e-04
9.082779398224159403e-04
7.058714660567848038e-04
4.638800254233283295e-04
1.734230679686556023e-04
1.874411262981135655e-04
3.050750427036591061e-04
2.937357395435480291e-04
2.365513982820843342e-04
2.881981509684924080e-04
5.149666422693520169e-04
7.782723881223807972e-04
9.305909715379178434e-04
6.955911589073687784e-04
4.466100462831876314e-04
6.045025692896051827e-04
8.598670902364771978e-04
6.134906526997728742e-04
