-2.568442464200326497e-04
2.518081361794415420e-04
2.777332840075236132e-04
-5.849436052618948436e-04
-3.759986601160203099e-03
8.311852080789257444e-04
9.109642835066430761e-04
2.229281583539990692e-03
2.250820259043649109e-03
2.373081683277975841e-03
1.913853101232731915e-03
1.570827789383840963e-03
1.563079833198678008e-03
2.076062068845754231e-03
1.558759033093159345e-03
6.846047502757979849e-04
4.552848920274929143e-04
7.956408705725248956e-04
7.518786409952911204e-04
9.592754117905146578e-04
3.851081805347090895e-04
2.912575531308716787e-04
6.519355645849694587e-04
8.132094042760055347e-04
1.335400665328357120e-03
1.701389094236340936e-03
7.353494615124462567e-04
1.085634919323636999e-03
1.330311881578714146e-03
3.929327108266838023e-03
4.675277256450519926e-03
4.569300379095571005e-03
3.635322277211445064e-03
2.926262896461653829e-03
2.439070062033694367e-03
1.103623993498488096e-03
1.978515692669361239e-03
1.364362423975811747e-03
2.119594408349587469e-03
8.246726361055035925e-04
1.313879713322168913e-03
8.367261448398913672e-04
4.233239633495357486e-04
9.405764763893273341e-04
5.420863570784579481e-04
4.151174051824201711e-04
4.007454583387416746e-04
6.355954811131363930e-04
1.605621453914824999e-03
2.684042970031485890e-03
2.473133545678462674e-03
9.105753372602040652e-03
2.113869889043166334e-03
-2.069830952110990677e-03
6.624611354631218356e-03
1.985447259585190402e-02
1.963306603735285802e-02
1.807483323705531136e-02
1.978177702269184532e-02
8.056285373574034389e-03
4.412891292709199276e-03
3.856321444740060545e-03
1.931368384599298303e-03
2.607434662289211374e-03
7.973785042302557885e-03
5.273360744127307889e-03
5.421130575509853881e-03
1.411904882007992100e-03
1.303482019577721944e-03
1.119293969903137342e-03
9.525498269167929780e-04
2.163392677744615730e-03
1.297117923535755224e-03
7.519209670762845013e-04
1.264573990463420004e-03
2.061016228087128761e-03
1.060645336435781612e-03
3.162706969544354678e-04
-8.786873606648163023e-05
-4.328070518579053990e-04
1.792277234239994532e-04
3.331867487181914135e-04
3.201350542400202819e-04
9.512510105343512405e-04
2.930904745453269443e-04
-1.323445531259632340e-03
5.665897403403303200e-04
3.521265634240740750e-04
2.712331875733792023e-04
5.439849976421173156e-04
-1.673281269155812154e-04
6.147020062355157768e-05
8.403919032318439303e-04
9.319408115889244815e-05
3.948230585558870653e-04
-3.331421891309198856e-04
6.826429586198693713e-05
2.887254714162820800e-04
2.752155450599663320e-04
3.293769045426062211e-04
2.600412467775456904e-04
5.592609486574415647e-04
6.572520826406742398e-04
4.347518796380880489e-04
3.918505808903940653e-04
-8.043192484122597106e-05
-2.837891484237772729e-06
1.030502845740667556e-04
9.330901613978204005e-05
-1.763619341774774838e-03
-9.143717346608639133e-04
-9.796842746559227683e-04
-5.781782137404125688e-04
-4.096820604013140760e-04
1.085823308155268801e-04
1.796092734660544965e-04
1.152084704681186853e-04
4.226001038980481232e-04
4.104908847108044078e-04
1.063730826691872871e-03
1.335530771761795016e-03
9.495944481129147243e-04
2.223703638607677207e-03
7.692990523853677261e-04
7.935289467507036006e-04
2.765875601921683608e-03
1.081082640313244620e-03
7.227411437544642219e-04
3.380044438121817597e-04
8.406657515917439084e-04
6.340076885532903560e-04
5.880470019559063191e-04
1.229768866199380676e-03
2.055521101084191189e-03
1.616778481878639344e-03
2.029682815368263459e-03
2.597928346399762389e-03
2.469849857012549558e-03
3.600626782852744002e-03
4.166560582925226026e-03
4.202601173239128157e-03
6.146115079397138775e-03
9.686320705057758704e-03
9.581584912247254060e-03
8.380646853181565603e-03
3.820907173272603853e-03
4.833135498657936679e-03
5.797361032733958780e-03
3.198440800045357097e-03
3.771094453191964325e-04
8.597206993037264863e-04
2.416989959498202709e-04
-3.707284641360623933e-04
1.697340859899332168e-04
-2.343954327898441724e-04
1.701178458750965405e-04
-4.142787075143733347e-04
-4.642707400139824093e-04
-1.148790446751751082e-04
-1.851426591191432814e-04
-5.162995782657459542e-04
-8.500731394518990479e-04
-6.212818613430065801e-04
-6.166640553173425611e-04
-1.416127945980247141e-03
-1.880662418864709152e-03
-1.315115807377615232e-03
-1.114447283492355206e-03
-1.181399816791096208e-03
-7.879136297389385162e-04
-9.591934100250151373e-04
-1.151971659003724318e-03
-3.010052293473162804e-04
-3.165199816953255855e-04
-2.685340695798884149e-04
-7.018866882913501115e-04
-1.818231585918193101e-03
-1.042612646496436949e-03
-7.033538727787018354e-04
-4.987168719416946961e-04
-2.863676397457047529e-04
-5.185854000828944493e-04
-3.760229406794158712e-04
-1.950094533231989686e-05
-5.091831050602063776e-04
-1.824337136154765941e-03
-6.591083541515687944e-04
-1.381123948648071715e-03
-1.123928436042788198e-03
-8.179746641058923068e-04
-1.799544533458484344e-03
-2.004627773106068458e-03
-2.668408166484332981e-03
-3.785532395496437556e-03
-2.026367453490178841e-03
-1.828059375028786605e-03
-6.587762531264134075e-04
-6.899608926389992711e-04
-1.363510453539230763e-03
-1.009175332591529580e-03
-9.708369263151631241e-04
-2.013083511287867659e-03
-1.347642185635919854e-03
-4.806382051271580725e-04
-1.001127812442192391e-03
-4.815907009974553974e-04
-3.487000448909248723e-04
-4.565952013936600646e-04
4.578126825315089452e-05
-2.244157025196590895e-04
-4.680186808332401039e-04
-4.687852808469852536e-04
-3.449236428037624389e-05
1.282264118657683262e-04
-2.900941484066830653e-04
1.212535191960615939e-05
9.626559693311181442e-05
3.306046278934562173e-04
3.414457482830824097e-05
-2.076223230058927291e-04
-2.812270778964224356e-05
1.371288097639133453e-04
2.198608286860781515e-05
-2.603318299539078302e-04
-9.701482906385288643e-04
-1.468123740634878077e-03
-1.071113843252917419e-03
-6.978103722788959584e-04
4.776818082918602381e-04
4.256839121253532172e-04
-1.133198544786210909e-03
-5.613218831609225823e-04
-3.284167784644077305e-03
-7.798835733112204245e-03
-1.207136297480182648e-02
-1.095477455279894770e-02
-8.064023775004472080e-03
-5.499806722148945122e-03
-3.233932844892925713e-03
