2.591603189702450520e-05
2.055313994456552985e-05
5.701541361209023812e-05
5.379058170319205609e-05
7.250460109520323008e-05
9.127677255051818480e-05
1.195641514701970579e-04
1.531773660606597853e-04
2.012548674032807342e-04
2.566620215347532592e-04
2.486130224404212792e-04
2.371774044598735887e-04
2.102727208056252926e-04
2.354143180338184437e-04
1.938871178737076840e-04
1.378972992020583094e-04
1.240297266643173701e-04
1.092483242190673328e-04
1.111524673892679769e-04
5.998913588977692035e-05
3.207202798605963051e-05
2.530985598703215192e-05
2.267088962511158899e-05
1.803176239925785500e-05
1.042802810855119297e-05
3.048717600198869388e-07
1.774397300045299845e-08
9.899708865750314586e-09
5.324592317923022387e-09
5.198704482766282580e-09
2.462861158844544190e-09
9.219840142898599151e-10
-1.803665615518010325e-09
-1.717038155062541522e-09
9.816962748902916538e-07
3.815096530110993525e-06
1.233297721742930781e-05
4.842272058681237201e-05
1.629689906920812296e-04
3.993217635095260096e-04
1.078836987335639796e-03
2.575088670594637228e-03
4.259010901071808887e-03
6.171123788554707355e-03
8.839650968436925382e-03
1.143897647231766068e-02
1.518599429274439250e-02
1.856185284629657817e-02
2.088554005332464436e-02
2.175989676938495931e-02
2.260395036003680705e-02
2.291397392657044604e-02
2.131049995590634724e-02
1.967411779297129071e-02
1.865133302855538286e-02
1.810910219457875434e-02
1.532159909849801181e-02
1.262311879219888723e-02
1.049828668753147176e-02
7.345974614683135895e-03
4.402533509869473172e-03
2.143700060728414170e-03
1.316197365044646057e-03
8.690553149694781043e-04
1.698449362198260792e-04
8.359553813905644360e-05
3.369438619052058872e-05
1.220083130540095288e-05
7.958243057328832546e-08
8.752844155136905568e-12
5.267874590026699590e-12
-1.818153976624952264e-09
-1.849097126161875536e-09
-1.849099091342078865e-09
-1.849058176580157603e-09
-1.849058174910817791e-09
-1.849058282542573304e-09
-2.693702836624423894e-11
1.837094486889957705e-10
1.935713381538197088e-10
1.935777658164138627e-10
1.935777651802458747e-10
1.935781185903694575e-10
1.935781115261034588e-10
9.909231671075996874e-12
-8.759705586458472414e-11
-2.241323264532634565e-10
-4.957254504050481989e-09
-5.799133683997587324e-07
-6.664538786549679891e-07
-6.665483842883255260e-07
-6.817070665617664174e-07
-6.825693115769011096e-07
-6.778373507126699728e-07
-1.028890437478420667e-07
-1.639695240606929471e-08
-1.630244677271326653e-08
-1.056119966355309189e-09
3.569790223897989874e-09
1.874342456275636250e-08
1.443021124906044635e-06
1.451794007027538929e-06
1.453248596759613015e-06
1.459991168253939354e-06
1.502271764717854134e-06
1.715224785127048718e-06
3.860352030308863973e-06
7.005808229268841487e-06
1.014186800091922155e-05
1.369564781697416881e-05
3.848299747190422936e-05
4.828396735536419956e-05
5.020838411050780262e-05
5.254904929140432663e-05
6.169941471145123533e-05
1.111649335140869492e-04
2.148145309966693981e-04
3.477589410864863405e-04
3.515445928925329416e-04
3.616381739493962377e-04
3.557879378726935024e-04
3.126689509911166880e-04
2.215436087868265225e-04
9.987244998274820169e-05
1.639112040402500650e-04
1.580464824074107142e-04
1.641885716570378221e-04
1.770883764531843492e-04
1.480237184406015818e-04
1.712669075154449501e-04
1.239932397354924205e-04
1.276394201306593767e-04
1.930012332474508312e-04
2.460505887090085075e-04
4.744556270425370173e-04
1.070834246277366448e-03
1.300954215327927580e-03
1.489757260975549088e-03
1.465432234129554956e-03
1.432376418878292907e-03
1.218907564742460021e-03
6.086799336393089758e-04
3.633160265126981537e-04
2.158292538977099682e-04
3.147465697231888984e-04
3.364558050911258089e-04
4.613605391325874380e-04
1.240365665245705745e-03
1.330102512069871422e-03
1.299791993565484671e-03
1.156563402603296179e-03
1.104511986911424840e-03
9.613341636482145491e-04
1.594147469358694403e-04
6.004517585705820962e-05
3.709889302150942491e-05
3.508379529958398374e-05
3.139037614606160031e-05
4.317977730862490425e-05
