5.207889456681416692e-04
4.585886888911933383e-04
4.714892038083274856e-04
2.749961180902674987e-04
1.593938493907347731e-04
1.089895776125640440e-04
9.677135186478673661e-05
6.294074138504714838e-05
7.017964567482121288e-06
-4.685425429739300060e-05
-1.299012673968880809e-04
-2.213005319318912605e-04
-3.620762806019949486e-04
-4.347985012875296815e-04
-5.147683066606146282e-04
-5.462487533866395781e-04
-5.853934856711202070e-04
-6.284521270383890785e-04
-7.049220638039818167e-04
-7.989756490886396620e-04
-8.952958699955782364e-04
-9.598610701334647950e-04
-9.453118892557517200e-04
-8.969633370264615052e-04
-8.776856718710608586e-04
-9.285940725445195791e-04
-9.724294689410212375e-04
-1.000828558852656040e-03
-1.040912054235554373e-03
-1.250208812298355798e-03
-1.476804297277108493e-03
-1.639243717280251767e-03
-1.717862071110902661e-03
-1.763687293675340667e-03
-1.777561087822224738e-03
-1.809343478265812736e-03
-1.794298126607790818e-03
-1.721172832066305593e-03
-1.648582151241771059e-03
-1.505843714789030464e-03
-1.375287774907746688e-03
-1.072462510103332342e-03
-7.487120988314692775e-04
-4.310157587913521584e-04
-1.479626778930946760e-04
5.446265044208422126e-05
1.589947677494090534e-04
2.832092488566695702e-04
3.906151011273642677e-04
4.439389412460056201e-04
5.207057246584035921e-04
4.684259712874809067e-04
4.270368353153688990e-04
3.393737987629631800e-04
2.645864197632155916e-04
1.640631358019805188e-04
3.904666281896347759e-05
-1.244144268608002519e-04
-2.164713966094779067e-04
-3.373963173718341692e-04
-4.608725252934981267e-04
-5.997693075063117519e-04
-7.768376693845258389e-04
-9.154745986155772433e-04
-1.045616143024623258e-03
-1.129838809945105322e-03
-1.227358373532064012e-03
-1.321904859229070103e-03
-1.398873838982188323e-03
-1.431635465500770204e-03
-1.467711877297706068e-03
-1.521836735729399865e-03
-1.618527626624558478e-03
-1.618263797923960188e-03
-1.581045152529340610e-03
-1.519163759509641184e-03
-1.458436308580486054e-03
-1.396098056386995681e-03
-1.327517712623972048e-03
-1.241241311234189161e-03
-1.167131915878377550e-03
-1.093354371482823393e-03
-1.041021801917604850e-03
-9.527953162442095178e-04
-8.362631126872145529e-04
-7.669051143800394198e-04
-7.178318818960014759e-04
-6.508712857130280211e-04
-5.546396102558125716e-04
-4.780428086397705157e-04
-3.777197270499971856e-04
-3.253434710394705769e-04
-2.510930200119176089e-04
-1.209555478613960573e-04
-2.588170784037300743e-05
8.935944411845378737e-05
2.715230677539722144e-04
4.359255081845987158e-04
5.785940663105810329e-04
7.222231633827068051e-04
8.389459098997327198e-04
9.981258233953589371e-04
1.179616362037665773e-03
1.423124592789016445e-03
1.682186115174949884e-03
1.856200694558134004e-03
2.099441264641874454e-03
2.308028315114932141e-03
2.467037850590092334e-03
2.648736070075527471e-03
2.815780865884151205e-03
3.009210140938635772e-03
3.273943005049625293e-03
3.620391694266587943e-03
4.043552835197050145e-03
4.440209190587793460e-03
4.886393647003231533e-03
5.252504959504532972e-03
5.604745429241590575e-03
6.129717361197929877e-03
6.598813392275685273e-03
6.900657003731909024e-03
7.216009678412392027e-03
7.372997706081019231e-03
7.376246676586455629e-03
7.214814532830393472e-03
6.969654814962427010e-03
6.802196186221888541e-03
6.588283777169673568e-03
6.590133028302697614e-03
6.471667128811025606e-03
6.279257148169213772e-03
6.008876692793395369e-03
5.752703641183318749e-03
5.487548746236432969e-03
5.301883239360330458e-03
5.179725364265363140e-03
5.088007687555926549e-03
4.882397968392681274e-03
4.593171200121514038e-03
4.261801559625497809e-03
3.866073687607170673e-03
3.537025649289993797e-03
3.075008956178397479e-03
2.754953027179152247e-03
2.505660787718873034e-03
2.269546582949386136e-03
2.059664141248258428e-03
1.836385961715397480e-03
1.543325700138105600e-03
1.338092794141566020e-03
1.070189241552983381e-03
8.173117211320479920e-04
5.348890739337843142e-04
3.235933648064600004e-04
1.851254151147983167e-04
5.831323582902620423e-05
-2.311157838350041179e-05
-1.082985271252192867e-04
-2.249595132521298689e-04
-3.532905065976967626e-04
-3.397982061161502858e-04
-2.723731945286227726e-04
-8.247191167601585242e-05
9.423888294376131871e-05
2.811472191253101653e-04
4.025603216668611106e-04
5.474195876781243154e-04
6.960122458809268149e-04
8.660700336424531154e-04
1.099797140048315624e-03
1.307750137348789345e-03
1.551750827138318953e-03
1.706470485797027467e-03
1.815485820826721192e-03
1.875748923138458903e-03
1.885943473241941462e-03
1.904586101284173535e-03
1.883837463412668016e-03
1.803141364546582449e-03
1.716319599735449024e-03
1.560360370657765767e-03
1.342825655055661154e-03
1.176985310326381746e-03
1.020451009405774897e-03
9.034805281124043018e-04
7.667726910467582112e-04
6.467311130983559829e-04
5.504470877692891478e-04
4.330274616457622529e-04
3.255138886008121664e-04
2.477073960723875120e-04
1.660639788991126605e-04
9.422275241625624649e-05
3.509615272475531829e-05
-5.905031132144635686e-05
-1.576593970446292601e-04
-2.353160923067003233e-04
-2.927354107701222573e-04
-4.021196249615925037e-04
-4.956503160451049489e-04
-5.495708255102183274e-04
-5.865874297494691513e-04
-6.508626301256728759e-04
-7.862874593299481974e-04
-9.026392650163514225e-04
-9.679028520453686986e-04
-9.615054647744127264e-04
-9.366043922409967963e-04
-9.008189508823055735e-04
-8.900630850276024372e-04
-8.851507598654811048e-04
-9.098690872686144258e-04
-9.479936050024779680e-04
-9.340088808004053285e-04
-9.181064832901542289e-04
-8.654420503279794267e-04
-8.020350037574150480e-04
-8.087761378454538927e-04
-8.482130179066595587e-04
-8.886942032663415697e-04
-9.442156383025064300e-04
-9.610795272087449678e-04
-1.002118220116657516e-03
-1.050848518472079782e-03
-1.107068591956673247e-03
-1.185801727308084200e-03
-1.222764424928399858e-03
-1.223726775673553450e-03
-1.178300559008944350e-03
-1.140822742534991496e-03
-1.108663456852762618e-03
-1.084652161150319620e-03
-1.108022286274847968e-03
-1.232454952190950451e-03
-1.269161654994487238e-03
-1.272137010222514466e-03
-1.276828471881527810e-03
-1.285523708573812042e-03
