beta2
9.596874939136492560e-03
9.704372860408802537e-03
9.857594196700618372e-03
1.011532850930095366e-02
1.029870507076041664e-02
1.018207510997503479e-02
1.102022679318886283e-02
1.142993807361270681e-02
1.110450506562002393e-02
1.082886422442672081e-02
1.084646866325727349e-02
1.061339822625041729e-02
1.085876801096376590e-02
1.098085518697726297e-02
1.162203237787997299e-02
1.181666054878336911e-02
1.210152892044765241e-02
1.285124559047986711e-02
1.194125629639385816e-02
1.112359847201441904e-02
1.082788133240600997e-02
1.060421113138094312e-02
1.085086668410943471e-02
1.102112629301077104e-02
1.122141470115490050e-02
1.057168958944029388e-02
1.046588620259456155e-02
1.046619653609023523e-02
1.025149705829818403e-02
1.037780757993323616e-02
1.053600017549276811e-02
1.002390083363218984e-02
9.948834585750222781e-03
1.012841505901768135e-02
1.045036508730436478e-02
9.995900215041132741e-03
1.019285614130105433e-02
1.055935977153553938e-02
1.038871045169348362e-02
1.029898240760247080e-02
1.049165820839114902e-02
1.110092948932729466e-02
1.153192974924666277e-02
1.164825984522615404e-02
1.179317769430458795e-02
1.262971047048720361e-02
1.331950541571404883e-02
1.348733031129311505e-02
1.323219691029738423e-02
1.280290256939959660e-02
1.200001558004047675e-02
1.137661187302661109e-02
1.155588946259186039e-02
1.200144082262042874e-02
1.259666125070113205e-02
1.224109815217591136e-02
1.162736965310900636e-02
1.129720738887295302e-02
1.113281553249144060e-02
1.085312700890011910e-02
1.049536664034373713e-02
1.103986428002263348e-02
1.091680052792402128e-02
1.069059102510810065e-02
1.051523331743804517e-02
1.006240945079556193e-02
9.466985336502083820e-03
9.955520700439909887e-03
9.788430822244882298e-03
9.428858236350354249e-03
9.876472701238522833e-03
1.017986142058938809e-02
1.014789521399937430e-02
1.033475312149981923e-02
1.025864760323099908e-02
1.066437620243414208e-02
1.114565892529806312e-02
1.024805130961304114e-02
9.180506464699218078e-03
8.155687275031107270e-03
7.949272729613057753e-03
8.275632302553397046e-03
8.994471799426506306e-03
9.183892639013580689e-03
9.103998273994030888e-03
9.072404143644097543e-03
9.232851407403120172e-03
1.005708437607024178e-02
1.001192192133026210e-02
1.010202590727896782e-02
1.017045764007977818e-02
beta3
3.219911668913373257e-04
3.153578020266494626e-04
3.721747396616936743e-04
5.345473397565499510e-04
5.458592114286800034e-04
4.182256607848245235e-04
4.330390341155853284e-04
4.522134819558605578e-04
3.903543989612555084e-04
3.838922853234463372e-04
2.904135710290788389e-04
3.315950155444841153e-04
3.530489490407267140e-04
2.400752627667894143e-04
1.268653868362030839e-04
2.035344252017527744e-04
2.652868485905576258e-04
3.289006623047443308e-04
6.523301399094375615e-04
9.389198584056036249e-04
1.399269231053267091e-03
1.997927357163119429e-03
1.959338979608146909e-03
2.013599187938605248e-03
2.105993983737598774e-03
2.252111538938219790e-03
2.392411780187475058e-03
2.607244535576996262e-03
2.705014977141353884e-03
2.434443986520457882e-03
2.220732363360154466e-03
1.884580476193629516e-03
1.527248949485615495e-03
1.238432891764258172e-03
1.057493243324426208e-03
8.952568076874790545e-04
7.735040126043415606e-04
6.929591552403322439e-04
9.409252590113163089e-04
1.311456759468595775e-03
1.525733866637155305e-03
1.911675069601014888e-03
2.426105368873365028e-03
2.685375689361481355e-03
2.905778328055537083e-03
2.708327434036359761e-03
2.218578021467522334e-03
1.655494248388336568e-03
1.630448992609880845e-03
4.906480653414783174e-04
1.689119988505158852e-04
2.538870535318253724e-05
1.414240952160607031e-05
4.112636428937004431e-05
7.528696317730867310e-05
1.362982415910407130e-04
2.097712783228606161e-04
3.386846949631151706e-04
4.943324543215489109e-04
5.312982811680742098e-04
5.042618481363018469e-04
4.554338696831117554e-04
4.208563280441041934e-04
3.777497744872903044e-04
4.516408548006457455e-04
9.607727404902569306e-04
1.405297624153163845e-03
1.587741476957751224e-03
1.650409956011508056e-03
1.556404412090727591e-03
1.619946389483205382e-03
1.361645858361999403e-03
1.292169213764030045e-03
1.415624535355715797e-03
1.323108649753712562e-03
9.769931447420930962e-04
7.523613120574969238e-04
8.799644336148119235e-04
8.973873932890487131e-04
1.058107088545685946e-03
1.043945016389986706e-03
8.161697395897214409e-04
7.637532509457622618e-04
7.858614867301574837e-04
7.481702481224670586e-04
8.195534073239907173e-04
9.066415165564029261e-04
1.061783543178651101e-03
9.795683963433959255e-04
9.610695881189330533e-04
9.426191223803725549e-04
beta4
-3.237773970459831415e-04
-3.577938693314639332e-04
-3.725135320123095211e-04
-3.944149875943203914e-04
-4.431681984591303919e-04
-3.802746514370597300e-04
-4.492390352281413536e-04
-5.410681630017984915e-04
-5.269835170818937611e-04
-4.573796673978794197e-04
-4.274146911059862252e-04
-3.475138293838854952e-04
-3.194514567645176492e-04
-2.288342663890973025e-04
-1.633093378922197288e-04
-8.863330777315566508e-05
-5.835748820647438978e-05
-7.836203301844730336e-06
-8.935956759911718182e-09
6.113563952657956189e-14
1.140532397921936093e-06
9.704994092460259491e-06
4.654907430172506894e-05
1.042136006735959052e-04
1.279252243720790006e-04
1.435718826797967654e-04
2.212539688869982236e-04
3.063581403934512149e-04
4.026965930279467038e-04
4.675792291522605114e-04
5.288156408750300987e-04
6.985826276886179884e-04
8.102813108169183622e-04
9.287479311934428335e-04
9.811755272807749610e-04
1.276875463226342499e-03
1.179829758769511058e-03
1.109039235210914579e-03
1.223426876656423783e-03
1.290861351158025319e-03
1.350991097262210826e-03
1.257286744258080983e-03
1.220027600654909755e-03
1.068380288424003498e-03
1.084142623618990393e-03
8.845545422362222467e-04
9.465958922942822439e-04
1.148522061009118458e-03
1.379203787658815628e-03
2.270073768322795633e-03
2.898761605509170714e-03
3.434366564475580755e-03
3.672170898390567442e-03
3.508058340008212220e-03
3.312766797020311703e-03
3.296201173866634537e-03
3.571719446090348797e-03
3.731461296647744282e-03
3.764769427399688832e-03
3.490538279333764947e-03
3.509992135715935858e-03
2.787268947886534752e-03
2.438222658498656083e-03
2.201755857894109603e-03
2.050373457353409784e-03
1.801219331736857773e-03
1.766690970666099161e-03
1.413570824601335409e-03
1.130795528779962285e-03
1.073318609767484524e-03
1.084420113210228086e-03
1.045908904647684145e-03
1.319562611022458360e-03
1.472181437302600305e-03
1.567623089099829271e-03
1.571654075325625097e-03
1.580527854822094593e-03
1.746269112241008534e-03
1.914186005618157211e-03
1.992810952431324154e-03
2.074085211756861863e-03
1.884324043603178515e-03
1.694522439187067745e-03
1.667101632553467114e-03
1.627259785195830921e-03
1.671253966625194966e-03
1.509413363790654532e-03
1.473260217603673686e-03
1.322406420400878101e-03
1.256843072424401872e-03
1.234733170145281989e-03
beta5
2.264971979727195459e-22
3.409949934208991867e-21
5.797706637906168071e-23
3.444946538251726827e-22
1.499392983211376125e-21
6.299767602417376233e-23
9.162521824517692079e-22
1.359485246796036259e-21
1.857480917282826972e-20
5.807749951513031320e-19
1.060202254101066180e-18
1.223354410228464399e-19
2.754873335367678939e-18
1.908860364262169376e-17
2.201334548988615077e-16
7.106798019707130402e-17
3.724747730278998082e-17
2.263635709314481164e-17
6.523105013649824953e-19
9.408914301121999630e-21
-1.679125645069371178e-24
-1.262418632037942571e-24
-1.435281656030689187e-20
-1.161943358448761211e-19
-9.015812532781074353e-19
-1.225718683963094273e-17
-6.219780417353036017e-18
-5.152973927196671692e-18
-9.158875341569538454e-16
-7.679788049418589920e-18
-3.111813966376976283e-16
-8.687772902215988018e-17
-4.373129759676102360e-18
-1.720297438738443388e-20
-6.946911798519875698e-17
-4.726688159699750006e-17
-8.974501690272220792e-16
-1.012393707285615997e-15
-2.499431320771776928e-14
-6.107082549821720437e-14
-6.695277022945015395e-14
-3.203590046121675358e-13
-4.278708739558035996e-14
-4.626821103485182580e-14
-2.208899685341606076e-15
-3.080506423731286730e-15
-4.155974124082546248e-17
-1.043994936731635405e-16
-1.215439716051873084e-16
-9.919932499238226798e-15
-2.557984342719768653e-14
-3.223968154863195140e-13
-3.654236245454762131e-13
-2.609622594304711564e-14
-1.164065286579542063e-12
-8.154899597632778106e-14
-1.245970936721685170e-13
-1.583818431038869912e-14
-1.188536091391814999e-15
-9.339702107096590636e-15
-2.583973517183479636e-15
-9.739213551280909046e-15
-1.733866631422200294e-14
-4.464946966746560469e-14
-1.818903875400346008e-14
-5.343734579925957086e-14
-8.302926715110187306e-15
-1.925931504533042563e-13
-5.117209845329525233e-14
-6.779675233430236833e-15
-1.632324003837382453e-15
-3.018608025416526365e-15
-3.997260931053614087e-15
-6.688474791121945906e-15
-1.547318697660502925e-15
-1.590479630099443538e-16
-1.314918407761175247e-15
-3.683881922605841534e-17
-1.400997932441676816e-16
-5.032761392200777778e-18
-2.659642566846042930e-18
-7.169677538408853580e-16
-1.187923494429067782e-15
-1.475658273291340844e-14
-1.224471486599872240e-14
-2.288392422966367520e-14
-4.620550219894789454e-14
-1.289543778112002941e-13
-2.704711117132723954e-14
-1.832752560393213698e-14
-9.866596959610561839e-15
