2.851581132989885330e-09
4.934379335062895618e-11
6.570461497863712276e-13
2.807718319525683914e-14
4.566970402429656232e-11
3.587602130865031596e-11
5.158598962406916199e-07
2.272568395841229661e-08
1.883985629883879248e-06
4.267005974214531255e-06
2.287352308617545158e-06
2.500368197314881494e-06
4.814207605296230035e-07
5.076427484153453062e-08
6.608828302383612865e-07
6.613138739794101456e-08
1.084227725173789351e-08
6.195435755001459658e-06
8.938813066651738953e-06
7.233306387168586781e-09
1.542434462416597685e-14
1.018981088303903590e-17
6.071936280876285361e-20
2.808250858053237380e-24
6.540238336988194227e-28
6.111808348489429923e-19
7.981977596533439066e-32
-8.320080790505750118e-50
-2.543056182871342699e-28
-1.780491573730672067e-21
-3.934248159992597035e-20
-1.203736085300498395e-16
-3.948277775002541652e-18
-3.112748692728648485e-11
-1.560696402090185816e-18
-5.122631927612774969e-19
-6.375212833432375214e-25
-5.192023740291640603e-22
-1.831807823421326702e-16
-1.750413277686931261e-13
-1.369285436908446860e-11
-4.194296695347116954e-13
-3.515567543589765714e-11
-1.119999837485091568e-08
-6.364916202683576706e-07
-1.110530300555201095e-06
-1.701538713866491525e-05
-1.979187259733179174e-04
-5.568110195862128521e-05
-1.627639402908589690e-04
-9.392050972763657318e-05
-5.096142513775437570e-05
-2.271705775697404424e-04
-6.329966275359190711e-05
-3.146606624261833775e-05
-4.991982527944527429e-05
-3.398107218929737440e-04
-1.350868091195850536e-04
-2.625024876885419635e-04
-5.628452078553546414e-04
-8.619514824449517332e-04
-6.860186432384075697e-04
-1.629196235172499820e-03
-1.065691728752267637e-03
-8.322581809288268247e-04
-9.529555932207164860e-04
-3.398185934226301318e-04
-3.296933993791592360e-04
-2.330113664319393254e-04
-1.261941680560887849e-04
-3.569140428452388094e-04
-1.823999397227025121e-04
-1.588813364511398017e-04
-5.374475468654921461e-05
-1.034715045356849755e-05
-2.522344678413386516e-05
-1.205866286099840092e-05
-1.131252955900187147e-04
-5.054135569760350335e-06
-8.464906252611432709e-06
-8.173757069949138117e-06
-1.982166773534318625e-05
-2.252039427117275201e-05
-1.110820259643438592e-05
-5.939462068459252469e-06
-1.460142448325457115e-05
-2.625993272723898839e-05
-1.093013953423109335e-04
-1.214308015064410591e-04
-1.965506651861628588e-04
-1.396023735190682238e-04
-1.099194645924229420e-03
-1.402406744950086186e-04
-2.744697826383678003e-04
-1.218182386504789680e-04
-5.295840991245967858e-05
-1.327879641087624843e-04
-1.154752642577499340e-04
-1.110275520094283739e-05
-8.221854429225340912e-08
-2.886000541349523208e-07
-1.240974717826771746e-08
-1.065408180770695947e-08
-7.523628176513151845e-15
-1.822924156953895743e-16
-1.713260376956862795e-30
2.142483902173193033e-23
3.850600147777637753e-24
8.347802873116136875e-22
1.433728645089133054e-14
1.201047775662729474e-10
9.236874073614084969e-10
