8.687973152611308883e-03
7.356178155938275856e-03
6.290013864368140979e-03
5.694429788253681929e-03
5.639729897529347294e-03
5.840761874094195331e-03
5.891870372325983853e-03
7.190701255768102741e-03
8.633473826499387174e-03
9.627154361638867036e-03
9.471513194361786195e-03
8.643252888458094127e-03
7.534020785562926988e-03
5.896363173258603596e-03
4.225868301557461106e-03
3.116399363777297513e-03
2.784551643918853694e-03
2.851001666291763659e-03
2.613386063622347068e-03
1.972840062449296179e-03
1.328825974473395047e-03
6.172844932526719503e-04
8.561233890152478328e-05
-2.700321069992101843e-04
-3.647083556044011690e-04
-2.307449940128719439e-04
5.274777402643492140e-05
4.746554080428569238e-04
7.298875833357367296e-04
8.250384181103534659e-04
9.921524026226084814e-04
1.095989588820166791e-03
1.303309966114842532e-03
1.478947716268533621e-03
1.733514331780343018e-03
2.261459949072412625e-03
2.455537007859318055e-03
2.513716097275576090e-03
2.696428366092458711e-03
2.717522128465326477e-03
2.959382081090958586e-03
3.501514713457781845e-03
3.733117581278605750e-03
4.257263218904087411e-03
4.744526895432320951e-03
4.981231855772078228e-03
5.021216377246372382e-03
4.769015484175931699e-03
5.008040515304363477e-03
4.926171682567387182e-03
4.615906791011673178e-03
4.894145403865220699e-03
5.175437710110279352e-03
5.570312295422482490e-03
6.440397177182041223e-03
7.858788259500891493e-03
1.040385044613284689e-02
1.175310412131906103e-02
1.314199388857450156e-02
1.340355249543200705e-02
1.273604740447101258e-02
1.161231027624610480e-02
8.864022276623821986e-03
6.798212664361462203e-03
4.518155522920033924e-03
2.996287941099415233e-03
2.028520126256614774e-03
1.094383383390262017e-03
7.211018910564856834e-04
5.236327387983149553e-04
3.980416123919945019e-04
1.741203546765720948e-04
5.001844763931903928e-05
-8.790117462123131769e-05
-1.578101719849221891e-04
-1.894385731340036873e-04
-9.427831828444218569e-05
-2.791564932546048873e-05
-2.050077952938375104e-04
-4.502126009283483337e-04
-6.477490946843090939e-04
-8.472853094841928607e-04
-1.060838665966647859e-03
-1.131291896262428187e-03
-1.276495545587099691e-03
-1.345173230984628631e-03
-1.476249589148524678e-03
-1.532667991860455457e-03
-1.570083003285090628e-03
-1.639090102921222925e-03
-1.682116567659507934e-03
-1.561937408702915265e-03
-1.422441955063304250e-03
-1.443894986169854148e-03
-1.425053388654541836e-03
-1.457698028511707428e-03
-1.196052291037979923e-03
-1.107430323337385688e-03
-1.079568581805413242e-03
-9.152360190487111120e-04
-7.419122232465644173e-04
-5.032148215373314195e-04
-4.721087269788885464e-04
-3.784587854759274383e-04
-2.098778345373704119e-04
-1.435041688141029421e-04
-1.681297423346664636e-04
-2.008094979306262096e-04
-1.295944437470584326e-04
-2.317078332675025470e-04
-3.331002002355181271e-04
-3.891588425390119909e-04
-3.629912882376830244e-04
-3.408158931819232885e-04
-2.700265752183004337e-04
1.787691388103363965e-05
1.564064457079643170e-04
3.322666914540297819e-04
4.578785562979548001e-04
6.696984820237526564e-04
9.097118906153527388e-04
9.715485961851846918e-04
1.153346421471647268e-03
1.159357944894218173e-03
1.155746527743639401e-03
1.148568388585658210e-03
9.584293932394615098e-04
8.590281306712875542e-04
6.471829481317988193e-04
5.584477574947433647e-04
4.788404244021008814e-04
2.765652186202687446e-04
2.462150843923703570e-04
2.842161058677154773e-04
6.692843827833312069e-04
1.210674990001463962e-03
1.749240714201658531e-03
1.978232859530637544e-03
2.064573555276794700e-03
2.101274939144142425e-03
1.850564777971106011e-03
1.545589383384280042e-03
1.414444953493603678e-03
1.437044050934115384e-03
1.283255646051993442e-03
1.079536564188762196e-03
8.278497809093522328e-04
3.369215183094366657e-04
-3.484342520722754927e-04
-8.798495014915828916e-04
-9.684598411006448268e-04
-9.838717062546982646e-04
-9.452398668706223301e-04
-7.480856071991332087e-04
-6.959404722533892073e-04
-7.881023704327903964e-04
-1.026491164318125765e-03
-1.344299514153387588e-03
-1.633252432155326249e-03
-1.971133645543415944e-03
-2.119933676102181679e-03
-1.996790740414657126e-03
-2.076699175689092174e-03
-2.101986896751876447e-03
-2.109849047909484986e-03
-2.090687586108785998e-03
-2.229164117502010784e-03
-2.502956461421870955e-03
-2.662529184723478552e-03
-2.746782498909191000e-03
-3.198229901678568965e-03
-3.550966365491355515e-03
-3.632709385762765506e-03
-3.707910000393474775e-03
-3.596873054702647791e-03
-3.509438207383733157e-03
-3.040986440737484999e-03
-2.543422624303296169e-03
-2.217840707134600010e-03
-1.802557645136777971e-03
-1.700369246754906407e-03
-1.663960707244686128e-03
-2.080124449146209843e-03
-2.166789403472512473e-03
-2.322826378065856890e-03
-2.624171364385917502e-03
-2.902038609945610092e-03
-2.889327564745394674e-03
-2.309778089497771785e-03
-2.089604216852726428e-03
-1.887411288223382741e-03
-1.684788296174619766e-03
