-5.181769885208042416e-03
-5.590861738591807427e-03
-2.465179091891529176e-03
-8.509077063322562778e-04
3.024747947339078108e-04
1.377068248841257017e-03
3.041050222156379667e-03
4.902028543113409395e-03
5.722393622545482277e-03
7.308706050931541853e-03
8.891985964183014499e-03
9.662929160270714024e-03
1.019237317997729285e-02
1.018456222194281079e-02
9.434578104353866582e-03
7.843208184861406515e-03
5.992971237655905087e-03
4.771791544062351648e-03
4.004830934693704401e-03
3.412651429159339628e-03
2.789941788335954451e-03
2.274795412139314025e-03
1.960102009950130154e-03
1.523070124381486730e-03
1.161293227614639901e-03
8.455592444742456026e-04
7.279939610677050406e-04
3.752860022919835090e-04
7.627952582604661039e-07
-4.476525135045468159e-04
-8.016787768266851223e-04
-1.039643245257460208e-03
-9.510759855846053672e-04
-8.472395046507852009e-04
-7.770668499899618551e-04
-6.375990769020657483e-04
-8.119227293980655702e-04
-8.549072726722707410e-04
-1.152818779045742528e-03
-1.294670233818722782e-03
-1.388838988617270174e-03
-9.108003931890946937e-04
-3.704797537093228876e-05
1.023386551338391218e-03
2.350417915185781803e-03
3.505932113935089894e-03
5.146748484736009613e-03
7.573370307509221487e-03
1.266512701471230601e-02
1.801340439948800193e-02
2.175500971927378166e-02
2.494447256888852882e-02
2.814863261877069422e-02
3.092460903532590413e-02
3.381714915634480983e-02
3.146764421204717443e-02
2.921340476816830511e-02
2.589308100834586054e-02
2.252151638709178408e-02
1.793915872674485892e-02
9.917174583513198652e-03
6.663188905038627818e-03
4.265311311358164874e-03
3.564972597074638015e-03
2.310271202247009964e-03
1.297139363547126752e-03
7.100468710368193709e-04
-7.723081624318795305e-05
-1.307061166314060600e-03
-4.396750393705780267e-03
-5.365926473652003932e-03
-9.427791561969678727e-03
-8.767384364089891510e-03
-7.298596106567929905e-03
-5.018350471452125150e-03
-4.755943895803227818e-04
1.655260946261784619e-03
6.702534906065250181e-03
7.748384234458745475e-03
8.899048660803095950e-03
6.965367255053867869e-03
4.893038724099979357e-03
3.129058792730624299e-03
1.468576219134438976e-03
-1.495296385866182231e-03
-4.277917610722496017e-03
-1.894808825969492017e-03
2.218954331407327774e-03
3.130719344248901210e-03
3.935281101876156491e-03
5.426054262732945242e-03
5.782192404097257626e-03
3.886270856777514215e-03
-1.918890788384283177e-04
-1.055877658322211185e-03
-1.463362800267988982e-03
-1.714261717602326212e-03
-2.081515361046466523e-03
-1.271352197912960441e-03
-1.799409670658754738e-04
1.393609950384703741e-03
2.474119775748346520e-03
3.311732679353077222e-03
4.510726328219784309e-03
4.772242043549474247e-03
4.979483866476524904e-03
4.588538942988097842e-03
4.443691919155096266e-03
4.830137586745390961e-03
5.207624469524617210e-03
5.015279429665755323e-03
4.696779533405748275e-03
4.445472303463946472e-03
4.293926610477040440e-03
3.739529619118678750e-03
3.450013312561711360e-03
3.321964354619349243e-03
3.140866612276575764e-03
3.491841229526580770e-03
3.776927434126241268e-03
4.107359907643845162e-03
4.117684054528568220e-03
4.276937749828498524e-03
4.486983269802663661e-03
4.278225588413258305e-03
3.790857996712379205e-03
3.212993631425260094e-03
2.621190855353224686e-03
2.111008424212249251e-03
1.929671682884980541e-03
1.610654274541936486e-03
1.610771492819921364e-03
1.759012424632424611e-03
1.819549832629663516e-03
1.865952014669466745e-03
1.675686940848125335e-03
1.536639509863735667e-03
1.317553329022603387e-03
1.120280672374481153e-03
1.281915087925078684e-03
1.582555194442348103e-03
1.668160238411529580e-03
1.598100444490315299e-03
1.592724325038938913e-03
1.382960358264844576e-03
9.026272503317240214e-04
3.612694412282921297e-04
6.950928901306037931e-05
-2.532001040276412460e-05
-1.455098229393169166e-04
-2.141042405941212133e-04
-2.417617307001467973e-04
-1.974996838905190182e-04
-1.328998455446060278e-04
-5.403058271406710580e-05
-3.756124394630060056e-05
-1.010557255730169254e-04
-1.724882928843698255e-04
-1.902412677888056533e-04
-1.127156555983279930e-04
-2.164719382390276840e-04
-2.736370943136607996e-04
-2.872236009989253473e-04
-1.006588944203770474e-04
-1.316454595490305609e-04
-3.074309170645009737e-04
-2.656787089721750618e-04
-2.843087164468124559e-04
-2.650864882217026926e-04
-3.615306905609071662e-04
-4.185977762010616946e-04
-3.639869443537973172e-04
-2.454397515236592955e-04
-7.494240436855711376e-05
8.755082446861639836e-05
2.144486667355076284e-04
2.216220368646623238e-04
1.671747287467717719e-04
-1.560960289171166779e-05
-1.916592452980216707e-04
-5.051748735188221068e-04
-6.228886322166154749e-04
-6.626081345351190165e-04
-5.913730111910468594e-04
-5.198851605670754645e-04
-4.875815400789543295e-04
-6.521072314266122176e-04
-1.135591010140901387e-03
-1.711803870806944371e-03
-2.480633514506327617e-03
-2.959492162341706683e-03
-3.108775088339382070e-03
-2.912889331071543113e-03
-2.813362080875320571e-03
-2.110649832729578033e-03
-1.179070141869896851e-03
-3.933971403878210797e-04
-1.303999219985933680e-04
-6.581878034430490622e-05
3.062031663772567074e-04
2.427143192783398715e-04
1.187375893028523507e-04
-1.739618237528325580e-04
-3.846506418397278491e-04
-3.816412673273269422e-04
-4.822565012649075375e-04
2.526831391289785403e-04
2.546197189056484487e-03
5.354659243784844203e-03
5.341471410091850648e-03
5.280829363083438220e-03
5.270245798675026079e-03
4.249955459604673469e-03
1.652059368388918538e-03
-1.466530996477708902e-03
-1.553561226860378968e-03
-1.581397542040920623e-03
-1.519028784047688494e-03
-1.256638841286443747e-03
-1.015425724492420622e-03
-7.306645847001605855e-04
-5.996051391289646589e-04
-7.389203357817869305e-04
-1.158926193942843566e-03
-1.613099084538814317e-03
-1.828580590204318150e-03
-2.073126158386364142e-03
-2.133841251681628266e-03
-1.995080470068670390e-03
-1.633897185908149375e-03
-1.216392605865652520e-03
-1.105928663547883902e-03
-1.058687289912588073e-03
-1.257794307375263059e-03
-1.414419293999875536e-03
-1.506052382790054990e-03
-1.603468816199195290e-03
-1.660687204482136836e-03
-1.816414255308399341e-03
