1.499214219358413007e-05
1.611831931362320963e-04
1.077000937854890342e-04
8.312791553413126019e-05
6.667387659515777970e-05
5.556162667672467215e-05
4.762425718988424090e-05
4.167122504114870825e-05
3.704108892544344514e-05
3.333264135159935687e-05
3.029249467404294290e-05
2.776798086470993980e-05
2.649435875280010166e-05
8.787363784280206600e-07
-2.585465100433595520e-07
-1.043975508918006439e-06
-1.115551940433813962e-06
-1.115583846948687293e-06
-1.115587402225577154e-06
-1.115587794253217473e-06
-1.115703758560496357e-06
-1.122135666437974072e-06
-1.113083953470402187e-06
-1.112944906972108606e-06
-1.088667978250087686e-06
-1.087565943784677337e-06
-1.144097898020593978e-08
-1.029371177705309843e-08
-1.019401685581976460e-08
-1.019353405420637854e-08
-1.019333451411804054e-08
-1.019294248647780611e-08
-1.007697815557717792e-08
-2.950233125880186237e-11
1.842907104391138227e-09
1.849687127569062471e-09
2.045448408370231220e-09
2.723760156993420903e-08
2.933641164270725326e-08
1.014031711042345607e-07
1.955184066822109844e-07
1.193326941290522640e-06
1.296516702073239231e-05
1.404434501124649025e-05
1.518866097147288318e-05
1.691849051396255012e-05
2.570380301517066602e-05
3.511058966365125487e-05
3.997071590181867343e-05
4.138814805471074135e-05
5.199838246200196192e-05
5.212495082335610945e-05
5.203519692916395387e-05
5.103899097723898375e-05
3.926779004077093785e-05
3.818861205026326212e-05
3.704429609002979985e-05
3.531446646898030547e-05
2.651724058338029188e-05
1.708418730480962665e-05
1.112854513870587861e-05
3.995805174779852496e-06
-1.040308398991214079e-05
-1.774926262704922331e-05
-3.288122440519862570e-05
-4.384114535616400425e-05
-4.510661587872047737e-05
-4.696002753683522964e-05
-4.781594626194896730e-05
-4.856950903137880414e-05
-5.116114174844632779e-05
-5.279291570404418552e-05
-5.309180156133110062e-05
-4.912797402860881235e-05
-4.793263336272899771e-05
-5.761972829726800502e-05
-7.727086691389858811e-05
-6.665494266560014944e-05
-6.549881271812392112e-05
-6.430066188842314360e-05
-6.497439030227670934e-05
-6.478582056442125858e-05
-6.288528333708212745e-05
-6.187615625679674237e-05
