1.808188464198397509e-04
1.958639686738531576e-04
1.030643542819562579e-04
-1.069076271457079628e-04
-2.534130864444439639e-04
-2.385312905710512937e-04
-2.627207631834140131e-04
-4.084503383326582027e-04
-1.139147417167406164e-03
-2.414417724314501471e-03
-4.012308960097527542e-03
-5.184372113389314023e-03
-5.948776791214700765e-03
-6.146262570449006167e-03
-5.563890419151098533e-03
-4.256861172849847087e-03
-2.647666849919524858e-03
-1.476698013848302309e-03
-7.228624504932680203e-04
-4.036396071023728386e-04
-2.088679862686627995e-04
-1.119777596601998865e-04
6.458351393129224574e-05
2.812262196761525134e-05
4.971043164998283694e-05
2.869235780617923850e-06
-8.637359978656390192e-05
-9.751059975690965647e-05
-4.769127482482471658e-05
-2.333706860324526376e-05
-3.463829592065535327e-05
-1.250156855726723302e-05
9.454907350827724318e-05
7.224543174447789376e-05
2.324242815723282613e-04
3.437999462669162165e-04
5.509968485267770482e-04
2.132296117302243544e-03
2.510098110296052776e-03
3.277057141734801299e-03
3.308003080247422321e-03
3.476201055484797256e-03
3.666236901326790348e-03
2.553602834446255451e-03
2.647868203712404420e-03
2.331063194027972046e-03
2.382572037080266710e-03
2.376114292387189030e-03
2.091750651145315911e-03
1.694239172872336616e-03
1.245168710977257592e-03
8.921269009307896368e-04
6.269246694484533269e-04
4.496444103504289498e-04
3.905002237710277543e-04
5.425311120773985366e-04
4.738391516813924230e-04
3.265470177743520883e-04
4.818510946409931134e-04
5.113551000685300808e-04
4.658703828010594158e-04
2.538995473094352159e-04
2.442014376509420051e-04
1.428433109381465694e-04
-2.227273164573463952e-04
-4.717688873660023062e-04
-5.322259471845881352e-04
-6.023390246860726516e-04
-6.840261282436344752e-04
-5.460661353991830757e-04
-5.814801782476387588e-04
-4.795301777897582689e-04
-6.260927047271965971e-04
-5.581379869056913917e-04
-3.771321553656560165e-04
-4.041806241485452079e-04
-4.682757394841437714e-04
-4.948580651871695027e-04
-5.201353832786104756e-04
-5.649580232838075609e-04
-7.963830993541494820e-04
-8.877910877511380324e-04
-8.292273885927434673e-04
-8.517613502003812051e-04
-7.766471630096986141e-04
-1.000541312870441117e-03
-1.063635106914369343e-03
-1.031445960308802938e-03
-1.088964813867691764e-03
-1.243880973968365536e-03
-8.518203801709114476e-04
-9.304162834760081741e-04
-8.891627971047893824e-04
-9.354742684362890885e-04
-1.246549502028448334e-03
-1.202278741003284758e-03
-1.566063449024570264e-03
-1.303600922199141298e-03
-1.270208762226121514e-03
-1.137077435040671465e-03
-6.896987236388064111e-04
-5.958885506412795732e-04
-6.361600242048580421e-04
-5.897192308476185236e-04
-3.823732143399457824e-04
-3.800628448018393449e-04
-1.945777415308691559e-04
4.498584075362917564e-05
2.978712368873388545e-04
4.606362092111863514e-04
3.936010106504871531e-04
5.055786835412650563e-04
4.994857867475044171e-04
4.072224604778377165e-04
3.496158528009113832e-04
3.491947758852574548e-04
5.018978415832956287e-04
5.989982747645930224e-04
7.102337331604032661e-04
7.767731852332244004e-04
8.021119079743046750e-04
7.949800854222828896e-04
8.508419207196952225e-04
7.748080650591956465e-04
5.919489354681705014e-04
5.128778469961171394e-04
4.627082509071069830e-04
3.975381726249570952e-04
2.897878870492299227e-04
3.645739474092614288e-04
4.301971525105545880e-04
6.454391518544341224e-04
8.765304040082038837e-04
9.881262379933567711e-04
1.086740298123685345e-03
1.196495633246344144e-03
1.249283908647847840e-03
1.143011419229523692e-03
8.783995479141488158e-04
6.628078395848704431e-04
4.725109741633023671e-04
2.159821723239007882e-04
2.045853356183636876e-04
1.129792991372226729e-04
1.073508671951804998e-04
-9.097425586582699860e-04
-9.353086005743781357e-04
-9.636219961284799495e-04
-1.125860647184763474e-03
-1.427054425235016119e-03
-1.782431748605622273e-03
-1.195200328814765775e-03
-1.622985918164827554e-03
-2.259481366929351736e-03
