4.241468667736610770e-03
3.366919739389534309e-03
3.013773946652343726e-03
2.719208151791433024e-03
2.497959323021064007e-03
2.558579475947682803e-03
2.256868186381115818e-03
2.142767170704352412e-03
2.129432960152049126e-03
2.118433042199995096e-03
2.092684612687442918e-03
1.944397024212646480e-03
1.722114761412587127e-03
1.599831392582109742e-03
1.377036489979171921e-03
1.264498919500074573e-03
1.254513771367880446e-03
1.476772342182463031e-03
1.660542265976130971e-03
1.690671480744023293e-03
1.662294739702298253e-03
1.478353057181673634e-03
1.318988115166553265e-03
1.026662505563819341e-03
1.128621225071908818e-03
1.409200337300047260e-03
1.982945896339595709e-03
2.501578223036743983e-03
2.808603733877375330e-03
2.924727821543896943e-03
2.843760594904901681e-03
2.853097330223068259e-03
2.343351298883444497e-03
2.063960940932501719e-03
2.111517487535544742e-03
2.081225399765060814e-03
2.065413246034860772e-03
2.066285292556219438e-03
2.375771319720875255e-03
2.849089503485022299e-03
3.160971354389862775e-03
3.504326916455212815e-03
3.542779472501945363e-03
3.274775788297194182e-03
2.936038167033436317e-03
2.489767085861211739e-03
2.197022986354345286e-03
1.975326590684266161e-03
2.175916299344097648e-03
2.748776448171752831e-03
3.338149714986447109e-03
3.636559307025044856e-03
3.654571306646389826e-03
3.458312912921754963e-03
3.002504941751202219e-03
2.113282844226568608e-03
1.141734511774645383e-03
4.522807880885307947e-04
-4.345295536578818157e-04
-1.195615349029306241e-03
-1.793999246092875359e-03
-2.114823321769827846e-03
-2.190701746742358246e-03
-2.380804789898085996e-03
-2.202614511875029216e-03
-2.002321876149182334e-03
-1.948042975459188773e-03
-2.014786793168517592e-03
-2.385617623985217695e-03
-2.578000238677024322e-03
-2.936928275900224650e-03
-3.145662919988814754e-03
-3.293746313879195378e-03
-3.158931386931990160e-03
-2.844144576427501056e-03
-2.823229702893580162e-03
-2.635672190154125880e-03
-2.555887706658484942e-03
-2.414641280885327507e-03
-2.425262574398777318e-03
-2.479573682672989859e-03
-2.377511694076360742e-03
-2.401303390675123359e-03
-2.120588700200722997e-03
-1.754117123755817576e-03
-1.431253698925795447e-03
-1.174135085274369576e-03
-8.562455731765681102e-04
-4.850120372755907061e-04
-4.423969556664975543e-04
-4.539170076738768041e-04
-5.265309157419418998e-04
-4.971294911423659434e-04
-6.188840122670880538e-04
-7.873008150199064907e-04
-9.688221188061708899e-04
-1.131526190864834457e-03
-1.316030206013223342e-03
-1.453760895485622408e-03
-1.454753302178667974e-03
-1.337425666001511261e-03
-1.197549595428288932e-03
-1.094926655935430293e-03
-8.813402122873553258e-04
-6.239574842769611595e-04
-4.093051902302447496e-04
-2.518426458414386028e-04
-5.313300354463907060e-05
-4.116831386381674833e-05
2.058001355825833970e-04
2.836429150889338471e-04
4.104683827127903199e-04
5.154357174203050892e-04
6.051377346194080058e-04
8.861392196941544506e-04
9.537371682265274007e-04
1.335072255727890551e-03
1.528347074383341929e-03
1.552306890179488323e-03
1.481140289440891758e-03
1.197672231529475599e-03
8.217421501553515660e-04
3.059443625479295000e-04
-7.370023986105120317e-05
-2.293067165444544978e-04
-3.030355998940039938e-04
-1.620667254567237630e-04
5.395413778867907912e-05
6.605171735358393223e-05
8.271831964793008990e-05
1.490087679912326004e-04
2.474304895563708456e-04
2.747076871647717100e-04
3.806112434563919196e-04
6.159254323834217329e-04
9.147244896737070788e-04
1.199408965400821682e-03
1.462021121489022815e-03
1.860876600638300621e-03
2.201355404576369260e-03
2.573690512745865303e-03
2.892010886440660438e-03
