3.532314046936537930e-03
4.056842576502689077e-03
3.969226281523755007e-03
3.748063435503404001e-03
3.554863963482510041e-03
3.434827918145870202e-03
3.537046751496881504e-03
3.648039612536681155e-03
3.934540394702798483e-03
4.271108950809363557e-03
4.614177783629856006e-03
4.753001383396716906e-03
4.837795649959158312e-03
4.817347081875335106e-03
4.647417936146707070e-03
4.488738280120203872e-03
4.350732279466507611e-03
4.210611963718766636e-03
3.905748156405623381e-03
3.545229248659406002e-03
2.876051320470071615e-03
2.034010207783416499e-03
1.019746334882897865e-03
3.153536888929258188e-04
-9.321936326030287687e-05
-2.963885624255098872e-04
-1.261273583534480919e-04
1.310010168747417204e-06
2.272557002139262211e-04
5.575524623479244900e-04
1.093238627072900182e-03
1.785592237766972686e-03
2.590790420370883002e-03
3.396829592479870801e-03
4.443237728379308311e-03
5.529197208031588935e-03
6.661923930377796656e-03
7.936127097532460692e-03
9.061640009830238332e-03
1.015771318843108374e-02
1.116741272087948093e-02
1.205420740634664638e-02
1.267888641654496724e-02
1.309518055217252265e-02
1.367994137125683185e-02
1.442593619087348400e-02
1.516510406277480488e-02
1.610779076598528592e-02
1.706342244327361743e-02
1.756180827389690682e-02
1.781761110573483811e-02
1.792866859778619038e-02
1.781742629344367293e-02
1.765835250955941418e-02
1.754075497344935106e-02
1.750032064301795809e-02
1.743089424676768501e-02
1.709991416691980862e-02
1.665659426995680717e-02
1.561202627791512081e-02
1.426922205794402265e-02
1.304025884640650466e-02
1.188404888454368952e-02
1.084647901517076136e-02
9.946519044715674759e-03
9.117972671995164605e-03
8.319698383620776141e-03
7.423193232881457847e-03
6.419478117119775847e-03
5.523379612916899661e-03
4.584755800544609156e-03
3.814862643752092459e-03
3.154885029893706502e-03
2.510456756845745249e-03
2.046344622456254796e-03
1.685610981761699210e-03
1.337264246558680708e-03
9.947780333942081703e-04
6.710291261003161313e-04
4.261684018446319951e-04
1.845574542694173724e-04
5.242621225940899930e-05
-4.475002967730979395e-05
-1.128018316703542813e-04
-2.454247938888308683e-04
-3.916525295081069408e-04
-5.684035861938779291e-04
-6.826036205985365870e-04
-7.753711760972491554e-04
-8.433186336068329266e-04
-8.818284735259883595e-04
-9.365742033980169840e-04
-9.893205068775990513e-04
-1.079381346028922880e-03
-1.156530400101673161e-03
-1.201551241178655310e-03
-1.229864529390769503e-03
-1.263306593017403910e-03
-1.304373778011478973e-03
-1.371514208409202983e-03
-1.407966225649655940e-03
-1.575214335042854916e-03
-1.774332902361130254e-03
-2.002026632360240626e-03
-2.236488316047946078e-03
-2.438105191767514501e-03
-2.746287595331188460e-03
-3.007411679152754633e-03
-3.158733726346691067e-03
-3.273878830488484437e-03
-3.267520130321644855e-03
-3.212305486122740087e-03
-3.084043475775396798e-03
-2.814006248647549138e-03
-2.465314297336418641e-03
-2.056063858439645658e-03
-1.642420797097211274e-03
-1.226094494603291972e-03
-6.532866155789179103e-04
-1.599987528189934316e-04
2.479052478432024285e-04
6.535277172402331270e-04
9.546668742872373983e-04
1.170046993756581472e-03
1.264676466141841007e-03
1.326546448146605391e-03
1.363805304059618898e-03
1.419609851339883634e-03
1.482210221673193988e-03
1.565636585708960306e-03
1.575820298401532996e-03
1.539595398898578604e-03
1.503997455224737869e-03
1.436807509539726399e-03
1.414335505616906054e-03
1.389906193456005336e-03
1.425413279797861470e-03
1.406753883650715270e-03
1.348423590188950298e-03
1.279902017608354524e-03
1.187489050657850433e-03
1.078882284767545023e-03
9.619876479258453314e-04
8.945775389463543658e-04
8.431547211469437404e-04
7.737462112565805490e-04
6.197773361867453925e-04
4.803142733673662016e-04
3.062745270871804226e-04
1.508130162508365538e-04
5.374642036710102221e-05
-2.268304283646801480e-05
-9.242456533253136603e-05
-1.796518300732657296e-04
-2.643996996203571586e-04
-3.529619505540708912e-04
-4.112207646539318712e-04
-4.412995751849742797e-04
-4.265571711872049167e-04
-3.709325083005204676e-04
-3.114947007451475598e-04
-2.397030011953275744e-04
-2.340022248987985319e-04
-2.593143803579480637e-04
-3.004646085541796117e-04
-4.081290944624620175e-04
-4.609307727538295330e-04
-5.284195512522872227e-04
-6.469403592118954001e-04
-7.939431554849729579e-04
-9.517082103815806488e-04
-1.130958354228128434e-03
-1.197975486060375320e-03
-1.229993514056544049e-03
-1.253944753376354032e-03
-1.279977240384030457e-03
-1.259694008492827540e-03
-1.163288484542995957e-03
-1.135781560426310380e-03
-1.108224704500173794e-03
-1.176083866502860642e-03
-1.252262396841953042e-03
-1.427767197166085683e-03
-1.624344632872522188e-03
-1.824466527313332170e-03
-2.011670475041770368e-03
-2.182641606142218804e-03
-2.323799616772080981e-03
-2.446033517423205645e-03
-2.585370371032003328e-03
-2.728606956965725153e-03
-2.898959875723569179e-03
-3.026419174076503890e-03
-3.116359075880465943e-03
-3.005303094587061241e-03
-2.877956134382851725e-03
-2.765953759398759402e-03
-2.657600933449386776e-03
-2.556491223609849098e-03
-2.460564430719471094e-03
-2.376825875030333293e-03
-2.335753186449351926e-03
-2.313268842481818084e-03
-2.190764824746691073e-03
-2.064559540855311157e-03
-1.985282322755872481e-03
-1.982705721273271115e-03
-1.992981944396691931e-03
-2.059803014800676985e-03
-2.151976015074772916e-03
-2.178312278411741968e-03
-2.214310112259294892e-03
-2.321388037400976163e-03
-2.410071527936739639e-03
-2.471005349395647040e-03
-2.571879429049707660e-03
-2.533128357544588063e-03
-2.429039216744583677e-03
-2.359273825609499442e-03
-2.294818969055064609e-03
-2.213326690935481841e-03
-2.128167157195390204e-03
-2.089443980792372955e-03
-2.058251311671145580e-03
-2.035109605230628425e-03
-1.945144626689099049e-03
-1.819509321770532715e-03
-1.709626947652716613e-03
-1.700285943302564697e-03
-1.690532190089577341e-03
-1.668764227299781092e-03
-1.652549011746876810e-03
-1.683050798839958546e-03
-1.733321202666153514e-03
-1.826429339190337999e-03
-1.911264687146501133e-03
-1.887679200698305811e-03
-1.861465388514094458e-03
-1.885515084421635198e-03
