4.545068636215178240e-13
2.277035784488224031e-13
1.526940767409848000e-13
1.145206170825592132e-13
9.161649453618467288e-14
7.634707878064206644e-14
5.959348437224291317e-16
4.458859643679252692e-16
-7.960672714804386304e-16
-3.635250678302423824e-10
-2.329898726819006012e-07
-3.109706029062544713e-07
-2.184589526061122796e-05
-2.191286475709625580e-05
-2.218908880607264761e-05
-2.219032821574274067e-05
-2.195853108915326842e-05
-2.188055058637474124e-05
-3.456262010317628242e-07
-2.787232175378653592e-07
-2.605064672506009031e-09
-1.014676422404083850e-09
-1.856007302745868749e-10
-1.212485403954676682e-09
-1.213917349746619963e-09
-1.147889183825746026e-09
-1.066659156340919304e-09
-1.054113465274245963e-09
-1.053968132809683326e-09
-2.685601329865675630e-11
-2.515170551216135870e-11
-2.466625128169198058e-11
3.437431219976633648e-15
7.829918196414050667e-13
8.112837178392722855e-09
2.029402845691193759e-06
2.402166727018634892e-06
3.226929453052391084e-03
3.241730650737283028e-03
3.243122259081564554e-03
3.244113595668028649e-03
3.245347835083347513e-03
3.247002274559018884e-03
2.252884225725897488e-05
9.348129097148794365e-06
8.148549896401202812e-06
7.605557664410741762e-06
6.896436202877407951e-06
5.082418061600773377e-06
5.068292135308660698e-06
3.475289273621495545e-06
3.318380871138263334e-06
2.865298820250225678e-06
3.306328166608034771e-07
2.942545909095944353e-07
9.919131336862234427e-05
9.916572374095703379e-05
9.913060457022375253e-05
9.912723088517233765e-05
9.911548892646341832e-05
9.893868193649199647e-05
1.895060817380522695e-09
-4.728978196135925007e-13
-3.523756667465792579e-08
-4.454260114339229827e-07
-5.538214462142839532e-07
-5.538215009133102649e-07
-5.538215030624449279e-07
-5.538180075851424189e-07
-5.185832636796205447e-07
-1.083954916408010510e-07
-5.686044722295618537e-14
-2.161420848789335731e-15
-3.848686909680225261e-19
-3.847067091064160363e-19
