-7.943585408924292875e-20
-4.110922049700693906e-19
-1.206871312437854892e-27
-1.515257357571743719e-24
-1.425560957105790762e-39
-2.634583947103222836e-52
9.680092234678616189e-28
1.438653486383397797e-68
-8.416484327993305138e-37
3.896280371282296014e-23
2.696659505083868992e-17
4.934347928681840821e-14
1.559460062116840526e-14
6.389670559287460845e-15
6.714264804153634891e-14
1.544069203465187466e-12
4.025203900978627450e-12
1.957409346176493757e-10
1.011637813911223306e-12
7.705287019715442835e-12
4.697781096063710029e-12
1.288058139964911187e-09
7.355236528067255583e-08
4.718038089096991172e-06
1.526431024210759585e-07
4.817088485769326496e-09
3.643937275873161558e-11
9.620343117033358541e-11
1.496689258089031715e-14
4.208046002464839374e-19
-3.310872569330059734e-40
-3.800576060930699729e-10
-2.394356444308633800e-40
-3.708172177613462369e-35
-7.180093567531381475e-71
1.964978831939516516e-82
4.149635348547000982e-40
3.612669798342798581e-27
3.259221346663612975e-118
-5.269755221874949847e-102
1.855879697476648690e-53
3.037439102109798927e-71
-9.626916954178591239e-34
-3.023005159081536641e-48
-6.077632522079844021e-91
5.903814645936920632e-71
4.697381753395117518e-21
2.510867001427082688e-18
2.977854091440435009e-12
4.791508665163052683e-10
2.224213092353018575e-10
3.544472513520742388e-11
4.372837800093897500e-09
7.939989446382205939e-11
1.028315390840028068e-17
-6.764667827558122922e-53
-1.659742229110613034e-09
-1.072617709800224278e-08
-2.142397268020704792e-04
-9.566933762479528340e-06
-1.945602401063126677e-05
-9.306344116649128457e-06
-1.498958946121339228e-07
-8.359950076923299116e-08
-9.905974621935901423e-09
-6.297868530022595425e-09
-4.161758495724861188e-09
-6.782331695089625319e-10
-2.012255652319846739e-09
-1.379600858737812732e-09
-4.755099097751552418e-08
-2.373581810389796440e-09
-3.227454343756871129e-05
-1.508959601539018008e-07
-2.368821716200609414e-07
-3.924823301503745527e-08
-6.765221528632980147e-10
-2.327879751818465899e-10
-3.502367947718968957e-10
-3.702109474555053745e-10
-2.972620329659171437e-09
-1.364100499032357614e-07
-2.622520903012259135e-08
-1.888065879975964846e-11
-1.439875160998910086e-12
-1.282497258977797211e-11
-6.031249753682736961e-13
-2.936609753643205109e-09
-3.279986664790528602e-11
-1.373073186459432180e-15
-1.012480390882973955e-18
-4.260747345510100010e-26
-1.232240077425708909e-29
-2.204788997375670026e-28
-1.288814146296598295e-24
-1.640307507578507058e-29
-1.490610565355950138e-33
2.981709753120035668e-40
1.266167907435042470e-30
6.970324316683472678e-28
1.563604094608280333e-44
7.659838029658073893e-48
6.003145746368457146e-46
8.689103055963764585e-30
4.434743005020629311e-16
2.860401290452616900e-12
4.398356036343827268e-12
7.594957368877070546e-09
7.034607685135557785e-11
4.601485794657885343e-07
2.850111603378106575e-08
4.054483287309067855e-06
7.448001597550581327e-08
