beta2
9.909657197345600466e-03
1.005137822285623837e-02
1.030306986298837844e-02
1.032531432426502666e-02
1.057885467378319282e-02
1.072098130187471021e-02
1.097896933249943238e-02
1.090600512043472109e-02
1.094813241571537116e-02
1.096452273205793596e-02
1.069917080626638789e-02
1.051621913252193986e-02
1.049655859960401533e-02
1.044861467894514853e-02
1.064906478808847964e-02
1.089793542062235734e-02
1.082700317745743240e-02
1.093891707641782979e-02
1.104271699752678096e-02
1.106217565154565818e-02
1.118158188424643942e-02
1.103360939341304844e-02
1.108121514943749206e-02
1.112489094131660292e-02
1.121618185963779366e-02
1.093894274048564860e-02
1.092939944018818041e-02
1.084588130765684610e-02
1.057391722118057251e-02
1.042961523826927903e-02
1.024251381877205533e-02
1.039784742480964926e-02
1.030841852536324918e-02
9.713743615373075790e-03
9.701040763885596455e-03
9.476495307756561265e-03
9.544141347004764242e-03
9.614249928029207359e-03
9.611182084729805869e-03
9.714472763309396630e-03
9.941707641961047837e-03
1.005823943385802943e-02
1.035401224188599659e-02
1.056570355984604893e-02
1.053855263277821315e-02
1.055425643466752911e-02
1.044880970224769910e-02
9.968689498538510149e-03
9.843413453257184031e-03
9.678146403395940234e-03
9.416572159580669649e-03
9.269664035394017954e-03
9.366854005765961472e-03
9.612341457928479799e-03
9.721693223448927765e-03
9.810020893899689537e-03
9.760133376386492116e-03
9.798173077164200676e-03
9.846569009292954755e-03
9.864021674780280857e-03
9.807067186332295988e-03
9.928665168314018685e-03
9.565921032592683559e-03
9.616697920014667320e-03
9.664613004865492407e-03
9.697696956900632090e-03
9.671579603682145532e-03
1.012298289646949498e-02
9.946042299392079261e-03
9.805493902977469034e-03
9.812911145275464084e-03
9.698007242626635604e-03
9.511426711546502183e-03
9.537289438216450116e-03
9.596416656373885773e-03
9.524865156512265368e-03
9.428610598149915478e-03
9.392366199184040004e-03
9.486311377171791070e-03
9.655873708377048573e-03
9.094627971917654957e-03
8.932087961971016746e-03
9.085494699137459246e-03
9.059125629529367341e-03
8.961296017207354137e-03
8.946102562158815205e-03
8.878356575085535191e-03
beta3
2.451490346027875369e-03
2.667854661794762973e-03
3.079015576471208927e-03
2.750686751815954127e-03
3.021507650651366651e-03
2.751615848448028638e-03
2.737338883593732654e-03
2.286337854700810392e-03
1.857239078136331285e-03
1.822771556120170253e-03
2.134747994843560603e-03
2.073491447668735638e-03
2.063072748223840520e-03
2.214743674007734961e-03
2.545076515442627665e-03
2.721505746016015387e-03
2.459477393856473321e-03
2.404512126187439980e-03
2.414219696448594542e-03
2.737735714305712491e-03
3.157553783407838176e-03
3.603998283097486176e-03
3.397664598624790255e-03
3.345910692436583882e-03
3.120689072294213426e-03
2.987428357912749223e-03
2.861020967254597740e-03
2.748616497364059393e-03
2.451798314466671277e-03
1.988957580223838992e-03
1.322304415068912241e-03
1.036705381642146449e-03
7.917515013909940877e-04
7.485984477650887373e-04
7.566268557459151448e-04
7.774574462703180699e-04
7.579355753347372625e-04
7.545115884645997757e-04
7.825201359611490054e-04
9.349396140361457969e-04
9.469855059179003607e-04
9.683782431460415943e-04
8.807365892254206442e-04
7.703865908416756810e-04
8.137032021844764484e-04
9.208978150363866366e-04
8.655074201848354451e-04
6.791124395365787363e-04
3.416591131199251188e-04
1.306611185283894567e-04
8.109890641201891628e-05
6.371981161559087375e-05
8.877015370386181830e-05
1.698768909877790105e-04
2.216580200408228265e-04
2.819895430874816292e-04
3.139564737678803962e-04
4.886849694983449663e-04
6.246712212325644231e-04
6.633935814256293993e-04
5.738900180783138797e-04
4.631473326148170529e-04
4.584003279914273957e-04
4.346752159548436696e-04
4.594336341154836773e-04
7.144821667578089581e-04
9.252291811109891219e-04
1.057549417041728050e-03
9.120627510491012167e-04
9.213902786452251789e-04
9.568565557878253372e-04
6.414984725034541179e-04
4.621131667654146814e-04
3.600232941192908309e-04
2.577122547937077813e-04
2.420753235518974754e-04
1.240985933637958724e-04
7.807881407657731487e-05
5.609924570745035020e-05
1.481985969196801612e-05
2.390208212749621254e-05
2.101632889362569598e-06
1.035149320506323920e-06
1.373058554620978313e-06
3.219951289083948054e-06
8.343447267509871551e-06
1.051811791885146814e-05
beta4
3.454990527211011325e-05
5.148346003653574284e-05
4.817245048931291881e-05
1.606472674494766094e-04
2.654203361491279996e-04
4.365848268341873326e-04
6.305110752998641576e-04
8.999636784404293132e-04
1.223118986317496245e-03
1.256707472044658489e-03
1.344322223336891957e-03
1.419798635960379521e-03
1.454643127291394260e-03
1.269496588486425121e-03
9.677962948356937708e-04
7.076482001307177281e-04
6.912224343645183289e-04
6.699691920366104315e-04
6.150019072238794649e-04
5.861056523439198357e-04
5.163951322494108633e-04
5.715656753737396881e-04
6.919643022363689520e-04
8.320137980022814872e-04
8.236855598131448408e-04
8.844219696894260133e-04
9.551197261829995171e-04
9.827984123726898197e-04
1.268495019603664738e-03
1.533477277532430735e-03
1.749594814251903031e-03
1.826353538037266610e-03
2.151653200247372402e-03
2.736163979118390321e-03
2.873897410856943776e-03
3.244751617846476817e-03
3.038478896751226066e-03
2.912525619842867147e-03
2.916555693531651741e-03
3.148649172608031059e-03
3.118153097336847160e-03
3.227695846004068059e-03
3.378045991521273599e-03
3.442001610690983548e-03
3.008353247072206513e-03
2.657777420787819141e-03
2.801536762849254555e-03
3.585479488014853278e-03
4.488382630842623761e-03
5.441478277483065631e-03
5.954912416462233328e-03
5.926590820742750482e-03
5.484000394308329203e-03
4.786986065665048938e-03
4.842771299073795298e-03
4.903875945688145228e-03
5.484691847059942893e-03
5.726099942113701408e-03
5.929136810592821813e-03
5.139398171069214233e-03
4.925609104143302552e-03
4.237842951090458471e-03
4.292983549126520512e-03
4.029449065459368012e-03
4.041768030717984850e-03
3.823377229513913716e-03
3.769026412734305040e-03
3.397928568115976718e-03
3.228353056354000671e-03
3.071125366996283260e-03
2.930516996241743811e-03
2.770380565028242315e-03
2.855193717570552250e-03
2.388572161719812285e-03
2.018421460313194957e-03
1.768227497301487136e-03
1.690108503516029280e-03
1.542315657199541364e-03
1.484486491695609497e-03
1.448909121907153387e-03
1.545351530246424606e-03
1.342527877467332778e-03
1.106220612943879886e-03
9.892266051315314231e-04
8.166060200683080122e-04
7.569047331145023483e-04
7.687090791741136783e-04
beta5
-2.237488976729062431e-06
-3.394205324817177030e-06
-3.893727489398660891e-06
-5.217745504569426299e-06
-7.531032635838723860e-06
-5.015863860112086490e-06
-7.021036929576734371e-06
-5.551595187774943600e-06
-7.959321547889158110e-06
-9.567500873052829841e-06
-8.593812661848720946e-06
-1.096616560557390102e-05
-1.401282936572331067e-05
-1.763896970743946476e-05
-1.986395803110795923e-05
-1.827211239803126506e-05
-1.767224582502669898e-05
-1.567890892472775430e-05
-1.286261850701982798e-05
-1.978647757299329410e-05
-1.993966760588323427e-05
-1.718264847551299217e-05
-1.723427894344250680e-05
-2.573941783198000906e-05
-2.037678142866023619e-05
-2.408351076704942997e-05
-2.707073790998479443e-05
-3.042036325235269716e-05
-3.825990525175235744e-05
-3.619240900918056379e-05
-3.882013594287253680e-05
-3.351212962665317530e-05
-3.558207899615147050e-05
-3.114145748833286687e-05
-2.704784870520119701e-05
-2.644570187721478706e-05
-2.304996868989200171e-05
-1.947142033408939745e-05
-2.070559211658313666e-05
-2.408900225429673429e-05
-1.941468842969761472e-05
-2.362424633811980017e-05
-2.955554095728250963e-05
-2.996929463283132678e-05
-1.568655672525145562e-05
-1.457602951695278480e-05
-6.647665074170644998e-06
-1.463014151640136926e-05
-1.825072698618151649e-05
-2.610115576188328342e-05
-3.308579212394560513e-05
-3.620712992835827492e-05
-3.071947185949985284e-05
-2.195512426967497676e-05
-1.719389801739562679e-05
-1.844845921671889457e-05
-1.733380377306274056e-05
-1.449969772294647743e-05
-9.995505313439808682e-06
-1.017209917366722379e-05
-6.760372055540428681e-06
-6.961580794036378344e-06
-1.903746469345647451e-06
-1.594914191661800700e-06
-1.152654968707888843e-06
-8.488465069512339466e-07
-4.759612093604166218e-07
-7.598940891200092891e-07
-2.000142190892009939e-07
-6.612955113999921658e-08
-2.314816593855436044e-08
-8.787176824878035598e-09
-1.848922439924510642e-09
-3.860936637405559208e-09
-2.375539639619847123e-09
-2.203399604527024598e-09
-1.143403927608797951e-10
-1.477457943966308247e-11
-8.279896866140221801e-11
-6.257200871503457604e-12
-1.314457042438633399e-17
-1.560597214820748227e-47
-4.106311549171880695e-21
-1.225006607419656124e-16
-1.328350161670171138e-19
-1.568595112677483972e-18
-3.105110729011611775e-22
