2.083814556308601421e-03
1.803788586921379732e-03
1.044796796915016578e-03
9.300725840432665439e-04
4.084549067310934639e-04
8.072891482980718361e-04
5.249580684830062235e-04
4.852335749443293495e-04
4.234498273286008683e-04
4.351717331007481145e-04
2.420601882533835272e-04
1.952614412826858071e-04
1.700703363062419995e-04
3.429323379045653335e-04
4.693773706821239818e-04
3.883136392603723326e-04
4.032727701170827185e-04
1.227689278782743108e-03
8.577733767944995067e-04
5.273365823201046736e-04
7.672228016708893070e-04
6.106849233063404644e-04
7.960864538217567524e-04
8.538090550438201662e-04
8.917719603520472046e-04
7.280158706973755695e-04
1.500444132400620932e-03
2.132646876378510754e-03
2.485581074948328521e-03
2.771475222011485825e-03
1.813388008311078367e-03
1.586818529988703354e-03
9.437253266272997189e-04
8.075856283055993755e-04
1.719459092040465532e-03
2.203383683607347543e-03
1.901832208982918212e-03
2.594182867904158696e-03
2.473445384623508721e-03
5.033106170746527892e-03
6.687746771470354235e-03
5.283361155137436191e-03
6.083919749881427919e-03
6.801699779882231303e-03
1.053607308987502059e-02
1.304278435937309723e-02
1.781145245979535996e-02
2.638558489768150217e-02
2.796645371958227794e-02
2.692667834350064709e-02
2.435412991011916273e-02
2.227939881696706231e-02
1.618061856490451283e-02
1.182498262677381465e-02
9.517915464641837214e-03
8.775621482375404320e-03
6.214131748634582619e-03
5.226821574382518529e-03
4.711447259209461738e-03
4.095568355966261627e-03
3.422565769411953229e-03
4.028906873459412938e-03
3.659206618142833711e-03
2.306507298699883579e-03
2.457427699933966998e-03
3.365356705254400355e-03
4.000871654471281451e-03
3.402270662859231687e-03
4.212676844264224771e-03
4.284760451247119836e-03
2.850433343015750659e-03
3.928059227261854539e-03
2.018729655096907633e-03
1.980851189730379464e-03
1.531089617104540446e-03
1.479857248272820926e-03
1.538755494506459376e-03
1.759920908849202381e-03
2.337506611803643816e-03
3.103710814002048034e-03
2.166739916811955338e-03
2.678172175938452540e-03
1.306559526625066577e-03
2.461677358049513438e-03
3.352621266624766609e-03
1.939333452514141725e-03
1.395507352538199195e-03
1.344090380194880828e-03
1.323323115251572989e-03
1.194258314263161192e-03
2.248038241585474661e-03
9.995435120930969662e-04
1.110055158240598992e-03
6.524793778003787348e-04
6.274315275701019884e-04
6.515178088348066434e-04
5.427948080259977631e-04
9.501835787216359949e-04
1.611630393479821172e-03
2.034141824018129499e-03
2.004229614601602850e-03
1.347458098427653343e-03
1.301077557368396104e-03
1.069760560839087306e-03
7.318375265808651142e-04
6.721354207721715827e-04
4.625901085609912251e-04
3.830692810470876083e-04
5.185959023472921058e-04
1.221379619813698063e-03
1.155135794070668871e-03
1.088535930199865985e-03
7.594432717670778626e-04
7.446778903403656821e-04
7.610990267861402533e-04
6.617456831558052961e-04
9.938630300830968156e-04
5.238781265895233429e-04
7.014968534215854827e-05
2.739246476446154696e-05
1.332867913842068346e-05
2.987617808491756374e-05
8.422780816168525604e-05
7.212320580377343769e-05
7.005472951862650116e-05
8.967914956456884254e-06
7.779473780907597476e-06
2.805925744027338052e-05
2.136024705716761001e-05
2.295444539204670063e-05
4.660445403230843015e-05
8.619981332402899452e-05
8.811210133794953291e-05
9.262494079931155575e-05
9.430407551589919490e-05
8.290211959589578175e-05
9.437776108167316943e-05
1.455982780885067688e-04
9.885239321069370943e-05
2.568360172193650181e-04
1.824667074948598954e-04
4.379630441529369297e-04
5.225886560276541207e-04
2.525010586680935228e-04
3.972236741034609734e-04
5.318476574500533884e-04
9.008266558538063472e-04
4.809095048405901351e-04
4.535125282473853863e-04
3.764774276117927704e-04
1.944178675189884816e-04
1.592588523504976489e-04
2.650104348997419637e-04
8.914321091579597428e-05
2.777030821508067403e-04
2.981733024731468367e-04
4.805063944654641012e-04
3.572530750947337927e-04
2.123951667328214396e-04
5.039232354829876353e-05
1.695180078669510673e-05
3.286690357966614727e-05
4.605282419463555346e-05
4.901292100189364419e-05
5.000802120811750326e-05
1.113588759027495415e-05
8.131409831960476455e-06
6.495578044837539918e-07
5.884523871348395273e-07
8.124474377340733409e-07
1.156756345555269292e-06
9.301439006853673939e-07
7.796190495789224359e-07
9.503434597653302925e-07
1.804803161745878402e-05
1.299787498701047494e-05
6.616304550109685116e-06
1.039593176788023198e-05
1.857555942832275372e-06
4.721199055858206440e-06
1.883275530232104178e-06
1.122355268128267668e-06
8.809784732536978665e-07
5.209979511012372177e-07
4.314928155355227549e-06
4.727684783050449314e-06
1.066004432335901146e-08
-6.133458851268398756e-24
-4.296166213924380505e-09
-3.719867304169822705e-08
-4.479013722699153097e-06
-8.397189435737588398e-06
-8.411451597433155364e-08
-3.321540234017136672e-06
-1.804056683697121739e-05
-4.168457755930063342e-05
-5.835265324121009344e-05
-1.380928167242681194e-05
-9.677846616493244670e-07
-4.312484834753638929e-07
-9.737715425404173955e-07
-3.347889044672575629e-07
-3.755331434377111520e-06
-6.383289849964977143e-05
-2.290657821140980712e-04
-5.846879314316805578e-04
-7.918221262317960349e-04
-5.811533768866146334e-04
-3.814471858493660977e-04
-1.354682211427946938e-04
-6.210836860198583006e-05
-6.465780552782055446e-05
-9.592219142583090978e-05
-1.873275513974582821e-04
-1.362862209652015424e-04
-1.258064927400734693e-04
-9.441953948775388657e-05
-1.258615327650544375e-04
-1.629148110687643209e-04
-5.537477167159724281e-05
-1.585220464847608625e-05
-8.270636884852412905e-06
-9.735344291578388438e-06
-1.273804020169960886e-05
-1.179565704936716585e-05
-1.889895918282890155e-05
-7.117634066666049067e-07
-1.180786259686229611e-09
-6.678109055917976539e-27
1.180764034037004756e-10
9.089426916021542986e-07
3.391466133558027763e-06
9.613767691843083207e-05
3.226863447919465469e-04
1.999955926597910471e-04
7.787300132471714192e-05
1.278684331643790972e-04
4.435094315609699149e-05
3.230388063901343877e-05
