3.891405933835482157e-03
2.683591122228930030e-03
2.416187234022128694e-03
2.081330028343663947e-03
1.830816991207908154e-03
1.719895639625250048e-03
1.213827632347995152e-03
1.225644645524432428e-03
1.119593244826658186e-03
1.329230398603426996e-03
2.060031674993323316e-03
2.831143415456918375e-03
3.274683581390436683e-03
3.386585778982632421e-03
3.437474185305570626e-03
3.247777599793527214e-03
2.574537439283105123e-03
2.065917030771241038e-03
1.786517552214212127e-03
1.665509950810464346e-03
1.595975496622387873e-03
1.554546243195175552e-03
1.462952871546181581e-03
1.078999133694253775e-03
8.216266434731877080e-04
6.636533550120792468e-04
6.558559002103874630e-04
5.699809186307624835e-04
4.954937041527599255e-04
4.585870830961994555e-04
4.563248538740358531e-04
4.018912988691832858e-04
2.939400404255824995e-04
2.454333417207822383e-04
2.663853741913854560e-04
2.855228024384833039e-04
2.436100871635271626e-04
2.074610485706167241e-04
1.343439674439578550e-04
1.070469328518755032e-04
3.354425584181594961e-05
-4.253622928671943335e-05
-9.366180868200144581e-05
-1.006372504002011763e-04
-1.024010974285347064e-04
-1.055545363893178900e-04
-9.450313861068578155e-05
-7.474593363722691368e-05
-2.871325526224056894e-05
-2.185625928702972882e-05
-2.009241198153605099e-05
-1.323130819979672051e-05
-1.338594579156887348e-06
4.817273538792665250e-06
1.798290254916045774e-05
2.931538777691037773e-05
3.287403925211327576e-05
3.468019938227868580e-05
5.073564484549513819e-05
1.057062074018018627e-04
1.725423798752194992e-04
3.073499362640969598e-04
5.350986142285085690e-04
8.549755704629948818e-04
1.255040795667945177e-03
1.618022784966185361e-03
1.815210129378781387e-03
1.984747143724643545e-03
2.071477522955424578e-03
1.958788183269756511e-03
1.749024211724753029e-03
1.421256192179935242e-03
1.229901999430309603e-03
9.621132537259406573e-04
6.900363321922226142e-04
5.181326391878053649e-04
3.306484184262016828e-04
2.817172841695929808e-04
2.404271330670065311e-04
2.149248331237868547e-04
1.754708543518028983e-04
1.570655410058186365e-04
1.481553050211203613e-04
1.130465513907424874e-04
1.080483968824765966e-04
1.855727871843940082e-04
2.656629349158569765e-04
3.303824164455928494e-04
4.104307517911377919e-04
4.630861060158496137e-04
5.218645879797480366e-04
5.877803397090611065e-04
6.338746508887221345e-04
6.754257805316900677e-04
6.793230745441714144e-04
6.945230125357716331e-04
7.323362701621886168e-04
6.818551153034459189e-04
6.355944055177427171e-04
5.954415801395621967e-04
6.201684787500635074e-04
7.244304442852188318e-04
7.210933116081966188e-04
7.755994656819387286e-04
9.079777090242700929e-04
1.132430707445233279e-03
1.616059964110375070e-03
1.969427745528746099e-03
2.396305174728020730e-03
2.777614550479511665e-03
2.855063196435473488e-03
2.796342969081086482e-03
2.556276820114364995e-03
2.498430457465632484e-03
2.265883916368950559e-03
2.136350709497861905e-03
2.180259479589729838e-03
2.201469143576058329e-03
2.044547605201025436e-03
1.737164313999191691e-03
1.555288781151884653e-03
1.229644666673252850e-03
1.008834571236758753e-03
9.354990035997270796e-04
8.377087596073282605e-04
7.384731281590570587e-04
6.437095528599962946e-04
6.398432058171119085e-04
6.512196689537715815e-04
6.572052331223389313e-04
6.489555006907598992e-04
7.713689339070143626e-04
8.921062157798746945e-04
9.164515563989359152e-04
8.988447428501638572e-04
8.037502430717581364e-04
7.780540247250541724e-04
6.214319053616314563e-04
4.536134402483744943e-04
3.381990586030409504e-04
2.250734798783510097e-04
1.157729919492020339e-04
4.223126039204745875e-05
4.454015183154854311e-06
9.609750477118369589e-07
-2.112731343820026990e-05
-3.423132685443813940e-05
-1.088108894021957686e-04
-2.947107595394681608e-04
-9.186089482791683081e-04
-1.927703463520924129e-03
-3.412199485087944514e-03
-4.515733115089522187e-03
-5.827775659697988393e-03
-6.866687231970773110e-03
-7.120089362513517921e-03
-7.143701467632951156e-03
-6.768919498935661860e-03
-6.524860927501250664e-03
-5.905800062194485785e-03
-5.850593689406622354e-03
-5.498550874811641148e-03
-4.806159338584533626e-03
-3.824741106723589159e-03
-3.048655893324125985e-03
-2.344676382358177203e-03
-1.212158993413731340e-03
-7.253265308348623821e-04
-4.641363695918579620e-04
-4.435832407745567574e-04
-4.295602789812524337e-04
-4.177797704975028895e-04
-4.343832291106480338e-04
-4.392143886772811152e-04
-3.962722861668443747e-04
-3.167832875997766279e-04
-2.922067052419851318e-04
-2.691562962890304699e-04
-2.497834183145119396e-04
-2.467188715570607801e-04
-2.359418554958230094e-04
-2.219252012423302142e-04
-1.788318209786616631e-04
-1.568390088774588339e-04
-1.323242157577071536e-04
-9.490326028106250012e-05
-9.337194971665479029e-05
-9.449515626213983357e-05
-1.107828509110855272e-04
-1.531853838432248283e-04
-1.656133063874160635e-04
-1.883205403794141074e-04
-1.822482070893103885e-04
-1.510196521242603387e-04
-1.203333591681965555e-04
-7.129801840181649577e-05
-4.906651139230529360e-05
-2.358275596756683086e-05
-5.604248069057280017e-06
-2.536081621742145161e-07
1.359049621567564099e-06
1.006604803345658625e-05
3.477953776814502417e-05
5.720596970961753456e-05
1.227473791812897289e-04
2.169467549104580175e-04
3.007069437776332239e-04
4.033421079603997906e-04
4.584763122423404693e-04
4.912926471420817282e-04
5.098995969065370747e-04
4.687760233612271905e-04
4.337570276007978961e-04
3.484960492225012431e-04
2.791757892327267486e-04
2.402865134989906799e-04
1.805610700771427459e-04
1.296266974027903112e-04
8.117600544274573805e-05
5.537754623638691453e-05
4.485011227034048446e-05
2.849652936165999190e-05
3.975054562680868364e-06
-3.655285398979360926e-07
-3.541309187481583479e-05
-6.742817941916431858e-05
-1.125571394792414704e-04
-1.310432645707700625e-04
-1.332290836543553421e-04
-1.316968104983976657e-04
-9.866669135562771515e-05
-6.888948933676346243e-05
-2.444100213076581452e-05
-6.057508677820509859e-06
-4.182264611060039622e-06
-4.591171008197213887e-06
-7.539357973986844298e-06
-1.166307133114333879e-05
-5.768040168395723141e-05
