2.584501513937551270e-03
2.844869420724991174e-03
3.115419697285412483e-03
3.003026590567244632e-03
2.862677983351887868e-03
3.133682887616598325e-03
3.215816863301353395e-03
3.430393523398628589e-03
3.765615780399619861e-03
3.942226610585743488e-03
3.964573496108147500e-03
4.290686742268672027e-03
4.289313787482357428e-03
4.259546330122538152e-03
4.128137174331681508e-03
4.044582928325531589e-03
3.983441648842542954e-03
4.044469435304494029e-03
3.877002378126748281e-03
3.544077576363933654e-03
3.096592951946555445e-03
2.728968149654235203e-03
2.469230783191552620e-03
2.101867317442436805e-03
2.000959763913033596e-03
1.839355309518226136e-03
1.775285907094639347e-03
1.761179062910028402e-03
1.755522994283503216e-03
1.560304133279155495e-03
1.599303019845397730e-03
2.011327803731871242e-03
2.042497297377577747e-03
2.078076080066962057e-03
2.064714854726443748e-03
1.884785574811279237e-03
1.869387955470660405e-03
1.904229163927792469e-03
1.904810125468754146e-03
1.883770113614714747e-03
2.017301098659763075e-03
2.064582768280732571e-03
2.373081961028058757e-03
2.010896204073688801e-03
2.119417265354992929e-03
2.278593679308011950e-03
2.394531685870840681e-03
3.152751559071627612e-03
3.504175515461315990e-03
4.001720391571081392e-03
4.392346024372833710e-03
4.710126624416247250e-03
4.736243477433662273e-03
4.554483936398308515e-03
4.166013005760436060e-03
2.116699760225687187e-03
2.058303259687036674e-03
1.926194107602067010e-03
1.752935173769509152e-03
9.647565404920362088e-04
6.145661106880284967e-04
1.269464844841983794e-04
-2.418769771656867991e-04
-5.831612074222969041e-04
-7.742908663256293589e-04
-6.952803976053033340e-04
-6.677340727565310658e-04
1.337236565522627969e-03
1.314294082715699447e-03
1.261758018813269062e-03
1.276488405577194543e-03
1.328454144368557003e-03
1.279616425526976849e-03
1.162337223165896835e-03
1.024248629303161837e-03
9.209281625073083939e-04
7.418574184273901305e-04
5.404722919587566076e-04
3.711967349752070666e-04
2.476461706915595944e-04
5.825848486169741273e-05
-3.735180472738955159e-05
-9.979357300723046189e-05
-2.482425259963173293e-04
-2.669463957865603741e-04
-2.408873400868465282e-04
-3.246118505747728187e-04
-2.971859366952545045e-04
-1.816602005776147037e-04
-1.168035526409031186e-04
-6.825900350981941353e-05
1.870851959738922810e-05
1.083941424898885331e-04
1.364284397651166177e-04
4.599519161709567008e-04
4.608856581901840123e-04
4.277371845544893406e-04
3.937821335556431260e-04
5.276468713763974661e-04
5.811350503635476271e-04
5.876579945451024158e-04
5.840785732954304702e-04
5.123707189878363381e-04
4.158083738434272848e-04
3.068346940011212431e-04
2.292139281184705623e-04
-9.074449328805105595e-05
-7.393326648590820840e-05
9.873470980159876516e-04
9.926577118300498534e-04
9.594464227570487442e-04
8.841082105797495871e-04
8.487231386847753729e-04
8.115681533649874097e-04
8.800345352124979348e-04
9.321854290529471218e-04
9.376291724946770071e-04
1.010987595420464969e-03
1.080017237542881372e-03
1.133406106234020492e-03
7.862153039230581817e-05
1.135942223059128515e-04
1.541745900844501119e-04
2.095962726231587658e-04
2.625617815597081962e-04
5.519182609177997190e-04
5.852241180068581570e-04
5.904545290093073020e-04
6.991437720994513744e-04
8.374548143421892306e-04
8.433782923034315558e-04
8.540570576224631961e-04
9.441407997160030513e-04
1.063621840164173096e-03
1.368289224536659411e-03
1.562338748964120028e-03
1.793107631227460223e-03
1.698994973236627468e-03
1.836170964644251447e-03
1.961087105006712340e-03
2.027771135121782947e-03
2.072826230681854964e-03
2.234337794924122055e-03
2.328845895500387345e-03
2.820633924546969706e-03
2.878185432822410409e-03
3.119212683079588665e-03
3.200727751003123404e-03
3.684625132108461289e-03
3.656762839731203443e-03
3.588975933555605541e-03
3.506929226904573899e-03
3.442943724817259122e-03
3.289757238434394115e-03
3.124121206187595746e-03
3.036227156677435632e-03
2.470522179526304148e-03
2.273851373561309400e-03
1.646305793031062293e-03
1.384141102668356863e-03
5.944613924239830786e-04
4.517348519111742222e-04
3.662284281640777240e-04
3.126594366944213089e-04
2.787752372264766759e-04
2.177515973556322674e-04
1.660289427769489603e-04
1.082015132720670365e-04
2.522808321790028286e-05
-9.451937394413256359e-06
-4.277556999688021890e-06
-1.403011251305823659e-04
-1.200445007155605173e-04
-1.263446672798804345e-04
-9.423062701123101912e-05
-5.787182332885878674e-05
-6.126779298368260549e-05
1.486928485069790803e-04
1.946110254402932341e-04
2.471217277566284463e-04
3.381339658315601383e-04
4.319966746170180935e-04
4.878348820166447577e-04
5.637141343196862232e-04
5.596373903102605475e-04
5.173014054876535041e-04
3.507516451141413634e-04
2.568053139184720327e-04
1.561051087455391005e-04
-1.455440149846252225e-04
-4.188134320416306918e-04
-6.927495692704623573e-04
-1.006181756063333124e-03
-1.529962179909451431e-03
-1.721903910555797968e-03
-1.952444500959758062e-03
-2.033077371867805967e-03
-2.083489197249191374e-03
-2.116933672924011748e-03
-2.189061729489348660e-03
-2.202865543486604710e-03
-2.253400378454585833e-03
-2.115050715054278205e-03
-1.975292045165216639e-03
-1.828060740094112138e-03
-1.473866170473374674e-03
-1.479701823213609192e-03
-1.480111152394579912e-03
-1.482438424536266369e-03
-1.479962593115097215e-03
-1.425368553586243677e-03
-1.400937640637535744e-03
-1.399518062557422336e-03
-1.358608420822051549e-03
-1.359275043505628637e-03
-1.353221218082473242e-03
-1.226877205867949122e-03
-1.164872732186944494e-03
-1.011854422504071841e-03
-8.415124593116864388e-04
-7.684048734289905752e-04
-7.753673493843372217e-04
-8.125234433664041368e-04
-9.067339428309916178e-04
-1.335741739242321318e-03
-1.508578615344643948e-03
-1.576114645126701179e-03
-1.574260333431076004e-03
-1.643342757725390355e-03
-1.690724889393856742e-03
-1.745815734219793858e-03
-1.755901186132473616e-03
-1.921688090892006984e-03
-1.935378394171797384e-03
-1.863968916839383629e-03
-1.735172884348502517e-03
-1.232786778297215559e-03
-9.690540979641754094e-04
-8.719128803813177295e-04
