2.581832978197361704e-03
3.206135010678940519e-03
6.468068131468407769e-03
2.105164528745238645e-03
2.018809063751315306e-03
1.685480241881452852e-03
1.900584677357936318e-03
2.241448972129509321e-03
3.383241114392253421e-03
4.016029004857937790e-03
2.879010635141136289e-03
2.601777706190143251e-03
2.715699788369341401e-03
4.345305837210962710e-03
3.945181487681212983e-03
4.468374522960808122e-03
3.859792557104950190e-03
8.064189710163358060e-03
6.028885238154034140e-03
4.387167528724739314e-03
4.351632984894566319e-03
4.921613596312574869e-03
5.991355334213617143e-03
8.767323672672147628e-03
7.067744448633305789e-03
6.415395442249524280e-03
6.678961213989946175e-03
7.540038518946894780e-03
7.524017582179638730e-03
6.267184349277200341e-03
6.586366141340760025e-03
7.536408504955093880e-03
5.905539358183095611e-03
6.039293836132290406e-03
7.163802316753860484e-03
1.065853544113382761e-02
1.077873929536797386e-02
1.062573968470032632e-02
1.508926055570313472e-02
1.642984633197902208e-02
2.094144404860159153e-02
1.668208223206159302e-02
1.833168207776366548e-02
1.321445206435453712e-02
1.275861212499100616e-02
1.702837737445476660e-02
1.652964704611686528e-02
1.336725009438936504e-02
1.053745670920309442e-02
1.097583701554496333e-02
1.243701182709563285e-02
9.006586487608488761e-03
8.325277293671558276e-03
8.132984232795799351e-03
1.113946889359094736e-02
1.627815162145211658e-02
1.279564143550897259e-02
1.199254044541229157e-02
1.566283618514582518e-02
1.314561281739545090e-02
1.231587550558161867e-02
1.119796202462212953e-02
8.613960121146360671e-03
7.369024657229425457e-03
8.369954054145539377e-03
9.320664884256660287e-03
9.061118330237599369e-03
8.290290712496385314e-03
1.121751794226658397e-02
8.400545574738191648e-03
8.845357210953839339e-03
7.426053440925954770e-03
1.045442521776721555e-02
6.834909948443919012e-03
6.676051055055967284e-03
7.398701205900289589e-03
5.160792166087617601e-03
5.106229172023856420e-03
6.867747596730055561e-03
6.934708604092613103e-03
6.571927782938519549e-03
6.501992569364188450e-03
4.379881188615633060e-03
3.460990000803003657e-03
2.770240416672529581e-03
1.409626880293985253e-03
1.172677525699263859e-03
9.556761259069661979e-04
4.384765667740639686e-04
5.201315789450155829e-04
2.101139512903180129e-03
6.263920652399564788e-04
7.895716455174256248e-04
2.070403671185843623e-03
2.274022100312697928e-03
2.379625346945596180e-03
1.349686916299456781e-03
1.423041353760836703e-03
9.830011468247210581e-04
1.452839607916170568e-03
8.991607083377919354e-04
6.167799220117380337e-04
7.539227133820019860e-04
7.046026229961274787e-04
1.031868385847476387e-03
5.832805317293887496e-04
5.299773300156555888e-04
1.352045502550551373e-03
9.192571689518127566e-04
5.918653747411750611e-04
2.893513803942844258e-05
7.159430725308053899e-04
7.326256418583362157e-04
8.336604155277840128e-04
7.133510245989491605e-04
7.256237297408768853e-04
1.449002003066867522e-03
2.184608992550301707e-03
4.232782186561395710e-03
2.887122318559478054e-03
2.882984368936749534e-03
4.854738822318425961e-03
2.814277687935922648e-03
3.209344761095785179e-03
2.508449192094008504e-03
4.261402096633372383e-03
2.371013891275515571e-03
3.029035264114618431e-03
2.738430594825608071e-03
2.274164465673389132e-03
3.629147665045212579e-03
2.506847280327715449e-03
2.309403114676504207e-03
2.493428300964398592e-03
2.150960353876002658e-03
2.128012003561494288e-03
2.259825153805205579e-03
9.550462033928114672e-04
2.929383690716860474e-04
-9.811533077954181028e-05
-3.835356215069327850e-04
-1.075465055741545762e-05
8.608807780180738594e-04
1.143769311315676572e-03
1.502537401766266276e-03
1.607980088230042152e-03
1.112222973709370028e-03
7.595036439226746441e-04
6.166129573025213228e-04
7.179514408375303096e-04
6.279337989829683348e-04
1.070671667182934370e-03
2.325806636137061571e-03
3.140264843724099950e-03
7.688459903111206396e-03
2.595982691970613338e-03
3.284998311752059409e-03
2.185232617745139390e-03
1.690428617135710052e-03
2.086328068868205116e-03
5.041460677114706747e-04
2.371152941146444931e-05
1.611132615178755521e-04
-1.320482113893502586e-04
-3.804818785435190804e-04
-9.229227595356236970e-04
-6.197464634501332085e-04
-1.418116686968754533e-03
-8.469807931506240619e-04
-8.923613059978579556e-04
-1.131653470381880624e-03
-1.164877028647812998e-03
-8.125718258353966999e-04
-1.013250771192502481e-03
-1.413038599356172473e-03
-1.802095701230627253e-03
-1.170274753350320721e-03
-5.488423322645668949e-04
-3.210528799498888895e-04
-6.582885614837393146e-04
-1.532179822630895527e-03
-2.386593324941100724e-03
-3.133455431229903183e-03
-2.650939514186371158e-03
-2.670130745185676346e-03
-3.962979728207277619e-03
-4.261071491683532386e-03
