beta2
8.145006601884257486e-03
8.190294348602798410e-03
8.321211951822515135e-03
8.517971095340495097e-03
8.861881297911666094e-03
9.157550002002400394e-03
9.525555997971989555e-03
9.797067812170566492e-03
9.857009388031891250e-03
9.925982727505843622e-03
9.775554622265272831e-03
9.517046756892948850e-03
9.248068041735113543e-03
9.047268384778147515e-03
8.950234847000047844e-03
8.700321255099480178e-03
8.580632481468135689e-03
8.717995036047920809e-03
8.381657076782952215e-03
8.266642059734614217e-03
8.229139241830094043e-03
8.129409447717544229e-03
8.127138662820464210e-03
8.176446934912748321e-03
8.172027622422370699e-03
8.441786769250664638e-03
8.609710408329956238e-03
8.679055483807929239e-03
8.757986571176774870e-03
8.829457649898158483e-03
8.867148250465223258e-03
8.901156038111061528e-03
8.763113431302680528e-03
8.962036845416913172e-03
9.001627882065836930e-03
8.787550805823841557e-03
8.704563577510086858e-03
8.624506701359283684e-03
8.456046404812950570e-03
8.515812476821871257e-03
8.611548706937843453e-03
8.661134246922174568e-03
8.729638782187451596e-03
8.779149492417002987e-03
8.760325818269222575e-03
8.862667497283559237e-03
8.929205029388997267e-03
8.928243558207009031e-03
9.056822680720690716e-03
9.136022477878379816e-03
8.999812329195808897e-03
9.085831220292203692e-03
9.287873121871730031e-03
9.561131914956652600e-03
9.867180661064168384e-03
1.008499969659889563e-02
1.056990600560463525e-02
1.105036032396511381e-02
1.108612905464122916e-02
1.112451330264944450e-02
1.106104141181914191e-02
1.093059919028291534e-02
1.108780867035559677e-02
1.095307161690090361e-02
1.092514870936216187e-02
1.094578373881637326e-02
1.104931823593557211e-02
1.116192652586785704e-02
1.123014024524580240e-02
1.150249692499241347e-02
1.196105279732710691e-02
1.238303028500309204e-02
1.266739316219344692e-02
1.279663975472409079e-02
1.258897772182229063e-02
1.242463960513493990e-02
1.229206016950824473e-02
1.168462452376998334e-02
1.096125011716434991e-02
1.021964534619857964e-02
1.004794214343651161e-02
1.025566921887706776e-02
1.057614399746537731e-02
1.039820769715156176e-02
1.033065764324138033e-02
1.021922566975821609e-02
1.003962441396953967e-02
1.044004233233950842e-02
1.026459170349921721e-02
1.006582035598679696e-02
1.006216954166785568e-02
9.852514494805744705e-03
9.752672441364776748e-03
9.835175748615608560e-03
9.828899932125764044e-03
9.946763310039061223e-03
9.960491743678970972e-03
1.014407574148089991e-02
1.031785102947270147e-02
1.040148580280518195e-02
1.034231013843264421e-02
1.036876614542968020e-02
1.050147913485454873e-02
1.057774065897082276e-02
1.071606196184152551e-02
1.073708599098938468e-02
1.077366070929983849e-02
1.041916477625282403e-02
1.036445642555021765e-02
1.048266043135545091e-02
1.090091537923109852e-02
1.121898005491092642e-02
1.145282720171793972e-02
1.167146296602517008e-02
1.190315995055801768e-02
1.226742131500639654e-02
1.266032559596634230e-02
1.298356591362058964e-02
1.300277330127606532e-02
1.320235340713125233e-02
1.314150717463286738e-02
1.309179447935568050e-02
1.302013798094767139e-02
1.293553469635696888e-02
1.312932539718712766e-02
1.326461853581722625e-02
1.340470474165923395e-02
1.336295741112269314e-02
1.316090754106915943e-02
1.289491298629731088e-02
1.255711767733323422e-02
1.243044229325641903e-02
1.202835722265145971e-02
1.163821184677891335e-02
1.110699047676623474e-02
1.100798563725219337e-02
1.132885190960683693e-02
1.161561346013653684e-02
1.158714253108271419e-02
1.166941305624799238e-02
1.123284639623140825e-02
1.108043200856148255e-02
1.132471788651964739e-02
1.156432759970489957e-02
1.134409312616670162e-02
1.112522372900700066e-02
1.089859906423060014e-02
1.090245170786537793e-02
1.066051139763159877e-02
1.048219607322276037e-02
1.031515761023707109e-02
9.991674626302161910e-03
9.919947757451065551e-03
9.761757050418339021e-03
9.326219045026784560e-03
9.031315025843623945e-03
beta3
-1.755218083956765004e-06
-4.841430894725844108e-06
-8.285146614451693438e-06
-9.596907032008081183e-06
-2.111914210056621335e-06
-6.619215588290231060e-06
-7.858141584314691649e-06
-2.410630787345416381e-05
-1.428560028034508062e-05
-1.887587717586118759e-05
-2.907283698070838935e-05
-1.604962122946586756e-05
-3.705983179323479170e-06
-7.360540613590204007e-06
-5.124239318391181526e-06
-3.362288601028505651e-06
-6.086377789310995005e-07
-1.112714713829380398e-09
3.763243648287236938e-08
2.574757551006945953e-07
1.399969228545693473e-06
3.801411270755853396e-06
7.683064960885341836e-06
6.160061630027772141e-06
8.914497519577649310e-06
1.090321894006096324e-05
6.292942331969232544e-06
2.282583047900959284e-05
3.016812075467755155e-05
7.050749399174758062e-05
6.745242011221096027e-05
8.616394433909480434e-05
1.258860754625634650e-04
1.392148059774143379e-04
1.035824914725740487e-04
1.311515244035185528e-04
1.425231267784308022e-04
1.685963383132842576e-04
3.152627262196980025e-04
6.629584099918498820e-04
8.613335636887149965e-04
1.157442671229544882e-03
1.198058344796904462e-03
1.222299127746928529e-03
1.299513582879075922e-03
1.192689338935252075e-03
1.019771783795839042e-03
9.726732690516349915e-04
8.930918012631111364e-04
2.357314580075809546e-04
1.226161280247247526e-04
8.520564606531417053e-05
1.459543711904339456e-04
1.855688972125904600e-04
2.458723084315092349e-04
4.126829242899932200e-04
5.150669472945098746e-04
4.866600512143507188e-04
7.024798714099871316e-04
8.306645697960039461e-04
6.283472642227066682e-04
5.079674098316603725e-04
3.663560316436992987e-04
1.828101790364652251e-04
4.455412977600665307e-04
3.539171605475828573e-04
4.576398057561581120e-04
3.276051510108059835e-04
2.295453818045221331e-04
4.008304388192411669e-04
5.730379623220954732e-04
5.024937728377274230e-04
7.183910394220900230e-04
9.497948482545932013e-04
6.708500695612918015e-04
5.655589313330088366e-04
4.728856580905191819e-04
6.765177712765560371e-04
6.576915979005538981e-04
9.394084148805979502e-04
9.829427291980072021e-04
7.172621171671902073e-04
7.463139522068467594e-04
7.834644992957013471e-04
9.847171036530899882e-04
1.004556134215604975e-03
9.930159619366844739e-04
1.316174375105900584e-03
9.342611450931248302e-04
6.064253039824714191e-04
1.071160046692699441e-03
9.395238223898413898e-04
1.120386984374557252e-03
1.379323374088929979e-03
1.500965942348718744e-03
1.666057988119374385e-03
1.623252098539935268e-03
1.425323488733559090e-03
1.247062966053262296e-03
9.048342396406842264e-04
6.760902059867121301e-04
6.940866971699612012e-04
7.334557305121747759e-04
7.804882844888391420e-04
5.365137844062183286e-04
3.944689502598110295e-04
3.623258753849426320e-04
3.308295288890527111e-04
2.587055590831994654e-04
2.323287035967966721e-04
2.896055532600726461e-04
3.059883533753492580e-04
4.115965284433899252e-04
3.568689109178432026e-04
3.078136404374366870e-04
2.826107367739083553e-04
3.603728602168079125e-04
3.924467569111286260e-04
3.426797734453977109e-04
4.119365007080208431e-04
3.496346569117458458e-04
3.110213116685553057e-04
2.693829538079270391e-04
2.149046940007566845e-04
2.744717028035318241e-04
3.340466647006679404e-04
3.112598604749500101e-04
2.103952317125343534e-04
2.127760262145063114e-04
2.137398283521026849e-04
1.739111470545376642e-04
1.849033777415859370e-04
1.694851051073132146e-04
1.535663875254690439e-04
1.574981972529231446e-04
9.926102693459502727e-05
9.591665952221089988e-05
5.012410108885258334e-05
3.104225219655315645e-05
6.146832818775773333e-06
5.912443924043616283e-06
3.677169542685913276e-06
8.019560569569111967e-06
1.731366830354730000e-05
1.524198186973840956e-05
2.135877828977857985e-05
3.816834950929405600e-05
3.098113585826390919e-05
1.360733816959684991e-05
6.089952723463052430e-06
5.609858236218034726e-06
4.758477421333770361e-06
2.888454834821474806e-06
9.081956693390722705e-07
1.466316711633749043e-07
5.717579975911527569e-08
beta4
-2.221839608654675030e-03
-2.281075496383932685e-03
-2.038865981563558680e-03
-2.449814840438263065e-03
-3.032037219380099603e-03
-3.083753701144087943e-03
-3.549381188179674858e-03
-3.835629591267127395e-03
-3.769149257003848175e-03
-4.740653830526344800e-03
-6.256902736799066153e-03
-7.474647007678221836e-03
-8.467223469013856682e-03
-6.497368909416464770e-03
-6.425594412725596505e-03
-6.137514541021503803e-03
-6.503673181874029471e-03
-6.676327715904351555e-03
-6.727104996959989633e-03
-7.185690605138340264e-03
-8.165656499350675696e-03
-8.783874128680046328e-03
-9.671384854961169453e-03
-8.696891737002719266e-03
-7.090617360777537632e-03
-5.923411354171672846e-03
-5.241810139554613050e-03
-4.941184449491240610e-03
-4.781636025351330109e-03
-4.452253015630373498e-03
-4.500068554733682030e-03
-4.355148795283776859e-03
-4.093698605620754716e-03
-4.495354344086606446e-03
-4.445817622516032123e-03
-3.437003228402482798e-03
-3.422026858022686642e-03
-3.627576800599992095e-03
-3.443055092653966517e-03
-2.571098505508714275e-03
-2.684603552373813172e-03
-2.084830956223081809e-03
-1.611391472688126266e-03
-1.573012663783264617e-03
-1.400043393446316446e-03
-1.664937220898759151e-03
-1.171684174700109941e-03
-7.372827899485427964e-04
-5.353781131261696555e-04
8.297686760262224067e-10
1.239709736779047086e-04
1.933053439736619520e-04
1.705336476676900972e-04
1.451200600497686444e-04
3.067731930313523348e-05
3.086680438544853438e-05
-2.270047284968747803e-05
-1.475575249156570938e-04
-4.086831542650525722e-05
-2.313953635232151543e-04
-2.984572505593431494e-04
-1.470883761548569626e-04
-5.413583795139694345e-04
-6.248247558486582460e-04
-4.371417990870693493e-04
-1.948402170604318282e-04
-5.148865546771197357e-05
-7.942039947747131027e-06
4.567710853850502177e-06
-1.512576492894362004e-05
-7.611564720801602024e-05
-2.577470298819862192e-04
-3.090636042274547916e-04
-1.526701398978630561e-04
-8.164502638718820586e-05
-5.292730544698342413e-05
-3.708890445391324115e-05
-1.715810340260637304e-06
3.624016155523230777e-07
2.165761095889944492e-05
5.616828184036382684e-05
1.539941975132568109e-08
-2.379927512047041213e-05
-2.585427003925014260e-06
-3.004664213022972190e-11
1.766367479232661019e-07
2.775440290011794056e-05
1.246049475236908578e-04
2.763576089012640151e-04
5.212271764596719363e-04
6.485281841841876449e-04
5.909480365268969526e-04
4.814108269860656601e-04
4.373832257490140561e-04
4.397076670646490252e-04
4.608411695556791500e-04
3.303291689624387410e-04
3.829568822680098948e-04
3.588423062636975666e-04
2.606768452345537305e-04
1.878653289160820382e-04
2.459475924026982346e-04
1.283139954106626043e-04
1.819476809650897480e-04
2.338315579930369125e-04
3.412768223859840764e-04
3.828040728824373250e-04
5.883673676959317667e-04
4.784942135632329514e-04
8.185681834922359321e-04
6.948328010574239978e-04
7.178616325819813480e-04
7.893856506904529946e-04
5.045577767511769292e-04
3.851386949638004129e-04
2.037126950812342594e-04
4.204674464843496527e-05
-6.636242450363219664e-08
-2.980111805124721879e-05
-1.818632782489825470e-04
-6.780058219883114802e-04
-1.180610059780070123e-03
-1.772806740496451518e-03
-2.204143250803483872e-03
-3.384170849175707763e-03
-4.106551616942306221e-03
-3.893953281997541982e-03
-3.423350628746807574e-03
-2.917498926511506545e-03
-2.568224575205205976e-03
-2.442593545366585940e-03
-1.646802188393627032e-03
-1.211215157327283874e-03
-8.418655195436234185e-04
-4.904924933953941271e-04
-3.680739120846282129e-04
-2.990730824172101697e-04
-2.104000551831460757e-04
-2.352621967349668032e-04
-6.046237095677206488e-04
-3.682157505939383192e-04
-6.520294577817390986e-04
-9.107267903207792465e-04
-1.204724142854427405e-03
-1.029312632152709628e-03
-1.228360375734473004e-03
-1.453391805400429783e-03
-1.522514415569771072e-03
-1.655525769365366476e-03
-1.969835971587243460e-03
-1.051010341010916345e-03
-5.871569535378644723e-04
-5.329402791436435062e-04
-3.593995231327413824e-04
-4.068088444106855652e-04
-7.187129334375986318e-04
beta5
6.923411060265064940e-05
7.196006161960564009e-05
7.512902796988162437e-05
1.205324321623435805e-04
8.913812383009537404e-05
1.566958142797419582e-04
1.802089119359198243e-04
2.050301189962874945e-04
2.579159715359509723e-04
3.270132337003640952e-04
3.876471880495090398e-04
4.915891785977881010e-04
6.142654826776572981e-04
5.036753907850268202e-04
5.818297324384815719e-04
4.611675616947279047e-04
3.090410971856584173e-04
5.958092735807961338e-04
3.143379725261745373e-04
2.593742023839108865e-04
2.533486705597182403e-04
2.219259235195197150e-04
1.896499523548426784e-04
2.836451854246603392e-04
3.269649990602005712e-04
4.417997308231520932e-04
5.036076650627089972e-04
4.565085602564303334e-04
5.911730003246697205e-04
4.634127420187258289e-04
6.519678738409504870e-04
8.234188146266824314e-04
1.130898341113778039e-03
1.046597672856699416e-03
1.550765351775030719e-03
1.112877201328937860e-03
8.262887005103499230e-04
8.921158698323953130e-04
1.281565672734467660e-03
2.875377707675399975e-04
4.636612817159129450e-04
2.654139493633674756e-04
1.578238136341265951e-04
2.094782971005028664e-04
1.517374882061887876e-04
1.673780666475624239e-04
1.569566242494586635e-04
9.822293124939318718e-05
1.217385747367244182e-04
3.474873826767214593e-06
7.708614131195774932e-08
3.592162206195039598e-11
9.299577124896839144e-16
1.408245064665719368e-10
2.792661586108913035e-07
2.253188227068518238e-07
1.440888639123628317e-08
3.252452076312435301e-11
-2.177797120405771494e-11
-9.040109385598289561e-06
-2.288831643022819616e-06
-7.995449005109323500e-07
-7.302986935735529466e-06
-1.345087336304046729e-05
-3.222433380860407825e-06
-4.662084812472788565e-06
-2.674967194856286798e-06
-3.770166246901519696e-06
-2.232079279813698804e-07
-2.509920778419406757e-06
-1.169037420628014131e-04
-3.861739960110808665e-04
-5.195372784179189650e-04
-3.910224895705773128e-04
-2.843785375637250946e-04
-2.676824418061274791e-04
-3.096950354690409754e-04
-7.322715629107357069e-05
-2.290989098752553338e-05
-1.386045967132433319e-07
-4.579802165243617793e-09
-2.866628990375806499e-08
-4.394429399676689791e-05
-1.465094183494137772e-06
-1.773222740476476473e-08
1.691405091231760257e-15
4.058242252540459568e-09
-1.462492494405841923e-06
1.990220829855502180e-13
5.769704706493985300e-07
1.059187300963331806e-05
6.832335721540852818e-05
2.458357173856844601e-04
6.102377155909491455e-04
1.274484882281508693e-03
1.619381066674942726e-03
1.759489863964578630e-03
1.883712236416543954e-03
2.139032316352796302e-03
1.852724144330370826e-03
1.272400281972784885e-03
1.078676453121964630e-03
9.861762772103268085e-04
8.916055021813849759e-04
5.306529615998413670e-04
3.356620032319021854e-04
1.892401719525177331e-04
3.374362159116955722e-04
2.365502937512567482e-04
3.286529082728281204e-04
3.642994647309520206e-04
3.821602237921110229e-04
4.332840918516846587e-04
3.673899745585480943e-04
3.946466588447437515e-04
4.769565569194448651e-04
2.857374657179189738e-04
2.534163879876657186e-04
1.735364392283633836e-04
1.272205826325571276e-04
1.768969800877013060e-05
1.014643932490480640e-05
2.417760468787385015e-06
2.957466969026360184e-08
8.069550798672061989e-09
1.924667368738532073e-08
1.230618303049039966e-09
1.743258436867785087e-10
3.822423827968999475e-09
1.907293207265894906e-08
2.384082473368705973e-08
4.286942746129363358e-07
1.540281133440910672e-06
2.105939119287786806e-06
1.663446356216691832e-06
1.909457882113191971e-06
1.810473854762906154e-06
1.684523174829196681e-06
3.643316743794366325e-06
6.033812671272308867e-06
7.277406175912768464e-07
2.332866297627810410e-06
7.715394114023445340e-07
1.823087554451204034e-05
1.116618333953277921e-05
1.507723892497119230e-05
4.147742297118552470e-05
6.558497742727172996e-05
4.400850684909185425e-05
9.230509691425825309e-05
2.906359079939849433e-05
2.578066762316912061e-05
1.488209928024868562e-05
4.815376562606151163e-06
1.249996429724499342e-05
4.602297188409431515e-06
