-3.449707980711677439e-04
-5.344164144490721894e-04
-8.437713413427992909e-04
-6.883017255230494029e-04
-5.960844791230016700e-04
-4.444674847570370137e-04
-4.247232510604799743e-04
5.868626331437294409e-05
-2.878004559568651485e-04
-6.801825034078651851e-04
-1.117190083851502024e-03
-1.319321179333834927e-03
-1.321714711608201710e-03
-1.003973402940539893e-03
-1.014785454077412642e-03
-6.989846212811811656e-04
-8.272104484759769394e-04
-8.579198622982674681e-05
-3.044453863337386306e-04
-1.089195582338087388e-04
9.305397755702407635e-05
-2.775881197327089355e-04
2.269628093291801844e-04
8.435778883927186333e-04
5.642634936853205578e-04
7.260336592334066391e-04
7.506705087724407834e-04
9.404305518975455882e-04
5.656884822243570801e-04
4.410736043050427299e-05
1.235870139496827254e-04
5.798101767011146169e-04
-2.411753161061671149e-04
-1.349219766566809621e-04
-5.170242115967387490e-05
1.569284861229729296e-04
1.684578367550585559e-04
6.080343879958609711e-05
-4.491000416962736240e-04
-2.225921257220673318e-04
-4.231376705171225358e-04
-6.275529835060303851e-04
-4.836600192345005627e-04
-6.727630181761143097e-04
-8.447205614719241603e-04
-4.113982527820154739e-04
1.835108335063228256e-03
1.502223601061953369e-04
3.785521975794314841e-05
-1.909998502335456155e-04
-3.124476827984887955e-05
-3.572321733411287477e-04
-2.255673682591232321e-04
6.710292296758331096e-03
-1.072089868401841567e-03
-1.990433555821461992e-03
-2.587076019312872267e-03
-1.893473471663154831e-03
-2.095209913523234276e-03
-2.469516820222128223e-03
-2.825289488936629390e-03
-3.326123890437460151e-03
-3.162602483859260419e-03
-4.625735895859877343e-03
-3.848440518137165398e-03
-3.212445119027418534e-03
-3.112346332972725990e-03
-2.911788595618201685e-03
-3.019750460244293496e-03
-3.023975758715546046e-03
-4.653616793038372994e-03
-3.178887315275886593e-03
-3.208890895508386461e-03
-2.948265705617431065e-03
-2.956963502699268883e-03
-3.068383877704678950e-03
-3.390862159125827661e-03
-2.609885664809880480e-03
-2.455776039988086853e-03
-3.014680418627267017e-03
-3.729586471946615914e-03
-4.297050231676277296e-03
-3.860275982239973203e-03
-2.401345795601604171e-03
-2.012275234643852526e-03
-1.937246681326052324e-03
-1.743152187223541557e-03
-1.588678019214849165e-03
-9.697142787163667106e-04
-9.071125172849818421e-04
-1.242501452162708990e-03
-1.011264263361642173e-03
-8.889649503339246269e-04
-8.415611611559374464e-04
-4.984212845796473675e-04
-1.076046136972467430e-04
-2.968032048542115536e-04
-2.526352548247011312e-04
-5.189888559510103319e-04
-3.503763277198624856e-04
-3.509883812626613019e-04
-3.647148586687312026e-04
-5.446206897742361013e-04
-2.248063362361072369e-04
-1.029254757365686911e-04
1.067828380792438972e-04
7.922838174779097634e-04
6.050740131197719120e-04
6.123674014781941687e-04
1.450724366352307672e-03
1.446150410769047245e-03
1.463905208553935994e-03
1.402363569160259291e-03
1.533258196602338809e-03
1.365873477665431384e-03
1.840172996611142515e-03
3.083000208284901282e-03
1.965515808975443635e-03
2.322127150017630915e-03
2.277583722259831928e-03
1.971642801423254595e-03
1.925754957813736535e-03
3.309673486306021883e-03
2.288879780971832950e-03
2.313752018712782708e-03
2.542340318666178219e-03
3.076977120095133762e-03
4.238943014296951868e-03
3.317710828991320658e-03
4.135605763129057005e-03
3.486934037497795361e-03
3.868703055076281455e-03
4.098771117428819458e-03
3.389659738361356593e-03
3.117887934889412155e-03
3.153270958593865428e-03
3.175383971012988703e-03
3.725926871755864608e-03
2.948864599724404078e-03
3.303109298771869477e-03
3.494620528385986805e-03
2.986468551342293803e-03
3.028324145024077589e-03
3.290371583130018932e-03
2.482948340435889995e-03
2.512455202459887207e-03
6.598268484612773536e-03
3.269142492460142164e-03
2.882030660751423463e-03
1.997993835320806873e-03
1.889742776269059694e-03
1.225887006007016222e-03
1.413442209649679124e-03
-1.201840660908464186e-04
3.900182339223426018e-04
1.093768435459521260e-03
4.556799546422082327e-04
4.823172454198935651e-04
2.372217895589077269e-04
2.500432311542647606e-04
5.903518892255757005e-05
-3.178402951411444540e-05
-2.431065970260533370e-04
-5.933112284793185930e-04
-4.899448212112269196e-04
-5.727716850129487306e-04
-6.286559661283177463e-04
-9.448880614116426544e-04
-5.991949573274471834e-04
-1.058958026420266617e-03
-1.923862882886140857e-03
-1.606206893731996826e-03
-1.583915476574547379e-03
-2.098095963766027396e-03
-1.248821942482198841e-03
-1.012035751558247381e-03
-7.923307047997969190e-04
-4.067399522491244252e-04
-4.535676011759269544e-04
-2.571726448280367344e-04
-3.196730792728632036e-04
-4.041349565031377659e-04
-5.217858228348749763e-04
-4.520111945059173330e-04
-4.698849488275300026e-04
1.919594948659683359e-04
-1.025431838239804000e-03
-1.029687696803950744e-03
-1.193450494690741692e-03
-8.466914602331559493e-04
-1.272967714427834665e-03
-4.334947885019747936e-04
-2.268505513121393986e-04
-2.534988465995184872e-05
-1.210723666497802480e-04
-2.597166508388219688e-04
-1.652882427023703068e-04
2.135193008054577586e-04
7.475829969859214448e-04
4.645753204191798531e-04
4.502707566150090999e-04
5.874710862205424246e-04
3.832574157692337320e-04
1.704917243938714301e-04
-4.497363183825413242e-05
-1.689956920981489368e-04
2.564921686991004078e-04
-1.797930792033723539e-04
1.388237723900891661e-04
1.830793612897315575e-04
6.200908767208883864e-04
1.387572248730935699e-03
1.308728817900487893e-03
7.573826406361438722e-04
1.103171428452601101e-03
1.035128333744372593e-03
8.032191498961427888e-04
4.678523155659081406e-04
5.338046069955853330e-04
4.795548299773971226e-04
-3.294387599820709127e-04
1.501149264320841435e-04
3.712762848031354624e-05
-3.221776342578195392e-04
-1.908465116840097741e-04
-1.025420159316119302e-03
-8.773831726747572497e-05
5.923385383374243137e-04
5.367190684750873172e-04
4.711631838698667352e-04
6.259814773200545303e-04
6.323491594005073739e-04
9.770761755896041709e-04
1.057467660896563473e-03
1.028908373335149073e-03
1.344632349723410723e-03
1.265085190259171042e-03
7.249860951366490476e-04
8.817344373030698524e-04
