2.979769979523097523e-02
4.895412972356188996e-02
3.341294591664083907e-02
2.512413016685593678e-02
2.010696081584820508e-02
1.675584907203029814e-02
1.178956577283551792e-02
4.235662328251736945e-04
-1.618740321557859301e-04
-2.816584631183191665e-03
-7.091451833102946356e-03
-1.475189632474491370e-02
-1.537562420652530820e-02
-1.695137365830600221e-02
-1.699785414868859937e-02
-1.446031717775854951e-02
-1.033671176461677978e-02
-4.902213591319166258e-03
-4.463047331378835331e-03
-2.879244085641000355e-03
-2.635757940533129968e-03
-2.561520185250550433e-03
-2.403962573698669673e-03
-3.274493301696305698e-04
-1.428892545006951698e-04
-1.367028330034514478e-04
-1.356191101643586369e-04
-9.653189430667099592e-05
1.015728982594061485e-03
1.356470605762312301e-03
1.622169973832253463e-03
2.084634339272422362e-03
2.201801276014103258e-03
2.461894330831217951e-03
7.934310826252264498e-03
1.008981642190175977e-02
1.184688640811772803e-02
2.424908351078878740e-02
2.820560821013866695e-02
2.978387859502769353e-02
2.339737189446346177e-02
2.319211957744303498e-02
2.986756479772629050e-02
2.554267747328354751e-02
3.266552541498490836e-02
3.616596802303759933e-02
4.631315369693338874e-02
5.068884064136954665e-02
4.247585597318453282e-02
3.393664484586265268e-02
2.274025526226659474e-02
1.736425578800665157e-02
7.006223383110775534e-03
4.887283660826047824e-04
-1.313463290328230382e-06
-1.762758101861211697e-04
-5.858105096606089184e-03
-7.407365403683735701e-03
-7.933799703422729846e-03
-9.019561107764225219e-03
-1.007213808217629659e-02
-1.242657314078419485e-02
-7.877932912297290480e-03
-9.861172955449208979e-03
-1.123031074124205414e-02
-1.129163735665309441e-02
-1.051265548402394341e-02
-8.649902234772919099e-03
-7.816809711784574941e-03
-6.882184352390424524e-03
-8.568821137630385290e-03
-1.873085405268929207e-02
-2.173907851663361979e-02
-2.157544846835872734e-02
-2.147065609024072577e-02
-1.915155318939041132e-02
-1.618349995553750378e-02
-5.155823755838807691e-03
-2.081774226617094659e-03
-1.631258543875234576e-03
-1.495731753466945013e-03
-1.264149968693714871e-03
-6.868158737835286217e-04
-4.103466749397200711e-04
-1.981515761422638147e-04
