7.545787297427565088e-05
5.790797918266515324e-05
5.041198026060018581e-05
5.131415858346855165e-05
5.393378227822592791e-05
9.084564485787661233e-05
1.463394749046587528e-04
2.183803523161777574e-04
3.337291630205827669e-04
5.086044716742335907e-04
6.867417172310429389e-04
8.556458833813401213e-04
1.050420837608877266e-03
1.325880199233498390e-03
1.630633661261184954e-03
1.968061959733057465e-03
2.363294011616560303e-03
2.929837562475585879e-03
3.516818871498034876e-03
3.801024838512183802e-03
3.972810599503983145e-03
4.101327707602660591e-03
4.176832978776700428e-03
4.082807131111423730e-03
3.984736987776100504e-03
4.085302093416984075e-03
4.193172073901279412e-03
4.242120231822586567e-03
4.358389167877419271e-03
4.463855326417431359e-03
4.610462426431721598e-03
4.820376149642723040e-03
4.998787958375514560e-03
5.208856496406764208e-03
5.398919958292600942e-03
5.525081651437571684e-03
5.712387834499316197e-03
5.936384810337758978e-03
6.135997068065060338e-03
6.307494003996099753e-03
6.312648392375092184e-03
6.338153545663217751e-03
6.144864607087713315e-03
5.868263789942579529e-03
5.624512423003135038e-03
5.301479804999166719e-03
5.089987744051044545e-03
4.878108258680942909e-03
4.766103072942953593e-03
4.594508573835255974e-03
4.584921793322468964e-03
4.496235349767735943e-03
4.334077349093050889e-03
4.152350840016479951e-03
4.064495162984326122e-03
3.976567558007503347e-03
3.597713965061538274e-03
3.311051085126746549e-03
3.090435506175950864e-03
2.785288885768858348e-03
2.284743832285941658e-03
1.787923090317693935e-03
1.468054164201408650e-03
1.156524733068890016e-03
8.479312825063188043e-04
6.397977893771042640e-04
4.784141936598489304e-04
3.526606829043823772e-04
2.218018085381551424e-04
1.515941517556690518e-04
8.337972120777473715e-05
4.580642962264234742e-05
1.020171996215748405e-05
-8.703223128808957115e-06
-9.469177116856170216e-06
-9.690953472544592886e-06
-9.714166223296715716e-06
-9.710382967045095152e-06
-4.165714983947585520e-06
5.590996616681995278e-07
7.128870939415802102e-07
1.514872067638350385e-06
1.994616932234854985e-05
6.414319478127570228e-05
1.685415139459815824e-04
3.515445134021977290e-04
5.438450529998468562e-04
7.539778381595408719e-04
1.002503321116701446e-03
1.213791522296613599e-03
1.440183799631164496e-03
1.609946698745165798e-03
1.799250057837661378e-03
2.017338882593675258e-03
2.198114943910776074e-03
2.458327637133201835e-03
2.821047247003723168e-03
3.173654529142080124e-03
3.460282961039303547e-03
3.650363324931198486e-03
3.755807011167729397e-03
3.788797513621731949e-03
3.626440454635103307e-03
3.521570182394466193e-03
3.510149049071918572e-03
3.502770656450958364e-03
3.605094384377496072e-03
3.694736720093556945e-03
3.778747874849660432e-03
3.759925948510614135e-03
3.696131529058972048e-03
3.723723811389459057e-03
3.682296937521032428e-03
3.654202717527998013e-03
3.712705561784318889e-03
3.818965209527435452e-03
3.922314586314185232e-03
4.011616756656074569e-03
4.133411402772125577e-03
4.296947702935381523e-03
4.442562689493729199e-03
4.579524619172127380e-03
4.732531820704492971e-03
4.862826665219112214e-03
4.931055253608361034e-03
4.818164643574359383e-03
4.638024237054057947e-03
4.519939357692248812e-03
4.398669392354118829e-03
4.350052192624881409e-03
4.400487160621304253e-03
4.776511182069730597e-03
5.178600770308321687e-03
5.487179587414295172e-03
5.786881994579175757e-03
6.082013995060362062e-03
6.238710813231699605e-03
6.147659908917829652e-03
5.955481119700505900e-03
5.771607996458567348e-03
5.611872677860487747e-03
5.229035191837236134e-03
4.864728622287742624e-03
4.528442887449854633e-03
4.278758161394806935e-03
3.916756335594327038e-03
3.533955063001449626e-03
3.215148512109655601e-03
2.894990457178919351e-03
2.521009345235504084e-03
2.109080092662109478e-03
1.834849174174357387e-03
1.522617147662899033e-03
1.294648534018222894e-03
1.181367821389145509e-03
1.115067677021165876e-03
1.083152033921687928e-03
1.022195324540348419e-03
9.973409543816401119e-04
9.434743628522790663e-04
8.359947561669779431e-04
7.735253763320402423e-04
7.327553464661677946e-04
7.579166248127586865e-04
7.326295339511889769e-04
7.232397202319848159e-04
7.362305950225260867e-04
7.438314454505135257e-04
7.740350867877961996e-04
7.483551118450327199e-04
7.939421941951593656e-04
8.620794369729876038e-04
9.536656982402819159e-04
1.078956283492166430e-03
1.187134570321903048e-03
1.300732758635144912e-03
1.316407083879324834e-03
1.345934802707560380e-03
1.336304027368539907e-03
1.295899847338312025e-03
1.292560473612329799e-03
1.302335372166228558e-03
1.418747830329032027e-03
1.471874823734064001e-03
1.499376235006771169e-03
1.477614796641067707e-03
1.398969843888643550e-03
1.265175329564934481e-03
1.059554558043596236e-03
8.811928284745647105e-04
7.094875763010620668e-04
5.844315784090126911e-04
4.670895111622561449e-04
3.818633046872869290e-04
3.247168509396766993e-04
2.584724321004047611e-04
2.060830672697725689e-04
1.600432687891707837e-04
1.166002122898420113e-04
1.013870575335511351e-04
1.029492158040647831e-04
1.142988401536070806e-04
1.134883910333441275e-04
1.070318547857810015e-04
7.451591600585165561e-05
-1.085909051546313341e-05
-1.365116314874781887e-04
-3.010002341599078246e-04
-4.369580517161615585e-04
-5.508545107909498285e-04
-6.290666703101429605e-04
-6.529328174652426894e-04
-6.657074113615742269e-04
-6.780984010077436381e-04
-6.723821270667279222e-04
-6.941197229219589352e-04
-7.267826203450041336e-04
-7.819068321522057224e-04
-8.215455011812133066e-04
-8.570831664417999244e-04
-9.619980517169131285e-04
-1.046327126340302477e-03
-1.114633229818100604e-03
-1.175532610894889762e-03
-1.198133133293982503e-03
-1.207255669893225053e-03
-1.186787534669534469e-03
-1.126419342492626522e-03
-1.081131751631078707e-03
-1.000310811341123974e-03
-9.704387544718294208e-04
-9.118926746177645135e-04
-7.951879383148069717e-04
-7.091951636487176533e-04
-6.336745345061281379e-04
-6.059020172681714445e-04
-5.768024695443468288e-04
-5.535673298537809343e-04
-5.594436500797311113e-04
