5.098103023390713941e-04
3.800673712844098383e-04
3.736035602402776930e-04
3.459260377130567252e-04
3.370910739477668843e-04
3.668815853554423939e-04
3.871236809754080208e-04
3.917526740784763994e-04
3.829862910144923253e-04
3.918960144368144045e-04
3.945745853345344976e-04
3.904203109493565335e-04
3.765443240257315715e-04
3.849444080941338635e-04
3.778387981953206811e-04
3.816762395246829751e-04
3.832887593362378428e-04
3.759474718438712230e-04
3.705770616031006854e-04
3.655430412180853887e-04
3.606459976580789119e-04
3.572017111564906541e-04
3.667024459926055313e-04
3.782211272153208881e-04
4.154884967346136643e-04
4.538356391864085894e-04
4.795527980654846339e-04
5.242072401336458822e-04
5.633604787743158203e-04
6.028465801393998250e-04
6.571413746102955583e-04
6.983986595150379903e-04
7.765306809076233559e-04
8.711254409590928538e-04
9.319182678795782243e-04
9.935419464370126574e-04
1.014526438849051469e-03
1.009568162613580121e-03
1.014574706028110616e-03
9.770122188442111749e-04
9.356245952638702311e-04
8.846736165399509202e-04
8.192570051234704344e-04
7.838872939926887391e-04
7.339692963921791435e-04
6.516749390883679223e-04
5.875547480918660208e-04
5.251168489318578129e-04
4.649172326674578040e-04
4.184233622264168454e-04
3.769237864273881997e-04
3.592005860595286009e-04
3.561940908209635954e-04
3.661378171209435481e-04
3.899170622260554587e-04
3.986385189977941640e-04
3.655397250091073943e-04
3.259952224505519957e-04
2.911598869950903683e-04
2.552912518809315775e-04
2.318615864459481807e-04
2.155767830286463825e-04
2.028595569076858778e-04
1.840746130965979310e-04
1.476098276007078156e-04
9.319971173251919349e-05
2.765051132211599014e-05
-3.951379397888412384e-05
-8.933927856095503009e-05
-1.356815817039652879e-04
-1.990680143409796559e-04
-2.830590768017200959e-04
-3.943731089975446597e-04
-4.997211832457902408e-04
-6.040589649004990012e-04
-7.432180447766242740e-04
-8.829352093408806244e-04
-1.031121676286342109e-03
-1.202236436852646912e-03
-1.308436648230836691e-03
-1.389816554490075698e-03
-1.470967540861544678e-03
-1.549041357398813585e-03
-1.649731582336068673e-03
-1.746651980414478224e-03
-1.828288185125545931e-03
-1.850963589190549388e-03
-1.819854363471582782e-03
-1.749367652824941610e-03
-1.673657129198949552e-03
-1.570739550754689717e-03
-1.515340877005313643e-03
-1.459162309153348930e-03
-1.411103712513409958e-03
-1.347366431620626408e-03
-1.242018721575551595e-03
-1.092954528201892962e-03
-9.678630568452500915e-04
-8.967475842018721383e-04
-8.693008186850470975e-04
-8.872763211640284165e-04
-8.567058427880512930e-04
-8.128907130700002140e-04
-7.398329698552911842e-04
-6.711311927727097370e-04
-5.650410536945897491e-04
-4.052860241952327132e-04
-2.329307869662108465e-04
-8.206969879497346798e-05
1.155298638889674804e-04
3.230433050853577103e-04
5.974938515144088361e-04
8.900112432613568186e-04
1.123597113449172199e-03
1.354379366995891098e-03
1.516497462505764053e-03
1.670808481490596714e-03
1.818193028900679442e-03
1.931484609793074131e-03
1.970542126745341259e-03
1.993096022876634805e-03
2.012018332388398455e-03
2.002390716800671062e-03
1.979502313024564340e-03
1.905466920911161322e-03
1.835115431987516298e-03
1.791979310939450587e-03
1.799338517157096163e-03
1.847279630521870024e-03
1.876757217674391914e-03
1.927229642402265852e-03
2.081467395881069719e-03
2.235464785764737505e-03
2.307394699771180609e-03
2.371408909408896041e-03
2.432190909171700471e-03
2.514573391030058142e-03
2.614319211845386650e-03
2.607926387935683571e-03
2.606764088096608697e-03
2.579617478247839529e-03
2.501542992264040293e-03
2.346328966603225801e-03
2.120087217462352045e-03
1.857133186284494518e-03
1.586351769294856500e-03
1.347590349401014921e-03
1.066058148228125240e-03
7.598553119352637877e-04
3.129950448204012908e-04
-1.925110665797182474e-04
-8.912665708218579222e-04
-1.694120722233637176e-03
-2.522834027562606118e-03
-3.227500009971042555e-03
-3.620462617030641497e-03
-3.891108533497134817e-03
-4.132562076850472381e-03
-4.326894011450287299e-03
-4.532863359170418924e-03
-4.689973238945996728e-03
-4.661504413397951629e-03
-4.533396990109030654e-03
-4.211306604649038901e-03
-3.798473611485295252e-03
-3.246447747834954947e-03
-2.756273487463199636e-03
-2.516110665738151893e-03
-2.361657133419535915e-03
-2.165493021279348181e-03
-2.059658868719144598e-03
-1.897138056678826816e-03
-1.738241616324951756e-03
-1.615013712166995944e-03
-1.445983400801264867e-03
-1.311540062168177869e-03
-1.216817715694400474e-03
-1.184720900933822338e-03
-1.198081827679225867e-03
-1.258582569035580868e-03
-1.333675742650615144e-03
-1.427277058531570232e-03
-1.482275936428950136e-03
-1.561787352201388741e-03
-1.659694270626851410e-03
-1.809857859439861077e-03
-2.099788240136265041e-03
-2.251654465685075206e-03
-2.401626171050478490e-03
-2.621132591994899258e-03
-2.774814901691698751e-03
-2.800707905474427144e-03
-2.753298889407474262e-03
-2.749685531734401278e-03
-2.754472484792044179e-03
-2.719848323993263178e-03
-2.699654643343092023e-03
-2.604243252677002161e-03
-2.329864041677534754e-03
-2.195934497261101299e-03
-2.008803548959491557e-03
-1.775274031550805017e-03
-1.599204046935974108e-03
-1.509279524864789307e-03
-1.482592997960499419e-03
-1.402310343010652145e-03
-1.340239463248569076e-03
-1.304156248129372626e-03
-1.219173875364061013e-03
-1.133094961042694715e-03
-1.094866659795070687e-03
-1.051198724366235330e-03
-1.053661305504016406e-03
-1.041037524067886825e-03
-9.841717222636423880e-04
-9.568495747628351583e-04
-9.391315874634581463e-04
-9.833910772220359666e-04
-1.028780385553250106e-03
-1.044829288118177260e-03
-1.049925195126539005e-03
-1.091475298386430318e-03
-1.129355889487699280e-03
-1.211516120509636713e-03
-1.331308592605845269e-03
-1.359169057952301944e-03
-1.431189116137702782e-03
-1.442436951310272593e-03
-1.402870646567366125e-03
-1.315506468653434777e-03
-1.218257593662897638e-03
-1.192384594189507601e-03
-1.174461807161420509e-03
-1.174833944393592535e-03
-1.223759536173805703e-03
-1.295196780578381423e-03
-1.316530865951428620e-03
-1.457911416001776749e-03
-1.579182642499548294e-03
