6.054987848141797852e-04
2.841821099886667314e-04
1.990531652832436412e-04
7.225423322115316757e-05
3.488765602278438095e-05
-1.076686949622786931e-05
-1.259505726633690619e-04
-1.211444340084620402e-04
-2.184993751382401702e-04
-4.281413213000585458e-04
-8.418909961246199419e-04
-1.207668909283135398e-03
-1.631840018620837364e-03
-1.942559598708708431e-03
-2.186177343140716881e-03
-2.111080143001443140e-03
-1.852222144704965615e-03
-1.465976279307970977e-03
-1.194270112913516958e-03
-1.121720831707535187e-03
-9.722050792693065794e-04
-1.066713522772997150e-03
-1.138467871456161134e-03
-1.334488019433237131e-03
-1.249747922652577658e-03
-1.074758597267420511e-03
-9.210398227149736369e-04
-6.059358363863280800e-04
-3.506156905281508575e-04
-2.231371317927168104e-04
-1.624190438547711511e-04
-8.753640353089721122e-05
-1.157539953552428090e-04
-3.228541949976289067e-04
-3.500309823393394650e-04
-3.453679639315115576e-04
-3.431611699939440818e-04
-2.071018217525363598e-04
-1.102816435033423517e-05
4.177152248283646195e-04
7.284611907782344818e-04
1.257693869431032643e-03
1.788045671504414182e-03
2.068975728908879676e-03
2.428409938693286158e-03
2.689519761372794696e-03
2.944158213404827334e-03
3.069150675704840694e-03
3.443292630623250809e-03
3.667484636306254150e-03
4.166367794402856678e-03
4.561031906100258305e-03
4.854140991116129983e-03
5.136666973108664630e-03
5.291355737927792846e-03
6.355166524285909592e-03
6.108246361260512292e-03
5.783451411128682530e-03
6.257131203935207241e-03
5.870762024543625668e-03
5.103774676596628708e-03
3.509145340084508704e-03
2.871634089855306868e-03
2.350846806127169109e-03
1.196789778701179462e-03
9.256154637617541175e-04
8.331277863480793374e-04
7.888158360996273604e-04
7.833857111117075453e-04
8.270605342735318959e-04
7.989801940510650631e-04
7.138177933928350994e-04
5.382902761355578582e-04
5.065178988149480902e-04
5.117458004497841195e-04
5.311739603783316747e-04
4.352557581026486968e-04
4.005179323862098260e-04
4.576210666303141827e-04
6.434993060997001250e-04
7.264106080522560399e-04
8.637109020080807045e-04
1.079188491870198890e-03
1.353762176884585862e-03
1.652896310084738321e-03
1.830534372950229057e-03
2.010108384352920618e-03
2.125061851181670423e-03
2.276150894365090455e-03
2.091969829810268622e-03
2.141262215009607454e-03
2.098175917891123652e-03
2.165988606625473580e-03
2.221556722703964346e-03
2.176524435565075754e-03
2.404111372185292576e-03
2.463246282534926543e-03
2.712276625898501006e-03
2.871578900149000541e-03
3.092888051246285661e-03
3.237318992876252882e-03
3.273207077098055570e-03
3.223919249767099367e-03
3.143541478344686908e-03
2.976218180766555463e-03
2.716945980438397693e-03
2.800991395853185805e-03
2.907651691211021825e-03
2.916595845734582752e-03
3.094733122537645948e-03
3.541673143499489158e-03
4.224188553018697057e-03
4.905202049497147700e-03
5.469119320696161184e-03
6.101126910947374943e-03
6.341838751120331547e-03
6.347362298325619906e-03
6.095640965432312479e-03
5.983823540215053340e-03
5.699080713094151901e-03
5.141265989388462548e-03
4.626414731960141503e-03
4.244766137061239605e-03
3.778258388597971560e-03
2.906310279553401318e-03
2.399745895106060022e-03
2.265448613596989392e-03
2.231155277068155602e-03
2.225885219844986763e-03
2.873812761691500999e-03
3.282294411320024318e-03
3.684859935572633652e-03
4.109177131567541032e-03
4.658727071649418697e-03
5.366625427524041210e-03
5.787063500446496152e-03
6.614879307418564287e-03
7.169917953374071139e-03
7.349286101343238502e-03
7.421274911538309517e-03
7.045585740560920789e-03
6.319668791696794567e-03
5.291918972106463524e-03
4.431883455284204611e-03
3.831284979682743255e-03
2.351600856666287518e-03
1.768510187980786366e-03
1.337911740634208915e-03
1.102398824234892454e-03
8.358029542343080711e-04
4.896791555514668067e-04
8.952310888605293079e-04
6.216868616723605087e-04
3.634221496006103465e-04
2.366701291704536800e-04
1.383382494396805833e-04
1.206986459037154839e-04
-3.719643229513261412e-05
-8.174992000563557730e-05
-1.327907511305048617e-04
-3.485660022826339577e-04
-4.288320446056049389e-04
-4.946572575691595948e-04
-2.988206928573418548e-04
-2.961117983633964408e-04
-3.462829513125958666e-04
-3.175687312108273533e-04
-3.761846422733986926e-04
-3.671930740376386291e-04
-4.714534231839174745e-04
-5.646091539292533374e-04
-5.750250212328679531e-04
-6.235289076471341391e-04
-5.889961894580386095e-04
-5.132533320110793012e-04
-3.405407333432924118e-04
-3.343686177043615591e-05
2.184622978099055304e-04
4.806722980301519573e-04
7.404322126960575590e-04
8.148536807353560368e-04
8.798374001003076610e-04
7.728101294529523407e-04
6.086600423620070399e-04
2.913936172249123276e-04
1.629310080881281244e-04
