-1.026253264555381101e-01
-3.800702421475296577e-02
-2.461046107768952440e-01
-1.905138730659850788e-01
-1.549752166718232071e-01
-1.359377260301228296e-01
-1.164928919973155785e-01
-1.033714139783010466e-01
-9.248970637401790484e-02
-8.420393536668839551e-02
-7.668283136161579971e-02
-7.438447340129847318e-02
-6.681110909465952374e-02
-7.004191917976257398e-02
-1.554686842342110388e-02
-1.863825726402307259e-02
-1.883943122460735031e-02
-1.569578585865400930e-02
-1.890708746620722858e-02
-1.779410760320299448e-02
-1.879739064239836430e-02
-1.921107255485425200e-02
-2.636518769002699561e-02
-3.208563943880259756e-02
-3.241693458601810351e-02
-3.632732710363233142e-02
-4.028961153600232187e-02
-4.266110211670907232e-02
-4.461129446328018777e-02
-4.894741634806374503e-02
-4.867227472202838995e-02
-5.089000599253917095e-02
-5.079156779696861190e-02
-5.056195715711248040e-02
-4.453465638014798139e-02
-4.025193979991872895e-02
-4.044568562454629174e-02
-4.445925219935925599e-02
-4.751248652125250604e-02
-4.110444242476436055e-02
-3.770077196557625188e-02
-3.220924689601402380e-02
-2.760563332437213080e-02
-2.371726294949377464e-02
-2.263603712903840617e-02
-2.553130121822019816e-02
-2.568991629462035950e-02
-2.535579259365491889e-02
-3.104404068082707024e-02
-2.703947562608276234e-02
-2.231365174327115328e-02
-2.428764450660286442e-02
-2.450616870281930801e-02
-2.612889821610111032e-02
-2.799434220673614748e-02
-3.011041724014852997e-02
-3.046678660555536891e-02
-2.739672181373712864e-02
-2.761253691036916202e-02
-2.285580637065859344e-02
-1.588284054574417084e-02
-1.075598890765756301e-02
-7.906585805930859204e-03
-8.344044895140302273e-03
-9.678098456087115553e-03
-9.966413680594725030e-03
-1.146259046140180211e-02
-1.333573393722300472e-02
-1.437008394995153114e-02
-1.611261710737889666e-02
-1.797041003501745685e-02
-2.200854550850484329e-02
-2.804905958344213954e-02
-3.414870193196085923e-02
-4.055065891051395921e-02
-4.280896517294437847e-02
-5.175710621125504535e-02
-6.294432519694879991e-02
-7.757138426386671337e-02
-7.851974771998550262e-02
-7.856565935183436322e-02
-7.758292144365561138e-02
-7.450406569025541659e-02
-7.114671341375672364e-02
-6.322578394656615253e-02
-5.756292875122915459e-02
-5.158245282163927831e-02
-4.599590854885812763e-02
