-2.205900913892719535e-03
-1.016858622710328872e-03
-1.377996801567845774e-03
-1.496713395271327598e-03
-4.974319446176911005e-03
-8.101851941521116471e-03
-1.276255803736529165e-02
-1.698027834569952599e-02
-1.698729085366503661e-02
-2.102593362337866825e-02
-2.814205128520889942e-02
-2.161420732843516435e-02
-2.041845132417151668e-02
-2.390344291837435617e-02
-1.706576392634127221e-02
-1.498981895140148908e-02
-1.357682579717474185e-02
-1.025494743054525260e-02
-9.316851590592780535e-03
-4.838070603717801316e-03
-5.722805134492461518e-03
-5.889998030610795604e-03
-4.109834413493379870e-03
-1.414892802864291602e-03
-7.001403198943319727e-04
-1.655258434678252323e-05
-7.140530028084926645e-06
-5.631029545365560831e-05
-4.113747806865046547e-05
-6.748034313532406242e-07
-5.068970644747866974e-05
-1.046202810222725347e-05
-1.957529062065833166e-06
-5.023774784743879652e-15
1.898043589042521433e-33
3.243913708038271963e-04
4.562011592882784700e-18
2.709052799761933646e-19
1.862323873699308765e-18
1.773802723615466440e-19
7.322414196416810608e-19
1.832888818281449541e-09
1.363767901141776889e-08
9.157077791986875941e-08
7.259056666756360252e-05
1.580333605371086005e-04
7.501120754959858094e-04
1.491724953492060309e-04
4.182358134975434265e-05
2.351777945875336569e-06
9.594682778167121305e-08
2.348964628422964676e-07
3.778315850832485899e-08
2.268616775548449713e-08
4.231375467413747029e-10
2.716921407093008502e-10
1.767345166112395162e-19
5.117544747571941848e-27
7.612203261206369505e-70
1.197553388837893410e-09
5.898739805346546059e-26
-6.196493137446386063e-39
-3.350457223772435819e-09
-3.366658216409430809e-14
-2.931129675268327350e-09
-5.843753390278671790e-14
-2.884846914808038293e-08
-1.257766309966863082e-05
-7.030847614239588833e-05
-1.467199691263211200e-05
-1.048543209963345030e-05
-1.658923789015455507e-06
-3.232666945201684858e-04
-1.247319861305699385e-04
-5.672561091183610260e-05
-1.072529548546800441e-05
-6.624544673665248590e-05
-3.837558050807310319e-04
-2.549435739875313212e-04
-2.345769112363832909e-05
-5.247093540137491222e-05
-4.163469328578066683e-05
-1.468988962147645529e-04
-9.054488953457060993e-04
-6.285902488514033375e-03
-3.586925184064297147e-03
-5.005541907645517843e-04
-1.149955193372288048e-03
-5.380032521668123933e-04
-1.717949915363671445e-03
-1.418786982816478380e-03
-2.410497474346685355e-03
-2.641707578889639432e-03
-2.888208015029183375e-03
-7.299943905895165449e-04
-6.238020658089046735e-04
-6.990769371193112681e-04
-9.112826634065067247e-04
-2.241785812462397751e-03
-4.027752820646893217e-03
-3.975032314768233051e-03
-2.885357671125235966e-03
-4.142128436712229009e-03
-2.724420845429726627e-03
-1.591240847068378823e-03
-1.826327162340840408e-03
-1.098932633834468365e-03
-2.378454316799762103e-03
-4.763842161725268497e-03
-7.103311305017420349e-03
-8.087846831114282528e-03
-6.445030907312012010e-03
-5.018971443332265539e-03
-2.634075891227315516e-03
-4.555269534673746928e-03
-4.925638534450206725e-03
-7.250488511519298518e-03
-8.519454109443533318e-03
