2.489858476322725876e-05
1.857076114452883042e-05
2.079636140429620130e-05
1.706203382329072612e-05
1.759429186352437445e-05
3.422995350683252558e-05
8.162523185832318208e-05
1.217395662738500304e-04
1.335297548565997957e-04
1.460043352828824649e-04
1.624445719734211055e-04
1.606130337063334213e-04
1.173746477453676700e-04
7.901432215376125417e-05
6.409460964990658035e-05
5.205197065660997313e-05
3.398882253060700069e-05
3.838970703311230876e-05
3.188616434036713328e-05
3.168088092555982900e-05
3.148619570095443444e-05
3.038616021605009630e-05
2.902660334737528855e-05
8.284857619380835091e-06
8.025861850097355417e-06
4.577012629815195879e-06
4.242036253618363175e-06
7.433122344171559519e-06
1.455303130544111675e-05
1.603161186708676150e-05
1.934473483002779621e-05
3.233872462043462024e-05
4.351636191686391784e-05
6.080998751403689923e-05
3.000457837583482383e-04
5.583712846802905147e-04
1.304572700948353767e-03
3.591137884037364034e-03
4.996529656733504805e-03
5.779441390210412338e-03
5.703187034858978738e-03
5.614027592849565179e-03
5.118624633567095926e-03
2.879407629773360257e-03
1.532348271238777315e-03
7.465300868812573118e-04
6.085354541271521161e-04
4.586064881502255569e-04
2.115650074922804621e-04
1.533280290934803305e-04
8.568348033683485462e-05
6.971367781750805544e-05
3.841668804759438980e-05
1.682954839536988730e-05
9.018552428668332024e-06
6.896013615534596869e-06
4.482227766732892900e-06
2.565386207364803620e-06
1.450909574421287457e-06
9.267316014127462627e-07
1.235095356940242071e-07
-1.217989326220675436e-09
-7.560132176245313692e-08
-7.764232068134793428e-06
-2.182948943627214763e-05
-2.586534582390071220e-05
-2.703600292644830217e-05
-3.217710446481202496e-05
-4.653385223208430398e-05
-4.941247794914600003e-05
-5.619776647922084277e-05
-7.167157876599049488e-05
-1.193955748227604538e-04
-1.439796793693053306e-04
-1.434298389677625158e-04
-1.650437558234664752e-04
-2.338877710319152946e-04
-2.366077431886302179e-04
-2.120865477202303650e-04
-1.956368567755578170e-04
-2.073665611691707358e-04
-1.903448517020606362e-04
-1.247489505743614585e-04
-1.078514250972901269e-04
-8.672663017626656642e-05
-8.393241334399158444e-05
-6.564284850517742155e-05
-5.125407912389135905e-05
-2.982188217329633480e-05
-2.470417533683384723e-05
-2.147666238378383174e-05
-1.108316295195246568e-05
-3.762571264917057725e-06
-2.992702648265729086e-06
-3.278362825126094261e-07
-1.134289687630124992e-07
-9.227846578891418542e-08
-2.769714856373906631e-09
-2.389466865423791939e-09
-1.594802618717751558e-09
-1.203354503874415529e-12
4.253859621691366695e-10
4.742858823804221850e-09
1.388581614759553967e-07
3.269143126862167329e-07
7.977206415036358591e-07
1.964810884324604102e-06
4.643307994975476244e-06
5.410233662433380830e-06
6.707468898153847640e-06
7.552177378358407781e-06
7.830244701721731637e-06
7.890474471106551159e-06
5.379072291310741928e-06
4.763399412680522346e-06
4.649862278371389119e-06
3.653135899210035485e-06
4.854231254517275524e-06
1.300022646542995501e-05
2.451027987814478657e-05
2.528546276729450544e-05
2.405671103496638370e-05
2.414037092545431504e-05
2.234470346205406164e-05
1.300289107084767294e-05
1.443350125654095618e-06
9.642243431897369873e-07
2.257210235373447224e-06
8.025804246601471993e-06
2.540384439936781093e-05
3.177940880391476005e-05
1.807140216179493246e-04
3.997620772714956922e-04
4.668108268198935956e-04
5.390680134150590717e-04
5.956641266883588946e-04
6.109060317189786080e-04
4.759707751932341327e-04
2.586824995812277736e-04
1.914487962135958288e-04
1.142306205777263416e-04
4.296558354902491067e-05
2.798398458075435191e-05
1.942328269252095610e-05
2.438645683788897656e-05
2.337111702987414773e-05
2.270948844250925675e-05
1.984638277216672152e-05
1.317900947291877748e-05
7.583344024490836450e-06
-1.941562583322003468e-06
-2.299336432815437444e-05
-3.542041736374182311e-05
-4.803532557367883949e-05
-5.281571308985345028e-05
-5.730625207216357423e-05
-5.831683575867160132e-05
-4.817156332370943305e-05
-4.511444714438087039e-05
-4.854472505331429129e-05
-9.996853014735605737e-05
-1.654095960073093303e-04
-1.922726902956511030e-04
-1.902524986560763314e-04
-3.205398914836046580e-04
-3.430155165600484875e-04
-3.180696340306858974e-04
-2.803623441579494637e-04
-2.574399377134606857e-04
-3.125505478223158658e-04
-2.210573406356316345e-04
-2.133568677917459819e-04
-2.082176179128338717e-04
-2.021933706078724686e-04
-2.078027390854355531e-04
-1.692622499388147822e-04
-1.294377240929896840e-04
-1.027077611177596290e-04
-9.164753638733508668e-05
-6.986793610586198883e-05
-8.177319436340260152e-05
-6.258294686651704212e-05
-5.946580676933634177e-05
-8.756661837156393688e-05
-1.219632815565788305e-04
-2.373624718663489138e-04
-3.534408606647677030e-04
-5.567363089162562402e-04
-8.698861863017038265e-04
-9.797148889691487464e-04
-1.430336190161049818e-03
-1.500587977774026300e-03
-1.719618753910803592e-03
-3.232068927457940142e-03
-5.254719888334595697e-03
-7.356669107476025184e-03
-8.620865849037989345e-03
-8.688534643995217757e-03
-8.414426515315131735e-03
-6.770858892015639563e-03
-4.441343445832037461e-03
-2.202012462646849369e-03
-4.438356675854505246e-04
-1.934200246880842607e-04
-1.213478125080658083e-04
-5.480515084853420635e-05
-4.761828923842257753e-05
-4.431298731518380421e-05
-5.000860994049504261e-05
-4.319413337342851246e-05
-3.100447363479239346e-05
-2.024846865308262624e-05
-1.769148010638127026e-05
-1.660155187160152046e-05
-4.861734849470363397e-06
-4.324430579160764009e-06
-2.802533657835369588e-06
-1.954982840428791721e-06
-7.176315496109481445e-07
-1.038845439047169875e-06
-2.791302102176334964e-06
-3.125826070813686653e-06
-3.547271852357861541e-06
-9.203047336913155300e-06
-1.189158830642267826e-05
-1.182545185933459291e-05
-1.052023825453623850e-05
-1.303971891180238621e-05
-1.422159471782499964e-05
-1.081334974196286830e-05
-4.294839081138919398e-05
-7.792746905993306716e-05
-2.338424644879762138e-04
-3.174077470007849780e-04
-4.870024131572766712e-04
-9.621075010700568886e-04
-1.553809631596913187e-03
-2.110807976222501842e-03
-2.122805380293774514e-03
