6.795397498159087661e-03
-1.067388274091938483e+00
-7.108165606068105324e-01
-5.325767068912304891e-01
-4.256518896263329355e-01
-3.544221201730144988e-01
-3.549605631062913158e-01
2.705383762321803779e-03
3.118736785539782952e-03
3.430043538315633630e-03
3.686495173996561219e-03
3.951914355160497314e-03
3.793391032621961246e-03
3.362676040652917437e-03
2.761499309160270459e-03
2.937184878456874319e-03
3.115380652955696949e-03
2.557595636213488757e-03
1.975953088936059816e-03
1.402202686588702521e-03
8.611721235606296107e-04
-3.940899688440123688e-04
-1.553261040159869795e-03
-1.949307740256807841e-03
-2.208207729480618497e-03
-2.420426136889684745e-03
-2.402989667890786420e-03
-2.323521530665536086e-03
-2.298585395480369064e-03
-2.253476986418717892e-03
-2.140038900438377429e-03
-2.170924634488615584e-03
-1.724077145369121112e-03
-1.466609949964685052e-03
-1.390782582638507665e-03
-1.181451414972257974e-03
-7.600119104924984515e-04
-6.013945184792161532e-04
-6.205700814082109858e-04
-5.942976109467538320e-04
-4.555390473587380556e-04
-4.546236562113696675e-04
-6.629367267772604813e-04
-2.887239793177907680e-04
-4.739253959269425849e-04
-4.897554606048250356e-04
-2.932176782481802431e-04
-1.393881328412889412e-04
4.329202275656758391e-05
2.535753392857428628e-04
8.081249402071454457e-04
1.054621653677782853e-03
1.047356623531703638e-03
1.068118778905114081e-03
1.078651127331872392e-03
7.611813291094638454e-04
3.958416474734755713e-04
4.104883900073580372e-04
4.191457604195663982e-04
4.287507007976029856e-04
-2.297882974481941165e-04
-5.419622913339411287e-04
-6.628938483317173844e-04
-9.403367421914344540e-04
-1.042468023223562133e-03
-1.187642199748849660e-03
-6.272103872672032303e-04
-3.487373827806544008e-04
-4.680372707332901478e-04
-6.180169190581737354e-04
-7.898721199475033754e-04
-9.681602458146863419e-04
-1.250823055948544925e-03
-1.353067843138303214e-03
-1.271782297174988341e-03
-1.154791803826184064e-03
-1.062530524942536603e-03
-7.883388480043866274e-04
-6.585565921286190604e-04
-7.731848423950842463e-04
-9.313639618020036481e-04
-1.055180177093970962e-03
-1.016552372602390775e-03
-1.164162536810361406e-03
-1.366417242524291210e-03
-1.436037596840083683e-03
-1.821063231312684870e-03
-8.200121754424421691e-03
-7.775753279844255239e-03
-7.420438383367584760e-03
-6.844510263918349678e-03
-6.231360330418332476e-03
-5.603594081180700119e-03
1.375111139950122713e-03
1.364390962387168268e-03
1.600132540733235735e-03
1.739368955180976666e-03
1.859690844157035070e-03
2.045989556864475766e-03
2.052412988064739822e-03
1.931171212419190500e-03
1.737765452046851180e-03
1.512378325823807157e-03
1.323837304944446231e-03
1.259708080573894787e-03
9.141430784521294151e-04
7.405041336172039001e-04
5.747688261371693315e-04
5.852954892980043481e-04
6.636254399115228348e-04
7.033484709789188582e-04
8.131182679717128972e-04
7.833114579721134341e-04
6.610114087041512286e-04
4.433808900203192716e-04
1.234268253397173803e-04
-2.166305865385901761e-04
-4.182309714685948708e-04
-5.618557975978722904e-04
-6.734887880344551546e-04
-7.089109690633217621e-04
-6.945743510162518666e-04
-6.164075299405337525e-04
-7.929809596620559717e-04
-8.244982490569577891e-04
-9.841421116811518727e-04
-1.127474729084109546e-03
-1.259495850743451179e-03
-1.461052848648934990e-03
-1.478617092159086347e-03
-1.551231930422261075e-03
-1.170696725509923555e-03
-7.170757293013405248e-04
-2.157142542886002830e-04
2.860391987471014893e-04
1.475057562051546034e-03
1.976144356570786777e-03
2.281244333115926316e-03
2.436022319089408469e-03
2.802316661736608660e-03
1.979977877500468508e-03
4.816272527610967092e-04
-3.357697238661051624e-04
-1.266381423031060285e-03
-2.206036900582368423e-03
-3.495309229889785856e-03
-3.566631499854864325e-03
-3.573583798394984207e-03
-3.770947900534872988e-03
-5.055730070957159018e-03
-4.995472223467461483e-03
-4.830005550844076144e-03
-4.238367516172157796e-03
-3.793823729276697612e-03
-3.122278268340973606e-03
-1.262301576336298308e-03
-8.305268106344036207e-04
-3.988622457685799569e-04
-1.091827911621807848e-04
3.104161216200159693e-04
6.845582636042728914e-04
1.359145250110147625e-03
2.298021727763054165e-03
3.166368009924592098e-03
2.064188345925590477e-03
3.811476783459198832e-04
-1.636156573691920297e-03
-4.252852437430824743e-03
-7.890025512186191192e-03
-1.052697137443028320e-02
-1.177741777525435039e-02
-1.267006960026258872e-02
-1.332532090217878468e-02
-1.368794902510960844e-02
-1.334872993738587220e-02
-1.452599437140379701e-02
-1.526416653846907751e-02
-1.795403282654614574e-02
-1.792449839164492881e-02
-3.743483486038349378e-02
-3.935160765841874686e-02
-4.008604053678765239e-02
-4.127643592849741111e-02
-4.022462644192941611e-02
-4.173522089669703949e-02
-2.313679989958886477e-02
-2.151583409655667689e-02
-2.018021074418747257e-02
-1.875001491385701324e-02
-1.791218905383524032e-02
-1.695712067841822698e-02
-1.829738887357689262e-02
-2.054290951131514456e-02
-2.297259254389315275e-02
-3.436133399668431926e-02
-3.805145347122779742e-01
-3.776543242784720644e-01
-3.730032359629816274e-01
-3.679833728023900741e-01
-3.632006751404170397e-01
-3.491504550196056211e-01
5.415564270763913992e-04
1.058856845153845943e-03
1.434082388714869689e-03
1.762519346961968639e-03
2.065259051157416689e-03
2.358707774717499605e-03
2.008668947738651359e-03
1.511323989012363506e-03
1.168811804632180181e-03
7.955437448889229055e-04
7.768414266633149332e-04
7.246477270676736750e-04
8.067572313613627540e-04
2.626665785322125830e-04
5.718907212969625078e-04
1.044225880152507054e-03
1.265332998919608794e-03
1.252284805596019139e-03
1.283552139207418900e-03
2.016825410463698922e-03
1.750361604028278324e-03
1.384538696594200769e-03
9.396994811890598464e-04
6.978408922759517198e-04
5.961463097171794010e-04
5.366230775050211338e-04
5.235731046216152412e-04
4.979887803205683503e-04
5.378041331617471619e-04
4.781720259310737642e-04
3.750097950668981558e-04
2.007222055795586596e-04
-1.029718756015052119e-05
-1.086599680274398413e-04
-2.386150215857140832e-04
-1.308235876642803962e-03
-1.379191182911288860e-03
-1.452012013988241259e-03
