2.217094229652495641e-02
2.933891994022518046e-02
2.804406268067072966e-02
2.793373693823548304e-02
2.311069357196864071e-02
1.446430600914499348e-02
7.413693077346791144e-03
2.933846257139769917e-03
1.334994696222979596e-03
6.975001983101406476e-04
1.313829733825779954e-03
2.616022495238417081e-03
1.992714300322399358e-03
2.912102388352900365e-03
7.075742082967958341e-03
8.990033446677866275e-03
1.307049985543406144e-02
1.419618057059819465e-02
1.745644851637547651e-02
2.225244345233627630e-02
2.227025015452293449e-02
2.016688001093871335e-02
1.978384402151379950e-02
2.868459025374096513e-02
2.613399493761888251e-02
2.625877290960714622e-02
2.807810199438973836e-02
2.149892005131472106e-02
1.719551063902619720e-02
1.630410436673790375e-02
1.405674084804251628e-02
1.258889766326885991e-02
1.422769551220712941e-02
1.759893923419681566e-02
1.419904024894115893e-02
1.177030671546532362e-02
1.254164706274430580e-02
1.300644779328852252e-02
1.289323732423738184e-02
1.274339925461888748e-02
1.113590411019634019e-02
1.020828220852222287e-02
5.059318097861990361e-03
4.107048618650455812e-03
2.942230279128062349e-03
3.135257771308296547e-03
4.960030788501811408e-03
4.890414159395989509e-03
6.259180025292571461e-03
9.819927270031510169e-03
1.136659937071738194e-02
1.724080057475532030e-02
1.596055566135676229e-02
1.301776324480928733e-02
1.005890480881326855e-02
9.554561449442305898e-03
7.235891802511461302e-03
5.528743939330175300e-03
6.522220507216803728e-03
3.557487347281001067e-03
2.507947437370704712e-03
2.781103783230297073e-03
1.138444094167371124e-03
9.055668307130415508e-04
8.666462004138690903e-05
-7.050356134067832187e-08
-5.570879512963802392e-05
-1.266579890360369244e-04
-4.025079257885814032e-04
-2.905768817115909636e-04
-2.711184841777308828e-04
-1.252754588460806146e-03
-6.430246855039286474e-04
-8.514490374099160930e-04
-9.573651702825876787e-04
-1.471566824984157267e-03
-1.799726861516440842e-03
-1.705705030390841388e-03
-2.000951550767970238e-03
-1.358868160241764357e-03
-1.717948734621994270e-03
-1.856685457069159276e-03
-1.491529261832329808e-03
-5.634977540337504122e-04
-6.770454065834769896e-04
-5.266802050266220555e-04
-5.993527299118330594e-04
-1.115148801722814706e-03
-1.632118259449835858e-03
-1.615073392620027491e-03
-2.037193170650675959e-03
-4.669489251488209355e-03
-5.736985468387647245e-03
-5.780744565417038697e-03
-4.100753706801039955e-03
-4.600366812565441846e-03
-5.465175478581368179e-03
-6.913265671523356054e-03
-6.560409271774527915e-03
-1.016113449816922858e-02
-9.184092175968805102e-03
-9.032242333770848855e-03
-9.501898960537945998e-03
-6.034816107274213089e-03
-4.931957894547126312e-03
-2.330857122348140714e-03
-1.919200670010456217e-03
-1.211727132276256471e-03
-1.024235772379910404e-05
6.932451227195212794e-04
1.245157129633731909e-03
1.775326176895563549e-03
3.933259723664781458e-03
3.794994345525457523e-03
2.876463356964896554e-03
3.776989104799931014e-03
4.426833659698361720e-03
4.804335846153818743e-03
5.299182278396249134e-03
1.998932530474917604e-03
4.940309165200724127e-04
-4.568651997080623540e-04
-1.712575989101156916e-03
-3.482951370137657692e-03
-4.043616897217806004e-03
-3.762999435186605880e-03
-4.082615886107004988e-03
