6.205512133726230443e-03
5.273348706983604223e-03
4.990772673384393475e-03
4.627885077039906557e-03
4.121292674215142407e-03
3.716853934238728910e-03
2.928273175922521242e-03
2.396286011359782548e-03
1.757532031516530723e-03
1.207396497597582616e-03
8.756716208613945888e-04
5.973133375593054099e-04
3.600078789399027636e-04
1.740203442190965493e-04
7.807664118065598931e-05
4.090516027178916250e-05
2.560827565429678180e-05
2.523926306056262147e-05
1.876977597419461486e-05
1.529753148692886537e-05
1.524278818362548555e-05
1.809606365113020825e-05
3.206968442061665820e-05
9.231622511318269446e-05
1.436454190856990029e-04
1.810033036661962212e-04
2.099808095526908532e-04
2.456300104300757937e-04
2.474673778167732225e-04
1.904888724856618123e-04
1.385564399628085822e-04
1.000234254300268606e-04
7.038502390515137509e-05
4.732250045594676952e-05
4.964053610439988579e-05
5.437166908846499691e-05
7.091824464289159843e-05
7.548679970491530054e-05
8.920590332938587233e-05
2.523348143398194813e-04
6.024429048169724485e-04
9.297071013978636242e-04
1.218073242610445044e-03
1.544001381525503605e-03
1.954667611254451345e-03
2.603791204529904563e-03
3.379892306699838062e-03
4.503859218199040247e-03
6.322688779541289945e-03
8.301869490413281080e-03
1.012405556853148737e-02
1.115571100934751279e-02
1.143915663245427018e-02
1.133463104324244214e-02
1.049182422975440676e-02
9.095401048119391638e-03
7.407671957225099753e-03
5.979339421114527979e-03
4.834594737282828757e-03
3.568463121058743342e-03
2.286330691361948206e-03
1.355071575670302670e-03
7.290110762211941819e-04
-1.495267263033735716e-05
-6.487985966620251439e-04
-1.052172844278391863e-03
-1.287458139678905600e-03
-1.393725967410654144e-03
-1.425047760495141503e-03
-1.234670422768438525e-03
-9.797190084341687172e-04
-7.947024970833227410e-04
-6.020835149390674082e-04
-5.207446252744667116e-04
-4.866864987733098263e-04
-4.645798773216572287e-04
-4.654802707939434164e-04
-4.172680691425179815e-04
-4.483994417697994943e-04
-4.625693905055558116e-04
-4.867274159074080724e-04
-4.648600703084598373e-04
-4.025006359573159685e-04
-3.575007676925198133e-04
-3.072764258990518557e-04
-2.648226581067123614e-04
-1.987295697383036281e-04
-1.549374712911772377e-04
-1.713802484356423406e-04
-1.844450943383628189e-04
-2.078597742310089923e-04
-2.216102522004069757e-04
-2.209547339608631275e-04
-1.914993045926525366e-04
-1.427922964072505076e-04
-9.643014870101037760e-05
-4.919969913680612752e-05
-2.146355066914604234e-05
4.565370214004516379e-07
5.382541118036469851e-06
2.085881747349995299e-05
4.008274661840199112e-05
8.624024429210214616e-05
1.447353054922628909e-04
2.818088117275649213e-04
3.957313779207263121e-04
5.191667191952563506e-04
6.414559632997276139e-04
6.643450911642075811e-04
6.586245778722045301e-04
5.577497016971570470e-04
5.372364196323422929e-04
5.386584278549308652e-04
5.371903583861140780e-04
5.485265629258266390e-04
5.485094302929490340e-04
5.678740605693950987e-04
5.097255389136727370e-04
4.254980649883496197e-04
3.114327476881277698e-04
2.578910506249562683e-04
2.461301585956409094e-04
2.300861530760707865e-04
2.136020174960976618e-04
2.026745760077683020e-04
2.613906633398980551e-04
3.224804727254775125e-04
4.822189627134638762e-04
5.899203587906211993e-04
7.786392174395752666e-04
9.115882882494286263e-04
1.167861854236818724e-03
1.423986197266153414e-03
1.613633409002417606e-03
1.913425294114221758e-03
2.169466584870889236e-03
2.633328890421139049e-03
2.928455509260951065e-03
3.200336155990449963e-03
3.770921271849806983e-03
4.379101466421251275e-03
4.909933468547068337e-03
4.938865664352755716e-03
4.770509538540461392e-03
4.561304033404677861e-03
3.881010154858947122e-03
3.096393568577362945e-03
2.271857715309940143e-03
1.729996136468502435e-03
1.309655863304121396e-03
9.404782819368369580e-04
6.907191124613144698e-04
4.293225216627741692e-04
2.690311735852729796e-04
1.493986220398559257e-04
1.102454309310029303e-04
8.502828488727289739e-05
5.941173951145148948e-05
5.157759610838528699e-05
4.027555001447500124e-05
3.172210935801310887e-05
2.384413782274420854e-05
1.116991490302166535e-05
5.623702495123014055e-06
1.151742731002361974e-06
-6.041864714393773996e-06
-2.814440855125575360e-05
-6.966215852416944316e-05
-1.494686217229491238e-04
-2.292357602417711439e-04
-3.480268565605794417e-04
-4.135928448550563099e-04
-4.539701705847419620e-04
-4.456403217682415770e-04
-3.989108220051726839e-04
-3.561760142891829957e-04
-2.686077489828113439e-04
-2.183508350539093161e-04
-1.763207379773153172e-04
-1.839792997685146120e-04
-2.067319041834426736e-04
-2.015888435698407388e-04
-1.868027786071548154e-04
-1.724014728105466331e-04
-1.658343937373105354e-04
-1.316234017527386445e-04
-8.316271756989814174e-05
-6.806280664462030755e-05
-6.238763854234211396e-05
-9.128853269154984411e-05
-1.420352085993973766e-04
-1.853260842763622635e-04
-1.876587500088339265e-04
-1.770835045380201396e-04
-1.705808960463605197e-04
-1.390810345828839660e-04
-7.951193753148531179e-05
-3.125190047268781168e-05
-2.256004029264001729e-05
-1.705479385878063585e-05
-1.447024113931657032e-05
-1.131333194285391911e-05
-1.564086986749552835e-05
-2.079734220546338930e-05
-2.202420534149227837e-05
-3.550521434072188815e-05
-4.730649125040384452e-05
-4.971158770838009596e-05
-4.941494121791979737e-05
-6.149784618047156900e-05
-8.273921986148430601e-05
-1.021539811466605220e-04
-1.181121832496506257e-04
-1.331971143601020280e-04
-1.380855411325309322e-04
-1.355095204247332488e-04
-1.249453904111606794e-04
-1.344971079063607368e-04
-1.281713538796064214e-04
-1.238377739472275546e-04
-1.383317128758013322e-04
-1.386316919282209450e-04
-1.468107722615017753e-04
-1.232478647108981213e-04
-1.385132274361858989e-04
-1.499767011858078912e-04
-1.494633014205241082e-04
-1.535327430954612829e-04
-1.384314596236045061e-04
-1.248861427210702288e-04
-9.448860738841418933e-05
-7.129537236880271773e-05
-4.547637292307088545e-05
-2.718486047515075350e-05
-2.500423861895436847e-05
-2.538226510382923445e-05
-2.108564894632097516e-05
-2.255261293729625538e-05
-2.230942723440717013e-05
