beta2
8.438720016621787529e-03
8.465138710341754691e-03
8.479552967613974632e-03
8.541477562220553543e-03
8.666571310340449169e-03
8.789501063656904312e-03
8.923723032423579171e-03
9.041579841325244823e-03
9.074260096708775328e-03
9.107090347416961496e-03
9.096262872229142135e-03
9.104283742181343633e-03
9.198436767416129714e-03
9.328043614378844078e-03
9.554614677299740066e-03
9.761372072039864456e-03
9.825650266086642312e-03
9.838869231748214456e-03
9.964733092149121590e-03
9.969889401308044963e-03
9.887992049885132445e-03
9.730149850741812503e-03
9.705240403786435238e-03
9.655164699399552963e-03
9.602002202361755931e-03
9.468366084473472249e-03
9.457816784833969481e-03
9.413214476357102678e-03
9.406430619276581750e-03
9.346062675277270332e-03
9.362777556826719361e-03
9.179191586539334202e-03
9.252680846306243073e-03
9.400683983151015416e-03
9.482827470811106343e-03
9.383905320642031700e-03
9.351811449637958615e-03
9.270059590591692503e-03
9.179359795036531183e-03
9.203760827880075324e-03
9.263020566140985068e-03
9.205443101287489466e-03
9.253317134394093563e-03
9.284887801576897221e-03
9.330531733479013184e-03
9.372766126388137192e-03
9.469667507945724733e-03
9.442101490139792955e-03
9.396891958640418013e-03
9.291650818711251827e-03
9.118625179153110744e-03
9.127333753118574075e-03
9.102634363129934181e-03
9.046436551840545195e-03
8.997637614948962581e-03
9.139293081937312560e-03
9.174684139323792745e-03
9.282072096144840939e-03
9.465152690010743969e-03
9.642150095954229311e-03
9.913561873377500083e-03
1.013710491927716922e-02
1.022280107426025778e-02
1.016040682463906393e-02
1.010441132888397105e-02
1.011100418880190623e-02
1.009082951206757145e-02
1.027119606524358117e-02
1.027332668593156258e-02
1.022136892343217425e-02
1.016597523085877378e-02
1.011302228187062682e-02
1.007386481423951791e-02
1.002619812773118506e-02
9.953278624933507152e-03
9.967995525211676561e-03
1.000040108484071509e-02
1.018718796992479012e-02
1.018146891903518730e-02
1.017504120404904774e-02
1.005938619400744208e-02
9.946132500425138717e-03
9.991708534078106579e-03
1.007361633792012295e-02
1.003931764919859491e-02
1.001452329989887743e-02
1.001127863304749482e-02
9.977747582898302894e-03
1.004745207028549456e-02
1.012096927566930385e-02
1.009880561479231664e-02
1.008685138463108651e-02
1.005028807951934521e-02
1.003184713995016603e-02
1.001851627580760754e-02
9.909817705723598935e-03
9.918018710612156591e-03
9.936596984216896147e-03
1.002119420254674390e-02
1.006452625442613887e-02
1.013049855515248121e-02
1.025110467225151534e-02
1.039130369764506776e-02
1.049687513114267411e-02
1.058991787013212685e-02
1.060700474995728698e-02
1.061817746446106284e-02
1.070328775226174131e-02
1.065713338030039800e-02
1.061955949480710391e-02
1.053514286296357988e-02
1.050576836839597211e-02
1.058517224958702152e-02
1.064987940956874796e-02
1.063792617693369233e-02
1.069005644027789387e-02
1.074139478893589190e-02
1.077360925903017574e-02
1.080228539515584729e-02
1.085573609590385381e-02
1.092191549332711606e-02
1.098410157993133865e-02
1.103998947563035980e-02
1.110119060629887952e-02
1.112895966479468188e-02
1.116886392453313517e-02
1.117053152320020976e-02
1.107941113923576609e-02
1.100416038397081069e-02
1.096026857102462733e-02
1.090597292011834599e-02
1.081650471403269170e-02
1.072704577202517745e-02
1.072477795128046543e-02
1.068495369943638779e-02
1.066523009760073082e-02
1.071208731052207194e-02
1.083828766352226865e-02
1.104352818096324476e-02
1.125701711297015170e-02
1.139940437451340133e-02
1.143666170303691762e-02
1.143070361879958835e-02
1.144976370234223467e-02
1.128344860564214555e-02
1.109545507940162129e-02
1.096280851477114335e-02
1.076709141869927264e-02
1.060931450300073992e-02
1.067072475616349242e-02
1.070231773899466346e-02
1.083571821617751799e-02
1.095043684474699547e-02
1.085474768759684544e-02
1.074690594760848578e-02
1.056438016826198936e-02
1.021887826099934088e-02
1.027314171296884668e-02
1.045736045593421114e-02
1.050263204681434713e-02
1.045210262047927691e-02
1.038092945773451750e-02
1.031234428448639211e-02
1.028984396433746222e-02
1.022795452000173702e-02
1.015454338179158297e-02
1.024948694383934558e-02
1.034707111582501213e-02
1.026123087509649145e-02
1.031616394204886052e-02
1.033741841478249754e-02
1.038401295344553929e-02
1.024726206022859645e-02
beta3
1.370038778173696776e-03
1.297062887676170718e-03
1.041162965954366398e-03
1.130795360332569315e-03
1.488898868096502235e-03
1.664690087018167331e-03
1.898660755516453150e-03
2.098281327016822059e-03
2.396487615497011961e-03
2.571851907817675198e-03
2.836348004973468506e-03
2.864680090444538235e-03
2.815348230570311611e-03
2.839612586879196321e-03
2.838289441497136509e-03
2.893486256412801817e-03
2.654416471085490649e-03
2.407636637864811642e-03
2.041453422267355995e-03
2.426076429167274735e-03
2.607480157833506375e-03
2.805277611891616486e-03
2.444928663165449496e-03
2.193123371522402200e-03
2.156940929063883537e-03
2.060278491358678160e-03
1.942000582507928761e-03
1.808724682626838137e-03
1.730713144874326988e-03
1.664490536286655949e-03
1.984529413239445768e-03
2.074040668620521013e-03
2.053262727880243634e-03
1.998906200728135449e-03
1.859342002799537884e-03
1.922032430881131073e-03
1.927507876487225425e-03
1.806624932651742458e-03
1.690248756010747158e-03
2.090435439753730688e-03
2.329598417557363250e-03
2.430021856528932073e-03
2.269279529794894501e-03
2.189391024811503279e-03
2.062454409822068666e-03
1.991968291865427003e-03
2.002577518547142034e-03
1.716160295316786644e-03
1.491683526503044879e-03
8.820220915442154516e-04
7.570305852328466749e-04
9.550834528771713280e-04
1.024687385459176116e-03
9.751762242290263130e-04
9.505666645564416883e-04
8.243640889065041851e-04
7.014913007500997878e-04
7.389181478852848307e-04
7.471450138580902969e-04
4.707519252963715799e-04
4.840288650419215114e-04
5.041020947609022290e-04
5.383997478999979613e-04
6.553749419093946819e-04
1.078020510614223926e-03
1.587721932631925518e-03
2.151287931763587718e-03
2.551182207912698272e-03
2.631697550151796197e-03
2.527736120911810991e-03
2.416719164240401559e-03
2.808390998417777291e-03
3.227499564485937587e-03
3.631475199969075481e-03
4.103903630842301031e-03
4.054472128036159737e-03
4.381724277386757696e-03
4.410456365119400091e-03
3.769166988721403370e-03
3.168441599449959862e-03
2.765173561033455046e-03
2.307143691133591110e-03
2.187928860760454675e-03
2.046680941833758059e-03
2.055154513425053349e-03
2.029382171479131823e-03
2.075852223819030576e-03
2.110341314438093571e-03
2.434785254492755069e-03
2.804363827990842377e-03
2.579076369286205372e-03
2.378482251167544567e-03
2.162899593479335365e-03
1.876363466967048829e-03
1.749214412271397380e-03
1.838866264861312551e-03
2.290165884383973428e-03
2.663392495971046887e-03
2.743639133521766534e-03
2.619121689438334843e-03
2.531582272484433124e-03
2.709812147951384895e-03
2.843549188253202426e-03
2.946420642302931270e-03
2.966575872328999341e-03
2.979552121633282334e-03
2.916286976422919654e-03
2.797945679955779648e-03
2.637772411207736298e-03
2.478808711226334650e-03
2.293264985574152391e-03
2.235755477462691206e-03
2.451060195672233322e-03
2.465853397753914496e-03
2.345542887139174561e-03
2.305910668253132942e-03
2.315851339202449830e-03
2.292124770428450621e-03
2.293497814513957393e-03
2.296228087389758608e-03
2.491562689893293218e-03
2.676196253152911004e-03
2.771784259397876669e-03
2.909684841498883651e-03
3.043683466864731922e-03
3.117617983126663890e-03
3.047425090398838896e-03
2.957206151427099576e-03
2.815938568273917975e-03
2.705706788056335028e-03
2.604596690516940323e-03
2.579814578784807994e-03
2.514809581167987661e-03
2.273208767405339448e-03
2.103767238452649430e-03
1.925724205829801739e-03
1.773267521872905379e-03
1.549821050692637859e-03
1.457597455691701316e-03
1.349385115267827222e-03
1.397461971201430925e-03
1.474100249252281248e-03
1.450176750317268238e-03
1.495844443479042848e-03
1.504066558660256377e-03
1.471860137340624732e-03
1.417310401057715217e-03
1.377325173620654302e-03
1.483968656427454499e-03
1.560451083110663342e-03
1.544038165423635475e-03
1.915003290465284828e-03
2.271035506366022270e-03
2.553242227811020754e-03
2.903817282617650146e-03
2.769716198194810148e-03
2.577647708371595507e-03
2.545190288781421211e-03
2.560407141248603746e-03
2.307277558607869969e-03
2.237239406401279190e-03
2.253372395340922339e-03
2.274492371438618064e-03
2.331444951367074754e-03
2.321640403496399302e-03
2.347963053080460820e-03
2.129194093021659004e-03
1.770564103218103414e-03
1.449070509205114708e-03
1.252774373379679507e-03
1.068623178826486270e-03
9.833221261100013634e-04
8.997081020855604225e-04
beta4
-6.109736036503271263e-11
-4.423789464808365001e-13
-4.873270310463063666e-16
-6.685553722578214340e-13
-1.519163612689880621e-10
-2.193170680412435062e-09
-4.827780909704259533e-09
-3.767677052757277709e-08
-5.391190556740720083e-08
-1.518437543278051195e-08
-5.974982508433760593e-09
-4.166600749130370439e-09
-4.814640473564765928e-09
-3.505657112712734082e-09
-8.108040142633765669e-08
-1.534286082904616508e-07
-2.998604902848096574e-07
-2.470059425106308309e-07
-1.083598009516466024e-06
-5.471519328211700069e-07
-1.052007331192875399e-06
-1.589551468946554575e-06
-8.143900943094279637e-07
-1.382276331383809785e-06
-1.281025747508731807e-06
-2.079385967483101293e-07
-1.033226052310727069e-07
-5.712834561264659704e-08
-1.056892573338054872e-07
-3.709730231608991361e-08
-2.950237745305615488e-08
-3.968905935885949194e-09
-9.147574759053177005e-09
-4.758556380338845273e-08
-6.189299409006395629e-08
-1.910757420591016713e-08
-1.635381853008944134e-08
-8.721711846292356707e-09
-9.540238758540953062e-09
-1.020980291665204088e-09
-2.903550620493991475e-10
-1.023520819087947883e-11
1.069129881719692961e-23
1.248804827384164471e-15
1.147292123874485409e-10
9.115749857746223458e-10
1.562627659121037601e-09
1.753891103198136327e-07
2.352434561890423087e-06
5.783975218385706312e-05
1.831143514039312446e-04
5.604546916441534873e-05
2.674723104768885460e-05
4.199422693027080348e-05
6.042441051490986264e-05
6.009129817810834830e-05
3.440987239037968082e-04
5.159285523006812337e-04
4.352667016599329718e-04
1.840376844062318424e-04
8.475867029264040674e-06
3.367046054690534608e-07
6.134859990302243737e-08
2.629549089609106457e-09
2.603713138286796026e-08
8.025745630106837339e-08
2.582962174973942955e-08
7.651037310406584386e-09
1.870136105651502583e-09
1.909337256516040309e-09
1.127668781316962069e-08
1.271888538090258785e-08
5.353355282518228739e-08
1.314752496265284411e-07
3.640970937024292040e-07
7.769203698791319091e-07
1.229399628998116902e-06
7.419306278977868157e-07
9.760411849615737754e-07
4.877443757139941809e-07
2.138953907443751572e-07
4.186536756013691961e-07
2.324548417718062356e-07
1.135127398593319433e-07
5.794827331103166438e-08
2.112346463334687566e-08
3.887353271578302082e-09
3.627085659704172229e-10
5.172871236326448752e-11
4.504071280683646193e-15
2.813843649282065350e-17
5.748643846383630614e-23
1.310533151183859799e-23
-3.797017488402749375e-20
-1.067651709994116176e-19
-4.697963084133465049e-12
-4.233073616213179359e-12
-8.483265183629530743e-12
-2.097584734466795198e-11
-1.216688022950360650e-10
-1.254531472589707017e-09
-6.824218816985220266e-10
-1.042399830407934362e-09
-1.162097055231581373e-09
-2.283227667434110499e-09
-1.433324796892580067e-09
-5.736676386741028671e-10
-4.160916306479851469e-09
-1.937944374483248410e-10
-2.111839133503752816e-11
-8.680636375370288516e-12
-4.843752351343925731e-13
-2.291793745775271423e-16
-4.533623881400617595e-15
-1.055119878537211485e-13
-1.706933709528229956e-13
-7.012276084424054341e-11
-9.142430173676149014e-10
-1.865089310042955329e-09
-1.532120843457629083e-08
-9.104831532347151988e-08
-3.537854960554951243e-07
-8.037813777735711898e-07
-2.063800872246042138e-06
-4.764661500073805354e-06
-3.929830352521082002e-06
-9.572257132608107564e-06
-7.567883600028001861e-06
-5.864403299629903171e-06
-6.288548603011414015e-06
-8.219600413993670185e-06
-5.307694311262616031e-06
-6.653326107216805965e-06
-9.723214767950377134e-06
-2.035194018548737460e-05
-2.711844762480964175e-05
-2.939704832066656991e-05
-4.000476577266628476e-05
-3.025311845487445257e-05
-6.790197408990427720e-05
-7.719122505865628169e-05
-6.447676359083645960e-05
-5.369060389686560868e-05
-4.586757687524205355e-05
-4.484838308131000205e-05
-4.825636604332594665e-05
-3.226261622853058913e-05
-2.493671574360039779e-05
-2.147697375796888704e-05
-1.599484020060393182e-05
-3.317856851920391567e-05
-2.612508261459314986e-05
-1.715873946526578120e-05
-1.852869094407509659e-05
-2.800856808622059562e-05
-2.364857282537250480e-05
-8.116193194652521811e-05
-2.978277649485524173e-05
-8.072506556278172252e-06
-1.168207917112149276e-05
-6.873244996986427320e-06
-1.228466002859413659e-05
-1.908450069774370199e-05
-1.010183967308075424e-05
-2.026312454938313505e-05
-1.351963422619232346e-05
-7.073869569663313392e-06
-1.386542703148071297e-05
-2.093180095033529833e-05
-1.072210592324023443e-05
-7.829117710968866998e-06
-9.863888985163823665e-06
-6.370245949911329669e-06
beta5
6.103832647933085813e-19
4.683184984286806215e-19
1.996595693642196114e-18
1.331718617004035729e-19
6.279653124663266354e-21
6.922168813264786131e-22
3.523754729038002379e-19
1.356155116263039515e-18
2.061472234521654866e-18
8.803540544331718425e-18
8.730039003642136892e-18
7.335401140158280681e-17
1.398023683109336687e-16
8.747532961497245012e-16
7.782069462118067427e-16
9.307716671307054479e-16
4.654934085726873146e-15
2.662705709177357443e-14
2.979428751418686789e-13
1.686669417069969508e-13
3.811629253889759636e-13
2.838788543046226446e-12
3.985235480538790783e-12
9.473871407896298743e-13
6.698706846841519922e-12
6.433882530125348692e-12
9.928437748679312008e-12
2.353242041190904190e-11
4.924449789783537622e-11
9.306199306027108704e-11
5.569318965112532904e-11
1.059391988720515294e-10
1.126481224748060353e-10
7.588521400730132840e-11
1.896655821365619341e-10
2.296806824228408172e-10
2.214981399636540425e-10
2.424570742154098899e-10
1.253797808737205209e-10
2.871527652246953400e-10
1.844524408246809826e-10
2.025971925385084709e-10
1.426301532055979196e-10
1.442965987629813119e-10
1.772469142843892158e-10
2.028400716301588987e-10
2.213709505346697727e-10
9.251131294894070074e-11
6.863949253885990737e-11
3.752848549700741563e-11
7.535772073866759627e-12
4.982593527529415413e-12
1.495845438575532225e-12
1.943273439481380319e-12
1.433700942514461745e-12
9.795073310492002986e-13
1.877249775966044138e-12
2.294252513701317554e-12
1.354274061685896724e-12
1.432490425449975682e-12
3.802013317518862040e-14
7.703227090612848755e-16
1.293595222122485466e-16
3.182595191777646886e-17
2.554483938200696655e-16
1.082877119793490496e-15
8.482640827928605257e-17
4.051044375415751937e-16
1.681107112713424882e-17
4.034626885634670711e-17
4.009816570214461670e-16
2.038066193495574311e-15
2.582794954874778786e-15
1.593642351734563420e-14
2.685928879546045306e-13
5.553747058950246852e-13
3.284700657802025396e-13
6.555342364646061096e-13
1.887779031434415541e-13
3.370688244451642368e-13
1.563117819046915290e-13
1.363261391774975209e-13
1.015017559852943287e-13
2.725159389391756832e-13
3.616714952922422086e-14
4.653145115234535822e-15
7.110235361958722095e-15
7.261694920271374237e-15
2.163204280772073300e-15
5.305856922888479247e-15
1.742785171358566437e-16
2.129836346385422302e-16
2.198556398438893899e-17
1.711485049985319824e-16
5.106600881504521859e-16
4.077808176012887960e-17
7.326434239187771692e-16
9.520093341050006046e-16
1.362714459224063787e-15
8.088099336629842387e-16
1.147951876495059151e-15
8.410926088829772473e-16
5.836181653556902236e-16
4.482163526807707109e-16
1.339115318914306030e-16
1.987209506209319223e-16
2.202014530066117670e-16
2.337925720816245413e-16
2.511744965966416495e-15
1.899874682962939739e-14
1.595948810922301112e-14
2.793902985491172089e-14
4.205819713959950387e-14
1.854300692957891128e-14
3.250442612521518097e-15
4.353457973497693207e-15
1.239571640428563286e-14
3.719874523108637714e-14
2.317816844178729098e-14
2.334251710581108966e-15
1.097274396931564992e-14
2.084806839266948071e-15
1.275712548953452662e-15
1.664094867536082399e-15
2.023800076261767493e-15
3.403043905555102547e-16
4.595098597486100190e-16
1.328858071460626467e-15
2.728220977838602971e-15
9.850906729491780663e-16
5.111560351964464136e-16
1.627941227901265497e-16
2.829277146419205158e-16
1.201720640145481742e-15
2.958120305535421175e-16
1.704444659459508492e-15
6.129737096852010145e-15
9.171218095686742374e-15
1.891181629468029715e-14
1.206340586055358164e-13
2.953735863678814897e-13
2.716691450400826171e-14
3.566735435429518281e-15
1.472988767253030966e-14
2.864486635316860284e-14
1.034270419051475289e-14
1.532257170620662439e-15
4.539639880060732592e-16
2.465051818091517646e-15
9.471889845761446411e-17
9.537225527086428903e-17
3.810231830264625664e-17
5.664319056445685154e-19
2.491337102443604465e-21
2.278249318488435841e-29
1.711049561552273055e-29
1.099247212031655571e-26
-3.197069098653929827e-22
-3.172488279856278706e-19
-2.310927104800578861e-19
-2.442628480928660229e-23
-9.925573809006598089e-24
8.562211002618268546e-29
-2.744498363995894791e-23
5.539821568816585647e-32
1.130759454350613648e-22
-8.389045207832372943e-23
-7.897718075029220442e-24
2.520215900466147696e-24
3.250404420238880517e-24
-2.171799286109224075e-23
-4.053018751963640949e-24
5.741392993678814485e-36
