beta2
1.018430743798352106e-02
1.030783243269135958e-02
1.052570597296077944e-02
1.079129918971027252e-02
1.096676818699827277e-02
1.106439355581033228e-02
1.155240361051789594e-02
1.193280087385052701e-02
1.174656663568178494e-02
1.153526152620529613e-02
1.154032821140580506e-02
1.142260024728689385e-02
1.110295263032169341e-02
1.078962562215207005e-02
1.045083918604052149e-02
1.062669108203036575e-02
1.053702488255310252e-02
1.078344252290769877e-02
1.034240554262712969e-02
9.919544771247143164e-03
9.792308283650234813e-03
9.957590109256220928e-03
1.036141503017277456e-02
1.071118402542353340e-02
1.111863147323828398e-02
1.131218094537813842e-02
1.127254519524896123e-02
1.133628007779421618e-02
1.137786224308326086e-02
1.121213700518506814e-02
1.081859096691033598e-02
1.065010194795545928e-02
1.021503831706811402e-02
9.977472076071004781e-03
1.051807760805356304e-02
1.063228718965353314e-02
1.074583188658934096e-02
1.055884150943307842e-02
1.026244129149255987e-02
1.025013668817054135e-02
1.020135360644870010e-02
1.013206545841188744e-02
1.040178750427400885e-02
1.066674780416235202e-02
1.069344070937884930e-02
1.058016121039962940e-02
1.032353050481914572e-02
1.016067371757087973e-02
1.002705256918833519e-02
9.866102855564627683e-03
9.551838723801227282e-03
9.922767707356257641e-03
1.037099581770021400e-02
1.103259364874590968e-02
1.160528640574008674e-02
1.149304826403021659e-02
1.222190040403512562e-02
1.260728591227857145e-02
1.235429313587618066e-02
1.216528803172774523e-02
1.210734558799998577e-02
1.161925349093966865e-02
1.213261697590750990e-02
1.170547011030964070e-02
1.138132025095878186e-02
1.121796579049970377e-02
1.087146168578459818e-02
1.152032670513722379e-02
1.110344716914498514e-02
1.105021356045494604e-02
1.078629700803807392e-02
1.051125219836169210e-02
1.013272901971316343e-02
9.492306650224834746e-03
9.455706559723799781e-03
9.823707173563281034e-03
1.037707852276823980e-02
9.747506359062844961e-03
8.989348868340563820e-03
8.129987106068662511e-03
8.313803102512291876e-03
8.935972545168169648e-03
9.995882544303915512e-03
1.005949106497444970e-02
1.014373200193598515e-02
1.039289904242275860e-02
1.051219887022876963e-02
1.096896775403991345e-02
1.109904494833153892e-02
1.124280822016881370e-02
1.156857764165399732e-02
1.139641347026674849e-02
1.094941697998207467e-02
1.038025417834545147e-02
9.558960484765016349e-03
9.142003649602095314e-03
9.084726504529218316e-03
9.089879878533031407e-03
9.168118224628481888e-03
9.136871981568399012e-03
9.137063991445572297e-03
9.465836452118934347e-03
9.805667328764445037e-03
1.014040855387189979e-02
1.025485943162125595e-02
1.066073544900033969e-02
1.118810092365011589e-02
1.202441383021232713e-02
1.234599575446635074e-02
1.249796415030851940e-02
1.265608222735692054e-02
1.249329022197710401e-02
1.189052510037851354e-02
1.154569729073633144e-02
1.135344529099054263e-02
1.153885134675610227e-02
1.156325805737267939e-02
1.171365377361137383e-02
1.160309729858482845e-02
1.160802052109365448e-02
1.150755423874834198e-02
1.138785488703076415e-02
1.144119353839342414e-02
1.147887279426971704e-02
1.135591060468613481e-02
1.116963617202183963e-02
beta3
4.935269637091083822e-03
5.049118312736089638e-03
4.715854985640508673e-03
5.321533171149205738e-03
5.650775242451138401e-03
5.101542783516641900e-03
5.184595363506844592e-03
5.219299449417590109e-03
5.816955660642617390e-03
6.135674308860975673e-03
6.237720090847701307e-03
7.379946601030727867e-03
9.140355046918815368e-03
9.859882319069701584e-03
1.104711792335622868e-02
9.963276785899293636e-03
8.028245355897961968e-03
6.968314588872230250e-03
6.756106933039774352e-03
6.858622223944658806e-03
7.557000363047208964e-03
8.479526761111050304e-03
8.073214090804633342e-03
7.900480217811638173e-03
7.249057800977140240e-03
6.800273595382385662e-03
6.394351826488137852e-03
6.042187643772862354e-03
5.758466104855921967e-03
6.271699773654991136e-03
5.377853217217642458e-03
4.665974483196539888e-03
4.278918350744761838e-03
3.757833414432430134e-03
3.350267460740634536e-03
3.081461704943546862e-03
2.917147398804316970e-03
2.359805124501647249e-03
2.122962619195051075e-03
2.237310984178612905e-03
2.387911769267891948e-03
2.554398896721610419e-03
2.432380723347072823e-03
2.121284089099803247e-03
1.974201521227381649e-03
2.246692863132409516e-03
2.204730134758355747e-03
2.285362278181068442e-03
2.509348450964713709e-03
1.716926719563021276e-03
1.162991454491228011e-03
1.014388058561438433e-03
8.746762780073423114e-04
1.138302563271529570e-03
1.248504549522531102e-03
1.558629608913637788e-03
1.776737845297329116e-03
1.583952641856896425e-03
1.417445612690765777e-03
1.416425006297379737e-03
1.529495709272923887e-03
1.689660966607630906e-03
1.803733896557847133e-03
1.901313020416967991e-03
2.279153829807310447e-03
2.547064753536291450e-03
2.728144289447533271e-03
2.654473770780856317e-03
2.089768751264393237e-03
1.983597728738174110e-03
2.045766132033192616e-03
1.806840427090753050e-03
1.597960721936123778e-03
1.280319346888182490e-03
1.464947204308246617e-03
1.315041179549711553e-03
1.311100681931149942e-03
1.773121106582696343e-03
2.078925304511649100e-03
2.472897377544496476e-03
2.634993170588018942e-03
2.525684105182301499e-03
2.726498969829240296e-03
2.947683132109960111e-03
3.247025921482413115e-03
3.685406997760607220e-03
3.898984742139522883e-03
4.365284538356868291e-03
4.538252254401990357e-03
4.673542958288499916e-03
5.721833956686083605e-03
5.863490406160453208e-03
6.107976785529679702e-03
6.358211573991950222e-03
5.784206148861834387e-03
4.919077439381257071e-03
4.915291596687049180e-03
5.114546132863955277e-03
5.019095109256448833e-03
4.543882495093281432e-03
4.092567583682198140e-03
4.405227513305184223e-03
4.831531185820229016e-03
4.939412685117719297e-03
4.413365987495354407e-03
4.261960955480111231e-03
4.072554206306281885e-03
4.071709147878810504e-03
3.756309192594649640e-03
3.567871538254586538e-03
3.508661119934020339e-03
2.821536227871354954e-03
1.938054220613387403e-03
1.861287974421624216e-03
1.722701031524578397e-03
1.783483881086818075e-03
1.766257568320966052e-03
1.812908294667613020e-03
1.770506904443973741e-03
1.718750012505615259e-03
1.792216055339348676e-03
1.760557647820540968e-03
1.976778557923981536e-03
2.141146860083186550e-03
2.206028180419598167e-03
2.169316985303793542e-03
beta4
-1.776617135408881890e-03
-1.425372454107765984e-03
-1.326634309853845636e-03
-2.105793164214297877e-03
-2.422976759050647286e-03
-2.351628171422358651e-03
-3.463684426465847739e-03
-5.113357771806700813e-03
-3.925268202347413984e-03
-4.101128107307420653e-03
-4.904991465548892010e-03
-5.394641781632611433e-03
-5.498388115755105908e-03
-4.186242884643458922e-03
-3.239240033463119429e-03
-3.388858567511978184e-03
-3.194035049517416659e-03
-2.491254480198123490e-03
-2.230106662036991996e-03
-1.603904793517094444e-03
-1.365748865573558971e-03
-1.227238227759877001e-03
-1.226388537516830222e-03
-8.244228766339331983e-04
-1.117948084060391579e-03
-9.298397600148321143e-04
-9.223917356852935536e-04
-9.597071160857484004e-04
-1.276388751943422720e-03
-7.473418690757097256e-04
-1.141758475452910645e-03
-1.859631040987680525e-03
-1.253890860242774059e-03
-1.063416120476906417e-03
-1.673985449064706657e-03
-1.647743695018958742e-03
-1.994415641911526788e-03
-2.888991276219675212e-03
-2.960815171969407786e-03
-2.666618952660676847e-03
-1.806973728810934259e-03
-1.450016683425402360e-03
-1.558144266962678548e-03
-1.390864995778875492e-03
-1.578953254093537787e-03
-1.543551577894957142e-03
-1.399534601341022137e-03
-1.473457778143048109e-03
-2.457716891391313174e-03
-1.199307252705789821e-03
-5.427663232726147053e-04
-7.653092814007828168e-04
-7.876100179351968418e-04
-1.558056568151831075e-03
-1.515039700444694576e-03
-1.283014141726365742e-03
-3.477519947435138252e-03
-3.420989145736549712e-03
-2.583476442010806777e-03
-2.071242712345648662e-03
-2.356925485479995780e-03
-1.745219062798434315e-03
-2.203674951529371873e-03
-2.070095395481317060e-03
-1.797814028998258665e-03
-1.788296004650468361e-03
-1.164920728410919967e-03
-1.225513013816603800e-03
-8.216893394258303375e-04
-1.078290034679863126e-03
-1.050689429490830103e-03
-1.316624424695520901e-03
-1.546211334332732532e-03
-1.308454730378038125e-03
-7.886434164909492638e-04
-7.669239008329610443e-04
-9.869535450361972134e-04
-6.610067037645893633e-04
-5.159947855284772057e-04
-5.141965041787789886e-04
-6.421335998133380222e-04
-1.011509983991178314e-03
-1.763476432834053254e-03
-1.296523699903585555e-03
-1.402132563255120874e-03
-1.292182778025251005e-03
-1.165864369510692406e-03
-9.478660421513933863e-04
-1.008618729294249311e-03
-7.694082718727045418e-04
-7.023559656443689302e-04
-7.837029292626679529e-04
-1.016505177674886752e-03
-1.034825467194998034e-03
-1.765170017262190742e-03
-2.002788607445034515e-03
-1.773310456304410436e-03
-1.453527410054205899e-03
-1.418226404817463267e-03
-1.735374963154385271e-03
-1.961536017849491685e-03
-1.717582041950201175e-03
-1.781570914631239785e-03
-1.444189985182835721e-03
-1.404130764315622473e-03
-1.681095788774238271e-03
-1.794324426722778993e-03
-2.157259294203760225e-03
-1.760751981249738651e-03
-1.709525701275245490e-03
-1.729999017597409067e-03
-1.989997299335600003e-03
-2.176489759279410380e-03
-1.972917997138281913e-03
-1.524989505697301340e-03
-1.494603897959427032e-03
-1.578256373461473221e-03
-1.641455147776594778e-03
-1.635058216470945550e-03
-1.655483279786744682e-03
-1.623917052726751246e-03
-2.009124833012787374e-03
-2.572460506934872056e-03
-2.725754857922594449e-03
-2.852618088842039101e-03
-2.588913802448041153e-03
beta5
2.346482673908024323e-04
2.390671893237496638e-04
2.843432786377227562e-04
2.857183589185513105e-04
2.936485018401422276e-04
3.330755207660309435e-04
4.074124016564488861e-04
5.248984446928166292e-04
4.815994691482699099e-04
5.216669966394225227e-04
4.629853965109404683e-04
4.513191995350901041e-04
4.405915237446106662e-04
3.285663990853996807e-04
2.459093919421810690e-04
3.153323259516080260e-04
3.883367975520592022e-04
6.588907026245942235e-04
7.309534274225882146e-04
7.264765976619518180e-04
7.715258374859737013e-04
8.435276226707648329e-04
9.404454233180304084e-04
1.081454397649039920e-03
1.231014545111557348e-03
1.444529131413083492e-03
1.659373873110207842e-03
1.833910607847562008e-03
2.005260802635611649e-03
1.812017077554786779e-03
1.972587690955734940e-03
2.236961766445218474e-03
2.521069682935357485e-03
2.736056730937420564e-03
3.187950228375623692e-03
3.072767662009730574e-03
3.038083875783715963e-03
3.166225970623600533e-03
3.811260002146805645e-03
3.534876983282926599e-03
3.088681243705806208e-03
2.661924106503650057e-03
2.166182186216820613e-03
1.893810967929283060e-03
1.924267771553342821e-03
1.826115857512862917e-03
1.733578722782813143e-03
1.846139025614893566e-03
1.961091350324729605e-03
1.432171560295509953e-03
8.641669893944769164e-04
8.971668032335797151e-04
7.428783089908524203e-04
1.305907322642039202e-03
1.810505044304503222e-03
1.991781138316686857e-03
2.112678067649909758e-03
1.756093414928405674e-03
1.350186247362507828e-03
1.338770742452979282e-03
9.548810848811189328e-04
9.739295552713602561e-04
5.897090033718736368e-04
5.913836006515904358e-04
5.858711340379578860e-04
4.610674458686380263e-04
5.755829490673761671e-04
3.154869236487047425e-04
5.137100712050979290e-04
3.696414464377642864e-04
3.342577892381608500e-04
3.180832232501437781e-04
3.065330591945965993e-04
4.784060602795935048e-04
6.711092975810781886e-04
6.967503537661286911e-04
5.571185098666792601e-04
7.550569026227588057e-04
1.073034471806605774e-03
1.381961289434762308e-03
1.348837614727102854e-03
1.189660447644825658e-03
6.189660661982123672e-04
7.819461481854022601e-04
8.900391083929877489e-04
9.927504205709787935e-04
1.039507982243491899e-03
9.936763882889506662e-04
1.127664464073269189e-03
1.375216276742966502e-03
1.579557672530402775e-03
1.833058414840505520e-03
2.146466021585857753e-03
2.502979912645634207e-03
2.728376426884612533e-03
2.338065528631139145e-03
2.521292379593679037e-03
2.654632258458167714e-03
3.020872446524474481e-03
2.769738570036749462e-03
2.877943801002189050e-03
3.420326186481749756e-03
3.965595275052760660e-03
4.415023720526267681e-03
4.184626329688996907e-03
3.743558419355376941e-03
3.533591502767058877e-03
2.992593704472082221e-03
3.271642071536826329e-03
3.213182113441873274e-03
3.128933462127237927e-03
2.957954762375861711e-03
2.935309381511347349e-03
3.235653863056996322e-03
3.626021207861146803e-03
3.527566703312128363e-03
3.355693027104156463e-03
3.159228390948891352e-03
3.019001388346873212e-03
2.995649783397929394e-03
2.929952886093499780e-03
2.548986448773651967e-03
2.282478559294186162e-03
2.156805697406466264e-03
1.817700595100220405e-03
1.764190188199473482e-03
