beta2
9.781572802813637280e-03
9.805396451513086545e-03
9.862861117239708070e-03
9.903847832718502137e-03
9.909704940174738491e-03
9.927908746815577307e-03
9.941490226215109888e-03
9.980937170008679499e-03
9.971939512746209183e-03
9.929619367723546697e-03
9.934801325189330373e-03
9.945435591970685010e-03
1.002681621756138647e-02
1.009775881204123295e-02
1.014215766264720160e-02
1.017706906915920827e-02
1.019318288559863464e-02
1.021417288937317633e-02
1.024712243280194446e-02
1.028939698395380312e-02
1.033811700961883261e-02
1.034627179347697920e-02
1.033735956906735656e-02
1.035580880376248125e-02
1.036482511890996112e-02
1.033446296962516053e-02
1.031958348506205325e-02
1.027845234163385357e-02
1.030332847668656918e-02
1.032793739234696105e-02
1.034245469033738193e-02
1.023713018438369288e-02
1.017409897996421689e-02
1.020876507587694521e-02
1.018590037207098287e-02
1.011147589027605598e-02
1.008828823835693743e-02
1.005057240491073756e-02
1.005506103280878402e-02
1.012998500722958953e-02
1.024422402759758710e-02
1.029690027484012928e-02
1.036174295663838327e-02
1.039206093249882279e-02
1.043835586172000077e-02
1.055670125028450659e-02
1.067609905792957052e-02
1.073099985351040619e-02
1.076969630663577281e-02
1.077339573707529821e-02
1.073177117164062985e-02
1.076800108935559164e-02
1.081904918582035635e-02
1.093105830176441251e-02
1.105872640508964028e-02
1.108332814169408695e-02
1.116478594315944983e-02
1.118604574869628068e-02
1.128211724117013197e-02
1.138604431096876778e-02
1.148778135688599544e-02
1.150259717383924490e-02
1.147098027017277172e-02
1.136543031286943103e-02
1.126573084360763324e-02
1.113479629890051607e-02
1.100308501569878875e-02
1.084380394545199008e-02
1.072019147147499143e-02
1.060914383799712452e-02
1.055077468277379818e-02
1.048802686889540280e-02
1.041283580598668934e-02
1.036765026205503995e-02
1.026555639354549687e-02
1.016755483557299847e-02
1.007873800338497314e-02
9.883295635063599205e-03
9.639253398923231658e-03
9.390761606249870691e-03
9.230654978254876006e-03
9.174213959744622823e-03
9.163471606217575560e-03
9.231302436056949487e-03
9.252786099080496235e-03
9.314197052538907007e-03
9.333038386374193154e-03
9.310357305135297246e-03
9.317659791601547170e-03
9.353025875850960388e-03
9.391212169222529563e-03
9.453562880883864539e-03
9.501629505218591940e-03
9.640028275321167045e-03
9.762395764578556817e-03
9.871061394599681474e-03
9.961393149117453438e-03
9.992190608182183187e-03
1.003652910413535201e-02
1.007213331583704449e-02
1.012187946653455781e-02
1.015846751089340312e-02
1.016847969727441986e-02
1.017280364574943419e-02
1.018394470415119255e-02
1.019252036551001120e-02
1.019315169408389551e-02
1.017714037638121731e-02
1.021570194642610827e-02
1.025871451065810819e-02
1.032214092016174936e-02
1.030955754573768118e-02
1.029601785671322746e-02
1.029049403644290671e-02
1.022086903501475894e-02
1.014144263951611072e-02
1.008573204995154293e-02
1.007485898061342110e-02
1.009860599556294466e-02
1.014711353270568786e-02
1.020916090319714566e-02
1.029970404910898057e-02
1.035632369555223101e-02
1.040931859921342788e-02
1.036021855866998964e-02
1.033763397463121833e-02
1.028865792163116515e-02
1.027150606860829929e-02
1.021138023222862776e-02
1.019891788209415298e-02
1.016254245409845339e-02
1.014214049180559366e-02
1.009955761473684856e-02
1.003733869742925305e-02
1.000421222122130013e-02
9.954777286909809869e-03
9.896281433088526674e-03
9.910157146922400628e-03
9.926437983255504555e-03
9.962002606931336102e-03
9.950372027883961495e-03
9.944313286447938049e-03
9.986023413993471570e-03
1.004295383317733298e-02
1.003153962842881150e-02
1.007607564023828110e-02
1.005311419709840198e-02
9.964418669796186456e-03
9.881736738579335183e-03
9.918132764644043906e-03
9.931377983866382375e-03
9.956013852631961231e-03
1.006454040528134350e-02
9.849127649272457902e-03
9.725237821599317517e-03
9.614219423717262902e-03
9.487254259000143033e-03
9.579974781612595608e-03
9.619565869230059518e-03
9.677316424136949563e-03
9.831969853340612880e-03
9.984351296078219917e-03
9.909374420087825944e-03
9.861920337122858857e-03
9.806181063904106585e-03
9.754599846629845306e-03
9.764889954127303762e-03
9.787150468555872590e-03
9.791289782276176024e-03
9.871108476886603089e-03
9.969848167575911385e-03
1.010379921923560201e-02
1.019869631343762149e-02
1.023580848836324469e-02
1.017809087412541516e-02
1.009359966343627291e-02
1.004181147566966109e-02
1.002578520274032686e-02
1.000496556107222275e-02
9.884555054777404565e-03
9.827380316144699104e-03
9.818644562652249080e-03
9.829237104646157408e-03
9.856549111096636270e-03
9.926484523549387179e-03
9.935239995360233695e-03
1.003147735179190508e-02
1.015611593327374849e-02
1.019533489378474274e-02
1.011354837909555181e-02
1.002792085149007209e-02
9.980139327737374416e-03
1.001491423145701998e-02
9.964249223203493558e-03
9.943137840008890033e-03
9.911007619458307022e-03
9.798471386957871565e-03
9.775133109277044097e-03
9.710882738144565110e-03
9.664386940444717397e-03
9.565406843874014325e-03
9.474127748373948471e-03
9.366887093133633574e-03
9.267005896930699885e-03
9.262207785472643257e-03
9.221693553026558132e-03
9.262856604160846219e-03
9.307720274003573532e-03
9.320836403961797051e-03
9.338525056352329351e-03
9.379574003486639694e-03
9.356525783469422236e-03
9.403737197774597600e-03
9.516664231139287597e-03
9.617184846841694834e-03
9.674705303715929600e-03
9.717836340756999536e-03
9.658020954735257665e-03
9.594171977355981165e-03
9.561446772958587248e-03
9.470093076479307870e-03
9.442589241303821906e-03
9.464004306334022204e-03
9.462716327857105536e-03
9.526397101600539430e-03
9.636766905239402270e-03
9.731790370003892687e-03
9.838564792738748940e-03
9.913337360314302196e-03
9.859551304598793489e-03
9.804960541177458466e-03
9.793014622059198482e-03
9.767589535728742750e-03
9.749774339321547537e-03
9.693881693014355649e-03
9.658540700790843939e-03
9.526923991635544153e-03
9.472665450861802658e-03
9.391957003481750735e-03
beta3
1.207180976987921278e-22
3.348719669755773371e-21
1.560389363646227764e-20
1.036573683622954738e-20
8.545633592093636690e-21
4.070841349805639633e-21
1.737227637506091235e-21
2.101330747032326649e-23
8.116245002278311892e-26
5.034573958921582258e-25
6.404390677915428201e-27
3.916077809938163293e-23
2.681022902328786769e-21
7.398431114353367184e-21
6.421486643971616871e-26
3.337044529666186666e-36
8.751809551651980510e-29
6.809051242138660957e-30
3.712102850427384410e-26
1.351742355169658343e-22
4.381189014081946642e-23
4.173327349692180951e-26
7.343510691852502968e-28
5.210531032818086603e-23
9.085693856928558737e-23
6.361127485772292260e-22
7.646177049951661428e-22
5.402051655480259735e-22
9.893109452769702094e-24
7.732290607055899668e-21
5.104675421516830704e-23
1.485300143281876817e-21
7.813609104732754906e-23
1.834216568491257527e-24
1.753408766624893471e-22
3.638695280161328431e-26
4.940447033392898070e-26
3.237569472035090690e-24
5.272557429811849026e-26
1.409754635673855436e-22
2.373881417827028835e-21
1.963128027213204045e-21
5.168247064074172124e-22
3.366231643603854319e-21
1.371751721239630753e-21
1.831402781924939887e-20
7.890433572645425245e-21
1.260895764591958997e-21
6.625903148457092529e-22
3.304432824681208170e-24
2.916579198206193979e-29
2.902933021960550042e-35
3.535900332245746536e-35
1.393094020003864968e-40
1.187918614475336096e-40
1.535273968152387094e-31
3.799570889415713796e-35
2.043288675441534416e-42
-1.711406682124638336e-36
-2.768231805588226164e-48
-2.712025645806119816e-46
-2.011155472852896384e-46
-5.782754570585562068e-49
-1.769343158219135705e-46
-1.882232967219781353e-44
-3.090320294808525660e-37
-2.064259661219738162e-46
-1.208626188113154662e-42
-1.770616714940617826e-41
3.293755201426790369e-54
-2.577366811346700251e-42
-2.354994276457136651e-36
-4.195578809676316387e-43
-7.051762136995616837e-47
-3.434756754035408928e-42
-5.891236858437152084e-35
-1.777433265662499369e-50
-1.670080636155591946e-48
3.840908104667032218e-71
-7.707961416338599797e-47
-1.447388117480483773e-27
-2.013469802232756876e-29
-1.364819639930294801e-35
-3.311967758813246282e-42
-5.200180635165675932e-38
-7.925805303629042729e-49
-2.356046155653999300e-62
-2.429809008574257319e-33
-1.023612571007488562e-22
-1.482007832281142092e-21
-1.631537342229352417e-21
-4.608554522195399716e-24
-9.343487376605347196e-25
-3.071306707326038727e-35
-2.386713336428567716e-24
-1.854459855821984116e-22
-1.956205278070155807e-26
-3.010474344744000069e-24
-4.381797279873706014e-33
-8.101572636835494422e-35
-6.100605534778051226e-43
-7.799063154362342001e-47
-1.188818003658728153e-56
-7.311280784231020313e-61
-1.312844544130407386e-42
1.308043022160169902e-46
2.809855253775360087e-54
-3.134934784988508080e-43
-2.218424629953773120e-60
2.714429077538914622e-54
-2.426570744223481141e-51
-1.820058466915115476e-95
-8.103372863295613046e-54
1.104143850690632706e-54
-1.091127644646599087e-95
4.413483531989402208e-67
-8.264582529218631811e-55
-8.578997039398747502e-54
-9.095523261665787130e-38
-1.664597727101556742e-96
-2.804973845718658317e-96
1.309532030507907991e-51
-1.975195194644598969e-55
-2.848395461546744259e-54
5.457368029208850568e-97
8.753554790604567529e-56
2.506018550614704705e-61
-6.130986565254989992e-51
-5.337168021214795602e-27
-3.176784765824917995e-28
-4.393426773961338639e-27
-3.775105191893191991e-27
-9.088478990084403385e-23
-3.537860446263405082e-21
-1.524542517324551218e-20
-8.119829738628097998e-20
-3.581846489078094264e-20
-6.938406578266985224e-20
-1.691642802079452377e-20
-3.286638861310311320e-20
-1.085130701132889688e-21
-2.601769224453070625e-20
-3.687690216281681469e-20
-8.549204760852807560e-20
-1.694936207584591707e-19
-1.388377017342318946e-22
-3.851635970422575843e-22
-1.576223311860330907e-24
-3.300060817598211753e-31
-5.880072919411416269e-25
-1.271961636775393541e-21
-2.616207095681231634e-24
-4.342923844016609160e-22
-3.322212249927598667e-21
-3.285567622519499088e-20
-5.461335059937920901e-21
-9.458711801899363086e-27
-1.247818505047204552e-33
-6.552334854885508282e-38
-2.344652684791812747e-41
-2.298109423371923299e-41
-1.160237591075524564e-39
-4.903046162828460969e-26
-2.009838955334825375e-23
-1.284094472207033095e-31
-1.526003486065870759e-27
-1.663588631111763568e-24
-2.261216350045333422e-24
-8.104067199066923162e-23
-4.263945302686729187e-22
-3.083306622628262837e-22
-2.850264957080636526e-22
-2.462071027727518183e-23
-1.985697367444813107e-26
-1.041361850577046593e-24
-2.187059692847198132e-24
-3.800304060506120075e-27
-3.299267006697668856e-28
-1.825813384276974540e-30
-4.567113793640336039e-30
-3.842430718970271593e-26
-2.894533662240192654e-25
-4.511662193576626600e-24
-2.929679793522958497e-23
-6.942823128359038676e-27
-1.655013957439011368e-23
-1.974171300097798680e-24
-1.246904176535345875e-28
-1.203103450018574678e-26
-4.611741324809927760e-21
-7.021630405597363935e-21
-4.528848841030397993e-22
-1.363821602811223914e-21
-6.434611754428501822e-22
-8.820881751416509175e-22
-2.097800739128582557e-22
-9.119078331645957149e-22
-9.612119245485177305e-22
-2.312393958084617589e-21
-2.645489918123822296e-21
-4.502065734565272336e-21
-6.923042798155887334e-21
-8.023145406551833359e-22
-5.735288663150928365e-21
-5.704271495347823877e-21
-1.883843588831544859e-21
-5.248729542517995423e-23
-5.575722197720072202e-21
-4.659783836352673796e-21
-2.338744111518367189e-21
-6.103377905704148447e-23
-2.552588640132909326e-23
-3.407199637283211841e-21
-1.312746521920466186e-20
-1.499318492514003000e-20
-4.180427681936352053e-21
-2.406991383743752897e-21
-1.977475951551467088e-21
-1.637533292686730448e-21
-5.066847285385984923e-20
-3.376253586838078722e-20
-5.468308252013912523e-20
-2.086692812938776609e-20
-8.719243334970175306e-20
-2.504054456147932628e-20
-1.240946508031964365e-20
-2.879317696243672807e-20
-6.750961812136933601e-21
-1.094930099744694577e-20
-1.956006852129982693e-20
-3.789148201354332318e-21
-7.630664209143589615e-22
-1.453127392945205946e-21
-2.231564752922134629e-21
-2.080140519121819947e-20
-2.997604644643577142e-21
-1.488633438194262517e-21
-7.385848409689514814e-21
-4.393629098144584128e-21
beta4
-1.119824070966651433e-09
-7.902845567591366870e-10
-7.119608225420573611e-10
-1.540831776790537995e-09
-6.966970267600047687e-10
-9.398419738809893870e-10
-4.359308040570113423e-10
-4.451230340324985209e-10
-1.437104960335958268e-10
-3.244376394836414991e-10
-1.221635463435793028e-10
-3.189597003464668720e-11
-1.398655509234312524e-10
-7.448379172355337240e-11
-1.600853548114912773e-10
-1.718636751280554657e-10
-2.084289441213922532e-10
-1.530556099559832106e-10
-3.667887072448791083e-10
-3.624929470638321143e-10
-1.898585845190134035e-10
-1.001143966456826928e-10
-1.683427196763001123e-10
-2.956956148226621242e-10
-7.467613525054232453e-11
-3.320001328348448958e-11
-9.887254611520499145e-12
-7.084581607103274372e-13
-4.965298280454871701e-13
-1.171013749925534781e-12
-6.366407294036508004e-13
-5.720242946495793885e-13
-6.284721174897916072e-13
-1.569729223692244995e-12
-6.599480898651510396e-13
-3.469411976406642225e-13
-1.622300985617886709e-13
-3.968858152398720435e-13
-1.726059014839475439e-12
-9.776874419239539509e-13
-4.292987433313615496e-12
-4.490285293976719941e-12
-4.176663822613833827e-12
-2.302399157691951989e-12
-9.326580423661449983e-12
-1.042685544183159999e-11
-1.695711916000685448e-11
-6.030517278505825048e-11
-2.660464072275787852e-11
-6.574567204441404605e-16
-4.719830025785575856e-20
-3.948538084307995095e-22
-3.605157702684199406e-22
-9.729485788382407767e-22
-4.282018063755139052e-20
-8.814529455821116712e-18
-1.059904279639651957e-16
-4.595255068512277505e-15
-4.659905825827744398e-14
-6.953804217072126456e-13
-1.405059098030601180e-11
-3.608233099691134108e-11
-1.379344663919595221e-10
-3.880622917763082679e-11
-3.564216234786290963e-11
-3.422232920531683222e-11
-2.029380527601478465e-11
-9.793872835011878857e-12
-9.965895597965601446e-13
-1.635500270973265498e-13
-6.258243897878615559e-15
-3.650821283254220637e-16
-1.283015225082463498e-18
-3.794004013528728326e-20
-1.060067323823864792e-20
-2.485443706575214573e-22
-1.745248432044546398e-24
8.779142737004142024e-46
5.098356074615153711e-39
6.603822119504786014e-32
1.440285430627750136e-20
1.516192298413648592e-20
2.120866950022319284e-20
6.985257049847592824e-21
2.009930638146644691e-21
8.267144398010123454e-22
7.274697761531234391e-23
2.967615972650784987e-43
2.388455216259980740e-43
1.144808772289951225e-39
1.217328855106641136e-33
2.313199814549893085e-42
5.175259059277863761e-34
6.913713642076318791e-40
1.111105372850241178e-30
3.835826763277215373e-39
5.544702211239768086e-33
5.098034135848449685e-23
5.927466090901715242e-24
5.797320652804914745e-24
1.026938710363174731e-33
6.692552418851893711e-43
6.909034964815833229e-34
5.176979713670812197e-33
4.477895685327308840e-34
3.016519111214051016e-43
2.340383578701710924e-43
2.222500939960413122e-41
1.223991272151735343e-33
1.421721487533821634e-32
4.087023300722613126e-30
5.462001155899930025e-25
6.088239957855408514e-26
1.000733590832426363e-25
1.230697528930480559e-32
4.095782357756740690e-34
6.863896132078067336e-71
-6.276070377891238975e-44
-6.858499117916322067e-55
-2.377575513826580892e-23
-3.823722546617093390e-20
-1.653967342804059792e-18
-2.226675155102721807e-19
-1.051973521788794976e-16
-1.300701259785335352e-15
-5.098663558608520414e-15
-3.804483771703151756e-14
-8.159528848757179316e-14
-8.698815071422950963e-14
-1.011050560449618120e-12
-2.688972534310941113e-12
-4.981806328670295751e-12
-1.010729072088502551e-11
-1.938986032924688716e-11
-1.738652609774734688e-11
-4.384006698610544709e-11
-1.216199580358277554e-10
-5.010132782313091442e-11
-7.158319974093721576e-11
-1.074311740418475487e-10
-1.644059811018508821e-10
-2.169428516663401767e-10
-7.257598994468303617e-10
-3.336919923008545582e-10
-2.814659050802299211e-10
-3.316650146059239974e-10
-1.767388594258487310e-10
-3.496217311331696432e-10
-2.074504932734063909e-10
-1.423310734184152575e-10
-1.570654269562399066e-10
-6.975569372375894609e-11
-8.790723425197353789e-11
-1.112741528067643732e-10
-1.520541446471296518e-10
-3.183818807518584148e-10
-4.805321900692654465e-10
-8.718137218627204612e-11
-7.068651536200352497e-11
-2.995178892864090911e-12
-2.530069927155267856e-12
-1.900615277947763108e-13
-9.183836656334845448e-12
-4.230133844264261850e-12
-2.866229544793740712e-12
-2.010680705539088382e-11
-4.903171857309563495e-12
-4.834541481671724508e-11
-4.777974374668184038e-11
-3.965156250189786954e-11
-1.321338976344461478e-11
-3.545162391334425998e-12
-2.290272503655407177e-12
-2.838828143969521002e-12
-3.236801790230251605e-13
-7.067816907669319651e-13
-7.554075108185594011e-13
-1.522826191644536867e-12
-2.364941713691094540e-13
-3.003461129172566037e-12
-3.330391850842496143e-12
-1.008367887513541433e-11
-1.932567874903661993e-11
-8.595608123788069020e-11
-5.264064698354447981e-11
-2.755865121064230845e-11
-4.505363018998099845e-11
-2.656220816838492913e-11
-3.864798485824112476e-11
-2.052566635463668987e-11
-2.369477236644857187e-11
-5.351343249596372569e-12
-9.570186812804323115e-12
-3.117865295335889645e-12
-2.346742570991286889e-11
-1.051090002447884995e-11
-1.596179486311949766e-11
-1.000370604500153954e-11
-1.017317749665743529e-11
-3.702488246106841114e-11
-1.190493648474778345e-11
-7.517918792126614679e-12
-2.807106720632702560e-11
-1.007636881937696426e-11
-9.186173618987905801e-12
-5.241973589167754623e-12
-6.007531474845604389e-12
-1.093763579427272203e-12
-2.178637154005660148e-12
-3.423404837345885204e-12
-5.534559515010225697e-12
-1.306092394061411720e-11
-2.184904458486105404e-10
-4.131604820540717159e-10
-5.838686168845015906e-10
-2.499130381200274089e-09
-5.513619855682006390e-09
-7.837917913226650164e-09
-8.082471168612231795e-09
-6.307380187658571399e-09
-1.732754131094854844e-09
-2.619706721657661792e-09
-6.136371866318490237e-10
-2.656979277018976170e-10
-3.196782013551354332e-10
-5.851305548286307342e-10
-7.349907099679296092e-10
-6.791767085874060401e-10
-1.167697604002121561e-09
-1.715660567449013562e-09
-3.099647545735679823e-09
-1.008880962516796762e-09
-1.405878668315271298e-09
-2.118357323509319298e-09
-5.416112909622431922e-10
-3.277880858787106683e-10
-7.340030120162946363e-10
-5.694800596181513441e-10
-1.415285880214561480e-10
beta5
1.178291189671779176e-20
1.256858914714420748e-20
1.444942393189412912e-20
1.402392687471652385e-20
8.358026403378150646e-21
1.901026583029648921e-20
9.284692347688802327e-21
1.180344735012718027e-20
2.139188328004619799e-21
6.985906879157493823e-21
5.248005671020899276e-22
1.307578400755182115e-22
1.009304007996451505e-22
8.087094324254430449e-25
7.894509385859650031e-24
3.843173481013364553e-21
1.044380432508647601e-21
6.400142074386876081e-23
4.882510315462680391e-21
4.172213304963586534e-22
3.512855101146298286e-20
3.449106000718939382e-20
1.164748884464258152e-20
6.003747896166470658e-21
8.537328688994942813e-20
2.656575758753719718e-19
6.626470064235570471e-19
1.023143087661064459e-19
6.668999516008532655e-19
9.337705173920884723e-18
2.657445788071991274e-17
8.985374674810007439e-17
2.313441203012731544e-16
2.572301186661156071e-16
3.640835717258482833e-16
1.093930122172859837e-16
1.542609238708142225e-15
3.365708426968636019e-16
1.785663102005164952e-16
2.543660342579882163e-17
5.002357535015569054e-17
6.003981617375619310e-17
7.927640456802322309e-18
5.670258875923978400e-18
6.073910239481081879e-18
3.509578389238271960e-18
5.123133795018813715e-18
2.509330164384700691e-18
4.867761715777641800e-18
2.244969885356901156e-19
9.902645246397991010e-21
1.065338960799564065e-20
3.569378726416305452e-22
4.528344203260613885e-22
4.741592821376468250e-23
4.508772746886533780e-26
-2.099456908332029177e-32
1.709281560856348816e-39
1.961008862532446102e-23
1.508450643217804285e-64
-2.114456722276587130e-24
-4.100986335332867192e-24
-3.439599977309929960e-23
-1.696725777082636042e-23
-5.589694344995046088e-25
-8.501376104279570950e-25
-2.163382248017452751e-36
1.037475863767662544e-25
4.586863189501634246e-23
6.848592056006708720e-23
6.412452015362786957e-23
4.852964467594517642e-21
3.163244840422131882e-20
1.321092845447851748e-20
8.490560781362144026e-21
4.879074146629770657e-20
8.497114944631839180e-21
3.467769461925284643e-19
6.139139474253823296e-19
1.747443390036601215e-18
1.053544735046461546e-17
4.753575616798938353e-17
9.930439792943483979e-18
5.865030520318391941e-18
5.058059713201207326e-19
6.098196893523024530e-19
8.322169428182558252e-19
9.546416210754101659e-20
1.495975384335282026e-19
2.285580595166523191e-20
1.123984595122808507e-19
9.367780018709534303e-21
1.220999049152969025e-21
2.132594742671299242e-21
4.516911152599244075e-22
8.440813336552621523e-23
2.905802629174771776e-21
4.281353295367326424e-22
2.060647318352226859e-21
1.431091919047261442e-20
3.604860111822271753e-21
5.372846539720595840e-21
5.679376757315176043e-21
3.994408228945814806e-20
4.107002991861210508e-21
5.426170941452442325e-21
2.042515695015475664e-20
3.329226324944416637e-20
5.993826482603645174e-20
2.674800800773584666e-20
1.159684017156028803e-19
8.944736842000443960e-19
6.850010102448106279e-19
1.943092087757884252e-18
4.759164364758908669e-19
6.008153970569580492e-18
1.192345319998778040e-18
5.461871447533019355e-18
1.580384466779129046e-17
1.128292103784026867e-17
1.744107054696757818e-17
7.567648888125444443e-17
2.633536564217403127e-17
8.420335126004829390e-17
6.960931198746475538e-17
1.666758535728870432e-17
9.436410499369332275e-18
6.981353529832592489e-18
1.038285527250892059e-17
8.697592980282054700e-17
1.565199616754676395e-17
9.311715409767822125e-18
8.268264400498178403e-17
1.953645103760759124e-16
1.078926511517841350e-15
2.336692466240403765e-15
1.068486623260751375e-15
3.828933837845258561e-16
3.757865594190740402e-15
1.462800875795660754e-15
3.270627151354897180e-15
2.042599370296585485e-15
8.256317295474626956e-16
1.661130749343735469e-15
1.061642862772853486e-15
1.325387660927543889e-16
6.302709292929154871e-16
2.326132459207019806e-15
5.505129641638169111e-16
8.870462621248829035e-16
1.552059234962777115e-16
2.573039245059495726e-16
1.116772514103696034e-17
8.421045622210620713e-17
1.156003007207461090e-16
2.972789706121547400e-17
6.910712202709931301e-17
1.022684774714032610e-16
3.060338076967174253e-17
1.961650081994940602e-16
6.218109754218105052e-18
3.907265995828629911e-19
1.074258980478995460e-20
1.393654728440372005e-22
4.863839787750178213e-22
3.023226816256051132e-23
5.669086196694477165e-23
4.732865025155261699e-34
-7.401576658420087200e-30
1.402153547262560714e-27
2.138662258573919352e-28
4.642742718946598570e-39
-8.544272131633554522e-33
-2.681349913917352570e-29
-2.978871414743897653e-32
-6.956601809318789219e-25
-4.149481707720875850e-31
-2.494947991944589816e-32
-5.377568222074725133e-25
-1.420339670603164068e-24
-1.942110462623913148e-32
-3.254678833974247595e-31
-5.218114486140985615e-32
-3.705155840342989760e-29
-3.114687091603336844e-32
9.563635204214607053e-37
1.368697880049476620e-21
2.656849800128779277e-20
4.138689342310442418e-21
1.801023304952615161e-20
4.366953931848162582e-22
9.147613194804203025e-21
1.086517091462736555e-19
7.682925626509659034e-20
6.963208401356606095e-20
5.950507023450955670e-20
3.694785635597083635e-20
1.094947299505045351e-18
4.276393340758155991e-19
5.582958458657397814e-20
2.120353266924981929e-19
1.685194557614965221e-19
1.362277838031698047e-19
1.021341396282216526e-20
1.173859614250708552e-20
1.849503786202582892e-20
2.657089493176312677e-21
3.653593622378475126e-22
7.244159612510309892e-21
1.565058069050350598e-21
3.569051622915256709e-21
1.243325110787659220e-22
2.445050401847965540e-20
3.433418744391949651e-20
4.261772633736790815e-20
1.583433727063696017e-19
2.099447502269851916e-19
4.012185332866856846e-19
4.713718201497932974e-19
1.723601041006286257e-19
2.766430509528380481e-20
5.193021613705848339e-20
2.291476148620610656e-19
8.535394568450047519e-20
1.359936039073630357e-19
1.476437644680742242e-18
3.404466071702596108e-19
1.004394294556878585e-19
8.955574752849829969e-20
6.317446497381397665e-20
1.891154377465052074e-19
2.865628955705670182e-19
1.450379702127457764e-18
1.207993347148640010e-18
2.168694232461102170e-19
9.016556120809667405e-21
3.228877059405176118e-21
1.628643418458419302e-21
8.982549096662713333e-22
