0.3200 0.1651 0.1417 0.1100 0.1368 0.0369 0.0241 0.0200 0.0227 0.0227
0.1928 0.2261 0.1758 0.1174 0.1681 0.0479 0.0198 0.0229 0.0173 0.0119
0.1650 0.1806 0.1707 0.1193 0.1867 0.0656 0.0371 0.0335 0.0222 0.0194
0.1091 0.1207 0.1479 0.1509 0.2319 0.0925 0.0622 0.0342 0.0269 0.0237
0.0219 0.0332 0.0361 0.0568 0.7595 0.0326 0.0306 0.0126 0.0107 0.0060
0.0459 0.0854 0.1092 0.1334 0.3175 0.1198 0.0862 0.0523 0.0317 0.0187
0.0452 0.0615 0.0952 0.1263 0.3133 0.1207 0.0988 0.0779 0.0372 0.0240
0.0404 0.0632 0.0837 0.1034 0.2678 0.1147 0.1190 0.1122 0.0733 0.0223
0.0509 0.0645 0.0494 0.0845 0.2592 0.1106 0.0943 0.1121 0.1288 0.0457
0.0569 0.0413 0.0361 0.0431 0.1951 0.1003 0.1240 0.1396 0.1223 0.1413
