0.2496 0.1304 0.1020 0.1071 0.0786 0.0765 0.0628 0.0592 0.0575 0.0763
0.1116 0.1668 0.1211 0.1332 0.1387 0.1267 0.0782 0.0427 0.0404 0.0406
0.0795 0.1282 0.1643 0.1500 0.1395 0.1131 0.0794 0.0684 0.0406 0.0370
0.0743 0.0983 0.1454 0.1415 0.1376 0.1175 0.0983 0.0868 0.0546 0.0456
0.0725 0.1091 0.1267 0.1370 0.1079 0.1038 0.1072 0.0971 0.0863 0.0524
0.0916 0.1317 0.1081 0.1048 0.1038 0.1076 0.1056 0.1048 0.0856 0.0563
0.0851 0.0808 0.0841 0.0915 0.1072 0.1185 0.1276 0.1225 0.0974 0.0853
0.0941 0.0697 0.0611 0.0565 0.0778 0.1028 0.1378 0.1320 0.1455 0.1227
0.0741 0.0504 0.0530 0.0477 0.0674 0.0842 0.1134 0.1429 0.1843 0.1825
0.0890 0.0499 0.0484 0.0468 0.0521 0.0504 0.0792 0.1274 0.1799 0.2768
