0.8824 0.1035 0.0062 0.0031 0.0015 0.0010 0.0007 0.0001 0.0006 0.0008
0.1032 0.7597 0.1234 0.0085 0.0024 0.0010 0.0007 0.0005 0.0003 0.0003
0.0077 0.1235 0.7037 0.1515 0.0080 0.0025 0.0010 0.0009 0.0004 0.0009
0.0035 0.0088 0.1478 0.6498 0.1691 0.0123 0.0049 0.0010 0.0013 0.0016
0.0018 0.0026 0.0115 0.1617 0.6323 0.1671 0.0159 0.0029 0.0023 0.0019
0.0011 0.0009 0.0037 0.0141 0.1630 0.6380 0.1567 0.0160 0.0043 0.0021
0.0013 0.0009 0.0021 0.0050 0.0166 0.1543 0.6494 0.1504 0.0150 0.0050
0.0004 0.0004 0.0010 0.0023 0.0042 0.0165 0.1496 0.6739 0.1405 0.0112
0.0003 0.0002 0.0004 0.0014 0.0022 0.0046 0.0151 0.1419 0.7208 0.1131
0.0008 0.0002 0.0009 0.0015 0.0026 0.0023 0.0043 0.0121 0.1123 0.8631
