0.5867 0.1940 0.0852 0.0454 0.0436 0.0144 0.0055 0.0049 0.0029 0.0173
0.2063 0.3931 0.1989 0.0838 0.0669 0.0201 0.0094 0.0066 0.0070 0.0078
0.0898 0.2391 0.3094 0.1790 0.1021 0.0357 0.0169 0.0129 0.0075 0.0075
0.0550 0.0863 0.2360 0.2864 0.1985 0.0761 0.0294 0.0126 0.0079 0.0118
0.0065 0.0095 0.0272 0.0733 0.8094 0.0411 0.0183 0.0047 0.0046 0.0054
0.0153 0.0261 0.0444 0.1167 0.3330 0.2531 0.1342 0.0376 0.0221 0.0175
0.0116 0.0160 0.0269 0.0510 0.1726 0.2378 0.2757 0.1387 0.0469 0.0229
0.0173 0.0272 0.0323 0.0401 0.1041 0.1153 0.2182 0.2849 0.1279 0.0326
0.0087 0.0123 0.0146 0.0121 0.0648 0.0417 0.1181 0.2872 0.3358 0.1046
0.0204 0.0127 0.0112 0.0326 0.0557 0.0404 0.0553 0.0908 0.2515 0.4293
