0.5065 0.1992 0.0585 0.0272 0.0220 0.0174 0.0168 0.0177 0.0256 0.1091
0.2634 0.2362 0.1100 0.0590 0.0408 0.0352 0.0345 0.0363 0.0519 0.1327
0.0836 0.1551 0.1396 0.1113 0.0957 0.0849 0.0819 0.0763 0.0743 0.0973
0.0246 0.0738 0.1240 0.1381 0.1363 0.1295 0.1179 0.0978 0.0847 0.0733
0.0142 0.0492 0.1070 0.1402 0.1490 0.1453 0.1310 0.1069 0.0930 0.0643
0.0111 0.0460 0.1031 0.1289 0.1465 0.1429 0.1308 0.1191 0.1030 0.0685
0.0121 0.0423 0.0965 0.1180 0.1285 0.1318 0.1372 0.1341 0.1230 0.0763
0.0153 0.0429 0.0890 0.1029 0.1129 0.1241 0.1277 0.1479 0.1421 0.0952
0.0247 0.0512 0.0823 0.0916 0.0946 0.1015 0.1221 0.1420 0.1615 0.1284
0.0875 0.1249 0.0904 0.0754 0.0664 0.0726 0.0844 0.1080 0.1261 0.1644
