0.5618 0.1921 0.0623 0.0390 0.0433 0.0234 0.0214 0.0286 0.0208 0.0073
0.1994 0.4173 0.2134 0.0760 0.0437 0.0181 0.0108 0.0134 0.0058 0.0019
0.0618 0.2232 0.3659 0.2075 0.0786 0.0305 0.0147 0.0120 0.0045 0.0014
0.0329 0.0777 0.2169 0.3753 0.1936 0.0626 0.0232 0.0124 0.0045 0.0010
0.0091 0.0103 0.0221 0.0567 0.8399 0.0429 0.0127 0.0046 0.0013 0.0003
0.0323 0.0240 0.0419 0.0897 0.2202 0.3967 0.1495 0.0348 0.0084 0.0024
0.0319 0.0183 0.0234 0.0368 0.0809 0.2014 0.4426 0.1387 0.0207 0.0052
0.0496 0.0238 0.0211 0.0213 0.0337 0.0505 0.1790 0.4366 0.1556 0.0289
0.0632 0.0191 0.0146 0.0113 0.0202 0.0158 0.0300 0.1560 0.4943 0.1754
0.0395 0.0115 0.0068 0.0081 0.0084 0.0096 0.0124 0.0541 0.1931 0.6565
