0.7341 0.1599 0.0289 0.0179 0.0132 0.0102 0.0090 0.0110 0.0037 0.0120
0.1645 0.5716 0.1842 0.0353 0.0128 0.0088 0.0065 0.0051 0.0016 0.0095
0.0268 0.1929 0.5167 0.1920 0.0359 0.0124 0.0080 0.0048 0.0010 0.0095
0.0147 0.0355 0.2055 0.5171 0.1672 0.0316 0.0109 0.0049 0.0016 0.0108
0.0144 0.0153 0.0410 0.1955 0.5615 0.1345 0.0230 0.0062 0.0008 0.0077
0.0159 0.0093 0.0148 0.0480 0.1955 0.5573 0.1298 0.0158 0.0022 0.0115
0.0151 0.0099 0.0109 0.0139 0.0302 0.1834 0.6052 0.1114 0.0091 0.0108
0.0227 0.0148 0.0094 0.0097 0.0103 0.0223 0.1407 0.6123 0.1363 0.0215
0.0201 0.0075 0.0042 0.0045 0.0056 0.0069 0.0097 0.1533 0.6587 0.1295
0.0013 0.0004 0.0004 0.0003 0.0004 0.0007 0.0011 0.0036 0.0181 0.9736
