0.9298 0.0571 0.0031 0.0024 0.0045 0.0011 0.0010 0.0008 0.0001 0.0001
0.0566 0.8579 0.0739 0.0041 0.0049 0.0011 0.0008 0.0006 0.0001 0.0000
0.0036 0.0756 0.8317 0.0790 0.0065 0.0017 0.0013 0.0005 0.0001 0.0001
0.0020 0.0036 0.0815 0.8301 0.0759 0.0040 0.0021 0.0007 0.0001 0.0001
0.0006 0.0006 0.0015 0.0228 0.9571 0.0163 0.0008 0.0001 0.0000 0.0000
0.0020 0.0016 0.0024 0.0051 0.0872 0.8466 0.0530 0.0018 0.0001 0.0002
0.0022 0.0019 0.0026 0.0025 0.0079 0.0719 0.8702 0.0395 0.0012 0.0002
0.0033 0.0016 0.0016 0.0013 0.0057 0.0034 0.0531 0.8848 0.0434 0.0018
0.0025 0.0013 0.0004 0.0006 0.0042 0.0009 0.0022 0.0552 0.8990 0.0337
0.0006 0.0003 0.0002 0.0005 0.0020 0.0012 0.0012 0.0072 0.0454 0.9414
